1.400000000000000000e+02 1.000000000000000000e+01
1.392360434609427671e+02 1.001317954553858769e+01
1.384774058708637767e+02 1.002686072678542573e+01
1.377240495166407754e+02 1.004104546863001168e+01
1.369759369420197572e+02 1.005573570075817003e+01
1.362330309456293378e+02 1.007093335733260631e+01
1.354952945790063552e+02 1.008664037667018576e+01
1.347626911446326119e+02 1.010285870091601623e+01
1.340351841939828148e+02 1.011959027571437097e+01
1.333127375255832305e+02 1.013683704987653478e+01
1.325953151830813397e+02 1.015460097504563386e+01
1.318828814533260925e+02 1.017288400535851700e+01
1.311754008644588225e+02 1.019168809710476609e+01
1.304728381840145346e+02 1.021101520838290355e+01
1.297751584170336514e+02 1.023086729875388201e+01
1.290823268041839640e+02 1.025124632889193421e+01
1.283943088198927001e+02 1.027215426023286859e+01
1.277110701704886679e+02 1.029359305461989038e+01
1.270325767923542912e+02 1.031556467394704768e+01
1.263587948500875484e+02 1.033807107980039319e+01
1.256896907346735048e+02 1.036111423309694857e+01
1.250252310616655649e+02 1.038469609372157798e+01
1.243653826693762028e+02 1.040881862016186865e+01
1.237101126170771437e+02 1.043348376914112841e+01
1.230593881832088243e+02 1.045869349524959802e+01
1.224131768635991335e+02 1.048444975057399198e+01
1.217714463696912901e+02 1.051075448432548853e+01
1.211341646267807306e+02 1.053760964246626841e+01
1.205012997722609924e+02 1.056501716733473906e+01
1.198728201538785214e+02 1.059297899726955272e+01
1.192486943279961622e+02 1.062149706623254808e+01
1.186288910578654736e+02 1.065057330343074860e+01
1.180133793119076131e+02 1.068020963293752956e+01
1.174021282620028046e+02 1.071040797331311190e+01
1.167951072817882761e+02 1.074117023722449815e+01
1.161922859449646523e+02 1.077249833106500354e+01
1.155936340236106190e+02 1.080439415457350805e+01
1.149991214865059561e+02 1.083685960045359309e+01
1.144087184974626865e+02 1.086989655399269239e+01
1.138223954136644807e+02 1.090350689268141693e+01
1.132401227840140763e+02 1.093769248583320142e+01
1.126618713474887841e+02 1.097245519420443216e+01
1.120876120315039799e+02 1.100779686961520554e+01
1.115173159502845266e+02 1.104371935457088760e+01
1.109509544032440971e+02 1.108022448188462405e+01
1.103884988733723560e+02 1.111731407430097818e+01
1.098299210256299716e+02 1.115498994412085487e+01
1.092751927053513725e+02 1.119325389282788841e+01
1.087242859366553063e+02 1.123210771071645198e+01
1.081771729208631001e+02 1.127155317652148270e+01
1.076338260349245672e+02 1.131159205705027304e+01
1.070942178298516865e+02 1.135222610681643474e+01
1.065583210291598846e+02 1.139345706767618793e+01
1.060261085273169925e+02 1.143528666846717989e+01
1.054975533881998331e+02 1.147771662465000198e+01
1.049726288435584394e+02 1.152074863795259141e+01
1.044513082914879476e+02 1.156438439601772039e+01
1.039335652949081066e+02 1.160862557205373591e+01
1.034193735800504470e+02 1.165347382448876523e+01
1.029087070349531103e+02 1.169893079662855762e+01
1.024015397079634084e+02 1.174499811631817181e+01
1.018978458062480286e+02 1.179167739560768524e+01
1.013975996943110545e+02 1.183897023042214691e+01
1.009007758925196896e+02 1.188687820023593744e+01
1.004073490756378249e+02 1.193540286775175296e+01
9.991729407136745067e+01 1.198454577858441183e+01
9.943058585889802714e+01 1.203430846094967066e+01
9.894719956746371281e+01 1.208469242535825749e+01
9.846711047490870783e+01 1.213569916431531404e+01
9.799029400626059783e+01 1.218733015202545467e+01
9.751672573231194008e+01 1.223958684410363418e+01
9.704638136820999250e+01 1.229247067729203025e+01
9.657923677205482704e+01 1.234598306918313249e+01
9.611526794350578484e+01 1.240012541794924061e+01
9.565445102239644370e+01 1.245489910207857420e+01
9.519676228735823997e+01 1.251030548011819299e+01
9.474217815445267377e+01 1.256634589042390715e+01
9.429067517581241020e+01 1.262302165091740491e+01
9.384223003829129084e+01 1.268033405885076093e+01
9.339681956212339742e+01 1.273828439057855277e+01
9.295442069959126741e+01 1.279687390133774194e+01
9.251501053370346028e+01 1.285610382503554483e+01
9.207856627688160245e+01 1.291597537404546614e+01
9.164506526965698185e+01 1.297648973901168468e+01
9.121448497937697653e+01 1.303764808866198166e+01
9.078680299892134542e+01 1.309945156962939272e+01
9.036199704542869426e+01 1.316190130628277011e+01
8.994004495903313057e+01 1.322499840056642739e+01
8.952092470161140625e+01 1.328874393184905500e+01
8.910461435554073262e+01 1.335313895678206819e+01
8.869109212246735297e+01 1.341818450916756511e+01
8.828033632208621384e+01 1.348388159983607082e+01
8.787232539093184869e+01 1.355023121653421114e+01
8.746703788118071543e+01 1.361723432382250110e+01
8.706445245946520117e+01 1.368489186298339177e+01
8.666454790569954980e+01 1.375320475193973202e+01
8.626730311191785461e+01 1.382217388518379764e+01
8.587269708112451383e+01 1.389180013371703204e+01
8.548070892615719174e+01 1.396208434500063689e+01
8.509131786856269741e+01 1.403302734291715304e+01
8.470450323748599430e+01 1.410462992774316326e+01
8.432024446857251121e+01 1.417689287613324467e+01
8.393852110288415247e+01 1.424981694111528441e+01
8.355931278582923483e+01 1.432340285209728847e+01
8.318259926610653565e+01 1.439765131488578298e+01
8.280836039466389309e+01 1.447256301171591986e+01
8.243657612367151444e+01 1.454813860129338110e+01
8.206722650551036224e+01 1.462437871884818286e+01
8.170029169177587391e+01 1.470128397620045924e+01
8.133575193229732747e+01 1.477885496183830405e+01
8.097358757417316610e+01 1.485709224100775572e+01
8.061377906082256573e+01 1.493599635581498397e+01
8.025630693105361502e+01 1.501556782534074408e+01
7.990115181814832113e+01 1.509580714576713767e+01
7.954829444896489576e+01 1.517671479051674943e+01
7.919771564305747802e+01 1.525829121040418457e+01
7.884939631181381969e+01 1.534053683380003186e+01
7.850331745761103264e+01 1.542345206680728609e+01
7.815946017298990967e+01 1.550703729345024762e+01
7.781780563984810328e+01 1.559129287587589374e+01
7.747833512865236116e+01 1.567621915456773074e+01
7.714102999767040103e+01 1.576181644857211239e+01
7.680587169222246757e+01 1.584808505573701254e+01
7.647284174395315404e+01 1.593502525296321259e+01
7.614192177012364482e+01 1.602263729646788804e+01
7.581309347292483380e+01 1.611092142206053524e+01
7.548633863881148898e+01 1.619987784543117826e+01
7.516163913785803175e+01 1.628950676245082363e+01
7.483897692313597361e+01 1.637980834948404762e+01
7.451833403011353596e+01 1.647078276371367522e+01
7.419969257607769464e+01 1.656243014347744591e+01
7.388303475957897604e+01 1.665475060861654555e+01
7.356834285989930322e+01 1.674774426083592260e+01
7.325559923654314787e+01 1.684141118407626792e+01
7.294478632875247115e+01 1.693575144489749817e+01
7.263588665504546782e+01 1.703076509287364360e+01
7.232888281277966769e+01 1.712645216099895862e+01
7.202375747773943715e+01 1.722281266610512418e+01
7.172049340374840654e+01 1.731984660928933550e+01
7.141907342230682332e+01 1.741755397635314040e+01
7.111948044225427168e+01 1.751593473825179714e+01
7.082169744945792900e+01 1.761498885155398497e+01
7.052570750652661502e+01 1.771471625891162915e+01
7.023149375255077587e+01 1.781511688953964878e+01
6.993903940286882914e+01 1.791619065970537505e+01
6.964832774885975653e+01 1.801793747322740202e+01
6.935934215776242695e+01 1.812035722198363175e+01
6.907206607252163622e+01 1.822344978642825097e+01
6.878648301166107615e+01 1.832721503611734803e+01
6.850257656918341809e+01 1.843165283024291412e+01
6.822033041449759594e+01 1.853676301817493766e+01
6.793972829237338829e+01 1.864254544001126135e+01
6.766075402292347007e+01 1.874899992713492836e+01
6.738339150161290547e+01 1.885612630277868718e+01
6.710762469929626661e+01 1.896392438259629998e+01
6.683343766228230720e+01 1.907239397524035596e+01
6.656081451242630465e+01 1.918153488294620956e+01
6.628973944725005651e+01 1.929134690212169900e+01
6.602019674008944605e+01 1.940182982394228262e+01
6.575217074026967623e+01 1.951298343495120236e+01
6.548564587330798759e+01 1.962480751766430487e+01
6.522060664114383144e+01 1.973730185117912228e+01
6.495703762239647006e+01 1.985046621178779347e+01
6.469492347264974796e+01 1.996430037359345278e+01
6.443424892476400601e+01 2.007880410912963498e+01
6.417499878921489653e+01 2.019397718998228441e+01
6.391715795445894344e+01 2.030981938741392057e+01
6.366071138732564805e+01 2.042633047298956228e+01
6.340564413343585670e+01 2.054351021920389186e+01
6.315194131764612706e+01 2.066135840010927183e+01
6.289958814451886582e+01 2.077987479194410980e+01
6.264856989881784699e+01 2.089905917376112043e+01
6.239887194602880527e+01 2.101891132805500817e+01
6.215047973290474914e+01 2.113943104138908424e+01
6.190337878803556038e+01 2.126061810502034533e+01
6.165755472244148905e+01 2.138247231552250227e+01
6.141299323019011780e+01 2.150499347540648643e+01
6.116968008903626952e+01 2.162818139373791126e+01
6.092760116108439661e+01 2.175203588675099908e+01
6.068674239347293309e+01 2.187655677845846824e+01
6.044708981908003409e+01 2.200174390125683743e+01
6.020862955725014132e+01 2.212759709652667439e+01
5.997134781454074215e+01 2.225411621522724204e+01
5.973523088548876814e+01 2.238130111848501258e+01
5.950026515339587263e+01 2.250915167817557716e+01
5.926643709113199776e+01 2.263766777749834347e+01
5.903373326195647053e+01 2.276684931154358082e+01
5.880214032035590321e+01 2.289669618785121941e+01
5.857164501289820180e+01 2.302720832696092046e+01
5.834223417910178711e+01 2.315838566295284551e+01
5.811389475231936075e+01 2.329022814397863783e+01
5.788661376063527797e+01 2.342273573278206200e+01
5.766037832777574579e+01 2.355590840720878987e+01
5.743517567403095825e+01 2.368974616070478589e+01
5.721099311718827352e+01 2.382424900280279090e+01
5.698781807347550910e+01 2.395941695959637130e+01
5.676563805851345279e+01 2.409525007420100451e+01
5.654444068827661596e+01 2.423174840720172440e+01
5.632421368006128404e+01 2.436891203708674780e+01
5.610494485345983406e+01 2.450674106066664137e+01
5.588662213134036705e+01 2.464523559347847126e+01
5.566923354083058229e+01 2.478439577017447704e+01
5.545276721430493438e+01 2.492422174489473718e+01
5.523721139037395744e+01 2.506471369162337126e+01
5.502255441487470478e+01 2.520587180452776010e+01
5.480878474186129523e+01 2.534769629828035420e+01
5.459589093459439368e+01 2.549018740836254082e+01
5.438386166652861675e+01 2.563334539135016499e+01
5.417268572229669843e+01 2.577717052518020679e+01
5.396235199868934984e+01 2.592166310939818530e+01
5.375284950562969755e+01 2.606682346538585904e+01
5.354416736714116354e+01 2.621265193656876846e+01
5.333629482230765717e+01 2.635914888860322591e+01
5.312922122622502741e+01 2.650631470954231972e+01
5.292293605094254616e+01 2.665414980998055583e+01
5.271742888639337110e+01 2.680265462317672487e+01
5.251268944131285821e+01 2.695182960515462156e+01
5.230870754414356583e+01 2.710167523478125418e+01
5.210547314392587737e+01 2.725219201382218159e+01
5.190297631117311283e+01 2.740338046697364405e+01
5.170120723873003499e+01 2.755524114187112872e+01
5.150015624261362035e+01 2.770777460907408596e+01
5.129981376283507188e+01 2.786098146202646575e+01
5.110017036420193648e+01 2.801486231699278306e+01
5.090121673709930405e+01 2.816941781296944924e+01
5.070294369824900826e+01 2.832464861157108160e+01
5.050534219144582693e+01 2.848055539689155324e+01
5.030840328826963059e+01 2.863713887533955571e+01
5.011211818877247737e+01 2.879439977544842932e+01
4.991647822213971608e+01 2.895233884766008003e+01
4.972147484732403200e+01 2.911095686408277672e+01
4.952709965365163214e+01 2.927025461822266550e+01
4.933334436139951151e+01 2.943023292468883767e+01
4.914020082234295472e+01 2.959089261887179845e+01
4.894766102027244159e+01 2.975223455659525129e+01
4.875571707147901890e+01 2.991425961374103792e+01
4.856436122520738508e+01 3.007696868584718075e+01
4.837358586407584227e+01 3.024036268767894242e+01
4.818338350446236973e+01 3.040444255277285279e+01
4.799374679685607248e+01 3.056920923295365355e+01
4.780466852617329465e+01 3.073466369782415697e+01
4.761614161203772966e+01 3.090080693422801517e+01
4.742815910902383081e+01 3.106763994568539999e+01
4.724071420686299660e+01 3.123516375180166449e+01
4.705380023061183437e+01 3.140337938764900727e+01
4.686741064078205454e+01 3.157228790312122868e+01
4.668153903343144151e+01 3.174189036226168525e+01
4.649617914021539633e+01 3.191218784256452778e+01
4.631132482839864650e+01 3.208318143424938285e+01
4.612697010082671056e+01 3.225487223950960924e+01
4.594310909585672675e+01 3.242726137173431056e+01
4.575973608724736152e+01 3.260034995470430630e+01
4.557684548400741420e+01 3.277413912176223931e+01
4.539443183020296146e+01 3.294863001495708943e+01
4.521248980472277168e+01 3.312382378416332074e+01
4.503101422100179718e+01 3.329972158617493250e+01
4.485000002670263797e+01 3.347632458377473341e+01
4.466944230335484178e+01 3.365363394477910219e+01
4.448933626595200508e+01 3.383165084105860387e+01
4.430967726250665351e+01 3.401037644753479583e+01
4.413046077356285934e+01 3.418981194115360722e+01
4.395168241166670953e+01 3.436995849983568263e+01
4.377333792079470243e+01 3.455081730140404517e+01
4.359542317574020132e+01 3.473238952248961908e+01
4.341793418145806527e+01 3.491467633741495291e+01
4.324086707236776306e+01 3.509767891705666898e+01
4.306421811161511215e+01 3.528139842768715084e+01
4.288798369029298385e+01 3.546583602979587369e+01
4.271216032662128725e+01 3.565099287689103846e+01
4.253674466508655883e+01 3.583687011428197877e+01
4.236173347554159108e+01 3.602346887784289464e+01
4.218712365226545558e+01 3.621079029275853145e+01
4.201291221298449585e+01 3.639883547225242921e+01
4.183909629785464546e+01 3.658760551629827518e+01
4.166567316840573199e+01 3.677710151031509156e+01
4.149264020644823603e+01 3.696732452384686951e+01
4.131999491294313742e+01 3.715827560922731720e+01
4.114773490683549539e+01 3.734995580023041839e+01
4.097585792385235948e+01 3.754236611070753327e+01
4.080436181526574302e+01 3.773550753321173090e+01
4.063324454662137697e+01 3.792938103761009216e+01
4.046250419643398288e+01 3.812398756968480029e+01
4.029213895484978991e+01 3.831932804972366569e+01
4.012214712227716262e+01 3.851540337110101575e+01
3.995252710798611417e+01 3.871221439884963900e+01
3.978327742867759298e+01 3.890976196822462896e+01
3.961439670702333160e+01 3.910804688325999479e+01
3.944588367017727393e+01 3.930706991531880590e+01
3.927773714825936224e+01 3.950683180163778019e+01
3.910995607281272868e+01 3.970733324386715424e+01
3.894253947523515080e+01 3.990857490660673079e+01
3.877548648518582297e+01 4.011055741593892066e+01
3.860879632896835290e+01 4.031328135795980927e+01
3.844246832789104218e+01 4.051674727730900116e+01
3.827650189660546687e+01 4.072095567569925834e+01
3.811089654142432437e+01 4.092590701044682788e+01
3.794565185861967649e+01 4.113160169300336122e+01
3.778076753270254784e+01 4.133804008749043390e+01
3.761624333468505910e+01 4.154522250923749738e+01
3.745207912032602593e+01 4.175314922332432843e+01
3.728827482836123863e+01 4.196182044312887172e+01
3.712483047871938169e+01 4.217123632888140605e+01
3.696174617072480117e+01 4.238139698622607909e+01
3.679902208128811480e+01 4.259230246479068427e+01
3.663665846308581564e+01 4.280395275676571742e+01
3.647465564272994953e+01 4.301634779549361554e+01
3.631301401892897474e+01 4.322948745406923621e+01
3.615173406064089079e+01 4.344337154395240930e+01
3.599081630521973807e+01 4.365799981359368331e+01
3.583026135655652666e+01 4.387337194707409793e+01
3.567006988321577410e+01 4.408948756276000580e+01
3.551024261656860403e+01 4.430634621197390288e+01
3.535078034892362098e+01 4.452394737768219812e+01
3.519168393165650599e+01 4.474229047320085328e+01
3.503295427333947742e+01 4.496137484091989478e+01
3.487459233787165402e+01 4.518119975104764308e+01
3.471659914261131519e+01 4.540176440037565442e+01
3.455897575651115972e+01 4.562306791106526305e+01
3.440172329825752939e+01 4.584510932945661921e+01
3.424484293441462057e+01 4.606788762490111111e+01
3.408833587757467853e+01 4.629140168861809457e+01
3.393220338451513385e+01 4.651565033257675452e+01
3.377644675436366128e+01 4.674063228840398665e+01
3.362106732677212051e+01 4.696634620631910195e+01
3.346606648010023122e+01 4.719279065409623541e+01
3.331144562961000588e+01 4.741996411605519768e+01
3.315720622567171461e+01 4.764786499208165793e+01
3.300334975198234844e+01 4.787649159667732590e+01
3.284987772379737692e+01 4.810584215804100694e+01
3.269679168617662413e+01 4.833591481718115546e+01
3.254409321224514429e+01 4.856670762706072253e+01
3.239178390146977904e+01 4.879821855177497270e+01
3.223986537795225615e+01 4.903044546576294493e+01
3.208833928873951891e+01 4.926338615305322577e+01
3.193720730215203929e+01 4.949703830654462422e+01
3.178647110613075810e+01 4.973139952732243785e+01
3.163613240660340509e+01 4.996646732401079305e+01
3.148619292587076757e+01 5.020223911216169199e+01
3.133665440101358612e+01 5.043871221368131330e+01
3.118751858232064933e+01 5.067588385629397152e+01
3.103878723173868437e+01 5.091375117304435349e+01
3.089046212134455516e+01 5.115231120183837987e+01
3.074254503184033638e+01 5.139156088502316067e+01
3.059503775107173240e+01 5.163149706900647828e+01
3.044794207257031715e+01 5.187211650391607520e+01
3.030125979412006032e+01 5.211341584329920096e+01
3.015499271634854139e+01 5.235539164386262456e+01
3.000914264134324583e+01 5.259804036525348891e+01
2.986371137129334485e+01 5.284135836988119905e+01
2.971870070715725731e+01 5.308534192278058583e+01
2.957411244735635591e+01 5.332998719151652267e+01
2.942994838649509148e+01 5.357529024613021562e+01
2.928621031410779452e+01 5.382124705912720231e+01
2.914290001343243475e+01 5.406785350550725155e+01
2.900001926021150567e+01 5.431510536283615664e+01
2.885756982152027916e+01 5.456299831135954292e+01
2.871555345462258302e+01 5.481152793415860458e+01
2.857397190585422919e+01 5.506068971734782025e+01
2.843282690953423497e+01 5.531047905031455514e+01
2.829212018690395780e+01 5.556089122600047148e+01
2.815185344509417220e+01 5.581192144122462651e+01
2.801202837612018115e+01 5.606356479704812301e+01
2.787264665590498680e+01 5.631581629918012055e+01
2.773370994333052053e+01 5.656867085842499421e+01
2.759521987931693587e+01 5.682212329117042060e+01
2.745717808592992881e+01 5.707616831991612116e+01
2.731958616551602503e+01 5.733080057384291450e+01
2.718244569986578085e+01 5.758601458942184337e+01
2.704575824940478768e+01 5.784180481106292859e+01
2.690952535241238053e+01 5.809816559180322315e+01
2.677374852426793694e+01 5.835509119403371159e+01
2.663842925672458861e+01 5.861257579026467113e+01
2.650356901721020364e+01 5.887061346392898287e+01
2.636916924815546537e+01 5.912919821022287437e+01
2.623523136634883812e+01 5.938832393698368151e+01
2.610175676231821740e+01 5.964798446560396172e+01
2.596874679973902289e+01 5.990817353198144701e+01
2.583620281486852477e+01 6.016888478750428249e+01
2.570412611600611186e+01 6.043011180007085414e+01
2.557251798297926015e+01 6.069184805514361614e+01
2.544137966665491390e+01 6.095408695683627087e+01
2.531071238847598082e+01 6.121682182903357017e+01
2.518051734002263942e+01 6.148004591654307660e+01
2.505079568259814593e+01 6.174375238627816742e+01
2.492154854683881737e+01 6.200793432847149234e+01
2.479277703234784624e+01 6.227258475791820302e+01
2.466448220735260577e+01 6.253769661524811596e+01
2.453666510838510817e+01 6.280326276822604115e+01
2.440932673998520741e+01 6.306927601307946674e+01
2.428246807442624799e+01 6.333572907585278955e+01
2.415609005146271215e+01 6.360261461378725301e+01
2.403019357809952794e+01 6.386992521672573986e+01
2.390477952838263320e+01 6.413765340854153862e+01
2.377984874321040820e+01 6.440579164859028083e+01
2.365540203016556120e+01 6.467433233318406849e+01
2.353144016336708333e+01 6.494326779708700315e+01
2.340796388334184641e+01 6.521259031503116432e+01
2.328497389691545294e+01 6.548229210325210659e+01
2.316247087712190833e+01 6.575236532104304388e+01
2.304045546313169623e+01 6.602280207232671216e+01
2.291892826019785190e+01 6.629359440724405772e+01
2.279788983961960014e+01 6.656473432375878474e+01
2.267734073872314937e+01 6.683621376927686697e+01
2.255728146085919761e+01 6.710802464228000019e+01
2.243771247541676672e+01 6.738015879397222818e+01
2.231863421785287827e+01 6.765260802993863365e+01
2.220004708973772267e+01 6.792536411181527001e+01
2.208195145881484933e+01 6.819841875896935335e+01
2.196434765907596542e+01 6.847176365018881938e+01
2.184723599084994561e+01 6.874539042538027900e+01
2.173061672090560137e+01 6.901929068727443450e+01
2.161449008256783699e+01 6.929345600313817499e+01
2.149885627584673742e+01 6.956787790649217129e+01
2.138371546757920427e+01 6.984254789883337367e+01
2.126906779158273153e+01 7.011745745136126118e+01
2.115491334882090158e+01 7.039259800670704692e+01
2.104125220758021086e+01 7.066796098066498644e+01
2.092808440365784151e+01 7.094353776392482303e+01
2.081540994055995952e+01 7.121931972380461673e+01
2.070322878971018099e+01 7.149529820598293384e+01
2.059154089066779392e+01 7.177146453622970057e+01
2.048034615135537706e+01 7.204781002213482566e+01
2.036964444829543552e+01 7.232432595483375337e+01
2.025943562685568367e+01 7.260100361072912278e+01
2.014971950150260582e+01 7.287783425320776587e+01
2.004049585606294315e+01 7.315480913435226284e+01
1.993176444399275482e+01 7.343191949664620211e+01
1.982352498865369483e+01 7.370915657467251947e+01
1.971577718359617393e+01 7.398651159680400724e+01
1.960852069284906207e+01 7.426397578688538204e+01
1.950175515121560466e+01 7.454154036590618659e+01
1.939548016457523616e+01 7.481919655366371558e+01
1.928969531019094319e+01 7.509693557041545375e+01
1.918440013702189972e+01 7.537474863852018814e+01
1.907959416604105840e+01 7.565262698406725406e+01
1.897527689055737099e+01 7.593056183849327567e+01
1.887144777654239292e+01 7.620854444018564777e+01
1.876810626296093432e+01 7.648656603607238935e+01
1.866525176210550896e+01 7.676461788319757318e+01
1.856288365993428968e+01 7.704269125028183396e+01
1.846100131641232522e+01 7.732077741926754300e+01
1.835960406585570936e+01 7.759886768684783931e+01
1.825869121727850697e+01 7.787695336597927565e+01
1.815826205474213495e+01 7.815502578737745409e+01
1.805831583770697790e+01 7.843307630099513972e+01
1.795885180138600745e+01 7.871109627748253956e+01
1.785986915710016731e+01 7.898907710962913598e+01
1.776136709263528246e+01 7.926701021378677581e+01
1.766334477260030411e+01 7.954488703127357496e+01
1.756580133878666317e+01 7.982269902975824039e+01
1.746873591052851538e+01 8.010043770462444002e+01
1.737214758506370771e+01 8.037809458031490806e+01
1.727603543789523499e+01 8.065566121165491609e+01
1.718039852315301985e+01 8.093312918515481158e+01
1.708523587395584897e+01 8.121049012029132541e+01
1.699054650277324185e+01 8.148773567076743518e+01
1.689632940178713483e+01 8.176485752575034383e+01
1.680258354325317072e+01 8.204184741108758772e+01
1.670930787986147692e+01 8.231869709050079109e+01
1.661650134509673293e+01 8.259539836675710944e+01
1.652416285359740655e+01 8.287194308281790711e+01
1.643229130151401662e+01 8.314832312296472594e+01
1.634088556686627669e+01 8.342453041390227497e+01
1.624994450989897388e+01 8.370055692583827067e+01
1.615946697343648708e+01 8.397639467354009923e+01
1.606945178323578816e+01 8.425203571736810204e+01
1.597989774833783194e+01 8.452747216428542743e+01
1.589080366141720368e+01 8.480269616884440609e+01
1.580216829912993681e+01 8.507769993414926546e+01
1.571399042245937494e+01 8.535247571279528245e+01
1.562626877705999817e+01 8.562701580778423249e+01
1.553900209359910001e+01 8.590131257341619175e+01
1.545218908809624381e+01 8.617535841615755032e+01
1.536582846226039756e+01 8.644914579548543543e+01
1.527991890382467055e+01 8.672266722470838829e+01
1.519445908687857916e+01 8.699591527176342254e+01
1.510944767219775997e+01 8.726888255998947841e+01
1.502488330757105750e+01 8.754156176887735796e+01
1.494076462812493311e+01 8.781394563479611293e+01
1.485709025664512595e+01 8.808602695169609831e+01
1.477385880389549833e+01 8.835779857178873442e+01
1.469106886893402120e+01 8.862925340620294890e+01
1.460871903942584993e+01 8.890038442561868237e+01
1.452680789195342648e+01 8.917118466087728734e+01
1.444533399232357773e+01 8.944164720356914700e+01
1.436429589587155853e+01 8.971176520659861353e+01
1.428369214776200735e+01 8.998153188472632280e+01
1.420352128328676677e+01 9.025094051508921211e+01
1.412378182815955441e+01 9.051998443769824121e+01
1.404447229880742931e+01 9.078865705591410062e+01
1.396559120265904497e+01 9.105695183690107797e+01
1.388713703842965685e+01 9.132486231205922422e+01
1.380910829640285975e+01 9.159238207743504745e+01
1.373150345870903877e+01 9.185950479411096126e+01
1.365432099960051282e+01 9.212622418857371542e+01
1.357755938572335630e+01 9.239253405306190814e+01
1.350121707638588475e+01 9.265842824589297777e+01
1.342529252382379568e+01 9.292390069176978784e+01
1.334978417346195378e+01 9.318894538206706102e+01
1.327469046417280829e+01 9.345355637509791791e+01
1.320000982853145111e+01 9.371772779636081907e+01
1.312574069306729641e+01 9.398145383876702397e+01
1.305188147851238867e+01 9.424472876284896472e+01
1.297843060004633919e+01 9.450754689694974786e+01
1.290538646753789465e+01 9.476990263739395459e+01
1.283274748578313229e+01 9.503179044864018010e+01
1.276051205474029793e+01 9.529320486341545404e+01
1.268867856976128472e+01 9.555414048283181216e+01
1.261724542181976716e+01 9.581459197648540282e+01
1.254621099773599369e+01 9.607455408253825624e+01
1.247557368039825576e+01 9.633402160778315704e+01
1.240533184898103514e+01 9.659298942769174801e+01
1.233548387915985245e+01 9.685145248644627713e+01
1.226602814332282421e+01 9.710940579695515851e+01
1.219696301077894773e+01 9.736684444085278756e+01
1.212828684796313361e+01 9.762376356848371017e+01
1.205999801863798560e+01 9.788015839887154357e+01
1.199209488409237068e+01 9.813602421967297573e+01
1.192457580333678280e+01 9.839135638711704246e+01
1.185743913329552157e+01 9.864615032592999455e+01
1.179068322899571264e+01 9.890040152924611050e+01
1.172430644375318565e+01 9.915410555850465357e+01
1.165830712935523472e+01 9.940725804333328597e+01
1.159268363624028275e+01 9.965985468141832371e+01
1.152743431367447968e+01 9.991189123836197439e+01
1.146255750992524369e+01 1.001633635475269415e+02
1.139805157243178790e+01 1.004142675098686510e+02
1.133391484797264859e+01 1.006645990937554132e+02
1.127014568283023799e+01 1.009143543347767604e+02
1.120674242295245548e+01 1.011635293355403036e+02
1.114370341411138021e+01 1.014121202654572755e+02
1.108102700205906999e+01 1.016601233605172325e+02
1.101871153268049852e+01 1.019075349230519834e+02
1.095675535214365048e+01 1.021543513214891874e+02
1.089515680704682232e+01 1.024005689900957634e+02
1.083391424456312357e+01 1.026461844287115213e+02
1.077302601258224435e+01 1.028911942024731729e+02
1.071249045984949078e+01 1.031355949415290496e+02
1.065230593610213106e+01 1.033793833407447522e+02
1.059247079220307342e+01 1.036225561594000482e+02
1.053298338027191505e+01 1.038651102208772414e+02
1.047384205381338340e+01 1.041070424123412579e+02
1.041504516784319989e+01 1.043483496844117866e+02
1.035659107901139997e+01 1.045890290508276195e+02
1.029847814572313958e+01 1.048290775881035302e+02
1.024070472825700762e+01 1.050684924351798486e+02
1.018326918888089594e+01 1.053072707930650864e+02
1.012616989196542683e+01 1.055454099244717838e+02
1.006940520409500195e+01 1.057829071534458052e+02
1.001297349417646743e+01 1.060197598649893962e+02
9.956873133545455445e+00 1.062559655046781444e+02
9.901102496070418368e+00 1.064915215782721134e+02
9.845659958254376676e+00 1.067264256513214207e+02
9.790543899334430478e+00 1.069606753487663866e+02
9.735752701379052354e+00 1.071942683545325679e+02
9.681284749383186394e+00 1.074272024111208594e+02
9.627138431361196069e+00 1.076594753191928362e+02
9.573312138437682250e+00 1.078910849371516036e+02
9.519804264936196248e+00 1.081220291807183287e+02
9.466613208465894047e+00 1.083523060225046919e+02
9.413737370006135308e+00 1.085819134915814317e+02
9.361175153989082176e+00 1.088108496730431654e+02
9.308924968380305032e+00 1.090391127075697142e+02
9.256985224757443120e+00 1.092667007909841175e+02
9.205354338386927182e+00 1.094936121738074917e+02
9.154030728298810260e+00 1.097198451608109622e+02
9.103012817359726228e+00 1.099453981105647813e+02
9.052299032344004459e+00 1.101702694349849594e+02
9.001887804002969062e+00 1.103944575988773380e+02
8.951777567132454649e+00 1.106179611194795172e+02
8.901966760638549303e+00 1.108407785660006795e+02
8.852453827601616254e+00 1.110629085591594816e+02
8.803237215338599597e+00 1.112843497707201976e+02
8.754315375463653126e+00 1.115051009230272712e+02
8.705686763947111828e+00 1.117251607885383891e+02
8.657349841172839788e+00 1.119445281893563333e+02
8.609303071993965162e+00 1.121632019967595966e+02
8.561544925787046623e+00 1.123811811307320880e+02
8.514073876504681948e+00 1.125984645594919016e+02
8.466888402726594265e+00 1.128150512990193874e+02
8.419986987709211945e+00 1.130309404125846555e+02
8.373368119433767021e+00 1.132461310102746097e+02
8.327030290652947642e+00 1.134606222485196270e+02
8.280971998936118794e+00 1.136744133296200800e+02
8.235191746713132588e+00 1.138875035012727750e+02
8.189688041316754763e+00 1.140998920560973602e+02
8.144459395023742942e+00 1.143115783311630196e+02
8.099504325094574853e+00 1.145225617075152940e+02
8.054821353811870921e+00 1.147328416097033994e+02
8.010409008517521912e+00 1.149424175053080006e+02
7.966265821648552681e+00 1.151512889044695100e+02
7.922390330771730937e+00 1.153594553594171970e+02
7.878781078616956535e+00 1.155669164639990214e+02
7.835436613109442838e+00 1.157736718532123774e+02
7.792355487400717706e+00 1.159797212027358455e+02
7.749536259898462731e+00 1.161850642284619681e+02
7.706977494295205844e+00 1.163897006860312899e+02
7.664677759595899253e+00 1.165936303703675350e+02
7.622635630144393382e+00 1.167968531152142191e+02
7.580849685648828107e+00 1.169993687926726551e+02
7.539318511205964413e+00 1.172011773127414358e+02
7.498040697324472426e+00 1.174022786228574802e+02
7.457014839947197160e+00 1.176026727074387850e+02
7.416239540472419733e+00 1.178023595874288816e+02
7.375713405774131814e+00 1.180013393198430407e+02
7.335435048221341958e+00 1.181996119973163673e+02
7.295403085696434253e+00 1.183971777476538279e+02
7.255616141612595271e+00 1.185940367333822110e+02
7.216072844930322638e+00 1.187901891513042330e+02
7.176771830173043654e+00 1.189856352320546335e+02
7.137711737441848392e+00 1.191803752396585168e+02
7.098891212429361275e+00 1.193744094710918375e+02
7.060308906432768872e+00 1.195677382558442190e+02
7.021963476366013701e+00 1.197603619554840577e+02
6.983853584771178902e+00 1.199522809632259595e+02
6.945977899829069102e+00 1.201434957035006619e+02
6.908335095369014134e+00 1.203340066315273447e+02
6.870923850877904471e+00 1.205238142328884550e+02
6.833742851508472604e+00 1.207129190231071192e+02
6.796790788086840784e+00 1.209013215472270417e+02
6.760066357119344893e+00 1.210890223793951037e+02
6.723568260798653995e+00 1.212760221224465624e+02
6.687295207009190889e+00 1.214623214074929649e+02
6.651245909331879425e+00 1.216479208935127474e+02
6.615419087048225677e+00 1.218328212669445918e+02
6.579813465143742768e+00 1.220170232412835958e+02
6.544427774310745960e+00 1.222005275566801856e+02
6.509260750950514485e+00 1.223833349795419139e+02
6.474311137174849407e+00 1.225654463021380707e+02
6.439577680807027527e+00 1.227468623422071943e+02
6.405059135382169089e+00 1.229275839425674803e+02
6.370754260147036163e+00 1.231076119707301046e+02
6.336661820059264372e+00 1.232869473185154874e+02
6.302780585786049272e+00 1.234655909016725133e+02
6.269109333702290954e+00 1.236435436595007502e+02
6.235646845888217271e+00 1.238208065544755954e+02
6.202391910126490160e+00 1.239973805718764908e+02
6.169343319898807465e+00 1.241732667194181374e+02
6.136499874382015385e+00 1.243484660268846937e+02
6.103860378443739521e+00 1.245229795457670861e+02
6.071423642637544305e+00 1.246968083489032750e+02
6.039188483197633239e+00 1.248699535301216770e+02
6.007153722033097942e+00 1.250424162038875977e+02
5.975318186721733760e+00 1.252141975049527076e+02
5.943680710503419284e+00 1.253852985880076574e+02
5.912240132273081095e+00 1.255557206273377204e+02
5.880995296573247266e+00 1.257254648164815762e+02
5.849945053586202093e+00 1.258945323678930919e+02
5.819088259125750007e+00 1.260629245126063012e+02
5.788423774628596696e+00 1.262306424999033823e+02
5.757950467145359852e+00 1.263976875969857474e+02
5.727667209331219311e+00 1.265640610886482591e+02
5.697572879436204829e+00 1.267297642769565016e+02
5.667666361295147226e+00 1.268947984809271219e+02
5.637946544317285813e+00 1.270591650362112688e+02
5.608412323475549854e+00 1.272228652947811298e+02
5.579062599295517622e+00 1.273859006246195094e+02
5.549896277844066361e+00 1.275482724094125047e+02
5.520912270717711401e+00 1.277099820482451946e+02
5.492109495030653932e+00 1.278710309553004265e+02
5.463486873402536581e+00 1.280314205595606722e+02
5.435043333945916544e+00 1.281911523045128263e+02
5.406777810253466043e+00 1.283502276478561726e+02
5.378689241384906339e+00 1.285086480612132505e+02
5.350776571853677055e+00 1.286664150298438472e+02
5.323038751613356823e+00 1.288235300523618605e+02
5.295474736043837893e+00 1.289799946404552884e+02
5.268083485937257393e+00 1.291358103186091455e+02
5.240863967483697650e+00 1.292909786238313359e+02
5.213815152256661811e+00 1.294455011053814815e+02
5.186936017198325644e+00 1.295993793245027632e+02
5.160225544604580605e+00 1.297526148541566045e+02
5.133682722109863761e+00 1.299052092787603669e+02
5.107306542671789629e+00 1.300571641939278607e+02
5.081096004555587520e+00 1.302084812062128947e+02
5.055050111318343475e+00 1.303591619328554998e+02
5.029167871793065459e+00 1.305092080015312206e+02
5.003448300072564692e+00 1.306586210501031076e+02
4.977890415493164689e+00 1.308074027263766652e+02
4.952493242618245084e+00 1.309555546878575569e+02
4.927255811221622928e+00 1.311030786015120668e+02
4.902177156270773217e+00 1.312499761435304606e+02
4.877256317909902883e+00 1.313962489990930465e+02
4.852492341442872004e+00 1.315418988621390213e+02
4.827884277315979134e+00 1.316869274351380454e+02
4.803431181100605407e+00 1.318313364288645460e+02
4.779132113475727195e+00 1.319751275621746913e+02
4.754986140210299972e+00 1.321183025617861233e+02
4.730992332145522283e+00 1.322608631620602750e+02
4.707149765176976253e+00 1.324028111047874461e+02
4.683457520236657956e+00 1.325441481389744069e+02
4.659914683274895886e+00 1.326848760206346753e+02
4.636520345242161945e+00 1.328249965125813503e+02
4.613273602070782964e+00 1.329645113842226465e+02
4.590173554656556298e+00 1.331034224113597872e+02
4.567219308840265946e+00 1.332417313759876265e+02
4.544409975389114287e+00 1.333794400660976862e+02
4.521744669978065900e+00 1.335165502754837803e+02
4.499222513171107884e+00 1.336530638035500260e+02
4.476842630402434686e+00 1.337889824551213849e+02
4.454604151957554770e+00 1.339243080402566477e+02
4.432506212954328895e+00 1.340590423740638641e+02
4.410547953323937342e+00 1.341931872765181026e+02
4.388728517791785855e+00 1.343267445722816831e+02
4.367047055858347626e+00 1.344597160905267685e+02
4.345502721779947564e+00 1.345921036647602591e+02
4.324094674549495032e+00 1.347239091326511016e+02
4.302822077877160645e+00 1.348551343358597876e+02
4.281684100171005980e+00 1.349857811198702393e+02
4.260679914517571554e+00 1.351158513338239970e+02
4.239808698662414166e+00 1.352453468303565103e+02
4.219069634990611384e+00 1.353742694654358445e+02
4.198461910507227834e+00 1.355026210982034627e+02
4.177984716817744193e+00 1.356304035908172807e+02
4.157637250108456861e+00 1.357576188082968542e+02
4.137418711126850113e+00 1.358842686183707258e+02
4.117328305161940705e+00 1.360103548913259601e+02
4.097365242024596732e+00 1.361358794998596977e+02
4.077528736027839606e+00 1.362608443189328966e+02
4.057818005967123831e+00 1.363852512256261207e+02
4.038232275100600788e+00 1.365091020989973174e+02
4.018770771129370978e+00 1.366323988199418125e+02
3.999432726177721165e+00 1.367551432710540666e+02
3.980217376773354410e+00 1.368773373364916779e+02
3.961123963827611227e+00 1.369989829018412024e+02
3.942151732615687632e+00 1.371200818539859938e+02
3.923299932756846520e+00 1.372406360809760315e+02
3.904567818194631723e+00 1.373606474718995401e+02
3.885954647177079835e+00 1.374801179167566261e+02
3.867459682236937812e+00 1.375990493063348197e+02
3.849082190171883244e+00 1.377174435320863779e+02
3.830821442024751722e+00 1.378353024860074356e+02
3.812676713063773537e+00 1.379526280605191175e+02
3.794647282762818818e+00 1.380694221483503838e+02
3.776732434781657322e+00 1.381856866424225529e+02
3.758931456946229765e+00 1.383014234357358418e+02
3.741243641228935157e+00 1.384166344212573847e+02
3.723668283728935435e+00 1.385313214918112408e+02
3.706204684652478765e+00 1.386454865399699088e+02
3.688852148293242372e+00 1.387591314579477171e+02
3.671609983012697587e+00 1.388722581374957485e+02
3.654477501220497970e+00 1.389848684697985277e+02
3.637454019354891877e+00 1.390969643453722995e+02
3.620538857863161208e+00 1.392085476539649562e+02
3.603731341182087267e+00 1.393196202844575851e+02
3.587030797718446351e+00 1.394301841247675782e+02
3.570436559829533341e+00 1.395402410617533633e+02
3.553947963803719023e+00 1.396497929811206404e+02
3.537564349841038958e+00 1.397588417673301819e+02
3.521285062033815638e+00 1.398673893035071956e+02
3.505109448347315304e+00 1.399754374713520804e+02
3.489036860600443823e+00 1.400829881510528594e+02
3.473066654446476331e+00 1.401900432211988345e+02
3.457198189353826834e+00 1.402966045586959751e+02
3.441430828586857338e+00 1.404026740386835286e+02
3.425763939186727391e+00 1.405082535344521375e+02
3.410196891952285370e+00 1.406133449173633778e+02
3.394729061421001060e+00 1.407179500567706896e+02
3.379359825849944432e+00 1.408220708199415867e+02
3.364088567196804824e+00 1.409257090719814300e+02
3.348914671100959417e+00 1.410288666757583087e+02
3.333837526864586120e+00 1.411315454918293995e+02
3.318856527433822645e+00 1.412337473783685766e+02
3.303971069379976200e+00 1.413354741910953578e+02
3.289180552880778929e+00 1.414367277832050718e+02
3.274484381701694868e+00 1.415375100053003905e+02
3.259881963177277520e+00 1.416378227053239982e+02
3.245372708192576727e+00 1.417376677284925677e+02
3.230956031164598397e+00 1.418370469172319588e+02
3.216631350023817060e+00 1.419359621111135539e+02
3.202398086195741733e+00 1.420344151467918721e+02
3.188255664582534177e+00 1.421324078579433490e+02
3.174203513544683997e+00 1.422299420752061394e+02
3.160241064882737039e+00 1.423270196261213414e+02
3.146367753819079738e+00 1.424236423350750727e+02
3.132583018979781198e+00 1.425198120232418546e+02
3.118886302376490782e+00 1.426155305085289910e+02
3.105277049388394328e+00 1.427107996055221122e+02
3.091754708744227198e+00 1.428056211254317986e+02
3.078318732504346400e+00 1.428999968760412003e+02
3.064968576042861770e+00 1.429939286616547633e+02
3.051703698029827549e+00 1.430874182830480095e+02
3.038523560413492586e+00 1.431804675374182807e+02
3.025427628402610924e+00 1.432730782183365932e+02
3.012415370448815022e+00 1.433652521157003434e+02
2.999486258229048463e+00 1.434569910156871515e+02
2.986639766628060411e+00 1.435482967007096136e+02
2.973875373720964443e+00 1.436391709493710209e+02
2.961192560755856462e+00 1.437296155364219601e+02
2.948590812136498762e+00 1.438196322327180212e+02
2.936069615405063615e+00 1.439092228051782740e+02
2.923628461224944797e+00 1.439983890167447100e+02
2.911266843363629064e+00 1.440871326263425942e+02
2.898984258675632919e+00 1.441754553888416979e+02
2.886780207085505534e+00 1.442633590550184124e+02
2.874654191570894302e+00 1.443508453715187159e+02
2.862605718145675215e+00 1.444379160808220206e+02
2.850634295843150312e+00 1.445245729212058450e+02
2.838739436699309504e+00 1.446108176267113095e+02
2.826920655736157695e+00 1.446966519271095137e+02
2.815177470945108507e+00 1.447820775478685960e+02
2.803509403270443734e+00 1.448670962101217015e+02
2.791915976592839410e+00 1.449517096306357473e+02
2.780396717712958488e+00 1.450359195217808974e+02
2.768951156335109687e+00 1.451197275915008049e+02
2.757578825050972959e+00 1.452031355432836790e+02
2.746279259323393340e+00 1.452861450761340620e+02
2.735051997470240526e+00 1.453687578845452606e+02
2.723896580648336840e+00 1.454509756584727143e+02
2.712812552837450930e+00 1.455328000833078192e+02
2.701799460824360732e+00 1.456142328398526331e+02
2.690856854186983949e+00 1.456952756042952615e+02
2.679984285278574685e+00 1.457759300481858418e+02
2.669181309211989372e+00 1.458561978384132658e+02
2.658447483844020631e+00 1.459360806371826413e+02
2.647782369759797305e+00 1.460155801019931801e+02
2.637185530257255550e+00 1.460946978856170233e+02
2.626656531331674760e+00 1.461734356360785227e+02
2.616194941660284101e+00 1.462517949966342030e+02
2.605800332586935664e+00 1.463297776057532928e+02
2.595472278106846442e+00 1.464073850970989952e+02
2.585210354851409154e+00 1.464846190995102120e+02
2.575014142073069667e+00 1.465614812369840081e+02
2.564883221630274601e+00 1.466379731286585582e+02
2.554817177972485975e+00 1.467140963887966336e+02
2.544815598125263367e+00 1.467898526267698287e+02
2.534878071675417122e+00 1.468652434470432127e+02
2.525004190756226841e+00 1.469402704491605220e+02
2.515193550032729597e+00 1.470149352277300068e+02
2.505445746687075204e+00 1.470892393724106739e+02
2.495760380403952094e+00 1.471631844678992422e+02
2.486137053356077597e+00 1.472367720939174376e+02
2.476575370189759706e+00 1.473100038251998569e+02
2.467074938010524576e+00 1.473828812314824290e+02
2.457635366368813745e+00 1.474554058774912448e+02
2.448256267245746631e+00 1.475275793229319561e+02
2.438937255038954088e+00 1.475994031224796004e+02
2.429677946548477241e+00 1.476708788257690230e+02
2.420477960962735153e+00 1.477420079773855832e+02
2.411336919844559112e+00 1.478127921168564569e+02
2.402254447117296188e+00 1.478832327786423662e+02
2.393230169050978073e+00 1.479533314921297347e+02
2.384263714248557875e+00 1.480230897816233266e+02
2.375354713632215287e+00 1.480925091663391981e+02
2.366502800429727493e+00 1.481615911603983022e+02
2.357707610160907130e+00 1.482303372728202646e+02
2.348968780624107744e+00 1.482987490075177277e+02
2.340285951882796311e+00 1.483668278632910358e+02
2.331658766252190151e+00 1.484345753338234033e+02
2.323086868285963558e+00 1.485019929076763390e+02
2.314569904763017938e+00 1.485690820682856383e+02
2.306107524674320342e+00 1.486358442939575468e+02
2.297699379209805937e+00 1.487022810578654912e+02
2.289345121745348433e+00 1.487683938280470670e+02
2.281044407829795340e+00 1.488341840674014236e+02
2.272796895172068954e+00 1.488996532336870189e+02
2.264602243628332179e+00 1.489648027795197152e+02
2.256460115189220961e+00 1.490296341523712442e+02
2.248370173967142005e+00 1.490941487945679000e+02
2.240332086183633109e+00 1.491583481432897429e+02
2.232345520156790997e+00 1.492222336305700310e+02
2.224410146288763546e+00 1.492858066832949646e+02
2.216525637053304632e+00 1.493490687232038283e+02
2.208691666983395585e+00 1.494120211668893035e+02
2.200907912658928822e+00 1.494746654257982925e+02
2.193174052694457199e+00 1.495370029062328854e+02
2.185489767727005983e+00 1.495990350093516099e+02
2.177854740403949663e+00 1.496607631311711373e+02
2.170268655370950484e+00 1.497221886625681293e+02
2.162731199259962267e+00 1.497833129892814270e+02
2.155242060677295068e+00 1.498441374919145233e+02
2.147800930191745117e+00 1.499046635459382060e+02
2.140407500322785150e+00 1.499648925216936846e+02
2.133061465528819589e+00 1.500248257843957447e+02
2.125762522195499660e+00 1.500844646941363578e+02
2.118510368624102025e+00 1.501438106058883477e+02
2.111304705019970029e+00 1.502028648695095399e+02
2.104145233481014454e+00 1.502616288297469396e+02
2.097031657986277775e+00 1.503201038262413078e+02
2.089963684384557929e+00 1.503782911935318225e+02
2.082941020383095143e+00 1.504361922610611657e+02
2.075963375536318711e+00 1.504938083531806967e+02
2.069030461234653728e+00 1.505511407891558520e+02
2.062141990693389548e+00 1.506081908831718295e+02
2.055297678941607309e+00 1.506649599443394720e+02
2.048497242811168739e+00 1.507214492767013212e+02
2.041740400925764032e+00 1.507776601792379552e+02
2.035026873690019222e+00 1.508335939458744690e+02
2.028356383278663078e+00 1.508892518654870969e+02
2.021728653625753491e+00 1.509446352219102323e+02
2.015143410413962499e+00 1.509997452939434481e+02
2.008600381063920359e+00 1.510545833553587443e+02
2.002099294723617806e+00 1.511091506749080793e+02
1.995639882257866260e+00 1.511634485163309591e+02
1.989221876237817099e+00 1.512174781383622815e+02
1.982845010930537777e+00 1.512712407947403506e+02
1.976509022288646555e+00 1.513247377342150060e+02
1.970213647940003421e+00 1.513779702005560068e+02
1.963958627177459393e+00 1.514309394325614733e+02
1.957743700948661569e+00 1.514836466640666117e+02
1.951568611845916346e+00 1.515360931239524973e+02
1.945433104096107479e+00 1.515882800361550835e+02
1.939336923550671887e+00 1.516402086196742971e+02
1.933279817675629841e+00 1.516918800885833321e+02
1.927261535541673121e+00 1.517432956520380571e+02
1.921281827814306675e+00 1.517944565142866225e+02
1.915340446744046909e+00 1.518453638746790944e+02
1.909437146156674370e+00 1.518960189276773747e+02
1.903571681443541497e+00 1.519464228628651199e+02
1.897743809551935446e+00 1.519965768649578592e+02
1.891953288975495084e+00 1.520464821138132550e+02
1.886199879744681285e+00 1.520961397844414478e+02
1.880483343417302500e+00 1.521455510470154877e+02
1.874803443069093634e+00 1.521947170668819922e+02
1.869159943284347758e+00 1.522436390045718895e+02
1.863552610146602007e+00 1.522923180158111620e+02
1.857981211229375651e+00 1.523407552515318457e+02
1.852445515586961466e+00 1.523889518578830859e+02
1.846945293745269501e+00 1.524369089762422504e+02
1.841480317692723467e+00 1.524846277432262696e+02
1.836050360871208431e+00 1.525321092907029481e+02
1.830655198167070896e+00 1.525793547458024193e+02
1.825294605902170630e+00 1.526263652309287124e+02
1.819968361824984004e+00 1.526731418637714626e+02
1.814676245101757068e+00 1.527196857573175635e+02
1.809418036307711475e+00 1.527659980198630763e+02
1.804193517418300141e+00 1.528120797550251098e+02
1.799002471800512870e+00 1.528579320617538713e+02
1.793844684204233486e+00 1.529035560343447173e+02
1.788719940753645599e+00 1.529489527624503751e+02
1.783628028938688770e+00 1.529941233310931068e+02
1.778568737606564198e+00 1.530390688206771301e+02
1.773541856953289697e+00 1.530837903070010100e+02
1.768547178515303298e+00 1.531282888612700503e+02
1.763584495161116594e+00 1.531725655501089420e+02
1.758653601083015161e+00 1.532166214355742966e+02
1.753754291788808928e+00 1.532604575751673792e+02
1.748886364093629631e+00 1.533040750218468418e+02
1.744049616111776668e+00 1.533474748240415408e+02
1.739243847248610031e+00 1.533906580256633561e+02
1.734468858192491192e+00 1.534336256661201787e+02
1.729724450906771294e+00 1.534763787803288437e+02
1.725010428621825964e+00 1.535189183987282320e+02
1.720326595827136540e+00 1.535612455472922875e+02
1.715672758263418363e+00 1.536033612475432619e+02
1.711048722914795484e+00 1.536452665165647886e+02
1.706454298001020886e+00 1.536869623670152407e+02
1.701889292969742895e+00 1.537284498071409757e+02
1.697353518488816437e+00 1.537697298407896369e+02
1.692846786438661155e+00 1.538108034674235967e+02
1.688368909904663040e+00 1.538516716821333432e+02
1.683919703169622029e+00 1.538923354756509525e+02
1.679498981706244232e+00 1.539327958343635885e+02
1.675106562169677904e+00 1.539730537403270318e+02
1.670742262390094268e+00 1.540131101712792656e+02
1.666405901365312303e+00 1.540529661006541176e+02
1.662097299253466831e+00 1.540926224975948458e+02
1.657816277365721236e+00 1.541320803269678379e+02
1.653562658159022147e+00 1.541713405493763389e+02
1.649336265228898313e+00 1.542104041211741219e+02
1.645136923302302101e+00 1.542492719944793294e+02
1.640964458230493195e+00 1.542879451171882295e+02
1.636818696981965804e+00 1.543264244329889721e+02
1.632699467635416513e+00 1.543647108813755437e+02
1.628606599372756092e+00 1.544028053976614956e+02
1.624539922472161724e+00 1.544407089129939550e+02
1.620499268301170748e+00 1.544784223543673818e+02
1.616484469309817262e+00 1.545159466446375802e+02
1.612495359023807584e+00 1.545532827025356539e+02
1.608531772037739227e+00 1.545904314426818758e+02
1.604593544008358519e+00 1.546273937755997281e+02
1.600680511647859738e+00 1.546641706077298295e+02
1.596792512717224222e+00 1.547007628414439750e+02
1.592929386019599880e+00 1.547371713750590914e+02
1.589090971393720242e+00 1.547733971028513338e+02
1.585277109707363019e+00 1.548094409150700130e+02
1.581487642850848863e+00 1.548453036979517208e+02
1.577722413730578754e+00 1.548809863337342847e+02
1.573981266262610257e+00 1.549164897006709225e+02
1.570264045366273065e+00 1.549518146730441970e+02
1.566570596957822969e+00 1.549869621211801132e+02
1.562900767944134461e+00 1.550219329114622155e+02
1.559254406216430855e+00 1.550567279063456283e+02
1.555631360644053274e+00 1.550913479643710957e+02
1.552031481068266494e+00 1.551257939401790793e+02
1.548454618296103646e+00 1.551600666845238550e+02
1.544900624094246888e+00 1.551941670442875250e+02
1.541369351182946268e+00 1.552280958624941150e+02
1.537860653229974561e+00 1.552618539783236145e+02
1.534374384844620298e+00 1.552954422271261024e+02
1.530910401571716317e+00 1.553288614404357020e+02
1.527468559885704291e+00 1.553621124459847351e+02
1.524048717184737223e+00 1.553951960677177055e+02
1.520650731784815690e+00 1.554281131258053392e+02
1.517274462913961619e+00 1.554608644366586532e+02
1.513919770706426693e+00 1.554934508129429389e+02
1.510586516196936291e+00 1.555258730635918027e+02
1.507274561314968730e+00 1.555581319938211777e+02
1.503983768879069816e+00 1.555902284051432787e+02
1.500714002591201357e+00 1.556221630953806141e+02
1.497465127031125443e+00 1.556539368586799696e+02
1.494237007650821791e+00 1.556855504855263348e+02
1.491029510768940192e+00 1.557170047627568863e+02
1.487842503565287133e+00 1.557483004735749148e+02
1.484675854075345303e+00 1.557794383975637516e+02
1.481529431184827938e+00 1.558104193107006097e+02
1.478403104624266051e+00 1.558412439853705393e+02
1.475296744963628059e+00 1.558719131903802975e+02
1.472210223606974511e+00 1.559024276909721891e+02
1.469143412787143887e+00 1.559327882488379089e+02
1.466096185560471721e+00 1.559629956221323255e+02
1.463068415801543010e+00 1.559930505654873798e+02
1.460059978197975505e+00 1.560229538300257559e+02
1.457070748245236302e+00 1.560527061633747223e+02
1.454100602241489959e+00 1.560823083096798598e+02
1.451149417282478815e+00 1.561117610096187605e+02
1.448217071256434174e+00 1.561410650004147556e+02
1.445303442839019459e+00 1.561702210158506148e+02
1.442408411488305120e+00 1.561992297862821601e+02
1.439531857439773299e+00 1.562280920386519654e+02
1.436673661701354243e+00 1.562568084965028561e+02
1.433833706048494028e+00 1.562853798799916660e+02
1.431011873019251146e+00 1.563138069059026520e+02
1.428208045909425516e+00 1.563420902876611365e+02
1.425422108767715690e+00 1.563702307353469507e+02
1.422653946390908031e+00 1.563982289557080207e+02
1.419903444319093655e+00 1.564260856521737537e+02
1.417170488830917119e+00 1.564538015248685099e+02
1.414454966938853309e+00 1.564813772706250461e+02
1.411756766384514306e+00 1.565088135829978171e+02
1.409075775633984451e+00 1.565361111522764759e+02
1.406411883873185831e+00 1.565632706654990614e+02
1.403764981003271739e+00 1.565902928064654418e+02
1.401134957636049005e+00 1.566171782557504741e+02
1.398521705089428302e+00 1.566439276907173053e+02
1.395925115382903980e+00 1.566705417855306450e+02
1.393345081233061000e+00 1.566970212111698686e+02
1.390781496049110055e+00 1.567233666354422610e+02
1.388234253928451345e+00 1.567495787229960627e+02
1.385703249652264768e+00 1.567756581353336571e+02
1.383188378681128539e+00 1.568016055308245882e+02
1.380689537150665114e+00 1.568274215647186338e+02
1.378206621867213766e+00 1.568531068891588234e+02
1.375739530303530911e+00 1.568786621531943695e+02
1.373288160594516416e+00 1.569040880027936566e+02
1.370852411532968107e+00 1.569293850808571449e+02
1.368432182565360922e+00 1.569545540272303015e+02
1.366027373787654042e+00 1.569795954787163907e+02
1.363637885941123562e+00 1.570045100690892923e+02
1.361263620408221575e+00 1.570292984291063192e+02
1.358904479208460581e+00 1.570539611865210077e+02
1.356560364994324530e+00 1.570784989660957649e+02
1.354231181047205412e+00 1.571029123896146018e+02
1.351916831273364483e+00 1.571272020758957524e+02
1.349617220199919476e+00 1.571513686408043498e+02
1.347332252970857347e+00 1.571754126972649601e+02
1.345061835343071222e+00 1.571993348552741736e+02
1.342805873682423101e+00 1.572231357219131098e+02
1.340564274959830326e+00 1.572468159013598665e+02
1.338336946747377798e+00 1.572703759949020252e+02
1.336123797214453512e+00 1.572938166009490146e+02
1.333924735123909189e+00 1.573171383150445308e+02
1.331739669828244876e+00 1.573403417298788725e+02
1.329568511265817321e+00 1.573634274353012188e+02
1.327411169957072312e+00 1.573863960183319364e+02
1.325267557000801455e+00 1.574092480631748003e+02
1.323137584070421147e+00 1.574319841512291589e+02
1.321021163410276200e+00 1.574546048611021831e+02
1.318918207831966116e+00 1.574771107686209177e+02
1.316828630710695114e+00 1.574995024468444171e+02
1.314752345981644588e+00 1.575217804660757679e+02
1.312689268136368881e+00 1.575439453938741678e+02
1.310639312219213037e+00 1.575659977950668065e+02
1.308602393823754761e+00 1.575879382317608872e+02
1.306578429089267024e+00 1.576097672633555646e+02
1.304567334697204428e+00 1.576314854465537110e+02
1.302569027867710671e+00 1.576530933353738249e+02
1.300583426356149541e+00 1.576745914811618263e+02
1.298610448449655896e+00 1.576959804326028234e+02
1.296650012963710186e+00 1.577172607357327649e+02
1.294702039238733837e+00 1.577384329339502358e+02
1.292766447136706409e+00 1.577594975680279674e+02
1.290843157037803834e+00 1.577804551761246046e+02
1.288932089837058426e+00 1.578013062937961308e+02
1.287033166941039752e+00 1.578220514540075214e+02
1.285146310264556835e+00 1.578426911871441689e+02
1.283271442227380765e+00 1.578632260210233369e+02
1.281408485750988646e+00 1.578836564809056426e+02
1.279557364255327512e+00 1.579039830895063972e+02
1.277718001655599789e+00 1.579242063670069456e+02
1.275890322359067852e+00 1.579443268310659789e+02
1.274074251261880342e+00 1.579643449968308175e+02
1.272269713745917352e+00 1.579842613769486093e+02
1.270476635675656052e+00 1.580040764815775844e+02
1.268694943395056729e+00 1.580237908183981119e+02
1.266924563724467934e+00 1.580434048926239257e+02
1.265165423957551827e+00 1.580629192070130955e+02
1.263417451858228624e+00 1.580823342618791685e+02
1.261680575657640579e+00 1.581016505551020543e+02
1.259954724051135511e+00 1.581208685821391100e+02
1.258239826195269639e+00 1.581399888360359682e+02
1.256535811704828642e+00 1.581590118074374800e+02
1.254842610649868906e+00 1.581779379845985147e+02
1.253160153552776546e+00 1.581967678533948174e+02
1.251488371385345744e+00 1.582155018973337235e+02
1.249827195565875515e+00 1.582341405975649309e+02
1.248176557956284904e+00 1.582526844328911864e+02
1.246536390859247057e+00 1.582711338797789153e+02
1.244906627015340383e+00 1.582894894123688800e+02
1.243287199600219495e+00 1.583077515024867239e+02
1.241678042221803002e+00 1.583259206196534876e+02
1.240079088917479311e+00 1.583439972310961821e+02
1.238490274151331283e+00 1.583619818017581906e+02
1.236911532811376890e+00 1.583798747943096998e+02
1.235342800206829406e+00 1.583976766691581020e+02
1.233784012065373359e+00 1.584153878844583403e+02
1.232235104530459147e+00 1.584330088961231695e+02
1.230696014158614515e+00 1.584505401578335011e+02
1.229166677916772477e+00 1.584679821210486068e+02
1.227647033179617653e+00 1.584853352350162652e+02
1.226137017726948608e+00 1.585025999467829934e+02
1.224636569741057501e+00 1.585197767012040799e+02
1.223145627804125946e+00 1.585368659409537315e+02
1.221664130895638190e+00 1.585538681065350772e+02
1.220192018389810507e+00 1.585707836362901730e+02
1.218729230053037238e+00 1.585876129664099778e+02
1.217275706041352601e+00 1.586043565309443011e+02
1.215831386897909594e+00 1.586210147618116082e+02
1.214396213550474224e+00 1.586375880888089682e+02
1.212970127308936386e+00 1.586540769396218025e+02
1.211553069862836507e+00 1.586704817398336615e+02
1.210144983278907738e+00 1.586868029129360025e+02
1.208745809998634568e+00 1.587030408803378236e+02
1.207355492835826105e+00 1.587191960613753849e+02
1.205973974974205554e+00 1.587352688733218145e+02
1.204601199965015690e+00 1.587512597313966296e+02
1.203237111724638098e+00 1.587671690487754006e+02
1.201881654532229504e+00 1.587829972365991580e+02
1.200534773027371660e+00 1.587987447039838855e+02
1.199196412207737428e+00 1.588144118580300415e+02
1.197866517426771304e+00 1.588299991038317955e+02
1.196545034391385265e+00 1.588455068444865503e+02
1.195231909159668593e+00 1.588609354811041214e+02
1.193927088138613257e+00 1.588762854128161734e+02
1.192630518081853497e+00 1.588915570367853149e+02
1.191342146087420062e+00 1.589067507482144208e+02
1.190061919595508444e+00 1.589218669403557556e+02
1.188789786386261982e+00 1.589369060045201252e+02
1.187525694577569402e+00 1.589518683300859720e+02
1.186269592622875679e+00 1.589667543045084130e+02
1.185021429309007557e+00 1.589815643133283061e+02
1.183781153754013049e+00 1.589962987401812597e+02
1.182548715405014050e+00 1.590109579668065010e+02
1.181324064036074484e+00 1.590255423730558846e+02
1.180107149746080220e+00 1.590400523369027042e+02
1.178897922956633648e+00 1.590544882344505595e+02
1.177696334409962020e+00 1.590688504399421959e+02
1.176502335166838442e+00 1.590831393257682294e+02
1.175315876604516641e+00 1.590973552624759009e+02
1.174136910414679491e+00 1.591114986187778015e+02
1.172965388601399761e+00 1.591255697615604561e+02
1.171801263479115063e+00 1.591395690558930767e+02
1.170644487670615019e+00 1.591534968650360042e+02
1.169495014105041308e+00 1.591673535504494055e+02
1.168352796015901918e+00 1.591811394718017141e+02
1.167217786939096502e+00 1.591948549869781004e+02
1.166089940710955064e+00 1.592085004520889981e+02
1.164969211466290178e+00 1.592220762214784315e+02
1.163855553636460538e+00 1.592355826477324854e+02
1.162748921947447167e+00 1.592490200816875472e+02
1.161649271417942719e+00 1.592623888724386916e+02
1.160556557357453000e+00 1.592756893673479226e+02
1.159470735364409366e+00 1.592889219120524160e+02
1.158391761324295555e+00 1.593020868504727332e+02
1.157319591407784509e+00 1.593151845248210066e+02
1.156254182068888747e+00 1.593282152756090113e+02
1.155195490043121387e+00 1.593411794416562941e+02
1.154143472345670496e+00 1.593540773600983016e+02
1.153098086269583433e+00 1.593669093663943102e+02
1.152059289383964513e+00 1.593796757943354976e+02
1.151027039532183771e+00 1.593923769760528728e+02
1.150001294830096610e+00 1.594050132420251771e+02
1.148982013664276325e+00 1.594175849210868705e+02
1.147969154690256399e+00 1.594300923404358912e+02
1.146962676830785677e+00 1.594425358256415564e+02
1.145962539274093750e+00 1.594549157006522933e+02
1.144968701472167893e+00 1.594672322878034265e+02
1.143981123139041545e+00 1.594794859078249090e+02
1.142999764249093220e+00 1.594916768798490523e+02
1.142024585035356310e+00 1.595038055214180872e+02
1.141055545987840869e+00 1.595158721484918942e+02
1.140092607851865170e+00 1.595278770754555069e+02
1.139135731626398362e+00 1.595398206151267573e+02
1.138184878562414015e+00 1.595517030787637509e+02
1.137240010161254089e+00 1.595635247760723416e+02
1.136301088173003571e+00 1.595752860152136350e+02
1.135368074594875987e+00 1.595869871028114346e+02
1.134440931669608688e+00 1.595986283439595752e+02
1.133519621883868567e+00 1.596102100422293120e+02
1.132604107966669105e+00 1.596217324996767104e+02
1.131694352887796517e+00 1.596331960168498370e+02
1.130790319856246118e+00 1.596446008927961202e+02
1.129891972318669779e+00 1.596559474250695416e+02
1.128999273957832727e+00 1.596672359097378262e+02
1.128112188691079876e+00 1.596784666413896616e+02
1.127230680668813489e+00 1.596896399131418320e+02
1.126354714272979285e+00 1.597007560166462667e+02
1.125484254115562965e+00 1.597118152420971740e+02
1.124619265037096527e+00 1.597228178782380610e+02
1.123759712105174113e+00 1.597337642123687829e+02
1.122905560612977860e+00 1.597446545303524772e+02
1.122056776077812179e+00 1.597554891166225559e+02
1.121213324239648923e+00 1.597662682541896118e+02
1.120375171059681429e+00 1.597769922246482679e+02
1.119542282718887227e+00 1.597876613081841128e+02
1.118714625616601399e+00 1.597982757835804932e+02
1.117892166369097939e+00 1.598088359282253066e+02
1.117074871808181102e+00 1.598193420181177657e+02
1.116262708979785856e+00 1.598297943278751347e+02
1.115455645142586549e+00 1.598401931307394648e+02
1.114653647766615796e+00 1.598505386985842733e+02
1.113856684531891350e+00 1.598608313019211380e+02
1.113064723327052974e+00 1.598710712099063471e+02
1.112277732248006412e+00 1.598812586903474937e+02
1.111495679596577801e+00 1.598913940097100408e+02
1.110718533879176517e+00 1.599014774331238016e+02
1.109946263805466016e+00 1.599115092243895333e+02
1.109178838287043112e+00 1.599214896459852753e+02
1.108416226436127694e+00 1.599314189590728859e+02
1.107658397564258212e+00 1.599412974235044373e+02
1.106905321180998047e+00 1.599511252978285825e+02
1.106156966992648982e+00 1.599609028392969208e+02
1.105413304900973115e+00 1.599706303038702799e+02
1.104674305001923651e+00 1.599803079462250821e+02
1.103939937584383024e+00 1.599899360197595399e+02
1.103210173128910121e+00 1.599995147765999377e+02
1.102484982306495054e+00 1.600090444676068557e+02
1.101764335977322373e+00 1.600185253423812810e+02
1.101048205189542273e+00 1.600279576492708316e+02
1.100336561178049344e+00 1.600373416353758671e+02
1.099629375363269546e+00 1.600466775465555429e+02
1.098926619349955169e+00 1.600559656274339488e+02
1.098228264925987796e+00 1.600652061214060780e+02
1.097534284061188359e+00 1.600743992706438803e+02
1.096844648906135644e+00 1.600835453161022599e+02
1.096159331790992120e+00 1.600926444975249865e+02
1.095478305224337090e+00 1.601016970534506640e+02
1.094801541892008068e+00 1.601107032212186425e+02
1.094129014655949472e+00 1.601196632369748727e+02
1.093460696553068878e+00 1.601285773356777327e+02
1.092796560794099703e+00 1.601374457511039111e+02
1.092136580762472997e+00 1.601462687158541485e+02
1.091480730013195455e+00 1.601550464613590350e+02
1.090828982271734748e+00 1.601637792178847519e+02
1.090181311432912192e+00 1.601724672145387842e+02
1.089537691559803401e+00 1.601811106792755766e+02
1.088898096882644717e+00 1.601897098389022176e+02
1.088262501797747861e+00 1.601982649190841528e+02
1.087630880866420791e+00 1.602067761443506413e+02
1.087003208813896560e+00 1.602152437381004688e+02
1.086379460528268170e+00 1.602236679226074614e+02
1.085759611059430974e+00 1.602320489190259991e+02
1.085143635618031732e+00 1.602403869473965585e+02
1.084531509574424568e+00 1.602486822266511695e+02
1.083923208457633125e+00 1.602569349746189005e+02
1.083318707954320947e+00 1.602651454080312305e+02
1.082717983907766968e+00 1.602733137425274776e+02
1.082121012316848541e+00 1.602814401926602557e+02
1.081527769335030920e+00 1.602895249719007040e+02
1.080938231269362948e+00 1.602975682926439163e+02
1.080352374579480079e+00 1.603055703662141696e+02
1.079770175876612948e+00 1.603135314028702680e+02
1.079191611922603045e+00 1.603214516118107440e+02
1.078616659628924612e+00 1.603293312011791443e+02
1.078045296055712754e+00 1.603371703780692030e+02
1.077477498410798429e+00 1.603449693485299861e+02
1.076913244048748330e+00 1.603527283175711489e+02
1.076352510469913204e+00 1.603604474891679388e+02
1.075795275319480382e+00 1.603681270662664247e+02
1.075241516386533203e+00 1.603757672507885275e+02
1.074691211603116869e+00 1.603833682436370509e+02
1.074144339043309859e+00 1.603909302447007690e+02
1.073600876922302216e+00 1.603984534528594281e+02
1.073060803595478285e+00 1.604059380659887211e+02
1.072524097557507217e+00 1.604133842809652890e+02
1.071990737441438135e+00 1.604207922936715818e+02
1.071460702017801747e+00 1.604281622990008600e+02
1.070933970193717499e+00 1.604354944908620837e+02
1.070410521012007177e+00 1.604427890621847155e+02
1.069890333650313385e+00 1.604500462049236660e+02
1.069373387420224253e+00 1.604572661100640687e+02
1.068859661766403901e+00 1.604644489676260548e+02
1.068349136265728472e+00 1.604715949666696133e+02
1.067841790626427922e+00 1.604787042952992522e+02
1.067337604687232711e+00 1.604857771406688300e+02
1.066836558416527136e+00 1.604928136889862174e+02
1.066338631911507573e+00 1.604998141255179860e+02
1.065843805397346022e+00 1.605067786345940988e+02
1.065352059226359671e+00 1.605137073996125423e+02
1.064863373877184882e+00 1.605206006030439596e+02
1.064377729953958074e+00 1.605274584264362261e+02
1.063895108185500593e+00 1.605342810504190822e+02
1.063415489424509364e+00 1.605410686547086243e+02
1.062938854646753306e+00 1.605478214181119370e+02
1.062465184950273533e+00 1.605545395185314987e+02
1.061994461554590874e+00 1.605612231329697579e+02
1.061526665799916946e+00 1.605678724375335378e+02
1.061061779146370343e+00 1.605744876074385843e+02
1.060599783173199251e+00 1.605810688170138860e+02
1.060140659578008071e+00 1.605876162397061364e+02
1.059684390175988922e+00 1.605941300480841676e+02
1.059230956899159137e+00 1.606006104138432136e+02
1.058780341795602764e+00 1.606070575078093157e+02
1.058332527028717385e+00 1.606134714999436710e+02
1.057887494876466050e+00 1.606198525593468958e+02
1.057445227730633874e+00 1.606262008542633168e+02
1.057005708096089291e+00 1.606325165520852352e+02
1.056568918590050199e+00 1.606387998193571605e+02
1.056134841941355651e+00 1.606450508217800746e+02
1.055703460989741105e+00 1.606512697242155809e+02
1.055274758685118996e+00 1.606574566906900827e+02
1.054848718086863979e+00 1.606636118843990459e+02
1.054425322363102824e+00 1.606697354677109786e+02
1.054004554790008985e+00 1.606758276021716938e+02
1.053586398751101827e+00 1.606818884485083458e+02
1.053170837736549625e+00 1.606879181666335228e+02
1.052757855342478788e+00 1.606939169156493108e+02
1.052347435270285514e+00 1.606998848538513300e+02
1.051939561325953676e+00 1.607058221387327421e+02
1.051534217419376249e+00 1.607117289269883145e+02
1.051131387563681407e+00 1.607176053745183424e+02
1.050731055874563058e+00 1.607234516364326566e+02
1.050333206569615374e+00 1.607292678670545172e+02
1.049937823967671990e+00 1.607350542199246206e+02
1.049544892488150083e+00 1.607408108478049371e+02
1.049154396650397336e+00 1.607465379026826042e+02
1.048766321073044239e+00 1.607522355357738775e+02
1.048380650473360376e+00 1.607579038975278536e+02
1.047997369666614720e+00 1.607635431376304211e+02
1.047616463565440581e+00 1.607691534050080122e+02
1.047237917179203670e+00 1.607747348478314109e+02
1.046861715613375488e+00 1.607802876135195334e+02
1.046487844068910267e+00 1.607858118487432080e+02
1.046116287841625692e+00 1.607913076994288701e+02
1.045747032321587833e+00 1.607967753107623423e+02
1.045380062992500525e+00 1.608022148271924721e+02
1.045015365431098298e+00 1.608076263924348837e+02
1.044652925306543523e+00 1.608130101494755877e+02
1.044292728379826896e+00 1.608183662405747043e+02
1.043934760503172798e+00 1.608236948072700443e+02
1.043579007619447330e+00 1.608289959903807471e+02
1.043225455761571441e+00 1.608342699300108336e+02
1.042874091051937180e+00 1.608395167655528724e+02
1.042524899701827934e+00 1.608447366356914472e+02
1.042177868010842001e+00 1.608499296784067667e+02
1.041832982366320826e+00 1.608550960309782170e+02
1.041490229242780563e+00 1.608602358299877721e+02
1.041149595201346312e+00 1.608653492113235757e+02
1.040811066889192338e+00 1.608704363101834360e+02
1.040474631038983411e+00 1.608754972610781522e+02
1.040140274468321469e+00 1.608805321978351515e+02
1.039807984079195391e+00 1.608855412536017297e+02
1.039477746857434548e+00 1.608905245608486041e+02
1.039149549872165013e+00 1.608954822513732097e+02
1.038823380275270658e+00 1.609004144563031389e+02
1.038499225300856699e+00 1.609053213060994665e+02
1.038177072264717893e+00 1.609102029305601320e+02
1.037856908563808522e+00 1.609150594588232082e+02
1.037538721675717257e+00 1.609198910193702829e+02
1.037222499158145128e+00 1.609246977400296714e+02
1.036908228648386610e+00 1.609294797479797694e+02
1.036595897862814031e+00 1.609342371697523220e+02
1.036285494596365986e+00 1.609389701312355783e+02
1.035977006722037741e+00 1.609436787576776169e+02
1.035670422190377193e+00 1.609483631736895006e+02
1.035365729028981496e+00 1.609530235032485450e+02
1.035062915341999235e+00 1.609576598697014447e+02
1.034761969309634377e+00 1.609622723957674282e+02
1.034462879187653783e+00 1.609668612035414981e+02
1.034165633306898702e+00 1.609714264144974436e+02
1.033870220072798052e+00 1.609759681494910808e+02
1.033576627964886585e+00 1.609804865287632936e+02
1.033284845536324603e+00 1.609849816719431317e+02
1.032994861413421450e+00 1.609894536980509088e+02
1.032706664295162557e+00 1.609939027255012434e+02
1.032420242952739153e+00 1.609983288721061285e+02
1.032135586229080415e+00 1.610027322550779445e+02
1.031852683038390062e+00 1.610071129910324430e+02
1.031571522365684945e+00 1.610114711959918168e+02
1.031292093266336529e+00 1.610158069853876555e+02
1.031014384865616140e+00 1.610201204740639298e+02
1.030738386358242886e+00 1.610244117762798908e+02
1.030464087007934015e+00 1.610286810057130822e+02
1.030191476146959051e+00 1.610329282754622398e+02
1.029920543175695702e+00 1.610371536980502185e+02
1.029651277562190437e+00 1.610413573854268918e+02
1.029383668841719723e+00 1.610455394489719936e+02
1.029117706616355932e+00 1.610496999994980740e+02
1.028853380554535235e+00 1.610538391472532851e+02
1.028590680390628398e+00 1.610579570019242226e+02
1.028329595924514672e+00 1.610620536726388252e+02
1.028070117021157692e+00 1.610661292679691030e+02
1.027812233610185588e+00 1.610701838959340080e+02
1.027555935685471766e+00 1.610742176640021626e+02
1.027301213304720795e+00 1.610782306790947018e+02
1.027048056589054736e+00 1.610822230475879735e+02
1.026796455722604140e+00 1.610861948753162949e+02
1.026546400952099924e+00 1.610901462675747098e+02
1.026297882586469701e+00 1.610940773291217170e+02
1.026050890996434983e+00 1.610979881641819134e+02
1.025805416614112175e+00 1.611018788764487226e+02
1.025561449932615776e+00 1.611057495690871235e+02
1.025318981505664695e+00 1.611096003447362364e+02
1.025078001947189676e+00 1.611134313055120231e+02
1.024838501930945389e+00 1.611172425530099304e+02
1.024600472190122957e+00 1.611210341883074477e+02
1.024363903516966712e+00 1.611248063119668359e+02
1.024128786762392496e+00 1.611285590240376280e+02
1.023895112835608190e+00 1.611322924240592442e+02
1.023662872703738014e+00 1.611360066110636069e+02
1.023432057391447936e+00 1.611397016835776697e+02
1.023202657980574193e+00 1.611433777396259472e+02
1.022974665609754030e+00 1.611470348767331018e+02
1.022748071474058884e+00 1.611506731919264155e+02
1.022522866824630228e+00 1.611542927817383486e+02
1.022299042968317195e+00 1.611578937422090121e+02
1.022076591267317092e+00 1.611614761688886404e+02
1.021855503138818122e+00 1.611650401568401207e+02
1.021635770054644343e+00 1.611685858006413810e+02
1.021417383540902835e+00 1.611721131943879186e+02
1.021200335177633312e+00 1.611756224316951602e+02
1.020984616598460182e+00 1.611791136057009624e+02
1.020770219490246822e+00 1.611825868090679990e+02
1.020557135592751630e+00 1.611860421339860920e+02
1.020345356698286965e+00 1.611894796721747127e+02
1.020134874651379864e+00 1.611928995148853119e+02
1.019925681348435420e+00 1.611963017529036790e+02
1.019717768737401498e+00 1.611996864765523014e+02
1.019511128817436774e+00 1.612030537756926947e+02
1.019305753638579892e+00 1.612064037397277332e+02
1.019101635301421949e+00 1.612097364576040377e+02
1.018898765956779418e+00 1.612130520178141921e+02
1.018697137805371078e+00 1.612163505083991026e+02
1.018496743097495605e+00 1.612196320169502428e+02
1.018297574132712269e+00 1.612228966306119275e+02
1.018099623259522746e+00 1.612261444360835867e+02
1.017902882875056036e+00 1.612293755196220673e+02
1.017707345424754717e+00 1.612325899670437934e+02
1.017513003402063188e+00 1.612357878637270403e+02
1.017319849348118366e+00 1.612389692946141224e+02
1.017127875851442820e+00 1.612421343442136390e+02
1.016937075547638347e+00 1.612452830966026340e+02
1.016747441119082884e+00 1.612484156354287848e+02
1.016558965294629413e+00 1.612515320439126185e+02
1.016371640849305980e+00 1.612546324048496444e+02
1.016185460604018154e+00 1.612577168006124566e+02
1.016000417425253710e+00 1.612607853131529794e+02
1.015816504224788419e+00 1.612638380240045137e+02
1.015633713959394724e+00 1.612668750142838974e+02
1.015452039630551528e+00 1.612698963646935795e+02
1.015271474284156206e+00 1.612729021555237807e+02
1.015092011010238826e+00 1.612758924666545397e+02
1.014913642942677496e+00 1.612788673775577877e+02
1.014736363258915919e+00 1.612818269672994234e+02
1.014560165179682949e+00 1.612847713145413593e+02
1.014385041968714152e+00 1.612877004975436250e+02
1.014210986932474023e+00 1.612906145941663283e+02
1.014037993419881545e+00 1.612935136818717297e+02
1.013866054822036844e+00 1.612963978377262322e+02
1.013695164571949414e+00 1.612992671384024277e+02
1.013525316144267885e+00 1.613021216601810579e+02
1.013356503055012903e+00 1.613049614789530040e+02
1.013188718861309789e+00 1.613077866702212475e+02
1.013021957161125197e+00 1.613105973091029171e+02
1.012856211593002875e+00 1.613133934703311354e+02
1.012691475835803656e+00 1.613161752282570376e+02
1.012527743608445441e+00 1.613189426568517035e+02
1.012365008669645849e+00 1.613216958297080623e+02
1.012203264817665316e+00 1.613244348200428249e+02
1.012042505890053734e+00 1.613271597006983882e+02
1.011882725763397106e+00 1.613298705441447396e+02
1.011723918353066631e+00 1.613325674224813042e+02
1.011566077612968906e+00 1.613352504074389344e+02
1.011409197535298343e+00 1.613379195703816436e+02
1.011253272150291149e+00 1.613405749823085671e+02
1.011098295525980184e+00 1.613432167138557816e+02
1.010944261767952268e+00 1.613458448352981236e+02
1.010791165019106819e+00 1.613484594165510941e+02
1.010638999459415155e+00 1.613510605271725638e+02
1.010487759305683353e+00 1.613536482363647053e+02
1.010337438811314659e+00 1.613562226129757562e+02
1.010188032266074343e+00 1.613587837255017803e+02
1.010039533995856109e+00 1.613613316420885440e+02
1.009891938362450059e+00 1.613638664305331929e+02
1.009745239763311764e+00 1.613663881582860711e+02
1.009599432631332894e+00 1.613688968924524829e+02
1.009454511434613844e+00 1.613713926997944839e+02
1.009310470676237470e+00 1.613738756467325288e+02
1.009167304894044381e+00 1.613763457993472912e+02
1.009025008660409561e+00 1.613788032233813681e+02
