1.000000000000000000e+01 7.000000000000000000e+01
9.919103392052029733e+00 6.941736712764722483e+01
9.839112681350204781e+00 6.884098972794544125e+01
9.760024769872343242e+00 6.827081803992217601e+01
9.681836781320429353e+00 6.770680268238264432e+01
9.604546064151374907e+00 6.714889464010683184e+01
9.528150194618168811e+00 6.659704524970426576e+01
9.452646979815288120e+00 6.605120618511786290e+01
9.378034460722012966e+00 6.551132944276861281e+01
9.304310915236952084e+00 6.497736732633362067e+01
9.231474861196883097e+00 6.444927243115071747e+01
9.159525059372731093e+00 6.392699762824354082e+01
9.088460516435297620e+00 6.341049604796207717e+01
9.018280487883160390e+00 6.289972106323453716e+01
8.948984480925009422e+00 6.239462627242759396e+01
8.880572257308513073e+00 6.189516548181335054e+01
8.813043836087762983e+00 6.140129268764265191e+01
8.746399496321256350e+00 6.091296205782600026e+01
8.680639779692377545e+00 6.043012791322482968e+01
8.615765493044394319e+00 5.995274470855780891e+01
8.551777710822069167e+00 5.948076701292868762e+01
8.488677777412165781e+00 5.901414948998424848e+01
8.426467309375325954e+00 5.855284687771320762e+01
8.365148197562129795e+00 5.809681396789918750e+01
8.304722609106500286e+00 5.764600558524342944e+01
8.245192989290048402e+00 5.720037656617549260e+01
8.186562063271539458e+00 5.675988173737309950e+01
8.128832837676235101e+00 5.632447589401498078e+01
8.072008602040597225e+00 5.589411377779389056e+01
8.016092930108671410e+00 5.546875005471989795e+01
7.961089680977331717e+00 5.504833929274742133e+01
7.907003000088616673e+00 5.463283593926297499e+01
7.853837320068468131e+00 5.422219429847380923e+01
7.801597361412400566e+00 5.381636850874145495e+01
7.750288133019953563e+00 5.341531251990752338e+01
7.699914932581174654e+00 5.301898007066300522e+01
7.650483346819907382e+00 5.262732466601568149e+01
7.601999251600266128e+00 5.224029955491420907e+01
7.554468811904376579e+00 5.185785770809082607e+01
7.507898481691262838e+00 5.147995179618827422e+01
7.462295003648624636e+00 5.110653416824003159e+01
7.417665408851198627e+00 5.073755683057628119e+01
7.374017016341415598e+00 5.037297142623117452e+01
7.331357432650124295e+00 5.001272921493015389e+01
7.289694551277277057e+00 4.965678105373871887e+01
7.249036552154603186e+00 4.930507737845675820e+01
7.209391901114481804e+00 4.895756818584470693e+01
7.170769349391374448e+00 4.861420301676989197e+01
7.133177933184346564e+00 4.827493094036299937e+01
7.096626973311342290e+00 4.793970053927582597e+01
7.061126074987949863e+00 4.760845989613235929e+01
7.026685127765431638e+00 4.728115658126557719e+01
6.993314305664727115e+00 4.695773764183238086e+01
6.961024067544985705e+00 4.663814959239842040e+01
6.929825157746903663e+00 4.632233840708349959e+01
6.899728607052727725e+00 4.601024951335679702e+01
6.870745734006222349e+00 4.570182778756883835e+01
6.842888146637140956e+00 4.539701755230449720e+01
6.816167744635809989e+00 4.509576257563821144e+01
6.790596722024275778e+00 4.479800607236860088e+01
6.766187570371099191e+00 4.450369070730543797e+01
6.742953082597253456e+00 4.421275860067711250e+01
6.720906357420706634e+00 4.392515133572114649e+01
6.700060804487129928e+00 4.364080996851462402e+01
6.680430150233747533e+00 4.335967504009484230e+01
6.662028444532632321e+00 4.308168659091383290e+01
6.644870068158732046e+00 4.280678417766305444e+01
6.628969741126612192e+00 4.253490689249698420e+01
6.614342531938262049e+00 4.226599338467647016e+01
6.601003867782385015e+00 4.199998188464441995e+01
6.588969545723336374e+00 4.173681023053799066e+01
6.578255744915321834e+00 4.147641589713282428e+01
6.568879039874567560e+00 4.121873602720604168e+01
6.560856414839008721e+00 4.096370746529601803e+01
6.554205279241520188e+00 4.071126679382783919e+01
6.548943484318912489e+00 4.046135037156471270e+01
6.545089340874807426e+00 4.021389437433667524e+01
6.542661638210077513e+00 3.996883483798928438e+01
6.541679664229829605e+00 3.972610770348644849e+01
6.542163226730895786e+00 3.948564886409323549e+01
6.544132675868485016e+00 3.924739421455633703e+01
6.547608927795042000e+00 3.901127970219206986e+01
6.552613489458450680e+00 3.877724137978419350e+01
6.559168484540523814e+00 3.854521546018654021e+01
6.567296680510186668e+00 3.831513837251855392e+01
6.577021516758954078e+00 3.808694681983516261e+01
6.588367133779127194e+00 3.786057783814615618e+01
6.601358403337663994e+00 3.763596885665427294e+01
6.616020959590821704e+00 3.741305775907557063e+01
6.632381231076483807e+00 3.719178294590033573e+01
6.650466473512486765e+00 3.697208339744779693e+01
6.670304803320273201e+00 3.675389873756325443e+01
6.691925231783805827e+00 3.653716929780162559e+01
6.715357699743804254e+00 3.632183618193749197e+01
6.740633112717076436e+00 3.610784133063753387e+01
6.767783376319901123e+00 3.589512758612769971e+01
6.796841431863141381e+00 3.568363875668388374e+01
6.827841291974937832e+00 3.547331968077157427e+01
6.860818076094497897e+00 3.526411629065675157e+01
6.895808045667606301e+00 3.505597567530747227e+01
6.932848638861065282e+00 3.484884614240271361e+01
6.971978504599307236e+00 3.464267727926247886e+01
7.013237535711941639e+00 3.443742001251083451e+01
7.056666900966019895e+00 3.423302666628137558e+01
7.102309075741349176e+00 3.402945101877270417e+01
7.150207871091340373e+00 3.382664835695999983e+01
7.200408460915654452e+00 3.362457552926746018e+01
7.252957406954462449e+00 3.342319099600560151e+01
7.307902681297480108e+00 3.322245487737716729e+01
7.365293686084271485e+00 3.302232899885548534e+01
7.425181270055754901e+00 3.282277693374015115e+01
7.487617741600538501e+00 3.262376404269650720e+01
7.552656877923892509e+00 3.242525751008781754e+01
7.620353929952039529e+00 3.222722637691260417e+01
7.690765622570253868e+00 3.202964157016396030e+01
7.763950149780291632e+00 3.183247592843344620e+01
7.839967164351240747e+00 3.163570422358899137e+01
7.918877761528300141e+00 3.143930317836462507e+01
8.000744456356644108e+00 3.124325147970951022e+01
8.085631154172777002e+00 3.104752978775516326e+01
8.173603113814051468e+00 3.085212074027257501e+01
8.264726903098726041e+00 3.065700895250555646e+01
8.359070346134489071e+00 3.046218101228290465e+01
8.456702462023315547e+00 3.026762547032994988e+01
8.557693394545129451e+00 3.007333282571968169e+01
8.662114332422625296e+00 2.987929550642496679e+01
8.770037419795096767e+00 2.968550784495618799e+01
8.881535656560595626e+00 2.949196604909293740e+01
8.996682788283630217e+00 2.929866816774399396e+01
9.115553185410210091e+00 2.910561405199648988e+01
9.238221711583486595e+00 2.891280531144285249e+01
9.364763580911908747e+00 2.872024526590233506e+01
9.495254204107567375e+00 2.852793889268268046e+01
9.629769023485396318e+00 2.833589276955619241e+01
9.768383336893897706e+00 2.814411501365304957e+01
9.911172110734865370e+00 2.795261521650262893e+01
1.005820978232275742e+01 2.776140437548062678e+01
1.020957005193337430e+01 2.757049482194553391e+01
1.036532566499571217e+01 2.737990014637198755e+01
1.052554818498929023e+01 2.718963512081067435e+01
1.069030775772104924e+01 2.699971561902410855e+01
1.085967286776979179e+01 2.681015853466463739e+01
1.103371008800083786e+01 2.662098169787517321e+01
1.121248382316766801e+01 2.643220379070397641e+01
1.139605604872919642e+01 2.624384426173235951e+01
1.158448604611933597e+01 2.605592324031814755e+01
1.177783013580794602e+01 2.586846145085798199e+01
1.197614140958726914e+01 2.568148012746823383e+01
1.217946946360379101e+01 2.549500092947721086e+01
1.238786013373030315e+01 2.530904585811070007e+01
1.260135523493510235e+01 2.512363717473881763e+01
1.281999230635308962e+01 2.493879732103471980e+01
1.304380436379554631e+01 2.475454884137539935e+01
1.327281966145031156e+01 2.457091430779165009e+01
1.350706146452082557e+01 2.438791624774875544e+01
1.374654783453025253e+01 2.420557707501193079e+01
1.399129142897508515e+01 2.402391902382135314e+01
1.424129931695107487e+01 2.384296408657115407e+01
1.449657281229307060e+01 2.366273395515553446e+01
1.475710732566987815e+01 2.348324996611350102e+01
1.502289223695632714e+01 2.330453304967203465e+01
1.529391078906852108e+01 2.312660368275630063e+01
1.557014000429617617e+01 2.294948184600497498e+01
1.585155062399977055e+01 2.277318698479938774e+01
1.613810707236209652e+01 2.259773797428718467e+01
1.642976744469581973e+01 2.242315308835496523e+01
1.672648352061343502e+01 2.224944997247984091e+01
1.702820080216622145e+01 2.207664562036762845e+01
1.733485857685688103e+01 2.190475635426525614e+01
1.764639000522969070e+01 2.173379780881717949e+01
1.796272223254452172e+01 2.156378491832015243e+01
1.828377652384990881e+01 2.139473190721774287e+01
1.860946842158788783e+01 2.122665228366522783e+01
1.893970792469194819e+01 2.105955883598721456e+01
1.927439968798138992e+01 2.089346363184408517e+01
1.961344324051219346e+01 2.072837801991943607e+01
1.995673322141825068e+01 2.056431263393849918e+01
2.030415963166824156e+01 2.040127739882739988e+01
2.065560810007382386e+01 2.023928153882442160e+01
2.101096016181460513e+01 2.007833358735746643e+01
2.137009354769478620e+01 1.991844139850607931e+01
2.173288248231549957e+01 1.975961215987184616e+01
2.209919798933509227e+01 1.960185240668731410e+01
2.246890820199653405e+01 1.944516803700080487e+01
2.284187867712554620e+01 1.928956432778232255e+01
2.321797271084408720e+01 1.913504595180406653e+01
2.359705165429989293e+01 1.898161699515783951e+01
2.397897522778254853e+01 1.882928097528048639e+01
2.436360183167836979e+01 1.867804085936762704e+01
2.475078885280848695e+01 1.852789908306493771e+01
2.514039296479525376e+01 1.837885756933528825e+01
2.553227042120980883e+01 1.823091774740877824e+01
2.592627734036627274e+01 1.808408057173134154e+01
2.632226998074447977e+01 1.793834654083590152e+01
2.672010500614123174e+01 1.779371571606794689e+01
2.711963973976875053e+01 1.765018774010508551e+01
2.752073240663666809e+01 1.750776185521724315e+01
2.792324236366939516e+01 1.736643692122098059e+01
2.832703031712291519e+01 1.722621143308776936e+01
2.873195852697299557e+01 1.708708353817195658e+01
2.913789099804969140e+01 1.694905105302960280e+01
2.954469365779014467e+01 1.681211147980451415e+01
2.995223452057251379e+01 1.667626202216230880e+01
3.036038383867796142e+01 1.654149960075768178e+01
3.076901424000487495e+01 1.640782086822382269e+01
3.117800085272945410e+01 1.627522222367639770e+01
3.158722141716965481e+01 1.614369982672762305e+01
3.199655638516517797e+01 1.601324961100874944e+01
3.240588900733481381e+01 1.588386729720170187e+01
3.281510540861430769e+01 1.575554840558279324e+01
3.322409465251309513e+01 1.562828826808332927e+01
3.363274879455727984e+01 1.550208203987355127e+01
3.404096292540924651e+01 1.537692471047778042e+01
3.444863520417175096e+01 1.525281111442980198e+01
3.485566688239671862e+01 1.512973594147854328e+01
3.526196231932656389e+01 1.500769374635492959e+01
3.566742898889913249e+01 1.488667895811144604e+01
3.607197747904668006e+01 1.476668588904647272e+01
3.647552148381524262e+01 1.464770874322585215e+01
3.687797778882352873e+01 1.452974162461442198e+01
3.727926625057049392e+01 1.441277854483044152e+01
3.767930977008848004e+01 1.429681343053590759e+01
3.807803426142468339e+01 1.418184013047579661e+01
3.847536861541757958e+01 1.406785242217919496e+01
3.887124465921789351e+01 1.395484401833516586e+01
3.926559711198519409e+01 1.384280857285606459e+01
3.965836353717209306e+01 1.373173968664076838e+01
4.004948429178834601e+01 1.362163091305008145e+01
4.043890247301694529e+01 1.351247576310627885e+01
4.082656386253410119e+01 1.340426771042847598e+01
4.121241686886469324e+01 1.329700019591519045e+01
4.159641246808458703e+01 1.319066663218511870e+01
4.197850414316138767e+01 1.308526040778684951e+01
4.235864782220561864e+01 1.298077489118783312e+01
4.273680181588537152e+01 1.287720343455262473e+01
4.311292675423887033e+01 1.277453937732003553e+01
4.348698552310156629e+01 1.267277604958847981e+01
4.385894320034719840e+01 1.257190677531845679e+01
4.422876699212562102e+01 1.247192487536074701e+01
4.459642616926453229e+01 1.237282367031857611e+01
4.496189200398707442e+01 1.227459648325164743e+01
4.532513770708306566e+01 1.217723664222962121e+01
4.568613836565806707e+01 1.208073748274228976e+01
4.604487088157173247e+01 1.198509234997340478e+01
4.640131391066480404e+01 1.189029460094476498e+01
4.675544780286292479e+01 1.179633760653694097e+01
4.710725454323485906e+01 1.170321475339265938e+01
4.745671769407276486e+01 1.161091944570864598e+01
4.780382233805310221e+01 1.151944510692143453e+01
4.814855502252815711e+01 1.142878518129240639e+01
4.849090370499029490e+01 1.133893313539705616e+01
4.883085769974373846e+01 1.124988245952327581e+01
4.916840762581198732e+01 1.116162666898320310e+01
4.950354535610279072e+01 1.107415930534295256e+01
4.983626396784690371e+01 1.098747393757436264e+01
5.016655769432177436e+01 1.090156416313269006e+01
5.049442187786650749e+01 1.081642360896396582e+01
5.081985292419028610e+01 1.073204593244557614e+01
5.114284825797242462e+01 1.064842482226344700e+01
5.146340627974895909e+01 1.056555399922904215e+01
5.178152632407731204e+01 1.048342721703922642e+01
5.209720861896805388e+01 1.040203826298189682e+01
5.241045424656999074e+01 1.032138095859014904e+01
5.272126510509297503e+01 1.024144916024759588e+01
5.302964387195054030e+01 1.016223675974733176e+01
5.333559396810314013e+01 1.008373768480691268e+01
5.363911952358101587e+01 1.000594589954160973e+01
5.394022534416468062e+01 9.928855404898056847e+00
5.423891687919986992e+01 9.852460239050353508e+00
5.453520019052296419e+01 9.776754477760530193e+00
5.482908192247213464e+01 9.701732234705216840e+00
5.512056927295897424e+01 9.627387661770274718e+00
5.540966996557484947e+01 9.553714949315022409e+00
5.569639222270600953e+01 9.480708326407652820e+00
5.598074473963113462e+01 9.408362061033320956e+00
5.626273665957511838e+01 9.336670460276337735e+00
5.654237754969260976e+01 9.265627870477802119e+00
5.681967737795513074e+01 9.195228677369980730e+00
5.709464649091561483e+01 9.125467306188626893e+00
5.736729559232438191e+01 9.056338221764418606e+00
5.763763572257092704e+01 8.987835928594604340e+00
5.790567823892610733e+01 8.919954970895913604e+00
5.817143479655975824e+01 8.852689932639716375e+00
5.843491733030899837e+01 8.786035437570388851e+00
5.869613803717312805e+01 8.719986149207771930e+00
5.895510935951126186e+01 8.654536770834592829e+00
5.921184396891941049e+01 8.589682045469638538e+00
5.946635475076423205e+01 8.525416755827484039e+00
5.971865478935111327e+01 8.461735724265484038e+00
5.996875735370478111e+01 8.398633812718733438e+00
6.021667588394121395e+01 8.336105922623675113e+00
6.046242397821010428e+01 8.274146994830962498e+00
6.070601538018768650e+01 8.212752009508196949e+00
6.094746396710023362e+01 8.151915986033099415e+00
6.118678373825921568e+01 8.091633982877665332e+00
6.142398880408941864e+01 8.031901097483819640e+00
6.165909337563211778e+01 7.972712466131062214e+00
6.189211175450569158e+01 7.914063263796567327e+00
6.212305832330676481e+01 7.855948704008190120e+00
6.235194753643543919e+01 7.798364038690797528e+00
6.257879391132859581e+01 7.741304558006326886e+00
6.280361202008594290e+01 7.684765590187960349e+00
6.302641648147376685e+01 7.628742501368770412e+00
6.324722195329201213e+01 7.573230695405194446e+00
6.346604312509066403e+01 7.518225613695661558e+00
6.368289471122197654e+01 7.463722734994685304e+00
6.389779144421543577e+01 7.409717575222728669e+00
6.411074806846295360e+01 7.356205687272114879e+00
6.432177933420200588e+01 7.303182660809267368e+00
6.453089999178503433e+01 7.250644122073526709e+00
6.473812478622384958e+01 7.198585733672794085e+00
6.494346845199794416e+01 7.147003194376236657e+00
6.514694570811630570e+01 7.095892238904271565e+00
6.534857125342256268e+01 7.045248637716047035e+00
6.554835976213361448e+01 6.995068196794616888e+00
6.574632587960235242e+01 6.945346757430001183e+00
6.594248421829540519e+01 6.896080196000316853e+00
6.613684935397705544e+01 6.847264423751151519e+00
6.632943582209109934e+01 6.798895386573343913e+00
6.652025811433230729e+01 6.750969064779329898e+00
6.670933067539985473e+01 6.703481472878203284e+00
6.689666789992516271e+01 6.656428659349633570e+00
6.708228412956684394e+01 6.609806706416777367e+00
6.726619365026594721e+01 6.563611729818307872e+00
6.744841068965466491e+01 6.517839878579690271e+00
6.762894941461222231e+01 6.472487334783818547e+00
6.780782392896162492e+01 6.427550313341121146e+00
6.798504827130145145e+01 6.383025061759243890e+00
6.816063641296690889e+01 6.338907859912408682e+00
6.833460225611463557e+01 6.295195019810547521e+00
6.850695963192606541e+01 6.251882885368293508e+00
6.867772229892426594e+01 6.208967832173927448e+00
6.884690394139926184e+01 6.166446267258347547e+00
6.901451816793736782e+01 6.124314628864151011e+00
6.918057851004989800e+01 6.082569386214895957e+00
6.934509842089696008e+01 6.041207039284616442e+00
6.950809127410222743e+01 6.000224118567652809e+00
6.966957036265473846e+01 5.959617184848865712e+00
6.982954889789382946e+01 5.919382828974288024e+00
6.998804000857353458e+01 5.879517671622277675e+00
7.014505674000309909e+01 5.840018363075219376e+00
7.030061205325996809e+01 5.800881582991826768e+00
7.045471882447226619e+01 5.762104040180100029e+00
7.060738984416744302e+01 5.723682472370974494e+00
7.075863781668429908e+01 5.685613645992710907e+00
7.090847535964537940e+01 5.647894355946064593e+00
7.105691500348706313e+01 5.610521425380274430e+00
7.120396919104469191e+01 5.573491705469904467e+00
7.134965027719019304e+01 5.536802075192577277e+00
7.149397052851986700e+01 5.500449441107628346e+00
7.163694212308986664e+01 5.464430737135711702e+00
7.177857715019727891e+01 5.428742924339387876e+00
7.191888761020457821e+01 5.393382990704721713e+00
7.205788541440546169e+01 5.358347950923908698e+00
7.219558238493003444e+01 5.323634846178967095e+00
7.233199025468756815e+01 5.289240743926502120e+00
7.246712066734490065e+01 5.255162737683576779e+00
7.260098517733887036e+01 5.221397946814699154e+00
7.273359524992099523e+01 5.187943516319954540e+00
7.286496226123294662e+01 5.154796616624286898e+00
7.299509749841115536e+01 5.121954443367958909e+00
7.312401215971921431e+01 5.089414217198195090e+00
7.325171735470659939e+01 5.057173183562025720e+00
7.337822410439238752e+01 5.025228612500347580e+00
7.350354334147269242e+01 4.993577798443205040e+00
7.362768591055061052e+01 4.962218060006311049e+00
7.375066256838741197e+01 4.931146739788813349e+00
7.387248398417401063e+01 4.900361204172311247e+00
7.399316073982140551e+01 4.869858843121143366e+00
7.411270333026932633e+01 4.839637069983936613e+00
7.423112216381180417e+01 4.809693321296440338e+00
7.434842756243897099e+01 4.780025056585637699e+00
7.446462976219403629e+01 4.750629758175147543e+00
7.457973891354460250e+01 4.721504930991920368e+00
7.469376508176746654e+01 4.692648102374229246e+00
7.480671824734619690e+01 4.664056821880961046e+00
7.491860830638057678e+01 4.635728661102212378e+00
7.502944507100735905e+01 4.607661213471188510e+00
7.513923826983143783e+01 4.579852094077412339e+00
7.524799754836693921e+01 4.552298939481238094e+00
7.535573246948756321e+01 4.524999407529676887e+00
7.546245251388538122e+01 4.497951177173531434e+00
7.556816708053783316e+01 4.471151948285839950e+00
7.567288548718201469e+01 4.444599441481626556e+00
7.577661697079598468e+01 4.418291397938966192e+00
7.587937068808649599e+01 4.392225579221347154e+00
7.598115571598253837e+01 4.366399767101349028e+00
7.608198105213446638e+01 4.340811763385613808e+00
7.618185561541804418e+01 4.315459389741126195e+00
7.628078824644312306e+01 4.290340487522787960e+00
7.637878770806646855e+01 4.265452917602289951e+00
7.647586268590835346e+01 4.240794560198274610e+00
7.657202178887261823e+01 4.216363314707789023e+00
7.666727354966977259e+01 4.192157099539023157e+00
7.676162642534276870e+01 4.168173851945328856e+00
7.685508879779524705e+01 4.144411527860518696e+00
7.694766897432181452e+01 4.120868101735434053e+00
7.703937518814015561e+01 4.097541566375785926e+00
7.713021559892459322e+01 4.074429932781256980e+00
7.722019829334102781e+01 4.051531229985863014e+00
7.730933128558270084e+01 4.028843504899569439e+00
7.739762251790686776e+01 4.006364822151156524e+00
7.748507986117185453e+01 3.984093263932325435e+00
7.757171111537451225e+01 3.962026929843045053e+00
7.765752401018771423e+01 3.940163936738130257e+00
7.774252620549773951e+01 3.918502418575045443e+00
7.782672529194137212e+01 3.897040526262929738e+00
7.791012879144248870e+01 3.875776427512835465e+00
7.799274415774807778e+01 3.854708306689175856e+00
7.807457877696330684e+01 3.833834364662375371e+00
7.815563996808572256e+01 3.813152818662713273e+00
7.823593498353832842e+01 3.792661902135359142e+00
7.831547100970132647e+01 3.772359864596589674e+00
7.839425516744253741e+01 3.752244971491181857e+00
7.847229451264632871e+01 3.732315504050975896e+00
7.854959603674078039e+01 3.712569759154601190e+00
7.862616666722327352e+01 3.693006049188357842e+00
7.870201326818407495e+01 3.673622701908247024e+00
7.877714264082806039e+01 3.654418060303145310e+00
7.885156152399434859e+01 3.635390482459111894e+00
7.892527659467381795e+01 3.616538341424825553e+00
7.899829446852436377e+01 3.597860025078143842e+00
7.907062170038388160e+01 3.579353935993774272e+00
7.914226478478084914e+01 3.561018491312054390e+00
7.921323015644250631e+01 3.542852122608830978e+00
7.928352419080042068e+01 3.524853275766432592e+00
7.935315320449358012e+01 3.507020410845728353e+00
7.942212345586879962e+01 3.489352001959262761e+00
7.949044114547839968e+01 3.471846537145466094e+00
7.955811241657519872e+01 3.454502518243923959e+00
7.962514335560472034e+01 3.437318460771707773e+00
7.969153999269448718e+01 3.420292893800751965e+00
7.975730830214052958e+01 3.403424359836275670e+00
7.982245420289089566e+01 3.386711414696237377e+00
7.988698355902630510e+01 3.370152627391819866e+00
7.995090218023771911e+01 3.353746580008932998e+00
8.001421582230096874e+01 3.337491867590732575e+00
8.007693018754831371e+01 3.321387098021142847e+00
8.013905092533693164e+01 3.305430891909378666e+00
8.020058363251435196e+01 3.289621882475460612e+00
8.026153385388073502e+01 3.273958715436712019e+00
8.032190708264803902e+01 3.258440048895236085e+00
8.038170876089607475e+01 3.243064553226359337e+00
8.044094428002533448e+01 3.227830910968041422e+00
8.049961898120675130e+01 3.212737816711238814e+00
8.055773815582814734e+01 3.197783976991216193e+00
8.061530704593761243e+01 3.182968110179801080e+00
8.067233084468360005e+01 3.168288946378571502e+00
8.072881469675184007e+01 3.153745227312971355e+00
8.078476369879908248e+01 3.139335706227345035e+00
8.084018289988354411e+01 3.125059147780886448e+00
8.089507730189221490e+01 3.110914327944492630e+00
8.094945185996492398e+01 3.096900033898517535e+00
8.100331148291515149e+01 3.083015063931417554e+00
8.105666103364769981e+01 3.069258227339281664e+00
8.110950532957306791e+01 3.055628344326241308e+00
8.116184914301869924e+01 3.042124245905749369e+00
8.121369720163693273e+01 3.028744773802726442e+00
8.126505418880985587e+01 3.015488780356562870e+00
8.131592474405086080e+01 3.002355128424971653e+00
8.136631346340311666e+01 2.989342691288686460e+00
8.141622489983477351e+01 2.976450352556997636e+00
8.146566356363106820e+01 2.963677006074117326e+00
8.151463392278323283e+01 2.951021555826369713e+00
8.156314040337423421e+01 2.938482915850199273e+00
8.161118738996141531e+01 2.926060010140989043e+00
8.165877922595602456e+01 2.913751772562683140e+00
8.170592021399954774e+01 2.901557146758208194e+00
8.175261461633701288e+01 2.889475086060686149e+00
8.179886665518718303e+01 2.877504553405430432e+00
8.184468051310963688e+01 2.865644521242722842e+00
8.189006033336886503e+01 2.853893971451361367e+00
8.193501022029522574e+01 2.842251895252973171e+00
8.197953423964291630e+01 2.830717293127089640e+00
8.202363641894496027e+01 2.819289174726972824e+00
8.206732074786508235e+01 2.807966558796188838e+00
8.211059117854671285e+01 2.796748473085923337e+00
8.215345162595896511e+01 2.785633954273031510e+00
8.219590596823962869e+01 2.774622047878815945e+00
8.223795804703530621e+01 2.763711808188528796e+00
8.227961166783853741e+01 2.752902298171588491e+00
8.232087060032209536e+01 2.742192589402508318e+00
8.236173857867034087e+01 2.731581761982530665e+00
8.240221930190772071e+01 2.721068904461957594e+00
8.244231643422446609e+01 2.710653113763176414e+00
8.248203360529934969e+01 2.700333495104371817e+00
8.252137441061974243e+01 2.690109161923919245e+00
8.256034241179879984e+01 2.679979235805452387e+00
8.259894113688989137e+01 2.669942846403604353e+00
8.263717408069827286e+01 2.659999131370408332e+00
8.267504470508998793e+01 2.650147236282360819e+00
8.271255643929811185e+01 2.640386314568135440e+00
8.274971268022622439e+01 2.630715527436944701e+00
8.278651679274921094e+01 2.621134043807544334e+00
8.282297211001143467e+01 2.611641040237873579e+00
8.285908193372223707e+01 2.602235700855325629e+00
8.289484953444875259e+01 2.592917217287646459e+00
8.293027815190625063e+01 2.583684788594450499e+00
8.296537099524573478e+01 2.574537621199353588e+00
8.300013124333906944e+01 2.565474928822714329e+00
8.303456204506153426e+01 2.556495932414980743e+00
8.306866651957180636e+01 2.547599860090636437e+00
8.310244775658949834e+01 2.538785947062739190e+00
8.313590881667012411e+01 2.530053435578050181e+00
8.316905273147764888e+01 2.521401574852746297e+00
8.320188250405453800e+01 2.512829621008711989e+00
8.323440110908940426e+01 2.504336837010403993e+00
8.326661149318221078e+01 2.495922492602284937e+00
8.329851657510711505e+01 2.487585864246822709e+00
8.333011924607284016e+01 2.479326235063045836e+00
8.336142236998082922e+01 2.471142894765656184e+00
8.339242878368088441e+01 2.463035139604688339e+00
8.342314129722461757e+01 2.455002272305715660e+00
8.345356269411657024e+01 2.447043602010594121e+00
8.348369573156296042e+01 2.439158444218743949e+00
8.351354314071826934e+01 2.431346120728959281e+00
8.354310762692952608e+01 2.423605959581744962e+00
8.357239186997836100e+01 2.415937295002173801e+00
8.360139852432087082e+01 2.408339467343261209e+00
8.363013021932522406e+01 2.400811823029851855e+00
8.365858955950719178e+01 2.393353714503013485e+00
8.368677912476343295e+01 2.385964500164934332e+00
8.371470147060269085e+01 2.378643544324320569e+00
8.374235912837482942e+01 2.371390217142284484e+00
8.376975460549779484e+01 2.364203894578727816e+00
8.379689038568247383e+01 2.357083958339205587e+00
8.382376892915549149e+01 2.350029795822276668e+00
8.385039267287996267e+01 2.343040800067326845e+00
8.387676403077418286e+01 2.336116369702867956e+00
8.390288539392831524e+01 2.329255908895305094e+00
8.392875913081911676e+01 2.322458827298167439e+00
8.395438758752261776e+01 2.315724540001802279e+00
8.397977308792489737e+01 2.309052467483522442e+00
8.400491793393082673e+01 2.302442035558208033e+00
8.402982440567099331e+01 2.295892675329357147e+00
8.405449476170663559e+01 2.289403823140579775e+00
8.407893123923267353e+01 2.282974920527533147e+00
8.410313605427890593e+01 2.276605414170293162e+00
8.412711140190931758e+01 2.270294755846159251e+00
8.415085945641952492e+01 2.264042402382887342e+00
8.417438237153241687e+01 2.257847815612349596e+00
8.419768228059194826e+01 2.251710462324613360e+00
8.422076129675517109e+01 2.245629814222439791e+00
8.424362151318243264e+01 2.239605347876195029e+00
8.426626500322588242e+01 2.233636544679172165e+00
8.428869382061613180e+01 2.227722890803319533e+00
8.431090999964722243e+01 2.221863877155371814e+00
8.433291555535990369e+01 2.216058999333381685e+00
8.435471248372316211e+01 2.210307757583645394e+00
8.437630276181404554e+01 2.204609656758022229e+00
8.439768834799586728e+01 2.198964206271641686e+00
8.441887118209469065e+01 2.193370920060996543e+00
8.443985318557420783e+01 2.187829316542416969e+00
8.446063626170897010e+01 2.182338918570925212e+00
8.448122229575601239e+01 2.176899253399461998e+00
8.450161315512484350e+01 2.171509852638487725e+00
8.452181068954591581e+01 2.166170252215949610e+00
8.454181673123741803e+01 2.160879992337616518e+00
8.456163309507061854e+01 2.155638617447772187e+00
8.458126157873357442e+01 2.150445676190269939e+00
8.460070396289339101e+01 2.145300721369942210e+00
8.461996201135688978e+01 2.140203309914360918e+00
8.463903747122979837e+01 2.135153002835947333e+00
8.465793207307447688e+01 2.130149365194429212e+00
8.467664753106613773e+01 2.125191966059638116e+00
8.469518554314760195e+01 2.120280378474649119e+00
8.471354779118263423e+01 2.115414179419254470e+00
8.473173594110780016e+01 2.110592949773773874e+00
8.474975164308293074e+01 2.105816274283192513e+00
8.476759653164019426e+01 2.101083741521628134e+00
8.478527222583169021e+01 2.096394943857122328e+00
8.480278032937576427e+01 2.091749477416754210e+00
8.482012243080185954e+01 2.087146942052072518e+00
8.483730010359407459e+01 2.082586941304842565e+00
8.485431490633332885e+01 2.078069082373108944e+00
8.487116838283823483e+01 2.073592976077565986e+00
8.488786206230459186e+01 2.069158236828236852e+00
8.490439745944364347e+01 2.064764482591457284e+00
8.492077607461895639e+01 2.060411334857161769e+00
8.493699939398207732e+01 2.056098418606468137e+00
8.495306888960689662e+01 2.051825362279557918e+00
8.496898601962270448e+01 2.047591797743853803e+00
8.498475222834609610e+01 2.043397360262483975e+00
8.500036894641151264e+01 2.039241688463039104e+00
8.501583759090064518e+01 2.035124424306612667e+00
8.503115956547061671e+01 2.031045213057124599e+00
8.504633626048089923e+01 2.027003703250928712e+00
8.506136905311910823e+01 2.022999546666693682e+00
8.507625930752553245e+01 2.019032398295564690e+00
8.509100837491658353e+01 2.015101916311595076e+00
8.510561759370702362e+01 2.011207762042449332e+00
8.512008828963104179e+01 2.007349599940375651e+00
8.513442177586220794e+01 2.003527097553443603e+00
8.514861935313234653e+01 1.999739925497044712e+00
8.516268230984914567e+01 1.995987757425655484e+00
8.517661192221285660e+01 1.992270270004857791e+00
8.519040945433170009e+01 1.988587142883616599e+00
8.520407615833632065e+01 1.984938058666811944e+00
8.521761327449311807e+01 1.981322702888021592e+00
8.523102203131649901e+01 1.977740763982553940e+00
8.524430364568007690e+01 1.974191933260728282e+00
8.525745932292683449e+01 1.970675904881399765e+00
8.527049025697824902e+01 1.967192375825727035e+00
8.528339763044236577e+01 1.963741045871180368e+00
8.529618261472087681e+01 1.960321617565788488e+00
8.530884637011516247e+01 1.956933796202621645e+00
8.532139004593140896e+01 1.953577289794507843e+00
8.533381478058458924e+01 1.950251809048982654e+00
8.534612170170163381e+01 1.946957067343467074e+00
8.535831192622347885e+01 1.943692780700674305e+00
8.537038656050627594e+01 1.940458667764241252e+00
8.538234670042153596e+01 1.937254449774584719e+00
8.539419343145543451e+01 1.934079850544978552e+00
8.540592782880706579e+01 1.930934596437849926e+00
8.541755095748587223e+01 1.927818416341294139e+00
8.542906387240812194e+01 1.924731041645804330e+00
8.544046761849240568e+01 1.921672206221215040e+00
8.545176323075436642e+01 1.918641646393856925e+00
8.546295173440040571e+01 1.915639100923922422e+00
8.547403414492058005e+01 1.912664310983037463e+00
8.548501146818060192e+01 1.909717020132041476e+00
8.549588470051295985e+01 1.906796974298968550e+00
8.550665482880721413e+01 1.903903921757233553e+00
8.551732283059936890e+01 1.901037613104016977e+00
8.552788967416049104e+01 1.898197801238848514e+00
8.553835631858441957e+01 1.895384241342387588e+00
8.554872371387466501e+01 1.892596690855399499e+00
8.555899280103051296e+01 1.889834909457922985e+00
8.556916451213228925e+01 1.887098659048630944e+00
8.557923977042584340e+01 1.884387703724379692e+00
8.558921949040617960e+01 1.881701809759946498e+00
8.559910457790037697e+01 1.879040745587953198e+00
8.560889593014964305e+01 1.876404281778974781e+00
8.561859443589067098e+01 1.873792191021829812e+00
8.562820097543617237e+01 1.871204248104053391e+00
8.563771642075465707e+01 1.868640229892547744e+00
8.564714163554947390e+01 1.866099915314412661e+00
8.565647747533711254e+01 1.863583085337950696e+00
8.566572478752472364e+01 1.861089522953847331e+00
8.567488441148697120e+01 1.858619013156525002e+00
8.568395717864207484e+01 1.856171342925667211e+00
8.569294391252719834e+01 1.853746301207913172e+00
8.570184542887312773e+01 1.851343678898721423e+00
8.571066253567819615e+01 1.848963268824398654e+00
8.571939603328152657e+01 1.846604865724295497e+00
8.572804671443562086e+01 1.844268266233164866e+00
8.573661536437819564e+01 1.841953268863683046e+00
8.574510276090340710e+01 1.839659673989131106e+00
8.575350967443233685e+01 1.837387283826236617e+00
8.576183686808288087e+01 1.835135902418171927e+00
8.577008509773889955e+01 1.832905335617709408e+00
8.577825511211877085e+01 1.830695391070532141e+00
8.578634765284330399e+01 1.828505878198697587e+00
8.579436345450295676e+01 1.826336608184252919e+00
8.580230324472442760e+01 1.824187393953002223e+00
8.581016774423667925e+01 1.822058050158422482e+00
8.581795766693628025e+01 1.819948393165727429e+00
8.582567371995210692e+01 1.817858241036077960e+00
8.583331660370950544e+01 1.815787413510938642e+00
8.584088701199380012e+01 1.813735731996577227e+00
8.584838563201320483e+01 1.811703019548707383e+00
8.585581314446113765e+01 1.809689100857272415e+00
8.586317022357798123e+01 1.807693802231369551e+00
8.587045753721218944e+01 1.805716951584312335e+00
8.587767574688088246e+01 1.803758378418830910e+00
8.588482550782983083e+01 1.801817913812408856e+00
8.589190746909288521e+01 1.799895390402753925e+00
8.589892227355083776e+01 1.797990642373404224e+00
8.590587055798974347e+01 1.796103505439464953e+00
8.591275295315865890e+01 1.794233816833477935e+00
8.591957008382685501e+01 1.792381415291420810e+00
8.592632256884049013e+01 1.790546141038834804e+00
8.593301102117874279e+01 1.788727835777080610e+00
8.593963604800939038e+01 1.786926342669720835e+00
8.594619825074391883e+01 1.785141506329027905e+00
8.595269822509203550e+01 1.783373172802615647e+00
8.595913656111572720e+01 1.781621189560194329e+00
8.596551384328277834e+01 1.779885405480448490e+00
8.597183065051979156e+01 1.778165670838034007e+00
8.597808755626469690e+01 1.776461837290696177e+00
8.598428512851876349e+01 1.774773757866506152e+00
8.599042392989815653e+01 1.773101286951214828e+00
8.599650451768494008e+01 1.771444280275723093e+00
8.600252744387762505e+01 1.769802594903667758e+00
8.600849325524129085e+01 1.768176089219121616e+00
8.601440249335713872e+01 1.766564622914407190e+00
8.602025569467164701e+01 1.764968056978022171e+00
8.602605339054522915e+01 1.763386253682676763e+00
8.603179610730045113e+01 1.761819076573440501e+00
8.603748436626975149e+01 1.760266390455999197e+00
8.604311868384279194e+01 1.758728061385018915e+00
8.604869957151323945e+01 1.757203956652618304e+00
8.605422753592522156e+01 1.755693944776946402e+00
8.605970307891927007e+01 1.754197895490866355e+00
8.606512669757783840e+01 1.752715679730742382e+00
8.607049888427044948e+01 1.751247169625331113e+00
8.607582012669831784e+01 1.749792238484774831e+00
8.608109090793860219e+01 1.748350760789695979e+00
8.608631170648827435e+01 1.746922612180392909e+00
8.609148299630750500e+01 1.745507669446134225e+00
8.609660524686263727e+01 1.744105810514552157e+00
8.610167892316884775e+01 1.742716914441134302e+00
8.610670448583229586e+01 1.741340861398811501e+00
8.611168239109193223e+01 1.739977532667641880e+00
8.611661309086086646e+01 1.738626810624589902e+00
8.612149703276742230e+01 1.737288578733400035e+00
8.612633466019570960e+01 1.735962721534563213e+00
8.613112641232588373e+01 1.734649124635376127e+00
8.613587272417397855e+01 1.733347674700092211e+00
8.614057402663138419e+01 1.732058259440163450e+00
8.614523074650394108e+01 1.730780767604571224e+00
8.614984330655067879e+01 1.729515088970248193e+00
8.615441212552217110e+01 1.728261114332586557e+00
8.615893761819855001e+01 1.727018735496034685e+00
8.616342019542710773e+01 1.725787845264781017e+00
8.616786026415961430e+01 1.724568337433522780e+00
8.617225822748920905e+01 1.723360106778320189e+00
8.617661448468703611e+01 1.722163049047535477e+00
8.618092943123841110e+01 1.720977060952854742e+00
8.618520345887874612e+01 1.719802040160393064e+00
8.618943695562910534e+01 1.718637885281881550e+00
8.619363030583139107e+01 1.717484495865935878e+00
8.619778389018321718e+01 1.716341772389404330e+00
8.620189808577251256e+01 1.715209616248797309e+00
8.620597326611165556e+01 1.714087929751794137e+00
8.621000980117145218e+01 1.712976616108829564e+00
8.621400805741465945e+01 1.711875579424757321e+00
8.621796839782925304e+01 1.710784724690590064e+00
8.622189118196138224e+01 1.709703957775316807e+00
8.622577676594796969e+01 1.708633185417794298e+00
8.622962550254908365e+01 1.707572315218714110e+00
8.623343774117988403e+01 1.706521255632643896e+00
8.623721382794238366e+01 1.705479915960141479e+00
8.624095410565685427e+01 1.704448206339942207e+00
8.624465891389290562e+01 1.703426037741218035e+00
8.624832858900033727e+01 1.702413321955908110e+00
8.625196346413964932e+01 1.701409971591120174e+00
8.625556386931228303e+01 1.700415900061602148e+00
8.625913013139054897e+01 1.699431021582282986e+00
8.626266257414732763e+01 1.698455251160882362e+00
8.626616151828544332e+01 1.697488504590588310e+00
8.626962728146675374e+01 1.696530698442803464e+00
8.627306017834099805e+01 1.695581750059956372e+00
8.627646052057433224e+01 1.694641577548381184e+00
8.627982861687763716e+01 1.693710099771261524e+00
8.628316477303454235e+01 1.692787236341639856e+00
8.628646929192916559e+01 1.691872907615492139e+00
8.628974247357358252e+01 1.690967034684865311e+00
8.629298461513509721e+01 1.690069539371078289e+00
8.629619601096318604e+01 1.689180344217986240e+00
8.629937695261621400e+01 1.688299372485306593e+00
8.630252772888790957e+01 1.687426548142006988e+00
8.630564862583356955e+01 1.686561795859753410e+00
8.630873992679602225e+01 1.685705041006420046e+00
8.631180191243134914e+01 1.684856209639657987e+00
8.631483486073433653e+01 1.684015228500523653e+00
8.631783904706375665e+01 1.683182025007165850e+00
8.632081474416729350e+01 1.682356527248571432e+00
8.632376222220635498e+01 1.681538663978368708e+00
8.632668174878055822e+01 1.680728364608687242e+00
8.632957358895204436e+01 1.679925559204075380e+00
8.633243800526952327e+01 1.679130178475473301e+00
8.633527525779209100e+01 1.678342153774241785e+00
8.633808560411287658e+01 1.677561417086245843e+00
8.634086929938237631e+01 1.676787901025993621e+00
8.634362659633163162e+01 1.676021538830829050e+00
8.634635774529516539e+01 1.675262264355177555e+00
8.634906299423373355e+01 1.674510012064846176e+00
8.635174258875677822e+01 1.673764717031374527e+00
8.635439677214476717e+01 1.673026314926439717e+00
8.635702578537123486e+01 1.672294742016311675e+00
8.635962986712470979e+01 1.671569935156359987e+00
8.636220925383032920e+01 1.670851831785611585e+00
8.636476417967132591e+01 1.670140369921358614e+00
8.636729487661028770e+01 1.669435488153816260e+00
8.636980157441017525e+01 1.668737125640829211e+00
8.637228450065522622e+01 1.668045222102627845e+00
8.637474388077158949e+01 1.667359717816632392e+00
8.637717993804780292e+01 1.666680553612304605e+00
8.637959289365501547e+01 1.666007670866047841e+00
8.638198296666713816e+01 1.665341011496154211e+00
8.638435037408065398e+01 1.664680517957797479e+00
8.638669533083435681e+01 1.664026133238072802e+00
8.638901804982887711e+01 1.663377800851082000e+00
8.639131874194596605e+01 1.662735464833064780e+00
8.639359761606765176e+01 1.662099069737574375e+00
8.639585487909522499e+01 1.661468560630697366e+00
8.639809073596798328e+01 1.660843883086318806e+00
8.640030538968186136e+01 1.660224983181429970e+00
8.640249904130783420e+01 1.659611807491480073e+00
8.640467189001020643e+01 1.659004303085770182e+00
8.640682413306464582e+01 1.658402417522890859e+00
8.640895596587613170e+01 1.657806098846200449e+00
8.641106758199664739e+01 1.657215295579346215e+00
8.641315917314280171e+01 1.656629956721826558e+00
8.641523092921319460e+01 1.656050031744594309e+00
8.641728303830566915e+01 1.655475470585699771e+00
8.641931568673439301e+01 1.654906223645975283e+00
8.642132905904674089e+01 1.654342241784758860e+00
8.642332333804009181e+01 1.653783476315657364e+00
8.642529870477839893e+01 1.653229879002348968e+00
8.642725533860861731e+01 1.652681402054424487e+00
8.642919341717698956e+01 1.652137998123266671e+00
8.643111311644518935e+01 1.651599620297967697e+00
8.643301461070628022e+01 1.651066222101285286e+00
8.643489807260053226e+01 1.650537757485634360e+00
8.643676367313111086e+01 1.650014180829117327e+00
8.643861158167958081e+01 1.649495446931590115e+00
8.644044196602129659e+01 1.648981511010765288e+00
8.644225499234063648e+01 1.648472328698350253e+00
8.644405082524605177e+01 1.647967856036221423e+00
8.644582962778507351e+01 1.647468049472634588e+00
8.644759156145906331e+01 1.646972865858468804e+00
8.644933678623787898e+01 1.646482262443506261e+00
8.645106546057442642e+01 1.645996196872745676e+00
8.645277774141901261e+01 1.645514627182749878e+00
8.645447378423361329e+01 1.645037511798028040e+00
8.645615374300595590e+01 1.644564809527449434e+00
8.645781777026354575e+01 1.644096479560692492e+00
8.645946601708747892e+01 1.643632481464724737e+00
8.646109863312616994e+01 1.643172775180316902e+00
8.646271576660892322e+01 1.642717321018587917e+00
8.646431756435940486e+01 1.642266079657582090e+00
8.646590417180895827e+01 1.641819012138878930e+00
8.646747573300982026e+01 1.641376079864232951e+00
8.646903239064819502e+01 1.640937244592244992e+00
8.647057428605720020e+01 1.640502468435064420e+00
8.647210155922969932e+01 1.640071713855122182e+00
8.647361434883102049e+01 1.639644943661892729e+00
8.647511279221153302e+01 1.639222121008687250e+00
8.647659702541912452e+01 1.638803209389475768e+00
8.647806718321152175e+01 1.638388172635739215e+00
8.647952339906858299e+01 1.637976974913349260e+00
8.648096580520437726e+01 1.637569580719478779e+00
8.648239453257917830e+01 1.637165954879539198e+00
8.648380971091135905e+01 1.636766062544147138e+00
8.648521146868921505e+01 1.636369869186119264e+00
8.648659993318254635e+01 1.635977340597493557e+00
8.648797523045428193e+01 1.635588442886579674e+00
8.648933748537189103e+01 1.635203142475035731e+00
8.649068682161872346e+01 1.634821406094971730e+00
8.649202336170525030e+01 1.634443200786080741e+00
8.649334722698016265e+01 1.634068493892796070e+00
8.649465853764139922e+01 1.633697253061474397e+00
8.649595741274707450e+01 1.633329446237605342e+00
8.649724397022626476e+01 1.632965041663046790e+00
8.649851832688973730e+01 1.632604007873285745e+00
8.649978059844050904e+01 1.632246313694724060e+00
8.650103089948440527e+01 1.631891928241989698e+00
8.650226934354043351e+01 1.631540820915273304e+00
8.650349604305110063e+01 1.631192961397687879e+00
8.650471110939261621e+01 1.630848319652654199e+00
8.650591465288501070e+01 1.630506865921310222e+00
8.650710678280212562e+01 1.630168570719943810e+00
8.650828760738156120e+01 1.629833404837449429e+00
8.650945723383451025e+01 1.629501339332809051e+00
8.651061576835544997e+01 1.629172345532594823e+00
8.651176331613183379e+01 1.628846395028496374e+00
8.651289998135359838e+01 1.628523459674870111e+00
8.651402586722264232e+01 1.628203511586311159e+00
8.651514107596220526e+01 1.627886523135248176e+00
8.651624570882611920e+01 1.627572466949560148e+00
8.651733986610801708e+01 1.627261315910214945e+00
8.651842364715047040e+01 1.626953043148930078e+00
8.651949715035394206e+01 1.626647622045854780e+00
8.652056047318575338e+01 1.626345026227274060e+00
8.652161371218896591e+01 1.626045229563332972e+00
8.652265696299109266e+01 1.625748206165782639e+00
8.652369032031279517e+01 1.625453930385747592e+00
8.652471387797649527e+01 1.625162376811512210e+00
8.652572772891490160e+01 1.624873520266328919e+00
8.652673196517940823e+01 1.624587335806246591e+00
8.652772667794847905e+01 1.624303798717957825e+00
8.652871195753594691e+01 1.624022884516667542e+00
8.652968789339915645e+01 1.623744568943980449e+00
8.653065457414713535e+01 1.623468827965808492e+00
8.653161208754862344e+01 1.623195637770297184e+00
8.653256052054003078e+01 1.622924974765771244e+00
8.653349995923332472e+01 1.622656815578699341e+00
8.653443048892388845e+01 1.622391137051677701e+00
8.653535219409822332e+01 1.622127916241432155e+00
8.653626515844162270e+01 1.621867130416838609e+00
8.653716946484580319e+01 1.621608757056962169e+00
8.653806519541639375e+01 1.621352773849113804e+00
8.653895243148039640e+01 1.621099158686925668e+00
8.653983125359359008e+01 1.620847889668443509e+00
8.654070174154783501e+01 1.620598945094237298e+00
8.654156397437829185e+01 1.620352303465528720e+00
8.654241803037064074e+01 1.620107943482336665e+00
8.654326398706814416e+01 1.619865844041639136e+00
8.654410192127873813e+01 1.619625984235552929e+00
8.654493190908195288e+01 1.619388343349529524e+00
8.654575402583583354e+01 1.619152900860567401e+00
8.654656834618383243e+01 1.618919636435441900e+00
8.654737494406150233e+01 1.618688529928950404e+00
8.654817389270327510e+01 1.618459561382174394e+00
8.654896526464908391e+01 1.618232711020757497e+00
8.654974913175095708e+01 1.618007959253199068e+00
8.655052556517952667e+01 1.617785286669163547e+00
8.655129463543050861e+01 1.617564674037806238e+00
8.655205641233108338e+01 1.617346102306113309e+00
8.655281096504626248e+01 1.617129552597258435e+00
8.655355836208514120e+01 1.616915006208973438e+00
8.655429867130712296e+01 1.616702444611934908e+00
8.655503195992810106e+01 1.616491849448165263e+00
8.655575829452655512e+01 1.616283202529448904e+00
8.655647774104956227e+01 1.616076485835762133e+00
8.655719036481883677e+01 1.615871681513719071e+00
8.655789623053659909e+01 1.615668771875030441e+00
8.655859540229151605e+01 1.615467739394977675e+00
8.655928794356448464e+01 1.615268566710900577e+00
8.655997391723438739e+01 1.615071236620699180e+00
8.656065338558381939e+01 1.614875732081349158e+00
8.656132641030472996e+01 1.614682036207431226e+00
8.656199305250403597e+01 1.614490132269674305e+00
8.656265337270916405e+01 1.614300003693511565e+00
8.656330743087355017e+01 1.614111634057650457e+00
8.656395528638206827e+01 1.613925007092655406e+00
8.656459699805643027e+01 1.613740106679544040e+00
8.656523262416054365e+01 1.613556916848396305e+00
8.656586222240576944e+01 1.613375421776976015e+00
8.656648584995619444e+01 1.613195605789365716e+00
8.656710356343378976e+01 1.613017453354613995e+00
8.656771541892358357e+01 1.612840949085394993e+00
8.656832147197872018e+01 1.612666077736680581e+00
8.656892177762551910e+01 1.612492824204424968e+00
8.656951639036849144e+01 1.612321173524261075e+00
8.657010536419525693e+01 1.612151110870209125e+00
8.657068875258144658e+01 1.611982621553397221e+00
8.657126660849559130e+01 1.611815691020793917e+00
8.657183898440389669e+01 1.611650304853951665e+00
8.657240593227500369e+01 1.611486448767763369e+00
8.657296750358474924e+01 1.611324108609229144e+00
8.657352374932079897e+01 1.611163270356234634e+00
8.657407471998727999e+01 1.611003920116341526e+00
8.657462046560939939e+01 1.610846044125587850e+00
8.657516103573793487e+01 1.610689628747300928e+00
8.657569647945378222e+01 1.610534660470919643e+00
8.657622684537238911e+01 1.610381125910829381e+00
8.657675218164814623e+01 1.610229011805206056e+00
8.657727253597882111e+01 1.610078305014871702e+00
8.657778795560982132e+01 1.609928992522160929e+00
8.657829848733851463e+01 1.609781061429796711e+00
8.657880417751849222e+01 1.609634498959778171e+00
8.657930507206376092e+01 1.609489292452277009e+00
8.657980121645290694e+01 1.609345429364545055e+00
8.658029265573321709e+01 1.609202897269832233e+00
8.658077943452481406e+01 1.609061683856313651e+00
8.658126159702464975e+01 1.608921776926026670e+00
8.658173918701054106e+01 1.608783164393818632e+00
8.658221224784517744e+01 1.608645834286303700e+00
8.658268082247998620e+01 1.608509774740829457e+00
8.658314495345911155e+01 1.608374974004453062e+00
8.658360468292322309e+01 1.608241420432926505e+00
8.658406005261336702e+01 1.608109102489692299e+00
8.658451110387473193e+01 1.607978008744886944e+00
8.658495787766042895e+01 1.607848127874355049e+00
8.658540041453520075e+01 1.607719448658671668e+00
8.658583875467910218e+01 1.607591959982173968e+00
8.658627293789113821e+01 1.607465650832001547e+00
8.658670300359290195e+01 1.607340510297146530e+00
8.658712899083212733e+01 1.607216527567511211e+00
8.658755093828625604e+01 1.607093691932975243e+00
8.658796888426594762e+01 1.606971992782471048e+00
8.658838286671853268e+01 1.606851419603068098e+00
8.658879292323149457e+01 1.606731961979065648e+00
8.658919909103583734e+01 1.606613609591093228e+00
8.658960140700952479e+01 1.606496352215220469e+00
8.658999990768077737e+01 1.606380179722074031e+00
8.659039462923139752e+01 1.606265082075963857e+00
8.659078560750009501e+01 1.606151049334016534e+00
8.659117287798568441e+01 1.606038071645317311e+00
8.659155647585033933e+01 1.605926139250059448e+00
8.659193643592278988e+01 1.605815242478701999e+00
8.659231279270146331e+01 1.605705371751135369e+00
8.659268558035762453e+01 1.605596517575853976e+00
8.659305483273850257e+01 1.605488670549137353e+00
8.659342058337033166e+01 1.605381821354237681e+00
8.659378286546139236e+01 1.605275960760576659e+00
8.659414171190505272e+01 1.605171079622947694e+00
8.659449715528275249e+01 1.605067168880727202e+00
8.659484922786694483e+01 1.604964219557092120e+00
8.659519796162402372e+01 1.604862222758244972e+00
8.659554338821723718e+01 1.604761169672646481e+00
8.659588553900957208e+01 1.604661051570254626e+00
8.659622444506659633e+01 1.604561859801771240e+00
8.659656013715924416e+01 1.604463585797895053e+00
8.659689264576665835e+01 1.604366221068582510e+00
8.659722200107894707e+01 1.604269757202314350e+00
8.659754823299989823e+01 1.604174185865369751e+00
8.659787137114970790e+01 1.604079498801106896e+00
8.659819144486769460e+01 1.603985687829250217e+00
8.659850848321494254e+01 1.603892744845184071e+00
8.659882251497693062e+01 1.603800661819253293e+00
8.659913356866614720e+01 1.603709430796069979e+00
8.659944167252470493e+01 1.603619043893826923e+00
8.659974685452688448e+01 1.603529493303616826e+00
8.660004914238166407e+01 1.603440771288758393e+00
8.660034856353524901e+01 1.603352870184128198e+00
8.660064514517358703e+01 1.603265782395499439e+00
