2.000000000000000000e+01 2.200000000000000000e+01
2.000746428883706685e+01 2.198297866295567005e+01
2.001494093405150565e+01 2.196607233044953844e+01
2.002242935234122712e+01 2.194928010081287439e+01
2.002992896855746352e+01 2.193260108047637402e+01
2.003743921561519414e+01 2.191603438389060798e+01
2.004495953440442335e+01 2.189957913344729690e+01
2.005248937370226514e+01 2.188323445940136125e+01
2.006002819008589100e+01 2.186699949979377067e+01
2.006757544784626646e+01 2.185087340037518899e+01
2.007513061890272255e+01 2.183485531453036543e+01
2.008269318271833015e+01 2.181894440320331796e+01
2.009026262621607017e+01 2.180313983482325924e+01
2.009783844369581374e+01 2.178744078523128280e+01
2.010542013675208395e+01 2.177184643760780247e+01
2.011300721419259574e+01 2.175635598240070223e+01
2.012059919195758795e+01 2.174096861725424290e+01
2.012819559303992278e+01 2.172568354693867221e+01
2.013579594740593848e+01 2.171049998328057384e+01
2.014339979191707997e+01 2.169541714509389152e+01
2.015100667025227921e+01 2.168043425811168490e+01
2.015861613283106735e+01 2.166555055491856052e+01
2.016622773673745428e+01 2.165076527488380620e+01
2.017384104564452940e+01 2.163607766409518973e+01
2.018145562973979068e+01 2.162148697529343622e+01
2.018907106565120912e+01 2.160699246780738392e+01
2.019668693637400025e+01 2.159259340748978673e+01
2.020430283119812032e+01 2.157828906665377389e+01
2.021191834563646239e+01 2.156407872400996339e+01
2.021953308135375238e+01 2.154996166460420781e+01
2.022714664609615198e+01 2.153593717975597954e+01
2.023475865362153314e+01 2.152200456699737785e+01
2.024236872363045947e+01 2.150816313001276825e+01
2.024997648169782494e+01 2.149441217857903297e+01
2.025758155920518888e+01 2.148075102850641827e+01
2.026518359327376118e+01 2.146717900158000347e+01
2.027278222669804819e+01 2.145369542550175623e+01
2.028037710788017733e+01 2.144029963383318815e+01
2.028796789076484686e+01 2.142699096593857533e+01
2.029555423477494003e+01 2.141376876692878284e+01
2.030313580474777524e+01 2.140063238760564346e+01
2.031071227087199205e+01 2.138758118440691547e+01
2.031828330862505183e+01 2.137461451935179468e+01
2.032584859871139926e+01 2.136173175998698781e+01
2.033340782700119931e+01 2.134893227933332938e+01
2.034096068446972794e+01 2.133621545583295287e+01
2.034850686713734547e+01 2.132358067329699125e+01
2.035604607601008809e+01 2.131102732085381390e+01
2.036357801702084203e+01 2.129855479289779652e+01
2.037110240097113945e+01 2.128616248903861319e+01
2.037861894347351566e+01 2.127384981405103304e+01
2.038612736489446320e+01 2.126161617782524615e+01
2.039362739029795790e+01 2.124946099531769050e+01
2.040111874938957115e+01 2.123738368650237263e+01
2.040860117646113636e+01 2.122538367632269640e+01
2.041607441033598036e+01 2.121346039464377853e+01
2.042353819431473028e+01 2.120161327620524361e+01
2.043099227612165336e+01 2.118984176057451663e+01
2.043843640785155813e+01 2.117814529210057728e+01
2.044587034591723906e+01 2.116652331986819036e+01
2.045329385099745423e+01 2.115497529765260865e+01
2.046070668798544645e+01 2.114350068387471993e+01
2.046810862593798674e+01 2.113209894155668067e+01
2.047549943802495065e+01 2.112076953827797610e+01
2.048287890147940971e+01 2.110951194613193849e+01
2.049024679754823808e+01 2.109832564168270608e+01
2.049760291144324498e+01 2.108721010592262601e+01
2.050494703229279025e+01 2.107616482423008364e+01
2.051227895309392224e+01 2.106518928632776522e+01
2.051959847066500586e+01 2.105428298624135053e+01
2.052690538559884459e+01 2.104344542225861403e+01
2.053419950221629264e+01 2.103267609688895234e+01
2.054148062852035750e+01 2.102197451682332741e+01
2.054874857615076422e+01 2.101134019289460397e+01
2.055600316033902075e+01 2.100077264003829569e+01
2.056324419986393792e+01 2.099027137725372327e+01
2.057047151700761844e+01 2.097983592756554572e+01
2.057768493751192196e+01 2.096946581798570364e+01
2.058488429053537061e+01 2.095916057947573563e+01
2.059206940861052004e+01 2.094891974690948544e+01
2.059924012760178869e+01 2.093874285903618215e+01
2.060639628666371337e+01 2.092862945844390055e+01
2.061353772819965968e+01 2.091857909152339445e+01
2.062066429782097643e+01 2.090859130843228542e+01
2.062777584430656930e+01 2.089866566305963147e+01
2.063487221956291862e+01 2.088880171299084409e+01
2.064195327858451279e+01 2.087899901947296755e+01
2.064901887941471514e+01 2.086925714738030280e+01
2.065606888310703937e+01 2.085957566518039386e+01
2.066310315368684414e+01 2.084995414490034094e+01
2.067012155811342922e+01 2.084039216209346890e+01
2.067712396624256144e+01 2.083088929580633319e+01
2.068411025078938081e+01 2.082144512854605267e+01
2.069108028729170812e+01 2.081205924624797632e+01
2.069803395407376811e+01 2.080273123824367332e+01
2.070497113221027163e+01 2.079346069722926771e+01
2.071189170549092040e+01 2.078424721923405727e+01
2.071879556038527426e+01 2.077509040358948766e+01
2.072568258600800206e+01 2.076598985289841082e+01
2.073255267408451274e+01 2.075694517300467368e+01
2.073940571891696649e+01 2.074795597296300187e+01
2.074624161735064121e+01 2.073902186500919953e+01
2.075306026874067200e+01 2.073014246453063336e+01
2.075986157491916728e+01 2.072131739003703643e+01
2.076664544016266234e+01 2.071254626313158553e+01
2.077341177115993531e+01 2.070382870848228407e+01
2.078016047698018554e+01 2.069516435379362562e+01
2.078689146904155649e+01 2.068655282977854881e+01
2.079360466107999983e+01 2.067799377013067641e+01
2.080029996911848045e+01 2.066948681149682443e+01
2.080697731143652973e+01 2.066103159344979190e+01
2.081363660854013276e+01 2.065262775846143839e+01
2.082027778313194588e+01 2.064427495187600670e+01
2.082690076008183055e+01 2.063597282188374038e+01
2.083350546639774592e+01 2.062772101949473935e+01
2.084009183119693276e+01 2.061951919851310677e+01
2.084665978567743139e+01 2.061136701551133399e+01
2.085320926308991218e+01 2.060326412980494837e+01
2.085974019870983298e+01 2.059521020342742403e+01
2.086625252980988066e+01 2.058720490110533419e+01
2.087274619563274669e+01 2.057924789023375567e+01
2.087922113736419050e+01 2.057133884085192221e+01
2.088567729810641538e+01 2.056347742561911218e+01
2.089211462285173582e+01 2.055566331979079919e+01
2.089853305845653964e+01 2.054789620119501237e+01
2.090493255361554503e+01 2.054017575020896302e+01
2.091131305883635605e+01 2.053250164973587744e+01
2.091767452641428449e+01 2.052487358518207827e+01
2.092401691040747735e+01 2.051729124443429697e+01
2.093034016661231433e+01 2.050975431783719927e+01
2.093664425253907879e+01 2.050226249817114521e+01
2.094292912738792367e+01 2.049481548063016234e+01
2.094919475202508963e+01 2.048741296280014978e+01
2.095544108895939672e+01 2.048005464463729552e+01
2.096166810231902033e+01 2.047274022844669972e+01
2.096787575782851221e+01 2.046546941886122184e+01
2.097406402278609505e+01 2.045824192282053744e+01
2.098023286604120585e+01 2.045105744955039384e+01
2.098638225797230916e+01 2.044391571054208256e+01
2.099251217046495555e+01 2.043681641953211070e+01
2.099862257689009581e+01 2.042975929248207478e+01
2.100471345208264040e+01 2.042274404755873007e+01
2.101078477232027453e+01 2.041577040511426588e+01
2.101683651530250074e+01 2.040883808766676921e+01
2.102286866012994082e+01 2.040194681988089087e+01
2.102888118728386502e+01 2.039509632854869281e+01
2.103487407860596647e+01 2.038828634257068728e+01
2.104084731727835589e+01 2.038151659293706786e+01
2.104680088780381197e+01 2.037478681270912162e+01
2.105273477598623444e+01 2.036809673700082968e+01
2.105864896891134208e+01 2.036144610296064172e+01
2.106454345492759117e+01 2.035483464975344248e+01
2.107041822362731409e+01 2.034826211854268152e+01
2.107627326582808180e+01 2.034172825247268790e+01
2.108210857355427592e+01 2.033523279665115879e+01
2.108792414001889171e+01 2.032877549813181872e+01
2.109371995960553647e+01 2.032235610589724928e+01
2.109949602785065537e+01 2.031597437084188229e+01
2.110525234142595608e+01 2.030963004575517772e+01
2.111098889812104318e+01 2.030332288530494367e+01
2.111670569682625853e+01 2.029705264602083403e+01
2.112240273751572417e+01 2.029081908627800601e+01
2.112808002123058060e+01 2.028462196628093395e+01
2.113373755006243115e+01 2.027846104804739014e+01
2.113937532713698175e+01 2.027233609539257486e+01
2.114499335659786894e+01 2.026624687391339563e+01
2.115059164359068333e+01 2.026019315097291695e+01
2.115617019424718848e+01 2.025417469568494866e+01
2.116172901566971731e+01 2.024819127889878700e+01
2.116726811591576052e+01 2.024224267318411208e+01
2.117278750398275022e+01 2.023632865281602378e+01
2.117828718979300007e+01 2.023044899376022343e+01
2.118376718417885485e+01 2.022460347365834821e+01
2.118922749886799295e+01 2.021879187181344051e+01
2.119466814646892772e+01 2.021301396917555593e+01
2.120008914045666515e+01 2.020726954832752398e+01
2.120549049515854989e+01 2.020155839347083315e+01
2.121087222574027109e+01 2.019588029041166166e+01
2.121623434819203879e+01 2.019023502654703961e+01
2.122157687931493797e+01 2.018462239085114618e+01
2.122689983670743530e+01 2.017904217386173826e+01
2.123220323875206006e+01 2.017349416766671411e+01
2.123748710460223421e+01 2.016797816589080128e+01
2.124275145416928012e+01 2.016249396368237967e+01
2.124799630810957751e+01 2.015704135770042527e+01
2.125322168781187315e+01 2.015162014610158536e+01
2.125842761538475401e+01 2.014623012852737460e+01
2.126361411364427312e+01 2.014087110609149178e+01
2.126878120610172473e+01 2.013554288136727166e+01
2.127392891695156507e+01 2.013024525837523981e+01
2.127905727105949651e+01 2.012497804257079892e+01
2.128416629395067972e+01 2.011974104083202874e+01
2.128925601179811267e+01 2.011453406144760336e+01
2.129432645141113767e+01 2.010935691410482917e+01
2.129937764022409041e+01 2.010420940987778948e+01
2.130440960628510538e+01 2.009909136121560636e+01
2.130942237824504204e+01 2.009400258193081967e+01
2.131441598534656379e+01 2.008894288718786925e+01
2.131939045741334482e+01 2.008391209349168705e+01
2.132434582483940844e+01 2.007891001867641023e+01
2.132928211857861456e+01 2.007393648189418300e+01
2.133419937013426448e+01 2.006899130360407923e+01
2.133909761154884066e+01 2.006407430556113169e+01
2.134397687539387078e+01 2.005918531080545364e+01
2.134883719475993757e+01 2.005432414365147409e+01
2.135367860324678446e+01 2.004949062967726903e+01
2.135850113495358116e+01 2.004468459571399919e+01
2.136330482446928514e+01 2.003990586983544375e+01
2.136808970686313458e+01 2.003515428134763354e+01
2.137285581767526565e+01 2.003042966077859433e+01
2.137760319290745059e+01 2.002573183986816119e+01
2.138233186901394589e+01 2.002106065155791370e+01
2.138704188289245778e+01 2.001641592998119634e+01
2.139173327187523199e+01 2.001179751045323130e+01
2.139640607372025727e+01 2.000720522946132718e+01
2.140106032660256474e+01 2.000263892465518367e+01
2.140569606910566591e+01 1.999809843483727789e+01
2.141031334021307941e+01 1.999358359995335377e+01
2.141491217929997504e+01 1.998909426108298248e+01
2.141949262612493143e+01 1.998463026043023305e+01
2.142405472082178619e+01 1.998019144131441749e+01
2.142859850389161025e+01 1.997577764816092127e+01
2.143312401619476759e+01 1.997138872649213326e+01
2.143763129894309927e+01 1.996702452291843954e+01
2.144212039369218559e+01 1.996268488512931683e+01
2.144659134233373265e+01 1.995836966188451100e+01
2.145104418708804417e+01 1.995407870300528685e+01
2.145547897049659625e+01 1.994981185936576296e+01
2.145989573541470818e+01 1.994556898288433544e+01
2.146429452500431623e+01 1.994134992651516569e+01
2.146867538272683262e+01 1.993715454423976396e+01
2.147303835233611125e+01 1.993298269105864051e+01
2.147738347787149493e+01 1.992883422298304197e+01
2.148171080365096586e+01 1.992470899702675524e+01
2.148602037426437050e+01 1.992060687119798956e+01
2.149031223456676187e+01 1.991652770449134380e+01
2.149458642967180211e+01 1.991247135687983416e+01
2.149884300494527523e+01 1.990843768930700364e+01
2.150308200599867448e+01 1.990442656367910601e+01
2.150730347868287495e+01 1.990043784285735029e+01
2.151150746908190570e+01 1.989647139065023396e+01
2.151569402350679283e+01 1.989252707180593305e+01
2.151986318848949153e+01 1.988860475200476330e+01
2.152401501077688906e+01 1.988470429785171589e+01
2.152814953732491077e+01 1.988082557686906782e+01
2.153226681529269371e+01 1.987696845748904195e+01
2.153636689203683474e+01 1.987313280904654533e+01
2.154044981510572399e+01 1.986931850177197845e+01
2.154451563223396349e+01 1.986552540678410139e+01
2.154856439133684276e+01 1.986175339608297108e+01
2.155259614050491734e+01 1.985800234254293528e+01
2.155661092799862999e+01 1.985427211990570129e+01
2.156060880224303844e+01 1.985056260277346141e+01
2.156458981182259649e+01 1.984687366660207886e+01
2.156855400547600965e+01 1.984320518769434116e+01
2.157250143209116544e+01 1.983955704319327396e+01
2.157643214070014537e+01 1.983592911107550805e+01
2.158034618047428665e+01 1.983232127014471402e+01
2.158424360071932213e+01 1.982873340002510432e+01
2.158812445087059473e+01 1.982516538115497085e+01
2.159198878048833237e+01 1.982161709478030431e+01
2.159583663925299390e+01 1.981808842294845618e+01
2.159966807696067193e+01 1.981457924850186458e+01
2.160348314351857724e+01 1.981108945507183705e+01
2.160728188894056956e+01 1.980761892707238658e+01
2.161106436334276992e+01 1.980416754969412452e+01
2.161483061693922281e+01 1.980073520889820671e+01
2.161858070003761867e+01 1.979732179141033654e+01
2.162231466303509819e+01 1.979392718471482482e+01
2.162603255641409206e+01 1.979055127704868511e+01
2.162973443073823532e+01 1.978719395739581444e+01
2.163342033664834219e+01 1.978385511548118814e+01
2.163709032485843053e+01 1.978053464176514353e+01
2.164074444615181037e+01 1.977723242743767784e+01
2.164438275137723267e+01 1.977394836441283488e+01
2.164800529144508801e+01 1.977068234532310598e+01
2.165161211732366553e+01 1.976743426351390553e+01
2.165520328003546169e+01 1.976420401303808916e+01
2.165877883065354936e+01 1.976099148865051447e+01
2.166233882029800739e+01 1.975779658580265519e+01
2.166588330013238561e+01 1.975461920063726140e+01
2.166941232136023743e+01 1.975145922998307313e+01
2.167292593522169852e+01 1.974831657134956941e+01
2.167642419299011891e+01 1.974519112292177070e+01
2.167990714596874824e+01 1.974208278355509094e+01
2.168337484548746019e+01 1.973899145277022171e+01
2.168682734289954084e+01 1.973591703074808024e+01
2.169026468957852316e+01 1.973285941832478585e+01
2.169368693691505712e+01 1.972981851698668621e+01
2.169709413631385075e+01 1.972679422886542611e+01
2.170048633919062908e+01 1.972378645673306252e+01
2.170386359696917467e+01 1.972079510399722579e+01
2.170722596107837532e+01 1.971782007469631282e+01
2.171057348294935707e+01 1.971486127349472639e+01
2.171390621401262777e+01 1.971191860567815723e+01
2.171722420569528822e+01 1.970899197714890860e+01
2.172052750941828236e+01 1.970608129442126710e+01
2.172381617659368302e+01 1.970318646461689482e+01
2.172709025862202026e+01 1.970030739546027831e+01
2.173034980688967011e+01 1.969744399527421663e+01
2.173359487276626822e+01 1.969459617297534137e+01
2.173682550760216259e+01 1.969176383806967578e+01
2.174004176272591948e+01 1.968894690064824005e+01
2.174324368944186503e+01 1.968614527138268144e+01
2.174643133902766934e+01 1.968335886152096492e+01
2.174960476273195198e+01 1.968058758288307075e+01
2.175276401177195851e+01 1.967783134785675614e+01
2.175590913733124765e+01 1.967509006939333460e+01
2.175904019055742822e+01 1.967236366100350153e+01
2.176215722255993512e+01 1.966965203675319529e+01
2.176526028440783733e+01 1.966695511125949025e+01
2.176834942712767784e+01 1.966427279968652542e+01
2.177142470170137045e+01 1.966160501774147207e+01
2.177448615906410723e+01 1.965895168167052631e+01
2.177753385010231213e+01 1.965631270825495491e+01
2.178056782565163729e+01 1.965368801480714822e+01
2.178358813649497350e+01 1.965107751916673351e+01
2.178659483336052105e+01 1.964848113969669541e+01
2.178958796691986777e+01 1.964589879527955674e+01
2.179256758778612024e+01 1.964333040531356644e+01
2.179553374651205289e+01 1.964077588970894084e+01
2.179848649358830315e+01 1.963823516888412257e+01
2.180142587944158450e+01 1.963570816376207162e+01
2.180435195443294205e+01 1.963319479576659887e+01
2.180726476885603660e+01 1.963069498681872105e+01
2.181016437293545351e+01 1.962820865933305470e+01
2.181305081682505076e+01 1.962573573621422085e+01
2.181592415060633172e+01 1.962327614085331007e+01
2.181878442428683940e+01 1.962082979712435105e+01
2.182163168779860030e+01 1.961839662938082540e+01
2.182446599099658258e+01 1.961597656245220023e+01
2.182728738365717547e+01 1.961356952164049972e+01
2.183009591547672201e+01 1.961117543271689456e+01
2.183289163607005534e+01 1.960879422191833399e+01
2.183567459496906693e+01 1.960642581594419553e+01
2.183844484162131749e+01 1.960407014195295972e+01
2.184120242538865142e+01 1.960172712755892732e+01
2.184394739554586096e+01 1.959939670082894381e+01
2.184667980127935039e+01 1.959707879027917343e+01
2.184939969168585350e+01 1.959477332487187695e+01
2.185210711577115461e+01 1.959248023401224259e+01
2.185480212244884157e+01 1.959019944754521347e+01
2.185748476053909428e+01 1.958793089575236124e+01
2.186015507876748032e+01 1.958567450934878806e+01
2.186281312576378255e+01 1.958343021948003582e+01
2.186545895006084805e+01 1.958119795771904137e+01
2.186809260009346900e+01 1.957897765606309548e+01
2.187071412419727423e+01 1.957676924693085496e+01
2.187332357060765275e+01 1.957457266315934419e+01
2.187592098745869507e+01 1.957238783800101700e+01
2.187850642278216284e+01 1.957021470512081862e+01
2.188107992450646222e+01 1.956805319859327241e+01
2.188364154045566679e+01 1.956590325289961285e+01
2.188619131834854414e+01 1.956376480292490783e+01
2.188872930579759668e+01 1.956163778395523423e+01
2.189125555030814851e+01 1.955952213167486420e+01
2.189377009927742535e+01 1.955741778216346916e+01
2.189627299999367338e+01 1.955532467189335932e+01
2.189876429963528892e+01 1.955324273772673749e+01
2.190124404526996926e+01 1.955117191691297407e+01
2.190371228385388847e+01 1.954911214708590350e+01
2.190616906223088378e+01 1.954706336626115259e+01
2.190861442713166696e+01 1.954502551283347955e+01
2.191104842517304618e+01 1.954299852557414141e+01
2.191347110285718713e+01 1.954098234362827924e+01
2.191588250657086689e+01 1.953897690651232111e+01
2.191828268258475276e+01 1.953698215411141348e+01
2.192067167705271302e+01 1.953499802667687035e+01
2.192304953601112771e+01 1.953302446482364019e+01
2.192541630537823139e+01 1.953106140952779768e+01
2.192777203095344873e+01 1.952910880212404976e+01
2.193011675841678354e+01 1.952716658430326646e+01
2.193245053332818983e+01 1.952523469811003309e+01
2.193477340112697860e+01 1.952331308594021309e+01
2.193708540713123156e+01 1.952140169053854279e+01
2.193938659653723988e+01 1.951950045499623343e+01
2.194167701441895346e+01 1.951760932274859783e+01
2.194395670572743384e+01 1.951572823757270214e+01
2.194622571529034616e+01 1.951385714358502099e+01
2.194848408781144755e+01 1.951199598523912471e+01
2.195073186787010400e+01 1.951014470732337713e+01
2.195296909992080359e+01 1.950830325495866546e+01
2.195519582829269822e+01 1.950647157359611938e+01
2.195741209718915954e+01 1.950464960901487999e+01
2.195961795068734190e+01 1.950283730731986509e+01
2.196181343273776321e+01 1.950103461493956658e+01
2.196399858716389986e+01 1.949924147862385126e+01
2.196617345766179241e+01 1.949745784544179017e+01
2.196833808779966546e+01 1.949568366277949494e+01
2.197049252101756167e+01 1.949391887833797909e+01
2.197263680062699009e+01 1.949216344013103708e+01
2.197477096981057443e+01 1.949041729648313748e+01
2.197689507162174394e+01 1.948868039602731983e+01
2.197900914898439240e+01 1.948695268770313405e+01
2.198111324469259742e+01 1.948523412075456918e+01
2.198320740141030782e+01 1.948352464472802481e+01
2.198529166167108073e+01 1.948182420947026827e+01
2.198736606787779380e+01 1.948013276512643444e+01
2.198943066230240362e+01 1.947845026213802555e+01
2.199148548708568995e+01 1.947677665124093238e+01
2.199353058423702478e+01 1.947511188346346955e+01
2.199556599563414494e+01 1.947345591012442512e+01
2.199759176302293895e+01 1.947180868283112432e+01
2.199960792801724452e+01 1.947017015347751467e+01
2.200161453209865670e+01 1.946854027424225464e+01
2.200361161661634313e+01 1.946691899758682709e+01
2.200559922278687708e+01 1.946530627625366705e+01
2.200757739169406690e+01 1.946370206326429297e+01
2.200954616428881039e+01 1.946210631191745932e+01
2.201150558138894908e+01 1.946051897578733403e+01
2.201345568367914041e+01 1.945894000872167240e+01
2.201539651171072265e+01 1.945736936484000523e+01
2.201732810590160838e+01 1.945580699853186246e+01
2.201925050653618499e+01 1.945425286445498614e+01
2.202116375376520807e+01 1.945270691753356473e+01
2.202306788760571266e+01 1.945116911295648521e+01
2.202496294794094922e+01 1.944963940617559928e+01
2.202684897452029489e+01 1.944811775290399325e+01
2.202872600695920369e+01 1.944660410911428272e+01
2.203059408473915326e+01 1.944509843103690727e+01
2.203245324720759513e+01 1.944360067515845003e+01
2.203430353357791560e+01 1.944211079821996435e+01
2.203614498292941448e+01 1.944062875721530759e+01
2.203797763420727662e+01 1.943915450938950684e+01
2.203980152622256128e+01 1.943768801223711407e+01
2.204161669765220211e+01 1.943622922350057891e+01
2.204342318703899295e+01 1.943477810116865001e+01
2.204522103279161271e+01 1.943333460347476560e+01
2.204701027318463247e+01 1.943189868889547256e+01
2.204879094635854386e+01 1.943047031614885256e+01
2.205056309031978401e+01 1.942904944419295532e+01
2.205232674294077100e+01 1.942763603222424962e+01
2.205408194195995719e+01 1.942623003967607787e+01
2.205582872498187186e+01 1.942483142621713554e+01
2.205756712947718157e+01 1.942344015174994709e+01
2.205929719278275059e+01 1.942205617640937021e+01
2.206101895210171193e+01 1.942067946056108951e+01
2.206273244450354554e+01 1.941930996480013860e+01
2.206443770692415640e+01 1.941794764994942568e+01
2.206613477616596697e+01 1.941659247705827340e+01
2.206782368889800949e+01 1.941524440740096935e+01
2.206950448165602552e+01 1.941390340247532365e+01
2.207117719084256890e+01 1.941256942400123719e+01
2.207284185272712662e+01 1.941124243391928417e+01
2.207449850344622533e+01 1.940992239438930511e+01
2.207614717900355572e+01 1.940860926778901074e+01
2.207778791527010753e+01 1.940730301671258218e+01
2.207942074798429033e+01 1.940600360396930668e+01
2.208104571275208627e+01 1.940471099258220633e+01
2.208266284504717802e+01 1.940342514578667021e+01
2.208427218021111216e+01 1.940214602702911861e+01
2.208587375345343773e+01 1.940087359996566008e+01
2.208746759985187325e+01 1.939960782846076270e+01
2.208905375435247009e+01 1.939834867658593609e+01
2.209063225176977596e+01 1.939709610861842037e+01
2.209220312678700537e+01 1.939585008903988594e+01
2.209376641395622087e+01 1.939461058253515091e+01
2.209532214769851421e+01 1.939337755399088437e+01
2.209687036230418400e+01 1.939215096849435227e+01
2.209841109193293462e+01 1.939093079133214559e+01
2.209994437061406458e+01 1.938971698798892263e+01
2.210147023224666185e+01 1.938850952414617268e+01
2.210298871059981352e+01 1.938730836568098326e+01
2.210449983931280116e+01 1.938611347866480017e+01
2.210600365189532468e+01 1.938492482936221961e+01
2.210750018172769771e+01 1.938374238422977669e+01
2.210898946206108207e+01 1.938256610991474460e+01
2.211047152601769739e+01 1.938139597325394448e+01
2.211194640659104493e+01 1.938023194127256232e+01
2.211341413664614564e+01 1.937907398118296953e+01
2.211487474891976035e+01 1.937792206038356113e+01
2.211632827602062790e+01 1.937677614645759405e+01
2.211777475042971020e+01 1.937563620717203605e+01
2.211921420450042319e+01 1.937450221047643240e+01
2.212064667045888910e+01 1.937337412450176188e+01
2.212207218040417800e+01 1.937225191755931775e+01
2.212349076630856004e+01 1.937113555813958499e+01
2.212490246001776129e+01 1.937002501491113549e+01
2.212630729325122303e+01 1.936892025671952311e+01
2.212770529760235050e+01 1.936782125258618947e+01
2.212909650453878641e+01 1.936672797170737681e+01
2.213048094540267030e+01 1.936564038345305150e+01
2.213185865141090858e+01 1.936455845736582759e+01
2.213322965365544448e+01 1.936348216315991166e+01
2.213459398310352810e+01 1.936241147072003699e+01
2.213595167059799351e+01 1.936134635010042260e+01
2.213730274685753585e+01 1.936028677152372524e+01
2.213864724247700266e+01 1.935923270538001262e+01
2.213998518792765680e+01 1.935818412222572604e+01
2.214131661355747482e+01 1.935714099278266787e+01
2.214264154959143127e+01 1.935610328793698542e+01
2.214396002613178993e+01 1.935507097873816917e+01
2.214527207315839163e+01 1.935404403639805082e+01
2.214657772052895268e+01 1.935302243228981212e+01
2.214787699797935261e+01 1.935200613794699720e+01
2.214916993512394328e+01 1.935099512506253561e+01
2.215045656145584374e+01 1.934998936548777948e+01
2.215173690634723513e+01 1.934898883123152302e+01
2.215301099904967330e+01 1.934799349445905747e+01
2.215427886869439078e+01 1.934700332749121188e+01
2.215554054429260589e+01 1.934601830280341517e+01
2.215679605473583180e+01 1.934503839302475470e+01
2.215804542879617856e+01 1.934406357093703832e+01
2.215928869512667632e+01 1.934309380947387780e+01
2.216052588226158448e+01 1.934212908171976508e+01
2.216175701861671143e+01 1.934116936090915928e+01
2.216298213248972004e+01 1.934021462042558070e+01
2.216420125206045810e+01 1.933926483380071559e+01
2.216541440539127450e+01 1.933831997471351016e+01
2.216662162042733542e+01 1.933738001698929310e+01
2.216782292499695473e+01 1.933644493459888736e+01
2.216901834681191374e+01 1.933551470165773623e+01
2.217020791346778452e+01 1.933458929242503643e+01
2.217139165244425669e+01 1.933366868130286775e+01
2.217256959110547143e+01 1.933275284283533679e+01
2.217374175670034475e+01 1.933184175170772434e+01
2.217490817636289435e+01 1.933093538274563983e+01
2.217606887711257357e+01 1.933003371091417932e+01
2.217722388585460891e+01 1.932913671131708711e+01
2.217837322938032685e+01 1.932824435919593498e+01
2.217951693436748428e+01 1.932735662992929093e+01
2.218065502738061312e+01 1.932647349903189493e+01
2.218178753487134713e+01 1.932559494215385953e+01
2.218291448317876657e+01 1.932472093507985278e+01
2.218403589852972857e+01 1.932385145372829527e+01
2.218515180703921175e+01 1.932298647415056791e+01
2.218626223471065018e+01 1.932212597253022324e+01
2.218736720743627444e+01 1.932126992518218600e+01
2.218846675099745624e+01 1.932041830855198583e+01
2.218956089106504237e+01 1.931957109921497562e+01
2.219064965319970995e+01 1.931872827387556413e+01
2.219173306285228975e+01 1.931788980936644151e+01
2.219281114536412858e+01 1.931705568264782968e+01
2.219388392596741610e+01 1.931622587080671849e+01
2.219495142978554725e+01 1.931540035105612674e+01
2.219601368183344903e+01 1.931457910073434547e+01
2.219707070701793938e+01 1.931376209730419902e+01
2.219812253013806469e+01 1.931294931835231665e+01
2.219916917588545502e+01 1.931214074158839367e+01
2.220021066884465810e+01 1.931133634484447015e+01
2.220124703349349815e+01 1.931053610607421334e+01
2.220227829420341692e+01 1.930974000335218932e+01
2.220330447523982187e+01 1.930894801487316670e+01
2.220432560076243789e+01 1.930816011895139894e+01
2.220534169482565545e+01 1.930737629401992450e+01
2.220635278137887170e+01 1.930659651862987047e+01
2.220735888426684923e+01 1.930582077144976338e+01
2.220836002723006075e+01 1.930504903126482930e+01
2.220935623390503721e+01 1.930428127697632235e+01
2.221034752782471955e+01 1.930351748760083908e+01
2.221133393241880682e+01 1.930275764226964341e+01
2.221231547101410442e+01 1.930200172022799876e+01
2.221329216683488283e+01 1.930124970083449298e+01
2.221426404300321522e+01 1.930050156356039182e+01
2.221523112253933618e+01 1.929975728798896739e+01
2.221619342836198996e+01 1.929901685381485166e+01
2.221715098328877502e+01 1.929828024084338267e+01
2.221810381003649937e+01 1.929754742898996511e+01
2.221905193122153577e+01 1.929681839827943080e+01
2.221999536936015929e+01 1.929609312884538852e+01
2.222093414686890966e+01 1.929537160092960946e+01
2.222186828606493236e+01 1.929465379488138765e+01
2.222279780916633385e+01 1.929393969115691831e+01
2.222372273829252975e+01 1.929322927031867962e+01
2.222464309546458949e+01 1.929252251303481103e+01
2.222555890260559508e+01 1.929181940007850571e+01
2.222647018154098575e+01 1.929111991232740309e+01
2.222737695399890612e+01 1.929042403076298129e+01
2.222827924161055790e+01 1.928973173646995676e+01
2.222917706591054454e+01 1.928904301063568738e+01
2.223007044833722290e+01 1.928835783454957920e+01
2.223095941023305500e+01 1.928767618960250019e+01
2.223184397284494906e+01 1.928699805728619054e+01
2.223272415732460772e+01 1.928632341919268356e+01
2.223359998472888677e+01 1.928565225701373365e+01
2.223447147602012564e+01 1.928498455254022659e+01
2.223533865206650617e+01 1.928432028766162531e+01
2.223620153364239727e+01 1.928365944436539081e+01
2.223706014142869591e+01 1.928300200473642789e+01
2.223791449601318249e+01 1.928234795095652032e+01
2.223876461789085468e+01 1.928169726530377304e+01
2.223961052746427924e+01 1.928104993015206503e+01
2.224045224504394014e+01 1.928040592797049158e+01
2.224128979084857960e+01 1.927976524132283132e+01
2.224212318500553565e+01 1.927912785286699204e+01
2.224295244755109380e+01 1.927849374535447780e+01
2.224377759843083169e+01 1.927786290162985239e+01
2.224459865749995302e+01 1.927723530463020296e+01
2.224541564452363218e+01 1.927661093738462128e+01
2.224622857917736596e+01 1.927598978301366728e+01
2.224703748104730039e+01 1.927537182472885746e+01
2.224784236963058248e+01 1.927475704583213556e+01
2.224864326433569062e+01 1.927414542971536093e+01
2.224944018448278626e+01 1.927353695985980053e+01
2.225023314930404084e+01 1.927293161983561731e+01
2.225102217794398030e+01 1.927232939330135864e+01
2.225180728945982267e+01 1.927173026400346600e+01
2.225258850282181911e+01 1.927113421577575991e+01
2.225336583691358427e+01 1.927054123253895312e+01
2.225413931053243743e+01 1.926995129830015685e+01
2.225490894238973283e+01 1.926936439715239047e+01
2.225567475111120075e+01 1.926878051327408770e+01
2.225643675523727794e+01 1.926819963092862054e+01
2.225719497322344509e+01 1.926762173446381610e+01
2.225794942344055727e+01 1.926704680831146987e+01
2.225870012417517430e+01 1.926647483698688745e+01
2.225944709362990181e+01 1.926590580508839423e+01
2.226019034992371459e+01 1.926533969729687357e+01
2.226092991109228691e+01 1.926477649837530848e+01
2.226166579508832655e+01 1.926421619316830203e+01
2.226239801978190158e+01 1.926365876660162968e+01
2.226312660296077084e+01 1.926310420368177390e+01
2.226385156233071427e+01 1.926255248949547294e+01
2.226457291551584916e+01 1.926200360920926258e+01
2.226529068005897116e+01 1.926145754806903909e+01
2.226600487342187051e+01 1.926091429139959743e+01
2.226671551298566243e+01 1.926037382460419423e+01
2.226742261605110684e+01 1.925983613316411436e+01
2.226812619983893882e+01 1.925930120263821621e+01
2.226882628149018117e+01 1.925876901866250890e+01
2.226952287806647490e+01 1.925823956694970818e+01
2.227021600655040245e+01 1.925771283328882078e+01
2.227090568384580038e+01 1.925718880354470031e+01
2.227159192677808619e+01 1.925666746365763515e+01
2.227227475209457097e+01 1.925614879964291504e+01
2.227295417646478271e+01 1.925563279759041890e+01
2.227363021648078600e+01 1.925511944366418859e+01
2.227430288865749475e+01 1.925460872410202740e+01
2.227497220943298828e+01 1.925410062521507371e+01
2.227563819516882759e+01 1.925359513338739958e+01
2.227630086215036798e+01 1.925309223507560219e+01
2.227696022658707875e+01 1.925259191680839166e+01
2.227761630461284881e+01 1.925209416518619676e+01
2.227826911228630635e+01 1.925159896688075989e+01
2.227891866559112088e+01 1.925110630863474626e+01
2.227956498043632294e+01 1.925061617726133889e+01
2.228020807265660252e+01 1.925012855964385139e+01
2.228084795801263240e+01 1.924964344273533712e+01
2.228148465219136298e+01 1.924916081355819841e+01
2.228211817080633850e+01 1.924868065920380644e+01
2.228274852939799899e+01 1.924820296683211396e+01
2.228337574343398231e+01 1.924772772367126805e+01
2.228399982830944026e+01 1.924725491701724067e+01
2.228462079934732998e+01 1.924678453423345204e+01
2.228523867179872298e+01 1.924631656275038694e+01
2.228585346084310359e+01 1.924585099006522881e+01
2.228646518158867806e+01 1.924538780374149383e+01
2.228707384907266587e+01 1.924492699140865781e+01
2.228767947826160523e+01 1.924446854076178681e+01
2.228828208405164446e+01 1.924401243956118179e+01
2.228888168126885105e+01 1.924355867563201627e+01
2.228947828466949943e+01 1.924310723686397395e+01
2.229007190894037294e+01 1.924265811121088987e+01
2.229066256869904805e+01 1.924221128669040581e+01
2.229125027849420349e+01 1.924176675138360793e+01
2.229183505280590083e+01 1.924132449343467854e+01
2.229241690604588655e+01 1.924088450105054804e+01
2.229299585255787974e+01 1.924044676250055375e+01
2.229357190661786348e+01 1.924001126611608825e+01
2.229414508243436899e+01 1.923957800029025833e+01
2.229471539414877412e+01 1.923914695347755099e+01
2.229528285583558755e+01 1.923871811419348532e+01
2.229584748150273299e+01 1.923829147101428561e+01
2.229640928509183695e+01 1.923786701257654741e+01
2.229696828047851653e+01 1.923744472757689294e+01
2.229752448147266009e+01 1.923702460477165488e+01
2.229807790181871496e+01 1.923660663297653883e+01
2.229862855519596820e+01 1.923619080106630719e+01
2.229917645521882719e+01 1.923577709797444157e+01
2.229972161543710385e+01 1.923536551269282668e+01
2.230026404933628825e+01 1.923495603427143763e+01
2.230080377033783634e+01 1.923454865181800955e+01
2.230134079179943996e+01 1.923414335449772139e+01
2.230187512701530750e+01 1.923374013153288686e+01
2.230240678921644104e+01 1.923333897220264532e+01
2.230293579157091344e+01 1.923293986584263493e+01
2.230346214718413478e+01 1.923254280184469422e+01
2.230398586909914016e+01 1.923214776965655659e+01
2.230450697029684548e+01 1.923175475878153762e+01
2.230502546369633166e+01 1.923136375877823667e+01
2.230554136215511107e+01 1.923097475926023137e+01
2.230605467846939405e+01 1.923058774989577557e+01
2.230656542537436948e+01 1.923020272040750100e+01
2.230707361554445711e+01 1.922981966057212588e+01
2.230757926159358462e+01 1.922943856022015652e+01
2.230808237607545763e+01 1.922905940923559243e+01
2.230858297148381197e+01 1.922868219755563501e+01
2.230908106025269078e+01 1.922830691517039270e+01
2.230957665475670382e+01 1.922793355212260735e+01
2.231006976731128333e+01 1.922756209850734876e+01
2.231056041017295399e+01 1.922719254447174109e+01
2.231104859553959230e+01 1.922682488021468217e+01
2.231153433555068588e+01 1.922645909598654868e+01
2.231201764228759288e+01 1.922609518208892609e+01
2.231249852777379772e+01 1.922573312887433161e+01
2.231297700397517048e+01 1.922537292674592990e+01
2.231345308280021911e+01 1.922501456615726312e+01
2.231392677610035591e+01 1.922465803761197378e+01
2.231439809567013555e+01 1.922430333166353478e+01
2.231486705324752151e+01 1.922395043891497934e+01
2.231533366051413481e+01 1.922359935001863107e+01
2.231579792909550264e+01 1.922325005567583744e+01
2.231625987056131422e+01 1.922290254663669984e+01
2.231671949642566588e+01 1.922255681369981772e+01
2.231717681814731691e+01 1.922221284771201510e+01
2.231763184712992754e+01 1.922187063956808828e+01
2.231808459472231121e+01 1.922153018021053938e+01
2.231853507221868682e+01 1.922119146062932415e+01
2.231898329085891319e+01 1.922085447186159257e+01
2.231942926182873776e+01 1.922051920499142952e+01
2.231987299626004528e+01 1.922018565114960964e+01
2.232031450523109584e+01 1.921985380151333089e+01
2.232075379976676643e+01 1.921952364730598362e+01
2.232119089083878904e+01 1.921919517979688052e+01
2.232162578936599573e+01 1.921886839030102578e+01
2.232205850621455667e+01 1.921854327017885211e+01
2.232248905219821467e+01 1.921821981083598985e+01
2.232291743807852669e+01 1.921789800372301471e+01
2.232334367456509838e+01 1.921757784033520622e+01
2.232376777231582210e+01 1.921725931221231320e+01
2.232418974193710426e+01 1.921694241093830513e+01
2.232460959398410694e+01 1.921662712814113760e+01
2.232502733896097524e+01 1.921631345549251435e+01
2.232544298732107535e+01 1.921600138470765629e+01
2.232585654946721476e+01 1.921569090754506348e+01
2.232626803575188390e+01 1.921538201580627714e+01
2.232667745647747992e+01 1.921507470133565576e+01
2.232708482189653409e+01 1.921476895602014423e+01
2.232749014221194273e+01 1.921446477178904289e+01
2.232789342757719098e+01 1.921416214061377659e+01
2.232829468809658024e+01 1.921386105450767445e+01
2.232869393382544843e+01 1.921356150552573894e+01
2.232909117477040084e+01 1.921326348576442555e+01
2.232948642088953051e+01 1.921296698736141906e+01
2.232987968209263840e+01 1.921267200249541318e+01
2.233027096824145374e+01 1.921237852338589391e+01
2.233066028914986134e+01 1.921208654229290858e+01
2.233104765458411833e+01 1.921179605151686332e+01
2.233143307426306379e+01 1.921150704339829929e+01
2.233181655785834963e+01 1.921121951031767239e+01
2.233219811499465024e+01 1.921093344469515074e+01
2.233257775524988276e+01 1.921064883899039444e+01
2.233295548815541309e+01 1.921036568570234593e+01
2.233333132319628689e+01 1.921008397736902040e+01
2.233370526981142845e+01 1.920980370656729619e+01
2.233407733739385748e+01 1.920952486591270159e+01
2.233444753529090221e+01 1.920924744805921947e+01
2.233481587280441261e+01 1.920897144569907411e+01
2.233518235919096639e+01 1.920869685156252515e+01
2.233554700366208223e+01 1.920842365841766863e+01
2.233590981538442222e+01 1.920815185907023448e+01
2.233627080348000504e+01 1.920788144636338401e+01
2.233662997702640851e+01 1.920761241317750745e+01
2.233698734505698269e+01 1.920734475243002848e+01
2.233734291656104887e+01 1.920707845707520889e+01
2.233769670048410205e+01 1.920681352010394605e+01
2.233804870572802059e+01 1.920654993454358106e+01
2.233839894115126512e+01 1.920628769345770692e+01
2.233874741556908106e+01 1.920602678994596957e+01
2.233909413775370112e+01 1.920576721714387958e+01
2.233943911643454072e+01 1.920550896822262033e+01
2.233978236029840403e+01 1.920525203638885614e+01
2.234012387798967580e+01 1.920499641488454401e+01
2.234046367811052392e+01 1.920474209698674528e+01
2.234080176922109118e+01 1.920448907600744448e+01
2.234113815983969786e+01 1.920423734529335391e+01
2.234147285844303710e+01 1.920398689822573601e+01
2.234180587346635960e+01 1.920373772822021863e+01
2.234213721330367619e+01 1.920348982872660670e+01
2.234246688630794608e+01 1.920324319322870821e+01
2.234279490079127584e+01 1.920299781524414939e+01
2.234312126502510054e+01 1.920275368832419716e+01
2.234344598724038278e+01 1.920251080605357430e+01
2.234376907562779735e+01 1.920226916205028900e+01
2.234409053833791958e+01 1.920202874996545361e+01
2.234441038348141717e+01 1.920178956348311416e+01
2.234472861912923847e+01 1.920155159632006914e+01
2.234504525331279012e+01 1.920131484222569895e+01
2.234536029402413604e+01 1.920107929498179544e+01
2.234567374921616434e+01 1.920084494840238420e+01
2.234598562680279343e+01 1.920061179633355763e+01
2.234629593465913544e+01 1.920037983265330084e+01
2.234660468062169159e+01 1.920014905127133176e+01
2.234691187248852984e+01 1.919991944612892709e+01
2.234721751801946255e+01 1.919969101119874821e+01
2.234752162493623118e+01 1.919946374048468485e+01
2.234782420092268751e+01 1.919923762802169165e+01
2.234812525362496416e+01 1.919901266787561056e+01
2.234842479065165932e+01 1.919878885414302516e+01
2.234872281957401441e+01 1.919856618095107947e+01
2.234901934792608813e+01 1.919834464245732875e+01
2.234931438320493058e+01 1.919812423284957248e+01
2.234960793287075731e+01 1.919790494634570166e+01
2.234990000434713409e+01 1.919768677719353178e+01
2.235019060502113319e+01 1.919746971967065008e+01
2.235047974224352174e+01 1.919725376808425565e+01
2.235076742332892863e+01 1.919703891677100316e+01
2.235105365555600443e+01 1.919682516009684647e+01
2.235133844616761323e+01 1.919661249245688595e+01
2.235162180237098184e+01 1.919640090827521206e+01
2.235190373133788455e+01 1.919619040200475268e+01
2.235218424020479944e+01 1.919598096812712740e+01
2.235246333607308244e+01 1.919577260115248762e+01
2.235274102600913437e+01 1.919556529561936742e+01
2.235301731704456429e+01 1.919535904609453780e+01
2.235329221617635298e+01 1.919515384717285755e+01
2.235356573036702699e+01 1.919494969347712043e+01
2.235383786654480787e+01 1.919474657965790954e+01
2.235410863160378980e+01 1.919454450039345517e+01
2.235437803240409593e+01 1.919434345038948209e+01
2.235464607577203466e+01 1.919414342437907450e+01
2.235491276850027020e+01 1.919394441712251975e+01
2.235517811734797888e+01 1.919374642340717685e+01
2.235544212904100547e+01 1.919354943804732727e+01
2.235570481027202661e+01 1.919335345588402930e+01
2.235596616770071066e+01 1.919315847178499013e+01
2.235622620795387050e+01 1.919296448064441307e+01
2.235648493762561984e+01 1.919277147738286260e+01
2.235674236327753661e+01 1.919257945694712575e+01
2.235699849143880868e+01 1.919238841431007714e+01
2.235725332860639725e+01 1.919219834447054041e+01
2.235750688124518604e+01 1.919200924245314255e+01
2.235775915578813411e+01 1.919182110330819668e+01
2.235801015863643570e+01 1.919163392211154928e+01
2.235825989615966236e+01 1.919144769396445938e+01
2.235850837469591923e+01 1.919126241399345290e+01
2.235875560055199784e+01 1.919107807735020188e+01
2.235900158000352533e+01 1.919089467921138237e+01
2.235924631929511008e+01 1.919071221477854650e+01
2.235948982464049095e+01 1.919053067927800171e+01
2.235973210222269003e+01 1.919035006796066156e+01
2.235997315819415832e+01 1.919017037610193555e+01
2.236021299867691781e+01 1.918999159900158702e+01
2.236045162976271072e+01 1.918981373198361240e+01
2.236068905751315228e+01 1.918963677039611326e+01
2.236092528795986212e+01 1.918946070961116845e+01
2.236116032710461710e+01 1.918928554502470618e+01
2.236139418091948983e+01 1.918911127205638678e+01
2.236162685534700145e+01 1.918893788614947127e+01
2.236185835630024599e+01 1.918876538277070054e+01
2.236208868966305374e+01 1.918859375741017104e+01
2.236231786129011212e+01 1.918842300558121394e+01
2.236254587700712193e+01 1.918825312282027085e+01
2.236277274261092174e+01 1.918808410468677650e+01
2.236299846386964418e+01 1.918791594676303447e+01
2.236322304652284032e+01 1.918774864465409991e+01
2.236344649628162173e+01 1.918758219398766585e+01
2.236366881882879909e+01 1.918741659041392822e+01
2.236389001981902069e+01 1.918725182960548992e+01
2.236411010487890039e+01 1.918708790725722579e+01
2.236432907960716321e+01 1.918692481908617253e+01
2.236454694957477329e+01 1.918676256083141851e+01
2.236476372032506887e+01 1.918660112825397945e+01
2.236497939737389729e+01 1.918644051713668830e+01
2.236519398620974997e+01 1.918628072328407796e+01
2.236540749229388325e+01 1.918612174252227476e+01
2.236561992106046759e+01 1.918596357069888114e+01
2.236583127791670478e+01 1.918580620368286205e+01
2.236604156824296652e+01 1.918564963736443474e+01
2.236625079739291522e+01 1.918549386765495868e+01
2.236645897069364608e+01 1.918533889048682184e+01
2.236666609344580436e+01 1.918518470181334123e+01
2.236687217092372038e+01 1.918503129760863501e+01
2.236707720837553381e+01 1.918487867386753365e+01
2.236728121102331812e+01 1.918472682660546269e+01
2.236748418406321548e+01 1.918457575185832908e+01
2.236768613266555050e+01 1.918442544568242880e+01
2.236788706197496879e+01 1.918427590415432604e+01
2.236808697711055416e+01 1.918412712337076087e+01
2.236828588316594946e+01 1.918397909944853197e+01
2.236848378520948444e+01 1.918383182852440072e+01
2.236868068828430012e+01 1.918368530675498107e+01
2.236887659740846956e+01 1.918353953031664005e+01
2.236907151757511869e+01 1.918339449540539476e+01
2.236926545375254705e+01 1.918325019823680933e+01
2.236945841088435216e+01 1.918310663504589186e+01
2.236965039388954324e+01 1.918296380208699503e+01
2.236984140766266904e+01 1.918282169563371298e+01
2.237003145707392804e+01 1.918268031197877832e+01
2.237022054696929274e+01 1.918253964743397333e+01
2.237040868217062695e+01 1.918239969833002334e+01
2.237059586747580298e+01 1.918226046101649729e+01
2.237078210765881536e+01 1.918212193186170822e+01
2.237096740746989809e+01 1.918198410725262448e+01
2.237115177163564539e+01 1.918184698359476315e+01
2.237133520485912186e+01 1.918171055731209762e+01
2.237151771181997617e+01 1.918157482484696175e+01
2.237169929717456185e+01 1.918143978265995386e+01
2.237187996555604386e+01 1.918130542722984089e+01
2.237205972157451228e+01 1.918117175505346950e+01
2.237223856981710313e+01 1.918103876264565955e+01
2.237241651484809779e+01 1.918090644653912591e+01
2.237259356120904386e+01 1.918077480328437545e+01
2.237276971341886522e+01 1.918064382944961821e+01
2.237294497597396514e+01 1.918051352162067147e+01
2.237311935334834700e+01 1.918038387640087450e+01
2.237329284999371737e+01 1.918025489041099263e+01
2.237346547033959254e+01 1.918012656028912843e+01
2.237363721879341227e+01 1.917999888269062936e+01
2.237380809974064277e+01 1.917987185428800601e+01
2.237397811754489396e+01 1.917974547177083622e+01
2.237414727654801538e+01 1.917961973184567270e+01
2.237431558107020280e+01 1.917949463123596487e+01
2.237448303541011541e+01 1.917937016668196648e+01
2.237464964384497179e+01 1.917924633494064679e+01
2.237481541063065293e+01 1.917912313278560532e+01
2.237498034000181235e+01 1.917900055700698658e+01
2.237514443617197912e+01 1.917887860441138770e+01
2.237530770333366092e+01 1.917875727182178736e+01
2.237547014565844705e+01 1.917863655607744633e+01
2.237563176729711145e+01 1.917851645403382932e+01
2.237579257237970864e+01 1.917839696256252324e+01
2.237595256501568386e+01 1.917827807855114841e+01
2.237611174929396896e+01 1.917815979890327682e+01
2.237627012928308901e+01 1.917804212053835400e+01
2.237642770903125111e+01 1.917792504039161017e+01
2.237658449256645454e+01 1.917780855541398211e+01
2.237674048389659021e+01 1.917769266257203498e+01
2.237689568700952591e+01 1.917757735884786996e+01
2.237705010587322363e+01 1.917746264123905675e+01
2.237720374443581761e+01 1.917734850675854830e+01
2.237735660662573167e+01 1.917723495243459908e+01
2.237750869635176088e+01 1.917712197531069052e+01
2.237766001750317457e+01 1.917700957244544213e+01
2.237781057394980877e+01 1.917689774091254762e+01
2.237796036954216561e+01 1.917678647780068957e+01
2.237810940811150573e+01 1.917667578021345420e+01
2.237825769346994420e+01 1.917656564526927099e+01
2.237840522941054289e+01 1.917645607010132380e+01
2.237855201970740637e+01 1.917634705185747279e+01
2.237869806811577433e+01 1.917623858770019041e+01
2.237884337837211035e+01 1.917613067480647260e+01
2.237898795419420495e+01 1.917602331036777485e+01
2.237913179928125373e+01 1.917591649158993050e+01
2.237927491731396046e+01 1.917581021569307254e+01
2.237941731195462225e+01 1.917570447991157323e+01
2.237955898684721845e+01 1.917559928149395887e+01
2.237969994561750298e+01 1.917549461770284225e+01
2.237984019187310025e+01 1.917539048581484451e+01
2.237997972920358691e+01 1.917528688312052765e+01
2.238011856118058063e+01 1.917518380692432345e+01
2.238025669135782891e+01 1.917508125454445178e+01
2.238039412327130506e+01 1.917497922331286730e+01
2.238053086043928630e+01 1.917487771057516710e+01
2.238066690636244260e+01 1.917477671369054093e+01
2.238080226452392552e+01 1.917467623003168598e+01
2.238093693838946052e+01 1.917457625698473933e+01
2.238107093140741810e+01 1.917447679194922117e+01
2.238120424700891675e+01 1.917437783233794590e+01
2.238133688860789050e+01 1.917427937557696893e+01
2.238146885960118837e+01 1.917418141910551199e+01
2.238160016336864899e+01 1.917408396037589569e+01
2.238173080327319298e+01 1.917398699685347196e+01
2.238186078266090107e+01 1.917389052601656019e+01
2.238199010486109231e+01 1.917379454535637251e+01
2.238211877318641996e+01 1.917369905237695704e+01
2.238224679093294256e+01 1.917360404459512324e+01
2.238237416138021274e+01 1.917350951954038152e+01
2.238250088779135183e+01 1.917341547475487573e+01
2.238262697341313512e+01 1.917332190779331569e+01
2.238275242147607713e+01 1.917322881622291320e+01
2.238287723519450267e+01 1.917313619762332522e+01
2.238300141776663565e+01 1.917304404958657926e+01
2.238312497237467369e+01 1.917295236971701300e+01
2.238324790218486626e+01 1.917286115563121385e+01
2.238337021034759644e+01 1.917277040495795148e+01
2.238349189999745903e+01 1.917268011533812100e+01
2.238361297425333518e+01 1.917259028442467184e+01
2.238373343621848122e+01 1.917250090988255451e+01
2.238385328898058901e+01 1.917241198938864954e+01
2.238397253561187483e+01 1.917232352063171419e+01
2.238409117916915747e+01 1.917223550131231846e+01
2.238420922269392221e+01 1.917214792914278476e+01
2.238432666921241321e+01 1.917206080184712391e+01
2.238444352173569030e+01 1.917197411716097477e+01
2.238455978325972495e+01 1.917188787283155449e+01
2.238467545676545356e+01 1.917180206661758390e+01
2.238479054521886980e+01 1.917171669628924136e+01
2.238490505157109212e+01 1.917163175962809518e+01
2.238501897875843127e+01 1.917154725442705043e+01
2.238513232970247202e+01 1.917146317849028136e+01
2.238524510731014416e+01 1.917137952963318881e+01
2.238535731447379362e+01 1.917129630568232912e+01
2.238546895407125348e+01 1.917121350447536088e+01
2.238558002896592214e+01 1.917113112386098805e+01
2.238569054200682729e+01 1.917104916169890672e+01
2.238580049602870048e+01 1.917096761585974107e+01
2.238590989385205177e+01 1.917088648422499375e+01
2.238601873828323363e+01 1.917080576468698538e+01
2.238612703211451205e+01 1.917072545514880133e+01
2.238623477812414109e+01 1.917064555352423483e+01
2.238634197907643042e+01 1.917056605773773370e+01
2.238644863772181637e+01 1.917048696572434707e+01
2.238655475679692231e+01 1.917040827542966142e+01
2.238666033902463681e+01 1.917032998480976147e+01
2.238676538711417763e+01 1.917025209183116274e+01
2.238686990376115915e+01 1.917017459447076533e+01
2.238697389164766349e+01 1.917009749071579705e+01
2.238707735344230443e+01 1.917002077856376374e+01
2.238718029180029845e+01 1.916994445602239594e+01
2.238728270936352160e+01 1.916986852110958850e+01
2.238738460876058411e+01 1.916979297185335795e+01
2.238748599260689787e+01 1.916971780629178923e+01
2.238758686350473681e+01 1.916964302247297880e+01
2.238768722404330092e+01 1.916956861845498850e+01
2.238778707679878721e+01 1.916949459230578867e+01
2.238788642433445375e+01 1.916942094210321557e+01
2.238798526920067644e+01 1.916934766593491091e+01
2.238808361393502011e+01 1.916927476189827573e+01
2.238818146106230245e+01 1.916920222810042773e+01
2.238827881309465440e+01 1.916913006265813735e+01
2.238837567253158412e+01 1.916905826369778865e+01
2.238847204186004092e+01 1.916898682935532605e+01
2.238856792355447567e+01 1.916891575777620460e+01
2.238866332007690119e+01 1.916884504711534376e+01
2.238875823387695974e+01 1.916877469553707414e+01
2.238885266739198343e+01 1.916870470121509840e+01
2.238894662304705108e+01 1.916863506233243086e+01
2.238904010325505212e+01 1.916856577708135845e+01
2.238913311041675058e+01 1.916849684366338735e+01
2.238922564692083839e+01 1.916842826028920399e+01
2.238931771514400282e+01 1.916836002517862170e+01
2.238940931745097984e+01 1.916829213656053099e+01
2.238950045619461449e+01 1.916822459267286050e+01
2.238959113371592480e+01 1.916815739176252364e+01
2.238968135234415868e+01 1.916809053208538316e+01
2.238977111439685075e+01 1.916802401190618710e+01
2.238986042217987915e+01 1.916795782949854043e+01
2.238994927798753309e+01 1.916789198314485532e+01
2.239003768410255546e+01 1.916782647113629778e+01
2.239012564279621742e+01 1.916776129177275223e+01
2.239021315632835751e+01 1.916769644336277167e+01
2.239030022694745270e+01 1.916763192422353868e+01
2.239038685689067165e+01 1.916756773268081204e+01
2.239047304838393160e+01 1.916750386706888776e+01
2.239055880364194451e+01 1.916744032573055989e+01
2.239064412486828459e+01 1.916737710701707087e+01
2.239072901425544515e+01 1.916731420928806884e+01
2.239081347398488475e+01 1.916725163091156858e+01
2.239089750622708408e+01 1.916718937026390179e+01
2.239098111314160988e+01 1.916712742572967798e+01
2.239106429687715760e+01 1.916706579570174540e+01
2.239114705957161178e+01 1.916700447858114487e+01
2.239122940335209577e+01 1.916694347277706711e+01
2.239131133033503573e+01 1.916688277670681373e+01
2.239139284262620322e+01 1.916682238879575451e+01
2.239147394232076849e+01 1.916676230747728482e+01
2.239155463150336089e+01 1.916670253119278655e+01
2.239163491224811864e+01 1.916664305839158544e+01
2.239171478661873849e+01 1.916658388753091202e+01
2.239179425666852907e+01 1.916652501707586254e+01
2.239187332444046064e+01 1.916646644549934919e+01
2.239195199196722541e+01 1.916640817128207175e+01
2.239203026127127671e+01 1.916635019291247488e+01
2.239210813436488934e+01 1.916629250888670555e+01
2.239218561325020573e+01 1.916623511770857391e+01
2.239226269991928930e+01 1.916617801788951070e+01
2.239233939635417414e+01 1.916612120794853880e+01
2.239241570452691477e+01 1.916606468641222705e+01
2.239249162639963231e+01 1.916600845181465118e+01
2.239256716392456781e+01 1.916595250269735473e+01
2.239264231904413549e+01 1.916589683760931706e+01
2.239271709369096541e+01 1.916584145510690362e+01
2.239279148978795320e+01 1.916578635375384465e+01
2.239286550924831332e+01 1.916573153212118186e+01
2.239293915397562174e+01 1.916567698878724002e+01
2.239301242586386920e+01 1.916562272233758435e+01
2.239308532679750385e+01 1.916556873136498851e+01
2.239315785865148101e+01 1.916551501446939554e+01
2.239323002329131640e+01 1.916546157025788233e+01
2.239330182257312885e+01 1.916540839734461699e+01
2.239337325834367931e+01 1.916535549435083041e+01
2.239344433244043131e+01 1.916530285990477367e+01
2.239351504669158643e+01 1.916525049264169311e+01
2.239358540291614119e+01 1.916519839120377711e+01
2.239365540292392609e+01 1.916514655424013824e+01
2.239372504851565182e+01 1.916509498040676363e+01
2.239379434148295545e+01 1.916504366836648998e+01
2.239386328360844658e+01 1.916499261678896460e+01
2.239393187666575002e+01 1.916494182435060978e+01
2.239400012241955906e+01 1.916489128973458733e+01
2.239406802262566742e+01 1.916484101163076659e+01
2.239413557903102614e+01 1.916479098873568887e+01
2.239420279337377906e+01 1.916474121975253553e+01
2.239426966738330904e+01 1.916469170339108885e+01
2.239433620278028414e+01 1.916464243836770365e+01
2.239440240127670023e+01 1.916459342340527172e+01
2.239446826457592366e+01 1.916454465723318634e+01
2.239453379437273739e+01 1.916449613858731027e+01
2.239459899235338014e+01 1.916444786620994734e+01
2.239466386019558541e+01 1.916439983884980336e+01
2.239472839956863837e+01 1.916435205526195418e+01
2.239479261213340067e+01 1.916430451420781367e+01
2.239485649954236735e+01 1.916425721445510533e+01
2.239492006343969877e+01 1.916421015477782674e+01
2.239498330546126681e+01 1.916416333395621407e+01
2.239504622723469751e+01 1.916411675077671362e+01
2.239510883037941014e+01 1.916407040403195339e+01
2.239517111650665271e+01 1.916402429252070405e+01
2.239523308721955530e+01 1.916397841504785760e+01
2.239529474411316556e+01 1.916393277042438115e+01
2.239535608877448425e+01 1.916388735746730276e+01
2.239541712278250785e+01 1.916384217499966880e+01
2.239547784770827477e+01 1.916379722185051904e+01
2.239553826511489731e+01 1.916375249685485116e+01
2.239559837655760433e+01 1.916370799885359588e+01
2.239565818358378380e+01 1.916366372669358142e+01
2.239571768773301841e+01 1.916361967922750509e+01
2.239577689053712461e+01 1.916357585531390839e+01
2.239583579352019527e+01 1.916353225381713798e+01
2.239589439819863514e+01 1.916348887360732078e+01
2.239595270608120003e+01 1.916344571356033555e+01
2.239601071866903226e+01 1.916340277255778446e+01
2.239606843745570330e+01 1.916336004948695759e+01
2.239612586392725291e+01 1.916331754324081160e+01
2.239618299956222458e+01 1.916327525271793419e+01
2.239623984583169758e+01 1.916323317682252281e+01
2.239629640419933665e+01 1.916319131446434554e+01
2.239635267612141689e+01 1.916314966455872337e+01
2.239640866304686995e+01 1.916310822602649466e+01
2.239646436641731242e+01 1.916306699779399025e+01
2.239651978766709206e+01 1.916302597879300151e+01
2.239657492822331619e+01 1.916298516796075901e+01
2.239662978950589434e+01 1.916294456423990056e+01
2.239668437292756664e+01 1.916290416657844631e+01
2.239673867989395006e+01 1.916286397392976326e+01
2.239679271180356679e+01 1.916282398525254749e+01
2.239684647004787976e+01 1.916278419951079570e+01
2.239689995601133177e+01 1.916274461567376974e+01
2.239695317107138095e+01 1.916270523271598236e+01
2.239700611659852925e+01 1.916266604961715814e+01
2.239705879395636501e+01 1.916262706536221572e+01
2.239711120450159143e+01 1.916258827894123584e+01
2.239716334958406918e+01 1.916254968934944003e+01
2.239721523054684482e+01 1.916251129558716215e+01
2.239726684872618279e+01 1.916247309665981646e+01
2.239731820545160801e+01 1.916243509157788338e+01
2.239736930204592724e+01 1.916239727935687398e+01
2.239742013982527880e+01 1.916235965901730509e+01
2.239747072009915030e+01 1.916232222958467801e+01
2.239752104417042133e+01 1.916228499008945363e+01
2.239757111333539541e+01 1.916224793956702399e+01
2.239762092888383194e+01 1.916221107705768745e+01
2.239767049209898175e+01 1.916217440160662022e+01
2.239771980425761200e+01 1.916213791226386221e+01
2.239776886663004518e+01 1.916210160808428142e+01
2.239781768048019472e+01 1.916206548812754917e+01
2.239786624706558982e+01 1.916202955145812581e+01
2.239791456763740740e+01 1.916199379714522877e+01
2.239796264344051480e+01 1.916195822426281126e+01
2.239801047571348747e+01 1.916192283188953027e+01
2.239805806568864810e+01 1.916188761910873239e+01
2.239810541459209858e+01 1.916185258500842892e+01
2.239815252364374842e+01 1.916181772868126387e+01
2.239819939405735028e+01 1.916178304922450337e+01
2.239824602704052126e+01 1.916174854573999653e+01
2.239829242379478558e+01 1.916171421733416125e+01
2.239833858551559942e+01 1.916168006311796645e+01
2.239838451339238290e+01 1.916164608220689658e+01
2.239843020860854494e+01 1.916161227372093379e+01
2.239847567234151882e+01 1.916157863678453666e+01
2.239852090576279409e+01 1.916154517052661888e+01
2.239856591003794151e+01 1.916151187408051726e+01
2.239861068632664853e+01 1.916147874658398109e+01
2.239865523578274065e+01 1.916144578717914371e+01
2.239869955955421688e+01 1.916141299501249762e+01
2.239874365878328177e+01 1.916138036923488031e+01
2.239878753460636673e+01 1.916134790900144225e+01
2.239883118815416196e+01 1.916131561347162915e+01
2.239887462055164846e+01 1.916128348180916419e+01
2.239891783291812644e+01 1.916125151318201958e+01
2.239896082636723662e+01 1.916121970676240238e+01
2.239900360200699936e+01 1.916118806172672251e+01
2.239904616093983591e+01 1.916115657725558208e+01
2.239908850426259690e+01 1.916112525253374699e+01
2.239913063306659424e+01 1.916109408675012915e+01
2.239917254843762251e+01 1.916106307909776518e+01
2.239921425145599798e+01 1.916103222877378798e+01
2.239925574319657287e+01 1.916100153497941960e+01
2.239929702472877082e+01 1.916097099691993932e+01
2.239933809711661183e+01 1.916094061380466584e+01
2.239937896141874063e+01 1.916091038484693954e+01
2.239941961868845510e+01 1.916088030926410113e+01
2.239946006997372763e+01 1.916085038627746684e+01
2.239950031631723704e+01 1.916082061511231416e+01
2.239954035875639349e+01 1.916079099499785343e+01
2.239958019832336689e+01 1.916076152516722075e+01
2.239961983604510820e+01 1.916073220485744599e+01
2.239965927294338144e+01 1.916070303330943858e+01
2.239969851003478851e+01 1.916067400976796620e+01
2.239973754833079056e+01 1.916064513348163700e+01
2.239977638883773992e+01 1.916061640370287478e+01
2.239981503255690143e+01 1.916058781968790470e+01
2.239985348048448444e+01 1.916055938069673559e+01
2.239989173361166053e+01 1.916053108599313504e+01
2.239992979292459196e+01 1.916050293484461164e+01
2.239996765940445655e+01 1.916047492652239725e+01
2.240000533402747251e+01 1.916044706030143274e+01
2.240004281776492689e+01 1.916041933546033604e+01
2.240008011158320045e+01 1.916039175128139860e+01
