1.000000000000000000e+01 9.000000000000000000e+01
9.969946773164661380e+00 8.959255198882446791e+01
9.941107608571000398e+00 8.918840265771075337e+01
9.913482347772912817e+00 8.878751154414263169e+01
9.887070908958779825e+00 8.838983884244426292e+01
9.861873285587028803e+00 8.799534538165138997e+01
9.837889545034483874e+00 8.760399260365718987e+01
9.815119827260017971e+00 8.721574254163775208e+01
9.793564343486162116e+00 8.683055779875968483e+01
9.773223374901428784e+00 8.644840152717074488e+01
9.754097271386205747e+00 8.606923740727182803e+01
9.736186450265194026e+00 8.569302962726756334e+01
9.719491395089505659e+00 8.531974286299053745e+01
9.704012654451631192e+00 8.494934225799323713e+01
9.689750840836632406e+00 8.458179340390013579e+01
9.676706629513063262e+00 8.421706232101131206e+01
9.664880757467226857e+00 8.385511543914786614e+01
9.654274022384562670e+00 8.349591957872848980e+01
9.644887281682073876e+00 8.313944193206560840e+01
9.636721451595887444e+00 8.278565004486883083e+01
9.629777506328178305e+00 8.243451179794269024e+01
9.624056477257882491e+00 8.208599538906518944e+01
9.619559452219776929e+00 8.174006931503303974e+01
9.616287574856690057e+00 8.139670235385914054e+01
9.614242044049802871e+00 8.105586354710743535e+01
9.613424113432179396e+00 8.071752218235010901e+01
9.613835090990885845e+00 8.038164777573170738e+01
9.615476338763226494e+00 8.004821005462474659e+01
9.618349272632896074e+00 7.971717894036123653e+01
9.622455362232003040e+00 7.938852453102447271e+01
9.627796130955193377e+00 7.906221708428566330e+01
9.634373156092326695e+00 7.873822700026981636e+01
9.642188069086376601e+00 7.841652480443559625e+01
9.651242555923504440e+00 7.809708113045421385e+01
9.661538357662490029e+00 7.777986670307237205e+01
9.673077271110974706e+00 7.746485232094502749e+01
9.685861149656227909e+00 7.715200883942385701e+01
9.699891904258432618e+00 7.684130715328805650e+01
9.715171504614760423e+00 7.653271817940445487e+01
9.731701980502791116e+00 7.622621283930482150e+01
9.749485423312119536e+00 7.592176204166888454e+01
9.768523987773292561e+00 7.561933666470233106e+01
9.788819893893505153e+00 7.531890753840032460e+01
9.810375429108807666e+00 7.502044542668777183e+01
9.833192950662848375e+00 7.472392100942900584e+01
9.857274888222516296e+00 7.442930486430074666e+01
9.882623746741117543e+00 7.413656744852364966e+01
9.909242109580056024e+00 7.384567908044941476e+01
9.937132641900262797e+00 7.355660992100204965e+01
9.966298094334941737e+00 7.326932995497385548e+01
9.996741306955456707e+00 7.298380897217872132e+01
1.002846521354250875e+01 7.270001654846772965e+01
1.006147284617499160e+01 7.241792202661432043e+01
1.009576734014918920e+01 7.213749449707918870e+01
1.013135193924122568e+01 7.185870277866773392e+01
1.016823000132588817e+01 7.158151539909633243e+01
1.020640500436516085e+01 7.130590057548684513e+01
1.024588055277998500e+01 7.103182619481265192e+01
1.028666038421888373e+01 7.075925979432331303e+01
1.032874837673724322e+01 7.048816854197936266e+01
1.037214855640105782e+01 7.021851921693321685e+01
1.041686510532902865e+01 6.995027819009710868e+01
1.046290237018683555e+01 6.968341140484420748e+01
1.051026487114732433e+01 6.941788435789463563e+01
1.055895731133023219e+01 6.915366208044422081e+01
1.060898458673479894e+01 6.889070911959979071e+01
1.066035179667833965e+01 6.862898952019192222e+01
1.071306425475345492e+01 6.836846680704283585e+01
1.076712750031603782e+01 6.810910396777471476e+01
1.082254731051563468e+01 6.785086343625158634e+01
1.087932971287900763e+01 6.759370707675608969e+01
1.093748099845682731e+01 6.733759616901102163e+01
1.099700773554246602e+01 6.708249139416446383e+01
1.105791678397065780e+01 6.682835282186670156e+01
1.112021531000242369e+01 6.657513989857648085e+01
1.118391080180117392e+01 6.632281143724421213e+01
1.124901108550307782e+01 6.607132560852950576e+01
1.131552434188289524e+01 6.582063993372084099e+01
1.138345912361418932e+01 6.557071127953535949e+01
1.145282437312041068e+01 6.532149585498709143e+01
1.152362944101058417e+01 6.507294921052216807e+01
1.159588410509028655e+01 6.482502623962963639e+01
1.166959858993523547e+01 6.457768118314618278e+01
1.174478358701115432e+01 6.433086763648252315e+01
1.182145027531948500e+01 6.408453856000781457e+01
1.189961034254415573e+01 6.383864629283642245e+01
1.197927600666975323e+01 6.359314257026850470e+01
1.206046003803629496e+01 6.334797854514155091e+01
1.214317578179010049e+01 6.310310481335459087e+01
1.222743718068424101e+01 6.285847144382952933e+01
1.231325879817548596e+01 6.261402801317499467e+01
1.240065584175771463e+01 6.236972364531673918e+01
1.248964418646430019e+01 6.212550705635479176e+01
1.258024039846408293e+01 6.188132660490101244e+01
1.267246175866717373e+01 6.163713034814074376e+01
1.276632628624800780e+01 6.139286610384906595e+01
1.286185276198383676e+01 6.114848151857491843e+01
1.295906075129717117e+01 6.090392414218507611e+01
1.305797062688063370e+01 6.065914150893399892e+01
1.315860359077232999e+01 6.041408122519490576e+01
1.326098169573917041e+01 6.016869106395159150e+01
1.336512786581467971e+01 5.992291906610908114e+01
1.347106591582684310e+01 5.967671364863456773e+01
1.357882056974040808e+01 5.943002371948718121e+01
1.368841747762709105e+01 5.918279879923675679e+01
1.379988323106624293e+01 5.893498914920743914e+01
1.391324537676800865e+01 5.868654590591173559e+01
1.402853242820093449e+01 5.843742122146512230e+01
1.414577387499651628e+01 5.818756840959051857e+01
1.426500018989455754e+01 5.793694209673644480e+01
1.438624283298559092e+01 5.768549837774335032e+01
1.450953425300022204e+01 5.743319497539997087e+01
1.463490788539033716e+01 5.717999140313686013e+01
1.476239814694385544e+01 5.692584913000860070e+01
1.489204042667344474e+01 5.667073174702090199e+01
1.502387107272045519e+01 5.641460513376570418e+01
1.515792737501869780e+01 5.615743762423776531e+01
1.529424754346863224e+01 5.589920017062240731e+01
1.543287068138146445e+01 5.563986650376786969e+01
1.557383675396462053e+01 5.537941328898906335e+01
1.571718655163540568e+01 5.511782027579490517e+01
1.586296164796840813e+01 5.485507044009072786e+01
1.601120435210453152e+01 5.459115011738259682e+01
1.616195765547557883e+01 5.432604912550394261e+01
1.631526517272787657e+01 5.405976087539808361e+01
1.647117107676178804e+01 5.379228246852501627e+01
1.662972002784066206e+01 5.352361477951799174e+01
1.679095709676288095e+01 5.325376252279597367e+01
1.695492768213385304e+01 5.298273430194228695e+01
1.712167742182065666e+01 5.271054264078755835e+01
1.729125209872023916e+01 5.243720399528531573e+01
1.746369754102211758e+01 5.216273874544052802e+01
1.763905951719780418e+01 5.188717116674252594e+01
1.781738362600110293e+01 5.161052938076178265e+01
1.799871518181527819e+01 5.133284528479192943e+01
1.818309909573425642e+01 5.105415446065025264e+01
1.837057975281452826e+01 5.077449606298808504e+01
1.856120088598177986e+01 5.049391268770213514e+01
1.875500544712045325e+01 5.021245022127475011e+01
1.895203547591490079e+01 4.993015767210027889e+01
1.915233196704668117e+01 4.964708698507153173e+01
1.935593473638333606e+01 4.936329284090069791e+01
1.956288228681897579e+01 4.907883244182804106e+01
1.977321167444586791e+01 4.879376528552647585e+01
1.998695837574839018e+01 4.850815292913681986e+01
2.020415615651610608e+01 4.822205874546513371e+01
2.042483694317108700e+01 4.793554767343817247e+01
2.064903069719593631e+01 4.764868596494487463e+01
2.087676529333339559e+01 4.736154093019047906e+01
2.110806640220623009e+01 4.707418068365664254e+01
2.134295737797742731e+01 4.678667389269666899e+01
2.158145915163639117e+01 4.649908953070229956e+01
2.182359013045700280e+01 4.621149663665988072e+01
2.206936610412891753e+01 4.592396408277289055e+01
2.231880015801509032e+01 4.563656035166776803e+01
2.257190259393667731e+01 4.534935332452551648e+01
2.282868085883224296e+01 4.506241008129610748e+01
2.308913948158219043e+01 4.477579671396051708e+01
2.335328001823233635e+01 4.448957815361066537e+01
2.362110100579329952e+01 4.420381801192367988e+01
2.389259792473555066e+01 4.391857843741800593e+01
2.416776317024429943e+01 4.363391998669730043e+01
2.444658603224431559e+01 4.334990151071703934e+01
2.472905268415294699e+01 4.306658005595019745e+01
2.501514618027041692e+01 4.278401078018406878e+01
2.530484646167025531e+01 4.250224688255156025e+01
2.559813037040985506e+01 4.222133954728777638e+01
2.589497167184180171e+01 4.194133790060713096e+01
2.619534108477097689e+01 4.166228898001700998e+01
2.649920631917049363e+01 4.138423771532136897e+01
2.680653212114152240e+01 4.110722692052041083e+01
2.711728032477770256e+01 4.083129729578026001e+01
2.743140991057427058e+01 4.055648743862766281e+01
2.774887707000503667e+01 4.028283386351846929e+01
2.806963527587676666e+01 4.001037102893346997e+01
2.839363535806029049e+01 3.973913137116950622e+01
2.872082558419045384e+01 3.946914534401663133e+01
2.905115174492274832e+01 3.920044146354189252e+01
2.938455724333282149e+01 3.893304635723571039e+01
2.972098318804587791e+01 3.866698481681674338e+01
3.006036848968609121e+01 3.840227985403434019e+01
3.040264996024115618e+01 3.813895275885310809e+01
3.074776241494405582e+01 3.787702315945087861e+01
3.109563877628260897e+01 3.761650908350872413e+01
3.144621017975721244e+01 3.735742702031866713e+01
3.179940608101842514e+01 3.709979198328105099e+01
3.215515436402818494e+01 3.684361757240839808e+01
3.251338144990154433e+01 3.658891603649591673e+01
3.287401240609975872e+01 3.633569833465992360e+01
3.323697105565988608e+01 3.608397419698437147e+01
3.360218008616117658e+01 3.583375218405211626e+01
3.396956115814374755e+01 3.558503974517157076e+01
3.433903501271075243e+01 3.533784327514050005e+01
3.471052157806090577e+01 3.509216816941772521e+01
3.508394007471417808e+01 3.484801887759937244e+01
3.545920911920937613e+01 3.460539895512015107e+01
3.583624682606797052e+01 3.436431111312137432e+01
3.621497090783438466e+01 3.412475726644625951e+01
3.659529877301827128e+01 3.388673857974005443e+01
3.697714762177967174e+01 3.365025551164711715e+01
3.736043453921280388e+01 3.341530785710997264e+01
3.774507658609883975e+01 3.318189478778651846e+01
3.813099088701229533e+01 3.295001489061101552e+01
3.851809471567949572e+01 3.271966620453247998e+01
3.890630557750089480e+01 3.249084625547083505e+01
3.929554128916201705e+01 3.226355208953660991e+01
3.968572005527028068e+01 3.203778030456440717e+01
4.007676054196680582e+01 3.181352708001370289e+01
4.046858194747377269e+01 3.159078820529325071e+01
4.086110406954888674e+01 3.136955910656706337e+01
4.125424736982877505e+01 3.114983487210115243e+01
4.164793303505293665e+01 3.093161027621080805e+01
4.204208303516925582e+01 3.071487980186827471e+01
4.243662017833072753e+01 3.049963766203033799e+01
4.283146816280120817e+01 3.028587781974471937e+01
4.322655162579568611e+01 3.007359400709309938e+01
4.362179618928759339e+01 2.986277974302743488e+01
4.401712850282230249e+01 2.965342835015477974e+01
4.441247628338189202e+01 2.944553297052422636e+01
4.480776835235190703e+01 2.923908658046785902e+01
4.520293466964565710e+01 2.903408200454583721e+01
4.559790636504637007e+01 2.883051192864381918e+01
4.599261576683135644e+01 2.862836891226906744e+01
4.638699642774601983e+01 2.842764540008958107e+01
4.678098314839876792e+01 2.822833373275873114e+01
4.717451199815042173e+01 2.803042615706590013e+01
4.756752033357428644e+01 2.783391483545175404e+01
4.795994681456473785e+01 2.763879185492488233e+01
4.835173141817398346e+01 2.744504923541472508e+01
4.874281545025763052e+01 2.725267893759395577e+01
4.913314155501082325e+01 2.706167287020170420e+01
4.952265372247710218e+01 2.687202289689738066e+01
4.991129729411255056e+01 2.668372084267324951e+01
5.029901896648771498e+01 2.649675849985235487e+01
5.068576679320966605e+01 2.631112763369689134e+01
5.107149018514597572e+01 2.612681998765074809e+01
5.145613990903178347e+01 2.594382728823856610e+01
5.183966808454020736e+01 2.576214124964235452e+01
5.222202817989536783e+01 2.558175357797551897e+01
5.260317500610590713e+01 2.540265597527295682e+01
5.298306470989570727e+01 2.522484014321477375e+01
5.336165476540687536e+01 2.504829778660014128e+01
5.373890396474848785e+01 2.487302061658682817e+01
5.411477240746289397e+01 2.469900035371095370e+01
5.448922148897950279e+01 2.452622873070069076e+01
5.486221388812414546e+01 2.435469749509676518e+01
5.523371355375016378e+01 2.418439841169181648e+01
5.560368569055527388e+01 2.401532326479995660e+01
5.597209674414638414e+01 2.384746386036714583e+01
5.633891438541228069e+01 2.368081202793236528e+01
5.670410749426216768e+01 2.351535962244891209e+01
5.706764614278578307e+01 2.335109852597461000e+01
5.742950157788882848e+01 2.318802064923914941e+01
5.778964620345526271e+01 2.302611793309623422e+01
5.814805356208591292e+01 2.286538234986779372e+01
5.850469831646078234e+01 2.270580590458700954e+01
5.885955623037034457e+01 2.254738063614650656e+01
5.921260414945911776e+01 2.239009861835765136e+01
5.956381998172270187e+01 2.223395196092654302e+01
5.991318267779759310e+01 2.207893281035189403e+01
6.026067221108107930e+01 2.192503335074971460e+01
6.060626955771665081e+01 2.177224580460938697e+01
6.094995667647843618e+01 2.162056243348542495e+01
6.129171648858650201e+01 2.146997553862892971e+01
6.163153285748291665e+01 2.132047746156254320e+01
6.196939056859689998e+01 2.117206058460243412e+01
6.230527530912568324e+01 2.102471733133060994e+01
6.263917364785603326e+01 2.087844016702068828e+01
6.297107301504988897e+01 2.073322159902003037e+01
6.330096168241610144e+01 2.058905417709098629e+01
6.362882874318867721e+01 2.044593049371378513e+01
6.395466409233065974e+01 2.030384318435349300e+01
6.427845840688139845e+01 2.016278492769329489e+01
6.460020312646359741e+01 2.002274844583620350e+01
6.491989043396540637e+01 1.988372650447717405e+01
6.523751323641150179e+01 1.974571191304750428e+01
6.555306514603611845e+01 1.960869752483323936e+01
6.586654046156979803e+01 1.947267623706924056e+01
6.617793414975051292e+01 1.933764099101043854e+01
6.648724182706912700e+01 1.920358477198172409e+01
6.679445974175779099e+01 1.907050060940782643e+01
6.709958475602938677e+01 1.893838157682444745e+01
6.740261432857496970e+01 1.880722079187183837e+01
6.770354649732554719e+01 1.867701141627197359e+01
6.800237986248366440e+01 1.854774665579032344e+01
6.829911356982955795e+01 1.841941976018324922e+01
6.859374729430604134e+01 1.829202402313195464e+01
6.888628122388549002e+01 1.816555278216382874e+01
6.917671604372173988e+01 1.803999941856204359e+01
6.946505292058932923e+01 1.791535735726414913e+01
6.975129348761156223e+01 1.779162006675040075e+01
7.003543982927884315e+01 1.766878105892250872e+01
7.031749446675786430e+01 1.754683388897342411e+01
7.059746034349200272e+01 1.742577215524879719e+01
7.087534081109284045e+01 1.730558949910065536e+01
7.115113961552222577e+01 1.718627960473382998e+01
7.142486088356410789e+01 1.706783619904563665e+01
7.169650910958485213e+01 1.695025305145930972e+01
7.196608914258061418e+01 1.683352397375157850e+01
7.223360617350989799e+01 1.671764281987485035e+01
7.249906572290929319e+01 1.660260348577438805e+01
7.276247362879006175e+01 1.648839990920081178e+01
7.302383603481305840e+01 1.637502606951833783e+01
7.328315937873922792e+01 1.626247598750902768e+01
7.354045038115278032e+01 1.615074372517337764e+01
7.379571603445394601e+01 1.603982338552755493e+01
7.404896359211807066e+01 1.592970911239751963e+01
7.430020055821765368e+01 1.582039509021032941e+01
7.454943467720383410e+01 1.571187554378283302e+01
7.479667392394368619e+01 1.560414473810801006e+01
7.504192649400967241e+01 1.549719697813916142e+01
7.528520079421736000e+01 1.539102660857215099e+01
7.552650543340757849e+01 1.528562801362589418e+01
7.576584921346911017e+01 1.518099561682127607e+01
7.600324112059786330e+01 1.507712388075866450e+01
7.623869031678847819e+01 1.497400730689417969e+01
7.647220613155440105e+01 1.487164043531486790e+01
7.670379805387223371e+01 1.477001784451293709e+01
7.693347572434622350e+01 1.466913415115916131e+01
7.716124892758887199e+01 1.456898400987560649e+01
7.738712758481345588e+01 1.446956211300778072e+01
7.761112174663429641e+01 1.437086319039632443e+01
7.783324158607069876e+01 1.427288200914835414e+01
7.805349739175051127e+01 1.417561337340854166e+01
7.827189956130901294e+01 1.407905212413004570e+01
7.848845859497929212e+01 1.398319313884535831e+01
7.870318508936983903e+01 1.388803133143717616e+01
7.891608973142555783e+01 1.379356165190934469e+01
7.912718329256794902e+01 1.369977908615798334e+01
7.933647662301082448e+01 1.360667865574282764e+01
7.954398064624729159e+01 1.351425541765887672e+01
7.974970635370445393e+01 1.342250446410839615e+01
7.995366479956180683e+01 1.333142092227333464e+01
8.015586709572959023e+01 1.324099995408821684e+01
8.035632440698344681e+01 1.315123675601355124e+01
8.055504794625154830e+01 1.306212655880981188e+01
8.075204897005072269e+01 1.297366462731203107e+01
8.094733877406792999e+01 1.288584626020504587e+01
8.114092868888351973e+01 1.279866678979944083e+01
8.133283007583293056e+01 1.271212158180823160e+01
8.152305432300326515e+01 1.262620603512430151e+01
8.171161284136151437e+01 1.254091558159864661e+01
8.189851706101106288e+01 1.245624568581945191e+01
8.208377842757329290e+01 1.237219184489202206e+01
8.226740839869100341e+01 1.228874958821959495e+01
8.244941844065066050e+01 1.220591447728507362e+01
8.262982002512029567e+01 1.212368210543368541e+01
8.280862462600012464e+01 1.204204809765659512e+01
8.298584371638288815e+01 1.196100811037549860e+01
8.316148876562104419e+01 1.188055783122819875e+01
8.333557123649801213e+01 1.180069297885520818e+01
8.350810258250062645e+01 1.172140930268736447e+01
8.367909424519014294e+01 1.164270258273448988e+01
8.384855765166912533e+01 1.156456862937511687e+01
8.401650421214156950e+01 1.148700328314726349e+01
8.418294531756383492e+01 1.141000241454030295e+01
8.434789233738366931e+01 1.133356192378792038e+01
8.451135661736518045e+01 1.125767774066216020e+01
8.467334947749712626e+01 1.118234582426859269e+01
8.483388220998230622e+01 1.110756216284259068e+01
8.499296607730582309e+01 1.103332277354673430e+01
8.515061231037984157e+01 1.095962370226934013e+01
8.530683210676284034e+01 1.088646102342413080e+01
8.546163662895114044e+01 1.081383083975104498e+01
8.561503700274063533e+01 1.074172928211818778e+01
8.576704431565673303e+01 1.067015250932493764e+01
8.591766961545056347e+01 1.059909670790620417e+01
8.606692390865941888e+01 1.052855809193783188e+01
8.621481815922972203e+01 1.045853290284317438e+01
8.636136328720048994e+01 1.038901740920082162e+01
8.650657016744567329e+01 1.032000790655348688e+01
8.665044962847348131e+01 1.025150071721805922e+01
8.679301245128117159e+01 1.018349219009680873e+01
8.693426936826347173e+01 1.011597870048976944e+01
8.707423106217308373e+01 1.004895664990826809e+01
8.721290816513176480e+01 9.982422465889621677e+00
8.735031125769033622e+01 9.916372601812996734e+00
8.748645086793619896e+01 9.850803536716423281e+00
8.762133747064687839e+01 9.785711775114966926e+00
8.775498148648817676e+01 9.721093846820060946e+00
8.788739328125556938e+01 9.656946306759985887e+00
8.801858316515748015e+01 9.593265734801502020e+00
8.814856139213912911e+01 9.530048735572631102e+00
8.827733815924567295e+01 9.467291938286587438e+00
8.840492360602343069e+01 9.404991996566842261e+00
8.853132781395794382e+01 9.343145588273340962e+00
8.865656080594771993e+01 9.281749415329841213e+00
8.878063254581249453e+01 9.220800203552396823e+00
8.890355293783493096e+01 9.160294702478964268e+00
8.902533182633463582e+01 9.100229685200133645e+00
8.914597899527349512e+01 9.040601948190984061e+00
8.926550416789122266e+01 8.981408311144052803e+00
8.938391700637018289e+01 8.922645616803418278e+00
8.950122711152853583e+01 8.864310730799894955e+00
8.961744402254069541e+01 8.806400541487324318e+00
8.973257721668421993e+01 8.748911959779967162e+00
8.984663610911229625e+01 8.691841918990997229e+00
8.995963005265082302e+01 8.635187374672074867e+00
9.007156833761942494e+01 8.578945304454011378e+00
9.018246019167538918e+01 8.523112707888509831e+00
9.029231477967987018e+01 8.467686606290978801e+00
9.040114120358556704e+01 8.412664042584424351e+00
9.050894850234504929e+01 8.358042081144395397e+00
9.061574565183912000e+01 8.303817807644993110e+00
9.072154156482434928e+01 8.249988328905935475e+00
9.082634509089929509e+01 8.196550772740664570e+00
9.093016501648853023e+01 8.143502287805501894e+00
9.103301006484397817e+01 8.090840043449839314e+00
9.113488889606290400e+01 8.038561229567363853e+00
9.123581010712183570e+01 7.986663056448302989e+00
9.133578223192600376e+01 7.935142754632696693e+00
9.143481374137357420e+01 7.883997574764681104e+00
9.153291304343416357e+01 7.833224787447783832e+00
9.163008848324111000e+01 7.782821683101223798e+00
9.172634834319698882e+01 7.732785571817204051e+00
9.182170084309177582e+01 7.683113783219205573e+00
9.191615414023328867e+01 7.633803666321258952e+00
9.200971632958925284e+01 7.584852589388203725e+00
9.210239544394075040e+01 7.536257939796920269e+00
9.219419945404638383e+01 7.488017123898531580e+00
9.228513626881682796e+01 7.440127566881569621e+00
9.237521373549934367e+01 7.392586712636098234e+00
9.246443963987179870e+01 7.345392023618790844e+00
9.255282170644582607e+01 7.298540980718952298e+00
9.264036759867867943e+01 7.252031083125483946e+00
9.272708491919352980e+01 7.205859848194781314e+00
9.281298121000764922e+01 7.160024811319562588e+00
9.289806395276833939e+01 7.114523525798620796e+00
9.298234056899606514e+01 7.069353562707493488e+00
9.306581842033460816e+01 7.024512510770045459e+00
9.314850480880787131e+01 6.979997976230955636e+00
9.323040697708294999e+01 6.935807582729106358e+00
9.331153210873928572e+01 6.891938971171868822e+00
9.339188732854356090e+01 6.848389799610274054e+00
9.347147970272995110e+01 6.805157743115072044e+00
9.355031623928567797e+01 6.762240493653665752e+00
9.362840388824139382e+01 6.719635759967918176e+00
9.370574954196621320e+01 6.677341267452826301e+00
9.378236003546717825e+01 6.635354758036056566e+00
9.385824214669287358e+01 6.593673990058335654e+00
9.393340259684097759e+01 6.552296738154690381e+00
9.400784805066943761e+01 6.511220793136532237e+00
9.408158511681126868e+01 6.470443961874581262e+00
9.415462034809247882e+01 6.429964067182623033e+00
9.422696024185312069e+01 6.389778947702094314e+00
9.429861124027124220e+01 6.349886457787487615e+00
9.436957973068945194e+01 6.310284467392577312e+00
9.443987204594397156e+01 6.270970861957454900e+00
9.450949446469606130e+01 6.231943542296368044e+00
9.457845321176550613e+01 6.193200424486364319e+00
9.464675445846614821e+01 6.154739439756728991e+00
9.471440432294312473e+01 6.116558534379210599e+00
9.478140887051188201e+01 6.078655669559034358e+00
9.484777411399858238e+01 6.041028821326690945e+00
9.491350601408191778e+01 6.003675980430503323e+00
9.497861047963613146e+01 5.966595152229960952e+00
9.504309336807510533e+01 5.929784356589816063e+00
9.510696048569738537e+01 5.893241627774940206e+00
9.517021758803210219e+01 5.856965014345934861e+00
9.523287038018544592e+01 5.820952579055486353e+00
9.529492451718789425e+01 5.785202398745467711e+00
9.535638560434173883e+01 5.749712564244775947e+00
9.541725919756909491e+01 5.714481180267905636e+00
9.547755080376012415e+01 5.679506365314244576e+00
9.553726588112135687e+01 5.644786251568098656e+00
9.559640983952415638e+01 5.610318984799429032e+00
9.565498804085306972e+01 5.576102724265306954e+00
9.571300579935406461e+01 5.542135642612073809e+00
9.577046838198256751e+01 5.508415925778203714e+00
9.582738100875114640e+01 5.474941772897865988e+00
9.588374885307689510e+01 5.441711396205182183e+00
9.593957704212823501e+01 5.408723020939168791e+00
9.599487065717130463e+01 5.375974885249364732e+00
9.604963473391561024e+01 5.343465240102139191e+00
9.610387426285910806e+01 5.311192349187672690e+00
9.615759418963247640e+01 5.279154488827606961e+00
9.621079941534259206e+01 5.247349947883362731e+00
9.626349479691513977e+01 5.215777027665113863e+00
9.631568514743629805e+01 5.184434041841420537e+00
9.636737523649340176e+01 5.153319316349512569e+00
9.641856979051462417e+01 5.122431189306218435e+00
9.646927349310749378e+01 5.091768010919537346e+00
9.651949098539635941e+01 5.061328143400848134e+00
9.656922686635856223e+01 5.031109960877751419e+00
9.661848569315945667e+01 5.001111849307541490e+00
9.666727198148613809e+01 4.971332206391299913e+00
9.671559020587980626e+01 4.941769441488611747e+00
9.676344480006680726e+01 4.912421975532896390e+00
9.681084015728829684e+01 4.883288240947345926e+00
9.685778063062841170e+01 4.854366681561478103e+00
9.690427053334104812e+01 4.825655752528284381e+00
9.695031413917507734e+01 4.797153920241977509e+00
9.699591568269808306e+01 4.768859662256339504e+00
9.704107935961847886e+01 4.740771467203648726e+00
9.708580932710611933e+01 4.712887834714203805e+00
9.713010970411123424e+01 4.685207275336420452e+00
9.717398457168174275e+01 4.657728310457510013e+00
9.721743797327890491e+01 4.630449472224730023e+00
9.726047391509132467e+01 4.603369303467204965e+00
9.730309636634716242e+01 4.576486357618311018e+00
9.734530925962469894e+01 4.549799198638623032e+00
9.738711649116116575e+01 4.523306400939417493e+00
9.742852192115974219e+01 4.497006549306729717e+00
9.746952937409480455e+01 4.470898238825961712e+00
9.751014263901542733e+01 4.444980074807030057e+00
9.755036546984700863e+01 4.419250672710062666e+00
9.759020158569114756e+01 4.393708658071628470e+00
9.762965467112361750e+01 4.368352666431501774e+00
9.766872837649052030e+01 4.343181343259956861e+00
9.770742631820263568e+01 4.318193343885588398e+00
9.774575207902783802e+01 4.293387333423656749e+00
9.778370920838165148e+01 4.268761986704949329e+00
9.782130122261597194e+01 4.244315988205156209e+00
9.785853160530587047e+01 4.220048031974760860e+00
9.789540380753449256e+01 4.195956821569436279e+00
9.793192124817605304e+01 4.172041069980943817e+00
9.796808731417696947e+01 4.148299499568536497e+00
9.800390536083504855e+01 4.124730841990856156e+00
9.803937871207678256e+01 4.101333838138322641e+00
9.807451066073271306e+01 4.078107238066017715e+00
9.810930446881087619e+01 4.055049800927050363e+00
9.814376336776837206e+01 4.032160294906408815e+00
9.817789055878093052e+01 4.009437497155289520e+00
9.821168921301065780e+01 3.986880193725902632e+00
9.824516247187177953e+01 3.964487179506749115e+00
9.827831344729450791e+01 3.942257258158369915e+00
9.831114522198699035e+01 3.920189242049557432e+00
9.834366084969529709e+01 3.898281952194031952e+00
9.837586335546156135e+01 3.876534218187575487e+00
9.840775573588015845e+01 3.854944878145623477e+00
9.843934095935195216e+01 3.833512778641305907e+00
9.847062196633672215e+01 3.812236774643941395e+00
9.850160166960360186e+01 3.791115729457974481e+00
9.853228295447965479e+01 3.770148514662356565e+00
9.856266867909653229e+01 3.749334010050367816e+00
9.859276167463529816e+01 3.728671103569874301e+00
9.862256474556926378e+01 3.708158691264018092e+00
9.865208066990506097e+01 3.687795677212338585e+00
9.868131219942176813e+01 3.667580973472321482e+00
9.871026205990814617e+01 3.647513500021370536e+00
9.873893295139809823e+01 3.627592184699200750e+00
9.876732754840419659e+01 3.607815963150649896e+00
9.879544850014937651e+01 3.588183778768904819e+00
9.882329843079681098e+01 3.568694582639140744e+00
9.885087993967793807e+01 3.549347333482566480e+00
9.887819560151862675e+01 3.530140997600880848e+00
9.890524796666358043e+01 3.511074548821127017e+00
9.893203956129887899e+01 3.492146968440950516e+00
9.895857288767274440e+01 3.473357245174253816e+00
9.898485042431448733e+01 3.454704375097244373e+00
9.901087462625169167e+01 3.436187361594875256e+00
9.903664792522558002e+01 3.417805215307676114e+00
9.906217272990465972e+01 3.399556954078966076e+00
9.908745142609654977e+01 3.381441602902453880e+00
9.911248637695810260e+01 3.363458193870217272e+00
9.913727992320373517e+01 3.345605766121058977e+00
9.916183438331208322e+01 3.327883365789239267e+00
9.918615205373085075e+01 3.310290045953579785e+00
9.921023520908002524e+01 3.292824866586937738e+00
9.923408610235333072e+01 3.275486894506046465e+00
9.925770696511798974e+01 3.258275203321720159e+00
9.928110000771283694e+01 3.241188873389421410e+00
9.930426741944468461e+01 3.224226991760186234e+00
9.932721136878309665e+01 3.207388652131907492e+00
9.934993400355345727e+01 3.190672954800969574e+00
9.937243745112837701e+01 3.174079006614236587e+00
9.939472381861752126e+01 3.157605920921388698e+00
9.941679519305574786e+01 3.141252817527604435e+00
9.943865364158968134e+01 3.125018822646587591e+00
9.946030121166262461e+01 3.108903068853933860e+00
9.948173993119792158e+01 3.092904695040838092e+00
9.950297180878071401e+01 3.077022846368136388e+00
9.952399883383809254e+01 3.061256674220682594e+00
9.954482297681776970e+01 3.045605336162057863e+00
9.956544618936506197e+01 3.030067995889606181e+00
9.958587040449846484e+01 3.014643823189799843e+00
9.960609753678360789e+01 2.999331993893926906e+00
9.962612948250571776e+01 2.984131689834101486e+00
9.964596811984056046e+01 2.969042098799595131e+00
9.966561530902384902e+01 2.954062414493482613e+00
9.968507289251924419e+01 2.939191836489605691e+00
9.970434269518479198e+01 2.924429570189848171e+00
9.972342652443792588e+01 2.909774826781721391e+00
9.974232617041897697e+01 2.895226823196258792e+00
9.976104340615327715e+01 2.880784782066216021e+00
9.977957998771182702e+01 2.866447931684574790e+00
9.979793765437047171e+01 2.852215505963348718e+00
9.981611812876771239e+01 2.838086744392688487e+00
9.983412311706111097e+01 2.824060892000284095e+00
9.985195430908225944e+01 2.810137199311062872e+00
9.986961337849041342e+01 2.796314922307178819e+00
9.988710198292469045e+01 2.782593322388295487e+00
9.990442176415496078e+01 2.768971666332155301e+00
9.992157434823133144e+01 2.755449226255435757e+00
9.993856134563232274e+01 2.742025279574892060e+00
9.995538435141172329e+01 2.728699108968780429e+00
9.997204494534402386e+01 2.715470002338562505e+00
9.998854469206868600e+01 2.702337252770887321e+00
1.000048851412329753e+02 2.689300158499852600e+00
1.000210678276335869e+02 2.676358022869536502e+00
1.000370942713569349e+02 2.663510154296804711e+00
1.000529659779181770e+02 2.650755866234386193e+00
1.000686844383990319e+02 2.638094477134218963e+00
1.000842511295842741e+02 2.625525310411061408e+00
1.000996675140969785e+02 2.613047694406368748e+00
1.001149350405326430e+02 2.600660962352431493e+00
1.001300551435919317e+02 2.588364452336775035e+00
1.001450292442123242e+02 2.576157507266819024e+00
1.001598587496985289e+02 2.564039474834792109e+00
1.001745450538516735e+02 2.552009707482902900e+00
1.001890895370973311e+02 2.540067562368764520e+00
1.002034935666124085e+02 2.528212401331069614e+00
1.002177584964507986e+02 2.516443590855515389e+00
1.002318856676679388e+02 2.504760502040977332e+00
1.002458764084442038e+02 2.493162510565927192e+00
1.002597320342071470e+02 2.481648996655096973e+00
1.002734538477526343e+02 2.470219345046384962e+00
1.002870431393648687e+02 2.458872944958001128e+00
1.003005011869353069e+02 2.447609190055853645e+00
1.003138292560804388e+02 2.436427478421170800e+00
1.003270286002585294e+02 2.425327212518359143e+00
1.003401004608852531e+02 2.414307799163096124e+00
1.003530460674482754e+02 2.403368649490653652e+00
1.003658666376207407e+02 2.392509178924452584e+00
1.003785633773737374e+02 2.381728807144846360e+00
1.003911374810877533e+02 2.371026958058130241e+00
1.004035901316630088e+02 2.360403059765778355e+00
1.004159225006288239e+02 2.349856544533902802e+00
1.004281357482519752e+02 2.339386848762935234e+00
1.004402310236440030e+02 2.328993412957529152e+00
1.004522094648675790e+02 2.318675681696680702e+00
1.004640721990418228e+02 2.308433103604068393e+00
1.004758203424466814e+02 2.298265131318606880e+00
1.004874550006262979e+02 2.288171221465215233e+00
1.004989772684914584e+02 2.278150834625798815e+00
1.005103882304210430e+02 2.268203435310441662e+00
1.005216889603625532e+02 2.258328491928808468e+00
1.005328805219317161e+02 2.248525476761753517e+00
1.005439639685110791e+02 2.238793865933139671e+00
1.005549403433478091e+02 2.229133139381857642e+00
1.005658106796504541e+02 2.219542780834053097e+00
1.005765760006848524e+02 2.210022277775552713e+00
1.005872373198691605e+02 2.200571121424492738e+00
1.005977956408679574e+02 2.191188806704146508e+00
1.006082519576854821e+02 2.181874832215948246e+00
1.006186072547579897e+02 2.172628700212714925e+00
1.006288625070452269e+02 2.163449916572062204e+00
1.006390186801211115e+02 2.154337990770013533e+00
1.006490767302634595e+02 2.145292435854802005e+00
1.006590376045429593e+02 2.136312768420861818e+00
1.006689022409112226e+02 2.127398508583010273e+00
1.006786715682881237e+02 2.118549179950816708e+00
1.006883465066481733e+02 2.109764309603157528e+00
1.006979279671062102e+02 2.101043428062958629e+00
1.007074168520022113e+02 2.092386069272118121e+00
1.007168140549852922e+02 2.083791770566615575e+00
1.007261204610969685e+02 2.075260072651798460e+00
1.007353369468536215e+02 2.066790519577851537e+00
1.007444643803281252e+02 2.058382658715443014e+00
1.007535036212307631e+02 2.050036040731547882e+00
1.007624555209894055e+02 2.041750219565448887e+00
1.007713209228288065e+02 2.033524752404910263e+00
1.007801006618493176e+02 2.025359199662525533e+00
1.007887955651046923e+02 2.017253124952237631e+00
1.007974064516793078e+02 2.009206095066030429e+00
1.008059341327645342e+02 2.001217679950787698e+00
1.008143794117344356e+02 1.993287452685323480e+00
1.008227430842207610e+02 1.985414989457577883e+00
1.008310259381871958e+02 1.977599869541978306e+00
1.008392287540029457e+02 1.969841675276967408e+00
1.008473523045155957e+02 1.962139992042692516e+00
1.008553973551232588e+02 1.954494408238858894e+00
1.008633646638461130e+02 1.946904515262743329e+00
1.008712549813971577e+02 1.939369907487368483e+00
1.008790690512524151e+02 1.931890182239835330e+00
1.008868076097203641e+02 1.924464939779813699e+00
1.008944713860107498e+02 1.917093783278189356e+00
1.009020611023027811e+02 1.909776318795866734e+00
1.009095774738126039e+02 1.902512155262725102e+00
1.009170212088602057e+02 1.895300904456729052e+00
1.009243930089356382e+02 1.888142180983189977e+00
1.009316935687646009e+02 1.881035602254179206e+00
1.009389235763734689e+02 1.873980788468091019e+00
1.009460837131536266e+02 1.866977362589353318e+00
1.009531746539252168e+02 1.860024950328287741e+00
1.009601970670002942e+02 1.853123180121114544e+00
1.009671516142453811e+02 1.846271683110104922e+00
1.009740389511433847e+02 1.839470093123875660e+00
1.009808597268549732e+02 1.832718046657829225e+00
1.009876145842793704e+02 1.826015182854734853e+00
1.009943041601144955e+02 1.819361143485451748e+00
1.010009290849166348e+02 1.812755572929792169e+00
1.010074899831594593e+02 1.806198118157523735e+00
1.010139874732925307e+02 1.799688428709510957e+00
1.010204221677992393e+02 1.793226156678992433e+00
1.010267946732541731e+02 1.786810956692996166e+00
1.010331055903799324e+02 1.780442485893888316e+00
1.010393555141034341e+02 1.774120403921058076e+00
1.010455450336116598e+02 1.767844372892734439e+00
1.010516747324068803e+02 1.761614057387935528e+00
1.010577451883613378e+02 1.755429124428550702e+00
1.010637569737714188e+02 1.749289243461551013e+00
1.010697106554113134e+02 1.743194086341330662e+00
1.010756067945861503e+02 1.737143327312176577e+00
1.010814459471845908e+02 1.731136642990865449e+00
1.010872286637310253e+02 1.725173712349387545e+00
1.010929554894371591e+02 1.719254216697796656e+00
1.010986269642531425e+02 1.713377839667183711e+00
1.011042436229182471e+02 1.707544267192776077e+00
1.011098059950110013e+02 1.701753187497158537e+00
1.011153146049988862e+02 1.696004291073616832e+00
1.011207699722875617e+02 1.690297270669602669e+00
1.011261726112695527e+02 1.684631821270318852e+00
1.011315230313725664e+02 1.679007640082423869e+00
1.011368217371072689e+02 1.673424426517855501e+00
1.011420692281146785e+02 1.667881882177771447e+00
1.011472659992130048e+02 1.662379710836607849e+00
1.011524125404441321e+02 1.656917618426252847e+00
1.011575093371196346e+02 1.651495313020336475e+00
1.011625568698662931e+02 1.646112504818633582e+00
1.011675556146712580e+02 1.640768906131581550e+00
1.011725060429267415e+02 1.635464231364910148e+00
1.011774086214742709e+02 1.630198197004382843e+00
1.011822638126485145e+02 1.624970521600650253e+00
1.011870720743207386e+02 1.619780925754213063e+00
1.011918338599417950e+02 1.614629132100494635e+00
1.011965496185846973e+02 1.609514865295022412e+00
1.012012197949868408e+02 1.604437851998717246e+00
1.012058448295917401e+02 1.599397820863289077e+00
1.012104251585904251e+02 1.594394502516740308e+00
1.012149612139624395e+02 1.589427629548973764e+00
1.012194534235164127e+02 1.584496936497505004e+00
1.012239022109302624e+02 1.579602159833279895e+00
1.012283079957909848e+02 1.574743037946594981e+00
1.012326711936341326e+02 1.569919311133119555e+00
1.012369922159828377e+02 1.565130721580020756e+00
1.012412714703864935e+02 1.560377013352188591e+00
1.012455093604590530e+02 1.555657932378561981e+00
1.012497062859169858e+02 1.550973226438554065e+00
1.012538626426168378e+02 1.546322645148576536e+00
1.012579788225924489e+02 1.541705939948661452e+00
1.012620552140918306e+02 1.537122864089181640e+00
1.012660922016136311e+02 1.532573172617666346e+00
1.012700901659433015e+02 1.528056622365713935e+00
1.012740494841889074e+02 1.523572971935999609e+00
1.012779705298165993e+02 1.519121981689377732e+00
1.012818536726857133e+02 1.514703413732077619e+00
1.012856992790835449e+02 1.510317031902993268e+00
1.012895077117598248e+02 1.505962601761065223e+00
1.012932793299608250e+02 1.501639890572754155e+00
1.012970144894631517e+02 1.497348667299606140e+00
1.013007135426071841e+02 1.493088702585907868e+00
1.013043768383302421e+02 1.488859768746432222e+00
1.013080047221994278e+02 1.484661639754273121e+00
1.013115975364440828e+02 1.480494091228768516e+00
1.013151556199880332e+02 1.476356900423511309e+00
1.013186793084814354e+02 1.472249846214448432e+00
1.013221689343323959e+02 1.468172709088065409e+00
1.013256248267382205e+02 1.464125271129657513e+00
1.013290473117163941e+02 1.460107316011686640e+00
1.013324367121352623e+02 1.456118628982221885e+00
1.013357933477444135e+02 1.452158996853466055e+00
1.013391175352047640e+02 1.448228207990363892e+00
1.013424095881183575e+02 1.444326052299294005e+00
1.013456698170578960e+02 1.440452321216843634e+00
1.013488985295959424e+02 1.436606807698664223e+00
1.013520960303338967e+02 1.432789306208408942e+00
1.013552626209306311e+02 1.428999612706750133e+00
1.013583986001309256e+02 1.425237524640477149e+00
1.013615042637935630e+02 1.421502840931673228e+00
1.013645799049191680e+02 1.417795361966971424e+00
1.013676258136778330e+02 1.414114889586889134e+00
1.013706422774363745e+02 1.410461227075239021e+00
1.013736295807854333e+02 1.406834179148618524e+00
1.013765880055662620e+02 1.403233551945975099e+00
1.013795178308972424e+02 1.399659153018247615e+00
1.013824193332001613e+02 1.396110791318083022e+00
1.013852927862262732e+02 1.392588277189628299e+00
1.013881384610820220e+02 1.389091422358395889e+00
1.013909566262546349e+02 1.385620039921203972e+00
1.013937475476373322e+02 1.382173944336189786e+00
1.013965114885544239e+02 1.378752951412894667e+00
1.013992487097860646e+02 1.375356878302422592e+00
1.014019594695928532e+02 1.371985543487669545e+00
1.014046440237401185e+02 1.368638766773624393e+00
1.014073026255220356e+02 1.365316369277740138e+00
1.014099355257854427e+02 1.362018173420375566e+00
1.014125429729535028e+02 1.358744002915306170e+00
1.014151252130490946e+02 1.355493682760305019e+00
1.014176824897179756e+02 1.352267039227790679e+00
1.014202150442517336e+02 1.349063899855544424e+00
1.014227231156105091e+02 1.345884093437494933e+00
1.014252069404455341e+02 1.342727450014569834e+00
1.014276667531213718e+02 1.339593800865613638e+00
1.014301027857380575e+02 1.336482978498372276e+00
1.014325152681528976e+02 1.333394816640543157e+00
1.014349044280021701e+02 1.330329150230890267e+00
1.014372704907225682e+02 1.327285815410424119e+00
1.014396136795724033e+02 1.324264649513645420e+00
1.014419342156526653e+02 1.321265491059853581e+00
1.014442323179278560e+02 1.318288179744517397e+00
1.014465082032466086e+02 1.315332556430709010e+00
1.014487620863621373e+02 1.312398463140600491e+00
1.014509941799524313e+02 1.309485743047022366e+00
1.014532046946403483e+02 1.306594240465082546e+00
1.014553938390133965e+02 1.303723800843847869e+00
1.014575618196434590e+02 1.300874270758084927e+00
1.014597088411062202e+02 1.298045497900061962e+00
1.014618351060004215e+02 1.295237331071410036e+00
1.014639408149670032e+02 1.292449620175043279e+00
1.014660261667079908e+02 1.289682216207137966e+00
1.014680913580051964e+02 1.286934971249170889e+00
1.014701365837387925e+02 1.284207738460014570e+00
1.014721620369056865e+02 1.281500372068090421e+00
1.014741679086376678e+02 1.278812727363579649e+00
1.014761543882194559e+02 1.276144660690689658e+00
1.014781216631065348e+02 1.273496029439978194e+00
1.014800699189428030e+02 1.270866692040732104e+00
1.014819993395780955e+02 1.268256507953402279e+00
1.014839101070854923e+02 1.265665337662093659e+00
1.014858024017784857e+02 1.263093042667110089e+00
1.014876764022279758e+02 1.260539485477552679e+00
1.014895322852790969e+02 1.258004529603973021e+00
1.014913702260679003e+02 1.255488039551079238e+00
1.014931903980378394e+02 1.252989880810495338e+00
1.014949929729561688e+02 1.250509919853573626e+00
1.014967781209300597e+02 1.248048024124258859e+00
1.014985460104227002e+02 1.245604062032004800e+00
1.015002968082691410e+02 1.243177902944742508e+00
1.015020306796920408e+02 1.240769417181899037e+00
1.015037477883172414e+02 1.238378476007468088e+00
1.015054482961891580e+02 1.236004951623129955e+00
1.015071323637861127e+02 1.233648717161422548e+00
1.015088001500354125e+02 1.231309646678961700e+00
1.015104518123283555e+02 1.228987615149710999e+00
1.015120875065350816e+02 1.226682498458300019e+00
1.015137073870192523e+02 1.224394173393392293e+00
1.015153116066525882e+02 1.222122517641100581e+00
1.015169003168293074e+02 1.219867409778451206e+00
1.015184736674803929e+02 1.217628729266894583e+00
1.015200318070877330e+02 1.215406356445863700e+00
1.015215748826981041e+02 1.213200172526380349e+00
1.015231030399370411e+02 1.211010059584706200e+00
1.015246164230225787e+02 1.208835900556041620e+00
1.015261151747788517e+02 1.206677579228269348e+00
1.015275994366495382e+02 1.204534980235744346e+00
1.015290693487112179e+02 1.202407989053128734e+00
1.015305250496865881e+02 1.200296491989271797e+00
1.015319666769575093e+02 1.198200376181133509e+00
1.015333943665779799e+02 1.196119529587754249e+00
1.015348082532869824e+02 1.194053840984266479e+00
1.015362084705211743e+02 1.192003199955951276e+00
1.015375951504274497e+02 1.189967496892337495e+00
1.015389684238754313e+02 1.187946622981344236e+00
1.015403284204697911e+02 1.185940470203466379e+00
1.015416752685625141e+02 1.183948931326000986e+00
1.015430090952649351e+02 1.181971899897317657e+00
1.015443300264597610e+02 1.180009270241169306e+00
1.015456381868129654e+02 1.178060937451044676e+00
1.015469336997855123e+02 1.176126797384561939e+00
1.015482166876450094e+02 1.174206746657903810e+00
1.015494872714772328e+02 1.172300682640292191e+00
1.015507455711975524e+02 1.170408503448503224e+00
1.015519917055622443e+02 1.168530107941423424e+00
1.015532257921796884e+02 1.166665395714643783e+00
1.015544479475214530e+02 1.164814267095094280e+00
1.015556582869332942e+02 1.162976623135717480e+00
1.015568569246460271e+02 1.161152365610180093e+00
1.015580439737862832e+02 1.159341397007624508e+00
1.015592195463872116e+02 1.157543620527456740e+00
1.015603837533990372e+02 1.155758940074173680e+00
1.015615367046994919e+02 1.153987260252228086e+00
1.015626785091042166e+02 1.152228486360929560e+00
1.015638092743770073e+02 1.150482524389383920e+00
1.015649291072399905e+02 1.148749281011469670e+00
1.015660381133836978e+02 1.147028663580849983e+00
1.015671363974769861e+02 1.145320580126021115e+00
1.015682240631769560e+02 1.143624939345397884e+00
1.015693012131387292e+02 1.141941650602434244e+00
1.015703679490251261e+02 1.140270623920779380e+00
1.015714243715162155e+02 1.138611769979469113e+00
1.015724705803188783e+02 1.136965000108152379e+00
1.015735066741761443e+02 1.135330226282352584e+00
1.015745327508765854e+02 1.133707361118763579e+00
1.015755489072634532e+02 1.132096317870578961e+00
1.015765552392438735e+02 1.130497010422856885e+00
1.015775518417978844e+02 1.128909353287917527e+00
1.015785388089873749e+02 1.127333261600774517e+00
1.015795162339649664e+02 1.125768651114599228e+00
1.015804842089828242e+02 1.124215438196218830e+00
1.015814428254013251e+02 1.122673539821646305e+00
1.015823921736976843e+02 1.121142873571643772e+00
1.015833323434745239e+02 1.119623357627317350e+00
1.015842634234682578e+02 1.118114910765745096e+00
1.015851855015575467e+02 1.116617452355635365e+00
1.015860986647715123e+02 1.115130902353018483e+00
1.015870029992979795e+02 1.113655181296968166e+00
1.015878985904916334e+02 1.112190210305355809e+00
1.015887855228820342e+02 1.110735911070633852e+00
1.015896638801816039e+02 1.109292205855651137e+00
1.015905337452935129e+02 1.107859017489498443e+00
1.015913952003195106e+02 1.106436269363384239e+00
1.015922483265676988e+02 1.105023885426540176e+00
1.015930932045601480e+02 1.103621790182156781e+00
1.015939299140405296e+02 1.102229908683348913e+00
1.015947585339816328e+02 1.100848166529149630e+00
1.015955791425928112e+02 1.099476489860534700e+00
1.015963918173273726e+02 1.098114805356474877e+00
1.015971966348898547e+02 1.096763040230017472e+00
1.015979936712433158e+02 1.095421122224396138e+00
1.015987830016164395e+02 1.094088979609169510e+00
1.015995647005106974e+02 1.092766541176387385e+00
1.016003388417073126e+02 1.091453736236784877e+00
1.016011054982742650e+02 1.090150494616004995e+00
1.016018647425731700e+02 1.088856746650847862e+00
1.016026166462661138e+02 1.087572423185547921e+00
1.016033612803224031e+02 1.086297455568077552e+00
1.016040987150252590e+02 1.085031775646478236e+00
1.016048290199784816e+02 1.083775315765218350e+00
1.016055522641129727e+02 1.082528008761576954e+00
1.016062685156932446e+02 1.081289787962054882e+00
1.016069778423239143e+02 1.080060587178810483e+00
1.016076803109559989e+02 1.078840340706123335e+00
1.016083759878933108e+02 1.077628983316881950e+00
1.016090649387986673e+02 1.076426450259097667e+00
1.016097472287001011e+02 1.075232677252444535e+00
1.016104229219969852e+02 1.074047600484823173e+00
1.016110920824661150e+02 1.072871156608950827e+00
1.016117547732677480e+02 1.071703282738975638e+00
1.016124110569515295e+02 1.070543916447115551e+00
1.016130609954624049e+02 1.069392995760322096e+00
1.016137046501464738e+02 1.068250459156968146e+00
1.016143420817567744e+02 1.067116245563559884e+00
1.016149733504590102e+02 1.065990294351472523e+00
1.016155985158372488e+02 1.064872545333710008e+00
1.016162176368995063e+02 1.063762938761688925e+00
1.016168307720833326e+02 1.062661415322044167e+00
1.016174379792613536e+02 1.061567916133459910e+00
1.016180393157466995e+02 1.060482382743521912e+00
1.016186348382984050e+02 1.059404757125593788e+00
1.016192246031267814e+02 1.058334981675715936e+00
1.016198086658987449e+02 1.057272999209526665e+00
1.016203870817430328e+02 1.056218752959205753e+00
1.016209599052554040e+02 1.055172186570440429e+00
1.016215271905038264e+02 1.054133244099414224e+00
1.016220889910335359e+02 1.053101870009815810e+00
1.016226453598721378e+02 1.052078009169871819e+00
1.016231963495345525e+02 1.051061606849399643e+00
1.016237420120280177e+02 1.050052608716882885e+00
1.016242823988569768e+02 1.049050960836566793e+00
1.016248175610279390e+02 1.048056609665576344e+00
1.016253475490542968e+02 1.047069502051054091e+00
1.016258724129611011e+02 1.046089585227319541e+00
1.016263922022897646e+02 1.045116806813048971e+00
1.016269069661027373e+02 1.044151114808476111e+00
1.016274167529881680e+02 1.043192457592612366e+00
1.016279216110644370e+02 1.042240783920488134e+00
1.016284215879847324e+02 1.041296042920414333e+00
1.016289167309415546e+02 1.040358184091262794e+00
1.016294070866711508e+02 1.039427157299767757e+00
1.016298927014579050e+02 1.038502912777846010e+00
1.016303736211387587e+02 1.037585401119937245e+00
1.016308498911075020e+02 1.036674573280363054e+00
1.016313215563190511e+02 1.035770380570705917e+00
1.016317886612937258e+02 1.034872774657207062e+00
1.016322512501213993e+02 1.033981707558182972e+00
1.016327093664657042e+02 1.033097131641460775e+00
1.016331630535681398e+02 1.032218999621832944e+00
1.016336123542521506e+02 1.031347264558529542e+00
1.016340573109271475e+02 1.030481879852709781e+00
1.016344979655925584e+02 1.029622799244970910e+00
1.016349343598417363e+02 1.028769976812876186e+00
1.016353665348659234e+02 1.027923366968500396e+00
1.016357945314581173e+02 1.027082924455993140e+00
1.016362183900169498e+02 1.026248604349160543e+00
1.016366381505504535e+02 1.025420362049063172e+00
1.016370538526798839e+02 1.024598153281633284e+00
1.016374655356434289e+02 1.023781934095307600e+00
1.016378732382999175e+02 1.022971660858678966e+00
1.016382769991324864e+02 1.022167290258163996e+00
1.016386768562522320e+02 1.021368779295688256e+00
1.016390728474017777e+02 1.020576085286387436e+00
1.016394650099588688e+02 1.019789165856327173e+00
1.016398533809398401e+02 1.019007978940237091e+00
1.016402379970031831e+02 1.018232482779263037e+00
1.016406188944529703e+02 1.017462635918735092e+00
1.016409961092422662e+02 1.016698397205952231e+00
1.016413696769765522e+02 1.015939725787982084e+00
1.016417396329170657e+02 1.015186581109477792e+00
1.016421060119841258e+02 1.014438922910510854e+00
1.016424688487604584e+02 1.013696711224418623e+00
1.016428281774944224e+02 1.012959906375668462e+00
1.016431840321032638e+02 1.012228468977737217e+00
1.016435364461763129e+02 1.011502359931005790e+00
1.016438854529781537e+02 1.010781540420669700e+00
1.016442310854517643e+02 1.010065971914664296e+00
1.016445733762216150e+02 1.009355616161605296e+00
1.016449123575967661e+02 1.008650435188744199e+00
1.016452480615739091e+02 1.007950391299939241e+00
1.016455805198403795e+02 1.007255447073639676e+00
