5.000000000000000000e+00 2.500000000000000000e+01
5.169936726237342128e+00 2.559861421113440372e+01
5.336883401142523908e+00 2.619491572728012230e+01
5.500816813026784047e+00 2.678886098020817386e+01
5.661716687310962115e+00 2.738040646456197180e+01
5.819565750060755605e+00 2.796950903018212031e+01
5.974349773133570629e+00 2.855612616823770367e+01
6.126057601137871345e+00 2.914021628825118526e+01
6.274681160600510843e+00 2.972173898335022102e+01
6.420215451919490945e+00 3.030065528135754604e+01
6.562658524845758734e+00 3.087692787963302976e+01
6.702011438385354403e+00 3.145052136190235004e+01
6.838278206140448567e+00 3.202140239563759394e+01
6.971465728213188662e+00 3.258953990888887375e+01
7.101583710879061151e+00 3.315490524579606557e+01
7.228644575296551800e+00 3.371747230032952558e+01
7.352663356557710195e+00 3.427721762811273720e+01
7.473657594400738624e+00 3.483412053646321738e+01
7.591647216902318362e+00 3.538816315304703863e+01
7.706654418445801902e+00 3.593933047377390722e+01
7.818703533223601454e+00 3.648761039076193669e+01
7.927820905480301938e+00 3.703299370137299462e+01
8.034034757639442859e+00 3.757547409946054273e+01
8.137375057383859911e+00 3.811504815008251512e+01
8.237873384679174293e+00 3.865171524901352029e+01
8.335562799644613108e+00 3.918547756844470342e+01
8.430477712086839048e+00 3.971633999028841089e+01
8.522653753422641643e+00 4.024431002851058992e+01
8.612127651626858338e+00 4.076939774189920485e+01
8.698937109754130148e+00 4.129161563864464313e+01
8.783120688498206263e+00 4.181097857406076912e+01
8.864717693171549229e+00 4.232750364271562660e+01
8.943768065411591195e+00 4.284121006617144189e+01
9.020312279848843318e+00 4.335211907745669180e+01
9.094391245906448873e+00 4.386025380331106760e+01
9.166046214841017559e+00 4.436563914515907925e+01
9.235318692080669578e+00 4.486830165968121520e+01
9.302250354868242255e+00 4.536826943976524973e+01
9.366882975175309767e+00 4.586557199653497463e+01
9.429258347815981267e+00 4.636024014307088947e+01
9.489418223657937190e+00 4.685230588035804544e+01
9.547404247801663857e+00 4.734180228592066442e+01
9.603257902576924465e+00 4.782876340553220729e+01
9.657020455187803165e+00 4.831322414832338552e+01
9.708732909823810431e+00 4.879522018554937546e+01
9.758435964044188893e+00 4.927478785322153954e+01
9.806169969235252637e+00 4.975196405875787775e+01
9.851974894936068594e+00 5.022678619176058135e+01
9.895890296825669452e+00 5.069929203898797709e+01
9.937955288164895151e+00 5.116951970355159318e+01
9.978208514487690195e+00 5.163750752833732349e+01
1.001668813133989921e+01 5.210329402362155804e+01
1.005343178486803524e+01 5.256691779882933702e+01
1.008847659506600358e+01 5.302841749836116492e+01
1.012185914149402244e+01 5.348783174139789054e+01
1.015361545129091070e+01 5.394519906557906097e+01
1.018378098930829267e+01 5.440055787443859003e+01
1.021239065020299996e+01 5.485394638847268567e+01
1.023947875233182891e+01 5.530540259970802452e+01
1.026507903330089100e+01 5.575496422963328769e+01
1.028922464702976924e+01 5.620266869035387458e+01
1.031194816219869104e+01 5.664855304882790676e+01
1.033328156195478975e+01 5.709265399404100094e+01
1.035325624476113404e+01 5.753500780697797978e+01
1.037190302627973004e+01 5.797565033325114570e+01
1.038925214218684978e+01 5.841461695824698808e+01
1.040533325182598290e+01 5.885194258465624273e+01
1.042017544261036299e+01 5.928766161225553333e+01
1.043380723509334196e+01 5.972180791981281089e+01
1.044625658863090756e+01 6.015441484899294977e+01
1.045755090756637351e+01 6.058551519014434206e+01
1.046771704787266799e+01 6.101514116985187997e+01
1.047678132419273744e+01 6.144332444014661121e+01
1.048476951722339301e+01 6.187009606926688576e+01
1.049170688139240681e+01 6.229548653387089274e+01
1.049761815278290555e+01 6.271952571260504783e+01
1.050252755726304521e+01 6.314224288093753046e+01
1.050645881878259935e+01 6.356366670717081746e+01
1.050943516780157871e+01 6.398382524955169259e+01
1.051147934981911902e+01 6.440274595440149596e+01
1.051261363397389381e+01 6.482045565519375430e+01
1.051285982168999311e+01 6.523698057251026228e+01
1.051223925534480585e+01 6.565234631481096983e+01
1.051077282693773896e+01 6.606657787995642650e+01
1.050848098674080511e+01 6.647969965742549903e+01
1.050538375191408846e+01 6.689173543117435372e+01
1.050150071507095539e+01 6.730270838308609882e+01
1.049685105277954733e+01 6.771264109696357991e+01
1.049145353398865055e+01 6.812155556302076320e+01
1.048532652836746593e+01 6.852947318283102618e+01
1.047848801455010559e+01 6.893641477469341794e+01
1.047095558827681572e+01 6.934240057938018253e+01
1.046274647042504213e+01 6.974745026623162403e+01
1.045387751492441986e+01 7.015158293956621094e+01
1.044436521655069150e+01 7.055481714537637572e+01
1.043422571859437120e+01 7.095717087828191438e+01
1.042347482040070616e+01 7.135866158871526466e+01
1.041212798477819312e+01 7.175930619031439051e+01
1.040020034527349146e+01 7.215912106750060673e+01
1.038770671331113249e+01 7.255812208322043944e+01
1.037466158519692350e+01 7.295632458683181198e+01
1.036107914898440718e+01 7.335374342211633802e+01
1.034697329120410636e+01 7.375039293540071128e+01
1.033235760345566590e+01 7.414628698377126170e+01
1.031724538886333065e+01 7.454143894336699816e+01
1.030164966839544682e+01 7.493586171773739579e+01
1.028558318704896912e+01 7.532956774625209562e+01
1.026905841990015134e+01 7.572256901255062189e+01
1.025208757802279713e+01 7.611487705302107543e+01
1.023468261427562709e+01 7.650650296529747152e+01
1.021685522896046017e+01 7.689745741676610180e+01
1.019861687535303219e+01 7.728775065307205239e+01
1.017997876510838751e+01 7.767739250661756500e+01
1.016095187354287788e+01 7.806639240504448196e+01
1.014154694479486274e+01 7.845475937969365532e+01
1.012177449686628705e+01 7.884250207403457011e+01
1.010164482654734108e+01 7.922962875205908517e+01
1.008116801422647768e+01 7.961614730663340822e+01
1.006035392858806254e+01 8.000206526780303307e+01
1.003921223119995254e+01 8.038738981104559400e+01
1.001775238099334331e+01 8.077212776546703310e+01
9.995983638637182978e+00 8.115628562193683138e+01
9.973915070809493244e+00 8.153986954115823949e+01
9.951555554367891077e+00 8.192288536166989843e+01
9.928913780421618540e+00 8.230533860777532595e+01
9.905998258307366910e+00 8.268723449739721332e+01
9.882817319471131512e+00 8.306857794985350552e+01
9.859379121258362133e+00 8.344937359355256490e+01
9.835691650614588610e+00 8.382962577360503076e+01
9.811762727698702946e+00 8.420933855934984535e+01
9.787600009411047353e+00 8.458851575179258475e+01
9.763210992838409652e+00 8.496716089095393443e+01
9.738603018617979501e+00 8.534527726312664697e+01
9.713783274222327790e+00 8.572286790803931922e+01
9.688758797167368542e+00 8.609993562592549665e+01
9.663536478145278608e+00 8.647648298449674087e+01
9.638123064084277658e+00 8.685251232581853742e+01
9.612525161137130070e+00 8.722802577308785033e+01
9.586749237600210805e+00 8.760302523731137114e+01
9.560801626764920513e+00 8.797751242388368098e+01
9.534688529703180038e+00 8.835148883906445860e+01
9.508416017988725599e+00 8.872495579635416618e+01
9.481990036355858464e+00 8.909791442276765849e+01
9.455416405297267346e+00 8.947036566500517552e+01
9.428700823602513381e+00 8.984231029552042003e+01
9.401848870838705352e+00 9.021374891848542177e+01
9.374866009774876829e+00 9.058468197565191815e+01
9.347757588751514746e+00 9.095510975210923732e+01
9.320528843996672919e+00 9.132503238193848460e+01
9.293184901890048977e+00 9.169444985376318868e+01
9.265730781176365838e+00 9.206336201619636483e+01
9.238171395129382901e+00 9.243176858318420841e+01
9.210511553667799944e+00 9.279966913924668859e+01
9.182755965424293620e+00 9.316706314461515603e+01
9.154909239768896256e+00 9.353394994026743348e+01
9.126975888787882241e+00 9.390032875286075864e+01
9.098960329219313081e+00 9.426619869956294906e+01
9.070866884346326486e+00 9.463155879278232874e+01
9.042699785849269034e+00 9.499640794479694250e+01
9.014463175617697388e+00 9.536074497228372593e+01
8.986161107523273017e+00 9.572456860074808560e+01
8.957797549154536298e+00 9.608787746885474235e+01
8.929376383514512128e+00 9.645067013266051958e+01
8.900901410682086734e+00 9.681294506974970204e+01
8.872376349438050980e+00 9.717470068327295962e+01
8.843804838856696549e+00 9.753593530589057536e+01
8.815190439863807015e+00 9.789664720362074490e+01
8.786536636761884012e+00 9.825683457959407008e+01
8.757846838723404304e+00 9.861649557771499985e+01
8.729124381252900022e+00 9.897562828623124176e+01
8.700372527618604579e+00 9.933423074121215279e+01
8.671594470254417431e+00 9.969230092993706194e+01
8.642793332132903572e+00 1.000498367941946753e+02
8.613972168110006322e+00 1.004068362334944879e+02
8.585133966242176840e+00 1.007632971081914377e+02
8.556281649076554530e+00 1.011192172425248117e+02
8.527418074914843160e+00 1.014745944275724980e+02
8.498546039051516843e+00 1.018294264241219054e+02
8.469668274986936751e+00 1.021837109654585021e+02
8.440787455615978985e+00 1.025374457600732683e+02
8.411906194392745562e+00 1.028906284942902403e+02
8.383027046471893229e+00 1.032432568348153126e+02
8.354152509827146744e+00 1.035953284312075908e+02
8.325285026347497563e+00 1.039468409182743756e+02
8.296426982911597747e+00 1.042977919183911553e+02
8.267580712440869561e+00 1.046481790437477883e+02
8.238748494931771305e+00 1.049979998985221243e+02
8.209932558467723851e+00 1.053472520809822726e+02
8.181135080211140220e+00 1.056959331855188537e+02
8.152358187375988052e+00 1.060440408046084428e+02
8.123603958181343287e+00 1.063915725307094817e+02
8.094874422786329404e+00 1.067385259580918699e+02
8.066171564206868538e+00 1.070848986846016118e+02
8.037497319214635283e+00 1.074306883133616566e+02
8.008853579218596863e+00 1.077758924544102541e+02
7.980242191129520712e+00 1.081205087262780609e+02
7.951664958207825151e+00 1.084645347575052483e+02
7.923123640895110675e+00 1.088079681880999203e+02
7.894619957629741336e+00 1.091508066709389340e+02
7.866155585646803949e+00 1.094930478731125447e+02
7.837732161762776428e+00 1.098346894772139564e+02
7.809351283145234746e+00 1.101757291825750684e+02
7.781014508067905844e+00 1.105161647064496293e+02
7.752723356651373798e+00 1.108559937851449604e+02
7.724479311589744768e+00 1.111952141751035299e+02
7.696283818863553172e+00 1.115338236539354284e+02
7.668138288439197758e+00 1.118718200214030674e+02
7.640044094955187326e+00 1.122092011003591665e+02
7.612002578395460795e+00 1.125459647376391530e+02
7.584015044750050727e+00 1.128821088049092793e+02
7.556082766663344330e+00 1.132176311994713842e+02
7.528206984070194174e+00 1.135525298450255036e+02
7.500388904820129099e+00 1.138868026923914840e+02
7.472629705289893565e+00 1.142204477201905490e+02
7.444930530984564143e+00 1.145534629354880565e+02
7.417292497127457196e+00 1.148858463743983123e+02
7.389716689239063996e+00 1.152175961026526920e+02
7.362204163705218463e+00 1.155487102161319370e+02
7.334755948334723996e+00 1.158791868413636905e+02
7.307373042906635696e+00 1.162090241359863398e+02
7.280056419707409354e+00 1.165382202891799750e+02
7.252807024058110841e+00 1.168667735220656709e+02
7.225625774831885728e+00 1.171946820880738187e+02
7.198513564961873001e+00 1.175219442732825570e+02
7.171471261939754704e+00 1.178485583967272277e+02
7.144499708305115604e+00 1.181745228106817365e+02
7.117599722125799389e+00 1.184998359009126148e+02
7.090772097469431046e+00 1.188244960869068620e+02
7.064017604866272393e+00 1.191485018220742091e+02
7.037336991763580407e+00 1.194718515939247538e+02
7.010730982971632663e+00 1.197945439242228076e+02
6.984200281101576202e+00 1.201165773691176213e+02
6.957745566995257036e+00 1.204379505192519844e+02
6.931367500147179506e+00 1.207586619998492807e+02
6.905066719118753582e+00 1.210787104707798818e+02
6.878843841944963344e+00 1.213980946266075165e+02
6.852699466533612060e+00 1.217168131966164708e+02
6.826634171057277101e+00 1.220348649448201996e+02
6.800648514338112349e+00 1.223522486699520897e+02
6.774743036225635784e+00 1.226689632054390842e+02
6.748918257967628342e+00 1.229850074193588227e+02
6.723174682574281746e+00 1.233003802143808372e+02
6.697512795175708078e+00 1.236150805276925979e+02
6.671933063372952333e+00 1.239291073309109095e+02
6.646435937582610975e+00 1.242424596299792938e+02
6.621021851375189726e+00 1.245551364650519446e+02
6.595691221807308935e+00 1.248671369103648487e+02
6.570444449747872007e+00 1.251784600740945450e+02
6.545281920198311454e+00 1.254891050982051723e+02
6.520204002607017379e+00 1.257990711582842778e+02
6.495211051178061190e+00 1.261083574633678808e+02
6.470303405174314015e+00 1.264169632557553626e+02
6.445481389215069079e+00 1.267248878108145362e+02
6.420745313568263946e+00 1.270321304367775781e+02
6.396095474437402117e+00 1.273386904745280503e+02
6.371532154243277013e+00 1.276445672973796093e+02
6.347055621900587141e+00 1.279497603108468269e+02
6.322666133089538398e+00 1.282542689524084949e+02
6.298363930522523191e+00 1.285580926912637665e+02
6.274149244205974085e+00 1.288612310280817610e+02
6.250022291697466592e+00 1.291636834947447028e+02
6.225983278358168782e+00 1.294654496540852620e+02
6.202032397600720337e+00 1.297665290996182534e+02
6.178169831132620970e+00 1.300669214552671349e+02
6.154395749195208154e+00 1.303666263750856160e+02
6.130710310798315632e+00 1.306656435429747489e+02
6.107113663950674898e+00 1.309639726723957835e+02
6.083605945886148447e+00 1.312616135060791294e+02
6.060187283285868531e+00 1.315585658157296223e+02
6.036857792496351571e+00 1.318548294017285230e+02
6.013617579743661068e+00 1.321504040928325026e+02
5.990466741343698054e+00 1.324452897458697009e+02
5.967405363908677707e+00 1.327394862454334543e+02
5.944433524549872061e+00 1.330329935035735787e+02
5.921551291076675660e+00 1.333258114594857773e+02
5.898758722192069648e+00 1.336179400791991441e+02
5.876055867684543799e+00 1.339093793552621889e+02
5.853442768616537784e+00 1.342001293064273852e+02
5.830919457509475379e+00 1.344901899773347225e+02
5.808485958525437809e+00 1.347795614381942357e+02
5.786142287645549942e+00 1.350682437844678532e+02
5.763888452845128185e+00 1.353562371365505896e+02
5.741724454265655808e+00 1.356435416394514277e+02
5.719650284383638983e+00 1.359301574624740283e+02
5.697665928176395944e+00 1.362160847988973273e+02
5.675771363284843218e+00 1.365013238656562464e+02
5.653966560173324218e+00 1.367858749030227727e+02
5.632251482286538824e+00 1.370697381742873233e+02
5.610626086203619245e+00 1.373529139654407913e+02
5.589090321789413451e+00 1.376354025848571609e+02
5.567644132343012586e+00 1.379172043629770599e+02
5.546287454743585421e+00 1.381983196519921648e+02
5.525020219593558046e+00 1.384787488255306869e+02
5.503842351359188534e+00 1.387584922783439936e+02
5.482753768508587200e+00 1.390375504259946524e+02
5.461754383647223321e+00 1.393159237045456393e+02
5.440844103650961827e+00 1.395936125702511390e+02
5.420022829796682373e+00 1.398706174992489082e+02
5.399290457890511874e+00 1.401469389872542877e+02
5.378646878393723796e+00 1.404225775492558626e+02
5.358091976546338842e+00 1.406975337192131121e+02
5.337625632488471439e+00 1.409718080497557082e+02
5.317247721379459335e+00 1.412454011118850019e+02
5.296958113514818933e+00 1.415183134946773862e+02
5.276756674441062778e+00 1.417905458049897902e+02
5.256643265068414728e+00 1.420620986671673052e+02
5.236617741781468993e+00 1.423329727227530270e+02
5.216679956547817021e+00 1.426031686302001447e+02
5.196829757024689300e+00 1.428726870645862732e+02
5.177066986663640513e+00 1.431415287173302602e+02
5.157391484813316218e+00 1.434096942959112368e+02
5.137803086820332155e+00 1.436771845235901708e+02
5.118301624128303473e+00 1.439440001391338626e+02
5.098886924375051422e+00 1.442101418965414439e+02
5.079558811488026571e+00 1.444756105647733762e+02
5.060317105777972557e+00 1.447404069274830647e+02
5.041161624030866761e+00 1.450045317827509734e+02
5.022092179598167228e+00 1.452679859428214115e+02
5.003108582485394251e+00 1.455307702338418778e+02
4.984210639439079493e+00 1.457928854956051339e+02
4.965398154032104827e+00 1.460543325812938917e+02
4.946670926747468222e+00 1.463151123572280881e+02
4.928028755060496202e+00 1.465752257026150289e+02
4.909471433519537520e+00 1.468346735093020925e+02
4.890998753825157586e+00 1.470934566815321887e+02
4.872610504907866513e+00 1.473515761357018903e+02
4.854306473004402989e+00 1.476090328001224066e+02
4.836086441732600605e+00 1.478658276147831145e+02
4.817950192164859757e+00 1.481219615311179325e+02
4.799897502900254409e+00 1.483774355117743369e+02
4.781928150135291489e+00 1.486322505303852211e+02
4.764041907733354009e+00 1.488864075713433408e+02
4.746238547292841226e+00 1.491399076295786017e+02
4.728517838214039593e+00 1.493927517103380183e+02
4.710879547764738717e+00 1.496449408289682879e+02
4.693323441144618968e+00 1.498964760107012637e+02
4.675849281548431158e+00 1.501473582904419288e+02
4.658456830227986956e+00 1.503975887125592124e+02
4.641145846552984899e+00 1.506471683306794205e+02
4.623916088070691544e+00 1.508960982074822539e+02
4.606767310564493734e+00 1.511443794144996673e+02
4.589699268111350428e+00 1.513920130319171449e+02
4.572711713138152945e+00 1.516390001483778178e+02
4.555804396477021179e+00 1.518853418607890546e+02
4.538977067419550870e+00 1.521310392741316946e+02
4.522229473770028818e+00 1.523760935012719528e+02
4.505561361897640893e+00 1.526205056627756846e+02
4.488972476787679966e+00 1.528642768867254063e+02
4.472462562091781280e+00 1.531074083085398172e+02
4.456031360177195921e+00 1.533499010707956529e+02
4.439678612175123718e+00 1.535917563230523513e+02
4.423404058028116204e+00 1.538329752216789359e+02
4.407207436536576317e+00 1.540735589296834576e+02
4.391088485404355701e+00 1.543135086165448513e+02
4.375046941283479818e+00 1.545528254580473515e+02
4.359082539818007973e+00 1.547915106361170672e+02
4.343195015687045135e+00 1.550295653386610866e+02
4.327384102646922415e+00 1.552669907594090262e+02
4.311649533572555981e+00 1.555037880977566545e+02
4.295991040498008395e+00 1.557399585586121020e+02
4.280408354656250580e+00 1.559755033522442034e+02
4.264901206518157295e+00 1.562104236941331692e+02
4.249469325830734334e+00 1.564447208048235325e+02
4.234112441654597880e+00 1.566783959097792547e+02
4.218830282400718446e+00 1.569114502392411055e+02
4.203622575866441835e+00 1.571438850280862027e+02
4.188489049270798681e+00 1.573757015156896273e+02
4.173429429289117643e+00 1.576069009457883681e+02
4.158443442086951158e+00 1.578374845663472286e+02
4.143530813353328845e+00 1.580674536294268080e+02
4.128691268333348319e+00 1.582968093910537277e+02
4.113924531860116751e+00 1.585255531110927052e+02
4.099230328386050282e+00 1.587536860531207594e+02
4.084608382013549033e+00 1.589812094843033776e+02
4.070058416525056622e+00 1.592081246752726713e+02
4.055580155412507715e+00 1.594344329000075220e+02
4.041173321906187610e+00 1.596601354357156026e+02
4.026837639003000291e+00 1.598852335627173034e+02
4.012572829494168047e+00 1.601097285643315900e+02
3.998378615992360441e+00 1.603336217267637096e+02
3.984254720958273932e+00 1.605569143389947158e+02
3.970200866726663058e+00 1.607796076926728119e+02
3.956216775531838703e+00 1.610017030820065429e+02
3.942302169532637901e+00 1.612232018036596344e+02
3.928456770836878942e+00 1.614441051566477654e+02
3.914680301525306660e+00 1.616644144422368754e+02
3.900972483675042124e+00 1.618841309638432904e+02
3.887333039382538935e+00 1.621032560269355542e+02
3.873761690786059475e+00 1.623217909389377667e+02
3.860258160087679524e+00 1.625397370091347682e+02
3.846822169574825256e+00 1.627570955485787749e+02
3.833453441641355930e+00 1.629738678699976901e+02
3.820151698808197160e+00 1.631900552877049790e+02
3.806916663743534546e+00 1.634056591175110782e+02
3.793748059282572083e+00 1.636206806766363115e+02
3.780645608446868700e+00 1.638351212836254547e+02
3.767609034463252904e+00 1.640489822582635497e+02
3.754638060782331532e+00 1.642622649214934540e+02
3.741732411096590383e+00 1.644749705953345824e+02
3.728891809358103160e+00 1.646871006028033264e+02
3.716115979795847846e+00 1.648986562678346672e+02
3.703404646932642930e+00 1.651096389152052950e+02
3.690757535601707051e+00 1.653200498704580923e+02
3.678174370962849160e+00 1.655298904598279535e+02
3.665654878518297632e+00 1.657391620101688545e+02
3.653198784128171894e+00 1.659478658488823726e+02
3.640805814025605880e+00 1.661560033038473989e+02
3.628475694831525100e+00 1.663635757033511879e+02
3.616208153569090200e+00 1.665705843760215714e+02
3.604002917677803897e+00 1.667770306507605085e+02
3.591859715027297284e+00 1.669829158566787726e+02
3.579778273930792398e+00 1.671882413230318889e+02
3.567758323158252143e+00 1.673930083791572656e+02
3.555799591949221128e+00 1.675972183544124334e+02
3.543901810025363197e+00 1.678008725781144506e+02
3.532064707602700970e+00 1.680039723794804445e+02
3.520288015403563175e+00 1.682065190875693190e+02
3.508571464668243323e+00 1.684085140312244278e+02
3.496914787166377714e+00 1.686099585390174411e+02
3.485317715208045453e+00 1.688108539391932936e+02
3.473779981654595783e+00 1.690112015596160120e+02
3.462301319929206755e+00 1.692110027277157371e+02
3.450881464027184542e+00 1.694102587704367409e+02
3.439520148526001186e+00 1.696089710141863804e+02
3.428217108595080553e+00 1.698071407847850196e+02
3.416972080005334256e+00 1.700047694074170010e+02
3.405784799138454666e+00 1.702018582065825569e+02
3.394655002995966342e+00 1.703984085060505436e+02
3.383582429208041642e+00 1.705944216288122846e+02
3.372566816042085858e+00 1.707898988970361245e+02
3.361607902411094084e+00 1.709848416320230911e+02
3.350705427881783383e+00 1.711792511541632109e+02
3.339859132682508225e+00 1.713731287828928771e+02
3.329068757710958781e+00 1.715664758366529270e+02
3.318334044541647376e+00 1.717592936328477151e+02
3.307654735433188442e+00 1.719515834878048111e+02
3.297030573335372416e+00 1.721433467167357207e+02
3.286461301896042464e+00 1.723345846336972613e+02
3.275946665467770469e+00 1.725252985515537318e+02
3.265486409114343402e+00 1.727154897819399366e+02
3.255080278617058287e+00 1.729051596352249192e+02
3.244728020480830200e+00 1.730943094204764634e+02
3.234429381940119086e+00 1.732829404454262203e+02
3.224184110964676719e+00 1.734710540164358008e+02
3.213991956265115579e+00 1.736586514384633517e+02
3.203852667298307644e+00 1.738457340150308710e+02
3.193765994272609543e+00 1.740323030481923752e+02
3.183731688152925177e+00 1.742183598385025505e+02
3.173749500665600909e+00 1.744039056849861140e+02
3.163819184303161780e+00 1.745889418851079711e+02
3.153940492328889178e+00 1.747734697347437987e+02
3.144113178781244411e+00 1.749574905281514248e+02
3.134336998478139957e+00 1.751410055579427762e+02
3.124611707021060170e+00 1.753240161150564518e+02
3.114937060799036761e+00 1.755065234887308634e+02
3.105312816992480851e+00 1.756885289664780032e+02
3.095738733576872459e+00 1.758700338340578071e+02
3.086214569326312329e+00 1.760510393754530583e+02
3.076740083816937421e+00 1.762315468728448593e+02
3.067315037430203173e+00 1.764115576065886444e+02
3.057939191356034758e+00 1.765910728551907880e+02
3.048612307595849558e+00 1.767700938952857541e+02
3.039334148965453952e+00 1.769486220016136144e+02
3.030104479097815773e+00 1.771266584469983343e+02
3.020923062445715512e+00 1.773042045023263711e+02
3.011789664284279411e+00 1.774812614365258412e+02
3.002704050713393968e+00 1.776578305165461984e+02
2.993665988660006327e+00 1.778339130073383387e+02
2.984675245880312300e+00 1.780095101718352169e+02
2.975731590961834261e+00 1.781846232709330025e+02
2.966834793325390685e+00 1.783592535634724925e+02
2.957984623226958210e+00 1.785334023062212054e+02
2.949180851759431121e+00 1.787070707538557315e+02
2.940423250854277804e+00 1.788802601589446795e+02
2.931711593283095940e+00 1.790529717719319081e+02
2.923045652659072235e+00 1.792252068411202401e+02
2.914425203438342216e+00 1.793969666126556604e+02
2.905850020921258103e+00 1.795682523305117684e+02
2.897319881253561658e+00 1.797390652364747154e+02
2.888834561427468639e+00 1.799094065701285956e+02
2.880393839282661350e+00 1.800792775688410927e+02
2.871997493507195909e+00 1.802486794677495823e+02
2.863645303638322481e+00 1.804176134997476026e+02
2.855337050063222026e+00 1.805860808954716106e+02
2.847072514019659550e+00 1.807540828832882767e+02
2.838851477596558759e+00 1.809216206892819230e+02
2.830673723734495439e+00 1.810886955372424723e+02
2.822539036226113129e+00 1.812553086486535960e+02
2.814447199716465065e+00 1.814214612426813176e+02
2.806397999703278412e+00 1.815871545361628705e+02
2.798391222537147893e+00 1.817523897435958986e+02
2.790426655421656577e+00 1.819171680771280251e+02
2.782504086413426947e+00 1.820814907465466206e+02
2.774623304422102255e+00 1.822453589592689696e+02
2.766784099210262582e+00 1.824087739203326635e+02
2.758986261393272077e+00 1.825717368323864207e+02
2.751229582439064014e+00 1.827342488956810200e+02
2.743513854667861462e+00 1.828963113080606320e+02
2.735838871251835780e+00 1.830579252649544060e+02
2.728204426214704714e+00 1.832190919593683134e+02
2.720610314431270993e+00 1.833798125818773030e+02
2.713056331626902740e+00 1.835400883206176559e+02
2.705542274376956158e+00 1.836999203612796521e+02
2.698067940106143148e+00 1.838593098871004656e+02
2.690633127087844745e+00 1.840182580788573432e+02
2.683237634443368602e+00 1.841767661148608966e+02
2.675881262141158068e+00 1.843348351709489066e+02
2.668563810995945751e+00 1.844924664204800990e+02
2.661285082667860014e+00 1.846496610343282327e+02
2.654044879661481282e+00 1.848064201808765006e+02
2.646843005324850395e+00 1.849627450260120440e+02
2.639679263848428992e+00 1.851186367331207521e+02
2.632553460264016376e+00 1.852740964630822873e+02
2.625465400443618869e+00 1.854291253742651975e+02
2.618414891098276520e+00 1.855837246225224533e+02
2.611401739776846753e+00 1.857378953611869576e+02
2.604425754864746256e+00 1.858916387410674247e+02
2.597486745582651135e+00 1.860449559104444006e+02
2.590584521985156208e+00 1.861978480150664552e+02
2.583718894959397439e+00 1.863503161981465723e+02
2.576889676223633519e+00 1.865023616003587108e+02
2.570096678325791917e+00 1.866539853598346497e+02
2.563339714641976297e+00 1.868051886121608618e+02
2.556618599374941070e+00 1.869559724903756717e+02
2.549933147552526869e+00 1.871063381249664985e+02
2.543283175026066711e+00 1.872562866438673836e+02
2.536668498468754862e+00 1.874058191724565745e+02
2.530088935373985048e+00 1.875549368335543079e+02
2.523544304053657150e+00 1.877036407474208204e+02
2.517034423636451912e+00 1.878519320317543588e+02
2.510559114066075903e+00 1.879998118016895603e+02
2.504118196099477611e+00 1.881472811697957468e+02
2.497711491305034226e+00 1.882943412460755610e+02
2.491338822060709113e+00 1.884409931379636305e+02
2.485000011552184862e+00 1.885872379503254308e+02
2.478694883770967028e+00 1.887330767854562907e+02
2.472423263512463443e+00 1.888785107430804544e+02
2.466184976374036886e+00 1.890235409203503707e+02
2.459979848753035103e+00 1.891681684118461249e+02
2.453807707844794628e+00 1.893123943095748984e+02
2.447668381640622837e+00 1.894562197029706283e+02
2.441561698925756030e+00 1.895996456788937792e+02
2.435487489277297080e+00 1.897426733216312300e+02
2.429445583062129099e+00 1.898853037128963024e+02
2.423435811434810017e+00 1.900275379318288742e+02
2.417458006335447163e+00 1.901693770549955786e+02
2.411512000487550100e+00 1.903108221563902589e+02
2.405597627395864802e+00 1.904518743074343092e+02
2.399714721344191393e+00 1.905925345769773287e+02
2.393863117393180140e+00 1.907328040312978032e+02
2.388042651378112335e+00 1.908726837341038447e+02
2.382253159906663864e+00 1.910121747465341002e+02
2.376494480356650563e+00 1.911512781271586903e+02
2.370766450873758924e+00 1.912899949319804023e+02
2.365068910369261701e+00 1.914283262144357138e+02
2.359401698517716195e+00 1.915662730253961854e+02
2.353764655754650548e+00 1.917038364131697961e+02
2.348157623274234052e+00 1.918410174235023646e+02
2.342580443026933246e+00 1.919778170995790845e+02
2.337032957717157799e+00 1.921142364820262287e+02
2.331515010800889964e+00 1.922502766089127419e+02
2.326026446483303811e+00 1.923859385157521729e+02
2.320567109716372478e+00 1.925212232355044648e+02
2.315136846196462095e+00 1.926561317985779169e+02
2.309735502361917270e+00 1.927906652328312305e+02
2.304362925390633698e+00 1.929248245635756405e+02
2.299018963197621446e+00 1.930586108135770758e+02
2.293703464432558015e+00 1.931920250030584327e+02
2.288416278477332089e+00 1.933250681497019059e+02
2.283157255443577505e+00 1.934577412686513753e+02
2.277926246170199676e+00 1.935900453725148793e+02
2.272723102220892688e+00 1.937219814713672008e+02
2.267547675881647518e+00 1.938535505727523969e+02
2.262399820158254915e+00 1.939847536816864988e+02
2.257279388773798967e+00 1.941155918006602406e+02
2.252186236166143107e+00 1.942460659296419010e+02
2.247120217485412130e+00 1.943761770660800607e+02
2.242081188591465324e+00 1.945059262049065865e+02
2.237069006051364717e+00 1.946353143385395867e+02
2.232083527136836221e+00 1.947643424568864248e+02
2.227124609821727663e+00 1.948930115473468163e+02
2.222192112779459716e+00 1.950213225948159277e+02
2.217285895380473271e+00 1.951492765816876442e+02
2.212405817689671039e+00 1.952768744878577252e+02
2.207551740463855161e+00 1.954041172907271573e+02
2.202723525149163031e+00 1.955310059652054804e+02
2.197921033878495134e+00 1.956575414837141409e+02
2.193144129468943770e+00 1.957837248161899595e+02
2.188392675419215561e+00 1.959095569300886268e+02
2.183666535907053508e+00 1.960350387903881995e+02
2.178965575786653286e+00 1.961601713595927095e+02
2.174289660586081308e+00 1.962849555977357454e+02
2.169638656504686125e+00 1.964093924623841474e+02
2.165012430410511612e+00 1.965334829086416448e+02
2.160410849837706149e+00 1.966572278891526366e+02
2.155833782983930913e+00 1.967806283541059997e+02
2.151281098707768180e+00 1.969036852512388407e+02
2.146752666526126951e+00 1.970263995258403895e+02
2.142248356611648585e+00 1.971487721207558650e+02
2.137768039790111985e+00 1.972708039763904253e+02
2.133311587537838339e+00 1.973924960307131471e+02
2.128878871979094534e+00 1.975138492192609192e+02
2.124469765883498784e+00 1.976348644751426207e+02
2.120084142663425375e+00 1.977555427290430430e+02
2.115721876371409849e+00 1.978758849092270680e+02
2.111382841697553747e+00 1.979958919415437322e+02
2.107066913966933352e+00 1.981155647494304333e+02
2.102773969137005317e+00 1.982349042539170796e+02
2.098503883795017178e+00 1.983539113736302681e+02
2.094256535155416543e+00 1.984725870247976047e+02
2.090031801057263383e+00 1.985909321212519103e+02
2.085829559961643209e+00 1.987089475744354843e+02
2.081649690949082476e+00 1.988266342934044530e+02
2.077492073716966647e+00 1.989439931848331469e+02
2.073356588576958703e+00 1.990610251530183916e+02
2.069243116452422093e+00 1.991777310998839425e+02
2.065151538875844128e+00 1.992941119249848896e+02
2.061081737986263374e+00 1.994101685255120628e+02
2.057033596526700148e+00 1.995259017962964947e+02
2.053006997841588355e+00 1.996413126298139389e+02
2.049001825874212201e+00 1.997564019161893043e+02
2.045017965164144691e+00 1.998711705432012309e+02
2.041055300844689668e+00 1.999856193962865234e+02
2.037113718640328752e+00 2.000997493585448126e+02
2.033193104864169598e+00 2.002135613107431027e+02
2.029293346415400379e+00 2.003270561313202620e+02
2.025414330776745597e+00 2.004402346963917694e+02
2.021555946011928118e+00 2.005530978797542616e+02
2.017718080763133859e+00 2.006656465528901379e+02
2.013900624248480487e+00 2.007778815849723060e+02
2.010103466259492322e+00 2.008898038428687585e+02
2.006326497158577027e+00 2.010014141911472620e+02
2.002569607876509394e+00 2.011127134920801609e+02
1.998832689909917804e+00 2.012237026056489242e+02
1.995115635318776226e+00 2.013343823895490061e+02
1.991418336723901117e+00 2.014447536991945071e+02
1.987740687304453413e+00 2.015548173877229203e+02
1.984082580795444972e+00 2.016645743059999063e+02
1.980443911485250341e+00 2.017740253026240680e+02
1.976824574213124075e+00 2.018831712239317540e+02
1.973224464366722941e+00 2.019920129140017480e+02
1.969643477879634119e+00 2.021005512146602143e+02
1.966081511228908063e+00 2.022087869654853591e+02
1.962538461432597581e+00 2.023167210038123756e+02
1.959014226047301799e+00 2.024243541647381903e+02
1.955508703165717010e+00 2.025316872811263238e+02
1.952021791414191965e+00 2.026387211836117217e+02
1.948553389950290482e+00 2.027454567006056720e+02
1.945103398460358735e+00 2.028518946583005516e+02
1.941671717157098964e+00 2.029580358806747427e+02
1.938258246777149640e+00 2.030638811894975788e+02
1.934862888578671392e+00 2.031694314043340910e+02
1.931485544338939153e+00 2.032746873425499814e+02
1.928126116351940755e+00 2.033796498193164837e+02
1.924784507425981950e+00 2.034843196476152798e+02
1.921460620881297432e+00 2.035886976382433318e+02
1.918154360547668524e+00 2.036927845998178555e+02
1.914865630762047743e+00 2.037965813387812375e+02
1.911594336366189584e+00 2.039000886594058670e+02
1.908340382704287519e+00 2.040033073637991095e+02
1.905103675620618553e+00 2.041062382519082519e+02
1.901884121457193766e+00 2.042088821215253915e+02
1.898681627051416410e+00 2.043112397682922960e+02
1.895496099733745998e+00 2.044133119857054623e+02
1.892327447325369727e+00 2.045150995651209485e+02
1.889175578135880773e+00 2.046166032957593472e+02
1.886040400960963703e+00 2.047178239647107034e+02
1.882921825080086098e+00 2.048187623569394589e+02
1.879819760254198835e+00 2.049194192552893981e+02
1.876734116723441481e+00 2.050197954404885365e+02
1.873664805204856343e+00 2.051198916911541517e+02
1.870611736890108956e+00 2.052197087837976142e+02
1.867574823443216125e+00 2.053192474928293905e+02
1.864553976998280849e+00 2.054185085905640165e+02
1.861549110157234788e+00 2.055174928472249292e+02
1.858560135987587847e+00 2.056162010309495258e+02
1.855586968020185301e+00 2.057146339077939956e+02
1.852629520246971806e+00 2.058127922417383502e+02
1.849687707118763846e+00 2.059106767946913124e+02
1.846761443543028403e+00 2.060082883264952329e+02
1.843850644881669609e+00 2.061056275949310646e+02
1.840955226948822965e+00 2.062026953557233071e+02
1.838075106008656867e+00 2.062994923625448678e+02
1.835210198773181478e+00 2.063960193670220633e+02
1.832360422400066247e+00 2.064922771187395085e+02
1.829525694490462984e+00 2.065882663652450617e+02
1.826705933086838485e+00 2.066839878520547700e+02
1.823901056670813592e+00 2.067794423226577010e+02
1.821110984161010471e+00 2.068746305185209451e+02
1.818335634910906773e+00 2.069695531790944756e+02
1.815574928706698454e+00 2.070642110418161508e+02
1.812828785765169703e+00 2.071586048421165174e+02
1.810097126731570416e+00 2.072527353134237273e+02
1.807379872677501886e+00 2.073466031871685402e+02
1.804676945098809604e+00 2.074402091927890979e+02
1.801988265913484266e+00 2.075335540577358699e+02
1.799313757459570562e+00 2.076266385074765708e+02
1.796653342493083283e+00 2.077194632655010196e+02
1.794006944185930985e+00 2.078120290533259720e+02
1.791374486123848975e+00 2.079043365905000940e+02
1.788755892304337625e+00 2.079963865946087651e+02
1.786151087134611126e+00 2.080881797812789671e+02
1.783559995429551570e+00 2.081797168641841438e+02
1.780982542409672575e+00 2.082709985550490899e+02
1.778418653699090246e+00 2.083620255636547540e+02
1.775868255323501232e+00 2.084527985978431275e+02
1.773331273708170119e+00 2.085433183635220189e+02
1.770807635675922587e+00 2.086335855646699997e+02
1.768297268445148562e+00 2.087236009033411790e+02
1.765800099627811370e+00 2.088133650796700067e+02
1.763316057227465983e+00 2.089028787918761054e+02
1.760845069637284377e+00 2.089921427362691304e+02
1.758387065638089330e+00 2.090811576072535161e+02
1.755941974396394878e+00 2.091699240973333360e+02
1.753509725462456315e+00 2.092584428971170780e+02
1.751090248768326640e+00 2.093467146953224187e+02
1.748683474625921219e+00 2.094347401787810270e+02
1.746289333725090653e+00 2.095225200324433388e+02
1.743907757131700542e+00 2.096100549393833035e+02
1.741538676285720566e+00 2.096973455808031872e+02
1.739182022999320010e+00 2.097843926360383193e+02
1.736837729454971280e+00 2.098711967825618672e+02
1.734505728203562080e+00 2.099577586959895257e+02
1.732185952162514697e+00 2.100440790500842922e+02
1.729878334613913049e+00 2.101301585167612131e+02
1.727582809202637515e+00 2.102159977660920447e+02
1.725299309934508418e+00 2.103015974663100565e+02
1.723027771174435729e+00 2.103869582838146925e+02
1.720768127644577872e+00 2.104720808831762895e+02
1.718520314422508077e+00 2.105569659271407374e+02
1.716284266939387182e+00 2.106416140766341982e+02
1.714059920978146412e+00 2.107260259907678233e+02
1.711847212671675722e+00 2.108102023268423295e+02
1.709646078501021460e+00 2.108941437403527743e+02
1.707456455293590469e+00 2.109778508849931598e+02
1.705278280221363296e+00 2.110613244126610653e+02
1.703111490799113614e+00 2.111445649734623089e+02
1.700956024882636086e+00 2.112275732157156085e+02
1.698811820666982442e+00 2.113103497859571576e+02
1.696678816684703772e+00 2.113928953289453148e+02
1.694556951804101708e+00 2.114752104876651515e+02
1.692446165227486699e+00 2.115572959033330847e+02
1.690346396489444070e+00 2.116391522154014524e+02
1.688257585455107623e+00 2.117207800615631470e+02
1.686179672318440792e+00 2.118021800777561339e+02
1.684112597600525341e+00 2.118833528981680558e+02
1.682056302147857840e+00 2.119642991552408091e+02
1.680010727130653247e+00 2.120450194796750623e+02
1.677975814041156477e+00 2.121255145004348037e+02
1.675951504691961302e+00 2.122057848447519461e+02
1.673937741214337027e+00 2.122858311381307885e+02
1.671934466056561819e+00 2.123656540043525069e+02
1.669941621982264701e+00 2.124452540654797872e+02
1.667959152068773987e+00 2.125246319418612302e+02
1.665986999705473703e+00 2.126037882521358426e+02
1.664025108592167124e+00 2.126827236132375845e+02
1.662073422737447848e+00 2.127614386403998310e+02
1.660131886457078654e+00 2.128399339471598068e+02
1.658200444372376792e+00 2.129182101453630480e+02
1.656279041408607711e+00 2.129962678451679210e+02
1.654367622793385006e+00 2.130741076550500281e+02
1.652466134055078806e+00 2.131517301818065562e+02
1.650574521021230812e+00 2.132291360305608805e+02
1.648692729816976232e+00 2.133063258047668000e+02
1.646820706863474149e+00 2.133833001062130847e+02
1.644958398876344097e+00 2.134600595350277672e+02
1.643105752864109981e+00 2.135366046896826333e+02
1.641262716126651977e+00 2.136129361669975140e+02
1.639429236253664657e+00 2.136890545621447188e+02
1.637605261123123102e+00 2.137649604686533564e+02
1.635790738899755015e+00 2.138406544784137395e+02
1.633985618033521714e+00 2.139161371816817052e+02
1.632189847258104232e+00 2.139914091670829066e+02
1.630403375589398074e+00 2.140664710216172182e+02
1.628626152324014198e+00 2.141413233306629706e+02
1.626858127037787538e+00 2.142159666779813563e+02
1.625099249584292416e+00 2.142904016457206637e+02
1.623349470093363944e+00 2.143646288144205698e+02
1.621608738969628760e+00 2.144386487630164311e+02
1.619877006891039972e+00 2.145124620688435755e+02
1.618154224807420993e+00 2.145860693076415657e+02
1.616440343939015811e+00 2.146594710535583772e+02
1.614735315775045477e+00 2.147326678791547749e+02
1.613039092072272584e+00 2.148056603554084347e+02
1.611351624853571529e+00 2.148784490517182348e+02
1.609672866406506309e+00 2.149510345359084340e+02
1.608002769281914990e+00 2.150234173742329062e+02
1.606341286292500836e+00 2.150955981313793188e+02
1.604688370511430096e+00 2.151675773704733672e+02
1.603043975270937116e+00 2.152393556530828675e+02
1.601408054160935457e+00 2.153109335392220203e+02
1.599780561027636328e+00 2.153823115873555025e+02
1.598161449972172798e+00 2.154534903544027031e+02
1.596550675349232229e+00 2.155244703957417300e+02
1.594948191765693357e+00 2.155952522652137020e+02
1.593353954079271606e+00 2.156658365151267560e+02
1.591767917397170606e+00 2.157362236962602253e+02
1.590190037074739493e+00 2.158064143578687037e+02
1.588620268714137751e+00 2.158764090476861668e+02
1.587058568163006278e+00 2.159462083119300644e+02
1.585504891513144443e+00 2.160158126953053852e+02
1.583959195099194250e+00 2.160852227410087210e+02
1.582421435497330942e+00 2.161544389907323023e+02
1.580891569523959372e+00 2.162234619846681483e+02
1.579369554234417494e+00 2.162922922615119603e+02
1.577855346921686053e+00 2.163609303584672716e+02
1.576348905115104504e+00 2.164293768112494263e+02
1.574850186579093370e+00 2.164976321540895867e+02
1.573359149311882588e+00 2.165656969197387127e+02
1.571875751544247191e+00 2.166335716394715973e+02
1.570399951738247646e+00 2.167012568430908743e+02
1.568931708585977747e+00 2.167687530589308835e+02
1.567470981008318276e+00 2.168360608138617920e+02
1.566017728153697108e+00 2.169031806332933741e+02
1.564571909396854865e+00 2.169701130411791326e+02
1.563133484337617007e+00 2.170368585600200788e+02
1.561702412799672812e+00 2.171034177108687970e+02
1.560278654829359457e+00 2.171697910133332812e+02
1.558862170694452542e+00 2.172359789855808287e+02
1.557452920882962610e+00 2.173019821443420199e+02
1.556050866101937880e+00 2.173678010049145541e+02
1.554655967276273199e+00 2.174334360811671161e+02
1.553268185547524327e+00 2.174988878855432972e+02
1.551887482272728214e+00 2.175641569290654331e+02
1.550513819023230377e+00 2.176292437213384403e+02
1.549147157583516954e+00 2.176941487705537099e+02
1.547787459950052957e+00 2.177588725834928596e+02
1.546434688330126539e+00 2.178234156655316553e+02
1.545088805140699240e+00 2.178877785206437636e+02
1.543749773007262016e+00 2.179519616514045879e+02
1.542417554762696597e+00 2.180159655589950489e+02
1.541092113446143053e+00 2.180797907432053648e+02
1.539773412301873590e+00 2.181434377024388596e+02
1.538461414778170999e+00 2.182069069337157146e+02
1.537156084526213329e+00 2.182701989326767205e+02
1.535857385398964770e+00 2.183333141935870856e+02
1.534565281450070984e+00 2.183962532093400739e+02
1.533279736932761317e+00 2.184590164714608136e+02
1.532000716298756338e+00 2.185216044701100486e+02
1.530728184197179820e+00 2.185840176940877484e+02
1.529462105473478273e+00 2.186462566308369162e+02
1.528202445168344248e+00 2.187083217664472272e+02
1.526949168516646305e+00 2.187702135856587233e+02
1.525702240946363419e+00 2.188319325718655080e+02
1.524461628077526276e+00 2.188934792071194124e+02
1.523227295721162999e+00 2.189548539721336624e+02
1.521999209878250214e+00 2.190160573462864875e+02
1.520777336738670105e+00 2.190770898076247875e+02
1.519561642680172797e+00 2.191379518328677989e+02
1.518352094267343633e+00 2.191986438974106477e+02
1.517148658250576210e+00 2.192591664753280440e+02
1.515951301565050313e+00 2.193195200393778066e+02
1.514759991329716060e+00 2.193797050610045289e+02
1.513574694846282043e+00 2.194397220103431323e+02
1.512395379598209688e+00 2.194995713562224182e+02
1.511222013249712059e+00 2.195592535661687066e+02
1.510054563644759096e+00 2.196187691064093315e+02
1.508892998806086627e+00 2.196781184418761939e+02
1.507737286934211385e+00 2.197373020362093712e+02
1.506587396406450674e+00 2.197963203517605848e+02
1.505443295775947599e+00 2.198551738495967527e+02
1.504304953770701392e+00 2.199138629895034569e+02
1.503172339292601967e+00 2.199723882299885247e+02
1.502045421416471127e+00 2.200307500282854676e+02
1.500924169389106666e+00 2.200889488403570340e+02
1.499808552628333569e+00 2.201469851208985915e+02
1.498698540722058548e+00 2.202048593233416796e+02
1.497594103427330792e+00 2.202625718998574200e+02
1.496495210669406495e+00 2.203201233013600415e+02
1.495401832540819376e+00 2.203775139775102332e+02
1.494313939300455418e+00 2.204347443767186121e+02
1.493231501372632275e+00 2.204918149461492192e+02
1.492154489346184443e+00 2.205487261317228160e+02
1.491082873973552658e+00 2.206054783781203525e+02
1.490016626169877290e+00 2.206620721287864342e+02
1.488955717012098612e+00 2.207185078259325621e+02
1.487900117738059746e+00 2.207747859105406860e+02
1.486849799745615153e+00 2.208309068223664156e+02
1.485804734591744225e+00 2.208868709999425164e+02
1.484764893991668888e+00 2.209426788805822071e+02
1.483730249817976521e+00 2.209983309003824843e+02
1.482700774099746654e+00 2.210538274942275336e+02
1.481676439021683445e+00 2.211091690957919695e+02
1.480657216923251474e+00 2.211643561375442459e+02
1.479643080297816882e+00 2.212193890507498963e+02
1.478634001791793828e+00 2.212742682654748592e+02
1.477629954203793394e+00 2.213289942105888599e+02
1.476630910483778925e+00 2.213835673137685376e+02
1.475636843732225145e+00 2.214379880015008553e+02
1.474647727199281722e+00 2.214922566990863118e+02
1.473663534283941257e+00 2.215463738306422101e+02
1.472684238533211731e+00 2.216003398191059546e+02
1.471709813641293607e+00 2.216541550862382053e+02
1.470740233448761369e+00 2.217078200526262037e+02
1.469775471941748846e+00 2.217613351376869559e+02
1.468815503251139187e+00 2.218147007596704441e+02
1.467860301651759514e+00 2.218679173356628667e+02
1.466909841561579775e+00 2.219209852815898500e+02
1.465964097540915168e+00 2.219739050122195749e+02
1.465023044291634102e+00 2.220266769411660448e+02
1.464086656656368834e+00 2.220793014808922408e+02
1.463154909617731869e+00 2.221317790427132195e+02
1.462227778297535918e+00 2.221841100367993818e+02
1.461305237956017633e+00 2.222362948721795419e+02
1.460387263991065776e+00 2.222883339567441396e+02
1.459473831937454502e+00 2.223402276972483094e+02
1.458564917466079081e+00 2.223919764993150636e+02
1.457660496383196946e+00 2.224435807674383625e+02
1.456760544629672305e+00 2.224950409049862685e+02
1.455865038280225177e+00 2.225463573142040445e+02
1.454973953542684217e+00 2.225975303962172234e+02
1.454087266757243313e+00 2.226485605510347341e+02
1.453204954395723281e+00 2.226994481775518864e+02
1.452326993060835791e+00 2.227501936735535821e+02
1.451453359485453065e+00 2.228007974357172714e+02
1.450584030531880009e+00 2.228512598596160501e+02
1.449718983191131905e+00 2.229015813397216732e+02
1.448858194582214098e+00 2.229517622694076238e+02
1.448001641951407237e+00 2.230018030409521543e+02
1.447149302671555615e+00 2.230517040455412996e+02
1.446301154241359077e+00 2.231014656732718322e+02
1.445457174284669577e+00 2.231510883131543324e+02
1.444617340549791296e+00 2.232005723531162005e+02
1.443781630908783642e+00 2.232499181800045847e+02
1.442950023356769362e+00 2.232991261795894218e+02
1.442122496011246202e+00 2.233481967365663365e+02
1.441299027111400788e+00 2.233971302345597110e+02
1.440479595017428727e+00 2.234459270561255551e+02
1.439664178209855816e+00 2.234945875827544910e+02
1.438852755288865470e+00 2.235431121948747091e+02
1.438045304973627259e+00 2.235915012718548667e+02
1.437241806101631658e+00 2.236397551920070725e+02
1.436442237628025920e+00 2.236878743325897005e+02
1.435646578624955705e+00 2.237358590698104308e+02
1.434854808280909166e+00 2.237837097788290919e+02
1.434066905900064581e+00 2.238314268337605313e+02
1.433282850901641980e+00 2.238790106076775146e+02
1.432502622819258331e+00 2.239264614726136529e+02
1.431726201300285606e+00 2.239737797995662163e+02
1.430953566105213293e+00 2.240209659584990334e+02
1.430184697107013791e+00 2.240680203183453614e+02
1.429419574290510919e+00 2.241149432470106717e+02
1.428658177751753078e+00 2.241617351113755774e+02
1.427900487697388865e+00 2.242083962772986183e+02
1.427146484444046015e+00 2.242549271096190466e+02
1.426396148417714338e+00 2.243013279721597257e+02
1.425649460153132209e+00 2.243475992277299156e+02
1.424906400293175279e+00 2.243937412381280581e+02
1.424166949588250075e+00 2.244397543641445907e+02
1.423431088895689145e+00 2.244856389655647320e+02
1.422698799179151541e+00 2.245313954011712667e+02
1.421970061508024852e+00 2.245770240287473030e+02
1.421244857056831679e+00 2.246225252050790289e+02
1.420523167104638329e+00 2.246678992859585264e+02
1.419804973034467954e+00 2.247131466261864716e+02
1.419090256332716127e+00 2.247582675795748912e+02
1.418378998588569750e+00 2.248032624989499197e+02
1.417671181493429522e+00 2.248481317361545280e+02
1.416966786840334835e+00 2.248928756420511945e+02
1.416265796523392684e+00 2.249374945665246628e+02
1.415568192537209002e+00 2.249819888584846694e+02
1.414873956976324232e+00 2.250263588658685876e+02
1.414183072034650213e+00 2.250706049356441838e+02
1.413495520004912187e+00 2.251147274138122043e+02
1.412811283278092134e+00 2.251587266454091889e+02
1.412130344342876542e+00 2.252026029745100288e+02
1.411452685785106409e+00 2.252463567442306953e+02
1.410778290287230563e+00 2.252899882967308542e+02
1.410107140627761879e+00 2.253334979732165664e+02
1.409439219680736821e+00 2.253768861139428452e+02
1.408774510415177650e+00 2.254201530582164139e+02
1.408112995894557296e+00 2.254632991443982064e+02
1.407454659276268449e+00 2.255063247099060675e+02
1.406799483811093765e+00 2.255492300912173391e+02
1.406147452842680945e+00 2.255920156238714753e+02
1.405498549807018938e+00 2.256346816424726569e+02
1.404852758231918353e+00 2.256772284806923494e+02
1.404210061736494097e+00 2.257196564712719180e+02
1.403570444030651121e+00 2.257619659460251569e+02
1.402933888914573046e+00 2.258041572358409610e+02
1.402300380278213021e+00 2.258462306706857987e+02
1.401669902100788789e+00 2.258881865796062698e+02
1.401042438450278871e+00 2.259300252907317486e+02
1.400417973482922740e+00 2.259717471312767998e+02
1.399796491442723667e+00 2.260133524275437935e+02
1.399177976660953115e+00 2.260548415049254629e+02
1.398562413555660022e+00 2.260962146879073202e+02
1.397949786631180746e+00 2.261374723000703000e+02
1.397340080477653235e+00 2.261786146640931747e+02
1.396733279770532521e+00 2.262196421017550847e+02
1.396129369270110665e+00 2.262605549339380673e+02
1.395528333821037359e+00 2.263013534806295013e+02
1.394930158351844751e+00 2.263420380609245797e+02
1.394334827874474714e+00 2.263826089930288390e+02
1.393742327483807886e+00 2.264230665942606038e+02
1.393152642357195603e+00 2.264634111810534307e+02
1.392565757753995825e+00 2.265036430689585814e+02
1.391981659015109285e+00 2.265437625726474380e+02
1.391400331562520298e+00 2.265837700059140047e+02
1.390821760898838910e+00 2.266236656816773234e+02
1.390245932606846146e+00 2.266634499119838608e+02
1.389672832349041931e+00 2.267031230080099817e+02
1.389102445867194557e+00 2.267426852800643360e+02
1.388534758981894157e+00 2.267821370375902745e+02
1.387969757592107056e+00 2.268214785891682368e+02
1.387407427674734350e+00 2.268607102425181665e+02
1.386847755284171368e+00 2.268998323045019276e+02
1.386290726551870689e+00 2.269388450811256064e+02
1.385736327685906710e+00 2.269777488775419556e+02
1.385184544970543774e+00 2.270165439980527538e+02
1.384635364765805399e+00 2.270552307461111354e+02
1.384088773507047065e+00 2.270938094243239789e+02
1.383544757704530781e+00 2.271322803344542649e+02
1.383003303943002305e+00 2.271706437774234075e+02
1.382464398881270151e+00 2.272089000533135561e+02
1.381928029251787926e+00 2.272470494613699543e+02
1.381394181860238213e+00 2.272850923000033276e+02
1.380862843585119126e+00 2.273230288667920718e+02
1.380334001377333086e+00 2.273608594584846685e+02
1.379807642259778255e+00 2.273985843710019594e+02
1.379283753326941087e+00 2.274362038994394482e+02
1.378762321744493091e+00 2.274737183380695456e+02
1.378243334748888049e+00 2.275111279803439572e+02
1.377726779646962330e+00 2.275484331188958720e+02
1.377212643815537874e+00 2.275856340455422924e+02
1.376700914701026290e+00 2.276227310512862516e+02
1.376191579819035837e+00 2.276597244263191442e+02
1.375684626753981066e+00 2.276966144600228859e+02
1.375180043158693355e+00 2.277334014409722727e+02
1.374677816754034998e+00 2.277700856569371410e+02
1.374177935328514844e+00 2.278066673948846415e+02
1.373680386737905934e+00 2.278431469409814554e+02
1.373185158904865366e+00 2.278795245805960406e+02
1.372692239818556814e+00 2.279158005983008195e+02
1.372201617534274387e+00 2.279519752778743964e+02
1.371713280173069593e+00 2.279880489023038024e+02
1.371227215921378972e+00 2.280240217537866556e+02
1.370743413030655278e+00 2.280598941137334066e+02
1.370261859816999994e+00 2.280956662627694129e+02
1.369782544660797852e+00 2.281313384807372699e+02
1.369305456006354005e+00 2.281669110466988570e+02
1.368830582361532544e+00 2.282023842389376114e+02
1.368357912297397005e+00 2.282377583349606311e+02
1.367887434447854211e+00 2.282730336115008356e+02
1.367419137509298110e+00 2.283082103445191535e+02
1.366953010240257615e+00 2.283432888092066548e+02
1.366489041461044662e+00 2.283782692799866538e+02
1.366027220053405600e+00 2.284131520305168976e+02
1.365567534960173912e+00 2.284479373336916694e+02
1.365109975184925162e+00 2.284826254616438916e+02
1.364654529791633042e+00 2.285172166857473144e+02
1.364201187904329204e+00 2.285517112766185335e+02
1.363749938706762643e+00 2.285861095041191504e+02
1.363300771442063297e+00 2.286204116373579041e+02
1.362853675412405874e+00 2.286546179446926601e+02
1.362408639978676339e+00 2.286887286937326280e+02
1.361965654560139960e+00 2.287227441513403505e+02
1.361524708634111569e+00 2.287566645836337784e+02
1.361085791735627826e+00 2.287904902559884306e+02
1.360648893457120368e+00 2.288242214330393836e+02
1.360214003448092068e+00 2.288578583786833178e+02
1.359781111414793964e+00 2.288914013560806211e+02
1.359350207119905063e+00 2.289248506276574631e+02
1.358921280382213270e+00 2.289582064551077281e+02
1.358494321076298306e+00 2.289914690993951467e+02
1.358069319132216624e+00 2.290246388207553139e+02
1.357646264535187441e+00 2.290577158786976781e+02
1.357225147325281434e+00 2.290907005320075882e+02
1.356805957597110757e+00 2.291235930387483108e+02
1.356388685499520852e+00 2.291563936562630488e+02
1.355973321235283802e+00 2.291891026411769019e+02
1.355559855060793906e+00 2.292217202493989134e+02
1.355148277285764369e+00 2.292542467361240313e+02
1.354738578272926208e+00 2.292866823558350973e+02
1.354330748437728715e+00 2.293190273623048370e+02
1.353924778248041694e+00 2.293512820085978774e+02
1.353520658223859030e+00 2.293834465470726229e+02
1.353118378937004485e+00 2.294155212293833301e+02
1.352717931010838370e+00 2.294475063064819551e+02
1.352319305119966897e+00 2.294794020286201999e+02
1.351922491989952624e+00 2.295112086453514166e+02
1.351527482397026247e+00 2.295429264055325689e+02
1.351134267167800607e+00 2.295745555573261640e+02
1.350742837178985800e+00 2.296060963482021577e+02
1.350353183357106746e+00 2.296375490249399718e+02
1.349965296678221405e+00 2.296689138336302847e+02
1.349579168167640786e+00 2.297001910196770780e+02
1.349194788899651387e+00 2.297313808277994553e+02
1.348812149997237642e+00 2.297624835020335752e+02
1.348431242631807692e+00 2.297934992857345833e+02
1.348052058022919386e+00 2.298244284215784603e+02
1.347674587438008720e+00 2.298552711515639544e+02
1.347298822192119383e+00 2.298860277170144570e+02
1.346924753647633421e+00 2.299166983585798789e+02
1.346552373214004339e+00 2.299472833162384973e+02
1.346181672347491309e+00 2.299777828292988602e+02
1.345812642550894500e+00 2.300081971364016340e+02
1.345445275373292837e+00 2.300385264755215076e+02
1.345079562409782437e+00 2.300687710839689544e+02
1.344715495301216368e+00 2.300989311983921937e+02
1.344353065733946861e+00 2.301290070547789526e+02
1.343992265439568401e+00 2.301589988884583136e+02
1.343633086194662152e+00 2.301889069341026186e+02
1.343275519820541719e+00 2.302187314257292030e+02
1.342919558183001127e+00 2.302484725967022712e+02
1.342565193192063466e+00 2.302781306797347156e+02
1.342212416801731312e+00 2.303077059068899075e+02
1.341861221009738481e+00 2.303371985095835441e+02
1.341511597857303562e+00 2.303666087185854394e+02
1.341163539428883666e+00 2.303959367640212577e+02
1.340817037851931293e+00 2.304251828753744178e+02
1.340472085296650961e+00 2.304543472814877987e+02
1.340128673975758744e+00 2.304834302105655865e+02
1.339786796144241565e+00 2.305124318901749518e+02
1.339446444099119615e+00 2.305413525472479819e+02
1.339107610179208097e+00 2.305701924080832725e+02
1.338770286764882522e+00 2.305989516983478325e+02
1.338434466277843571e+00 2.306276306430787884e+02
1.338100141180884162e+00 2.306562294666851187e+02
1.337767303977657640e+00 2.306847483929494445e+02
1.337435947212447518e+00 2.307131876450297341e+02
1.337106063469938100e+00 2.307415474454610660e+02
1.336777645374986445e+00 2.307698280161574189e+02
1.336450685592396104e+00 2.307980295784132636e+02
1.336125176826691963e+00 2.308261523529054386e+02
1.335801111821896203e+00 2.308541965596947421e+02
1.335478483361305146e+00 2.308821624182277787e+02
1.335157284267268540e+00 2.309100501473385521e+02
1.334837507400968626e+00 2.309378599652502260e+02
1.334519145662202089e+00 2.309655920895768588e+02
1.334202191989161790e+00 2.309932467373250233e+02
1.333886639358220272e+00 2.310208241248955687e+02
1.333572480783715042e+00 2.310483244680852692e+02
1.333259709317734298e+00 2.310757479820885010e+02
1.332948318049904213e+00 2.311030948814989472e+02
1.332638300107177542e+00 2.311303653803112752e+02
1.332329648653623133e+00 2.311575596919227564e+02
1.332022356890216974e+00 2.311846780291350285e+02
1.331716418054634365e+00 2.312117206041556585e+02
1.331411825421042527e+00 2.312386876285998198e+02
1.331108572299895876e+00 2.312655793134919691e+02
1.330806652037731075e+00 2.312923958692674944e+02
1.330506058016964088e+00 2.313191375057743358e+02
1.330206783655688119e+00 2.313458044322746048e+02
1.329908822407472657e+00 2.313723968574462617e+02
1.329612167761163644e+00 2.313989149893847355e+02
1.329316813240684736e+00 2.314253590356045436e+02
1.329022752404840357e+00 2.314517292030408555e+02
1.328729978847118520e+00 2.314780256980511979e+02
1.328438486195496537e+00 2.315042487264169893e+02
1.328148268112246067e+00 2.315303984933451886e+02
1.327859318293740598e+00 2.315564752034699154e+02
1.327571630470263386e+00 2.315824790608539843e+02
1.327285198405816491e+00 2.316084102689905251e+02
1.327000015897931373e+00 2.316342690308045746e+02
1.326716076777479936e+00 2.316600555486546966e+02
1.326433374908487117e+00 2.316857700243345164e+02
1.326151904187944597e+00 2.317114126590742558e+02
1.325871658545625165e+00 2.317369836535424099e+02
1.325592631943897981e+00 2.317624832078472252e+02
1.325314818377546056e+00 2.317879115215382910e+02
1.325038211873583283e+00 2.318132687936081027e+02
1.324762806491073697e+00 2.318385552224935964e+02
1.324488596320950951e+00 2.318637710060777408e+02
1.324215575485839569e+00 2.318889163416910151e+02
1.323943738139876203e+00 2.319139914261130286e+02
1.323673078468532882e+00 2.319389964555739709e+02
1.323403590688441156e+00 2.319639316257561745e+02
1.323135269047216456e+00 2.319887971317957067e+02
1.322868107823284234e+00 2.320135931682838191e+02
1.322602101325707213e+00 2.320383199292684537e+02
1.322337243894012859e+00 2.320629776082558351e+02
1.322073529898021960e+00 2.320875663982119192e+02
1.321810953737679428e+00 2.321120864915638720e+02
1.321549509842884218e+00 2.321365380802016887e+02
1.321289192673321677e+00 2.321609213554795872e+02
1.321029996718295907e+00 2.321852365082175140e+02
1.320771916496563669e+00 2.322094837287026792e+02
1.320514946556168967e+00 2.322336632066910056e+02
1.320259081474278950e+00 2.322577751314086072e+02
1.320004315857020050e+00 2.322818196915533235e+02
1.319750644339315659e+00 2.323057970752960841e+02
1.319498061584724491e+00 2.323297074702825000e+02
1.319246562285280033e+00 2.323535510636342565e+02
1.318996141161330682e+00 2.323773280419505625e+02
1.318746792961380976e+00 2.324010385913096286e+02
1.318498512461933281e+00 2.324246828972701735e+02
1.318251294467331469e+00 2.324482611448727880e+02
1.318005133809604379e+00 2.324717735186414131e+02
1.317760025348310604e+00 2.324952202025848180e+02
1.317515963970384174e+00 2.325186013801979357e+02
1.317272944589981121e+00 2.325419172344634262e+02
1.317030962148326934e+00 2.325651679478530127e+02
1.316790011613564904e+00 2.325883537023289307e+02
1.316550087980604911e+00 2.326114746793453492e+02
1.316311186270973987e+00 2.326345310598498202e+02
1.316073301532666662e+00 2.326575230242846430e+02
1.315836428839997296e+00 2.326804507525882570e+02
1.315600563293451986e+00 2.327033144241967477e+02
1.315365700019542672e+00 2.327261142180451543e+02
1.315131834170660818e+00 2.327488503125688624e+02
1.314898960924932636e+00 2.327715228857050818e+02
1.314667075486075642e+00 2.327941321148941540e+02
1.314436173083254333e+00 2.328166781770809735e+02
1.314206248970938518e+00 2.328391612487163513e+02
1.313977298428761653e+00 2.328615815057584371e+02
1.313749316761379848e+00 2.328839391236740255e+02
1.313522299298331752e+00 2.329062342774400065e+02
1.313296241393899555e+00 2.329284671415446439e+02
1.313071138426970652e+00 2.329506378899889967e+02
1.312846985800899979e+00 2.329727466962882829e+02
1.312623778943372788e+00 2.329947937334731876e+02
1.312401513306269418e+00 2.330167791740912833e+02
1.312180184365529190e+00 2.330387031902082811e+02
1.311959787621016504e+00 2.330605659534094514e+02
1.311740318596386734e+00 2.330823676348009599e+02
1.311521772838953881e+00 2.331041084050111749e+02
1.311304145919557351e+00 2.331257884341920317e+02
1.311087433432431615e+00 2.331474078920202828e+02
1.310871630995074977e+00 2.331689669476989479e+02
1.310656734248119681e+00 2.331904657699585357e+02
1.310442738855202460e+00 2.332119045270584081e+02
1.310229640502836856e+00 2.332332833867880595e+02
1.310017434900284661e+00 2.332546025164684806e+02
1.309806117779429346e+00 2.332758620829534095e+02
1.309595684894649947e+00 2.332970622526306954e+02
1.309386132022695159e+00 2.333182031914235210e+02
1.309177454962558551e+00 2.333392850647917669e+02
1.308969649535354884e+00 2.333603080377332617e+02
1.308762711584196214e+00 2.333812722747851183e+02
1.308556636974069542e+00 2.334021779400249557e+02
1.308351421591714692e+00 2.334230251970722065e+02
1.308147061345502848e+00 2.334438142090894530e+02
1.307943552165316436e+00 2.334645451387835919e+02
1.307740890002428769e+00 2.334852181484071991e+02
1.307539070829385031e+00 2.335058333997597515e+02
1.307338090639883488e+00 2.335263910541889061e+02
1.307137945448658245e+00 2.335468912725917221e+02
1.306938631291361341e+00 2.335673342154160252e+02
1.306740144224446620e+00 2.335877200426615161e+02
1.306542480325054045e+00 2.336080489138811345e+02
1.306345635690894014e+00 2.336283209881822529e+02
1.306149606440133226e+00 2.336485364242279275e+02
1.305954388711280556e+00 2.336686953802381481e+02
1.305759978663074250e+00 2.336887980139910326e+02
1.305566372474368908e+00 2.337088444828241336e+02
1.305373566344023795e+00 2.337288349436356327e+02
1.305181556490791372e+00 2.337487695528855056e+02
1.304990339153206724e+00 2.337686484665968578e+02
1.304799910589477863e+00 2.337884718403570901e+02
1.304610267077376040e+00 2.338082398293190636e+02
1.304421404914126725e+00 2.338279525882023790e+02
1.304233320416301911e+00 2.338476102712945703e+02
1.304046009919712423e+00 2.338672130324522982e+02
1.303859469779301117e+00 2.338867610251025724e+02
1.303673696369036517e+00 2.339062544022439170e+02
1.303488686081806902e+00 2.339256933164476209e+02
1.303304435329315503e+00 2.339450779198588748e+02
1.303120940541975914e+00 2.339644083641979648e+02
1.302938198168808404e+00 2.339836848007614947e+02
1.302756204677336438e+00 2.340029073804235509e+02
1.302574956553483876e+00 2.340220762536368397e+02
1.302394450301473050e+00 2.340411915704339663e+02
1.302214682443723071e+00 2.340602534804284858e+02
1.302035649520749239e+00 2.340792621328161545e+02
1.301857348091062239e+00 2.340982176763760663e+02
1.301679774731068662e+00 2.341171202594718181e+02
1.301502926034971530e+00 2.341359700300526470e+02
1.301326798614671709e+00 2.341547671356546516e+02
1.301151389099669986e+00 2.341735117234019015e+02
1.300976694136969369e+00 2.341922039400075448e+02
1.300802710390978278e+00 2.342108439317750310e+02
1.300629434543413732e+00 2.342294318445992189e+02
1.300456863293206089e+00 2.342479678239675138e+02
1.300284993356403129e+00 2.342664520149610041e+02
1.300113821466075459e+00 2.342848845622556269e+02
1.299943344372222809e+00 2.343032656101232476e+02
1.299773558841679444e+00 2.343215953024327973e+02
1.299604461658021348e+00 2.343398737826514662e+02
1.299436049621474298e+00 2.343581011938457266e+02
1.299268319548820383e+00 2.343762776786825270e+02
1.299101268273307852e+00 2.343944033794303436e+02
1.298934892644558969e+00 2.344124784379603454e+02
1.298769189528480306e+00 2.344305029957474744e+02
1.298604155807171923e+00 2.344484771938715824e+02
1.298439788378838555e+00 2.344664011730184825e+02
1.298276084157700350e+00 2.344842750734810579e+02
1.298113040073904267e+00 2.345020990351604269e+02
1.297950653073436378e+00 2.345198731975669659e+02
1.297788920118034373e+00 2.345375976998214185e+02
1.297627838185100302e+00 2.345552726806559747e+02
1.297467404267614199e+00 2.345728982784153800e+02
1.297307615374048373e+00 2.345904746310580151e+02
1.297148468528281695e+00 2.346080018761569193e+02
1.296989960769514560e+00 2.346254801509009269e+02
1.296832089152184508e+00 2.346429095920957479e+02
1.296674850745881846e+00 2.346602903361649908e+02
1.296518242635266827e+00 2.346776225191512424e+02
1.296362261919985936e+00 2.346949062767171199e+02
1.296206905714589297e+00 2.347121417441463791e+02
1.296052171148448728e+00 2.347293290563449375e+02
1.295898055365676482e+00 2.347464683478419261e+02
1.295744555525043085e+00 2.347635597527907407e+02
1.295591668799897400e+00 2.347806034049701225e+02
1.295439392378086252e+00 2.347975994377851237e+02
1.295287723461874263e+00 2.348145479842682732e+02
1.295136659267864587e+00 2.348314491770804864e+02
1.294986197026920527e+00 2.348483031485122012e+02
1.294836333984086485e+00 2.348651100304844022e+02
1.294687067398510028e+00 2.348818699545495576e+02
1.294538394543364612e+00 2.348985830518927571e+02
1.294390312705772095e+00 2.349152494533326774e+02
1.294242819186726345e+00 2.349318692893226341e+02
1.294095911301017088e+00 2.349484426899515768e+02
1.293949586377153738e+00 2.349649697849451684e+02
1.293803841757290130e+00 2.349814507036666669e+02
1.293658674797149688e+00 2.349978855751180902e+02
1.293514082865951265e+00 2.350142745279411258e+02
1.293370063346334087e+00 2.350306176904181825e+02
1.293226613634284927e+00 2.350469151904733280e+02
1.293083731139064607e+00 2.350631671556733977e+02
1.292941413283134944e+00 2.350793737132289039e+02
1.292799657502086808e+00 2.350955349899950590e+02
1.292658461244567514e+00 2.351116511124727424e+02
1.292517821972209990e+00 2.351277222068095512e+02
1.292377737159560613e+00 2.351437483988007386e+02
1.292238204294009485e+00 2.351597298138902090e+02
1.292099220875719157e+00 2.351756665771714552e+02
1.291960784417555130e+00 2.351915588133886388e+02
1.291822892445016135e+00 2.352074066469374714e+02
1.291685542496165073e+00 2.352232102018662374e+02
1.291548732121560183e+00 2.352389696018767324e+02
1.291412458884186654e+00 2.352546849703252292e+02
1.291276720359388230e+00 2.352703564302235009e+02
1.291141514134800383e+00 2.352859841042397022e+02
1.291006837810282581e+00 2.353015681146993643e+02
1.290872688997851014e+00 2.353171085835863892e+02
1.290739065321613310e+00 2.353326056325439595e+02
1.290605964417701257e+00 2.353480593828754479e+02
1.290473383934205520e+00 2.353634699555454688e+02
1.290341321531110808e+00 2.353788374711807592e+02
1.290209774880229920e+00 2.353941620500711167e+02
1.290078741665140027e+00 2.354094438121703661e+02
1.289948219581117828e+00 2.354246828770972968e+02
1.289818206335076267e+00 2.354398793641365728e+02
1.289688699645500369e+00 2.354550333922396987e+02
1.289559697242384617e+00 2.354701450800259011e+02
1.289431196867169893e+00 2.354852145457831227e+02
1.289303196272681085e+00 2.355002419074688760e+02
1.289175693223065355e+00 2.355152272827112370e+02
1.289048685493729751e+00 2.355301707888096985e+02
1.288922170871280581e+00 2.355450725427361647e+02
1.288796147153461913e+00 2.355599326611357753e+02
1.288670612149095174e+00 2.355747512603278437e+02
1.288545563678018313e+00 2.355895284563068515e+02
1.288420999571026515e+00 2.356042643647432442e+02
1.288296917669812247e+00 2.356189591009843980e+02
1.288173315826905752e+00 2.356336127800554721e+02
1.288050191905616426e+00 2.356482255166603750e+02
1.287927543779973982e+00 2.356627974251826174e+02
1.287805369334670047e+00 2.356773286196862216e+02
1.287683666465000876e+00 2.356918192139165740e+02
1.287562433076808510e+00 2.357062693213013915e+02
1.287441667086424824e+00 2.357206790549515460e+02
1.287321366420613344e+00 2.357350485276619736e+02
1.287201529016513524e+00 2.357493778519125271e+02
1.287082152821583669e+00 2.357636671398688861e+02
1.286963235793545435e+00 2.357779165033834659e+02
1.286844775900327864e+00 2.357921260539962134e+02
1.286726771120012103e+00 2.358062959029355454e+02
1.286609219440776331e+00 2.358204261611191441e+02
1.286492118860841138e+00 2.358345169391549518e+02
1.286375467388414462e+00 2.358485683473418817e+02
1.286259263041638512e+00 2.358625804956708123e+02
1.286143503848534708e+00 2.358765534938253552e+02
1.286028187846951276e+00 2.358904874511827643e+02
1.285913313084509513e+00 2.359043824768147601e+02
1.285798877618550495e+00 2.359182386794884394e+02
1.285684879516083123e+00 2.359320561676670422e+02
1.285571316853731494e+00 2.359458350495108334e+02
1.285458187717682943e+00 2.359595754328780117e+02
1.285345490203636309e+00 2.359732774253254490e+02
1.285233222416750420e+00 2.359869411341095997e+02
1.285121382471593021e+00 2.360005666661873249e+02
1.285009968492089705e+00 2.360141541282167452e+02
1.284898978611473952e+00 2.360277036265580080e+02
1.284788410972236061e+00 2.360412152672741968e+02
1.284678263726073633e+00 2.360546891561321274e+02
1.284568535033841830e+00 2.360681253986031720e+02
1.284459223065503863e+00 2.360815240998640832e+02
1.284350326000081699e+00 2.360948853647978467e+02
1.284241842025607427e+00 2.361082092979944775e+02
1.284133769339074860e+00 2.361214960037518154e+02
1.284026106146390456e+00 2.361347455860763773e+02
1.283918850662326250e+00 2.361479581486841539e+02
1.283812001110471002e+00 2.361611337950014331e+02
1.283705555723183789e+00 2.361742726281655678e+02
1.283599512741545823e+00 2.361873747510258568e+02
1.283493870415314264e+00 2.362004402661442839e+02
1.283388627002874927e+00 2.362134692757963705e+02
1.283283780771196092e+00 2.362264618819719146e+02
1.283179329995782325e+00 2.362394181863758433e+02
1.283075272960628732e+00 2.362523382904289520e+02
1.282971607958174998e+00 2.362652222952687850e+02
1.282868333289259866e+00 2.362780703017503470e+02
1.282765447263076730e+00 2.362908824104469261e+02
1.282662948197127895e+00 2.363036587216508622e+02
1.282560834417180606e+00 2.363163993353743706e+02
1.282459104257221982e+00 2.363291043513502530e+02
1.282357756059415710e+00 2.363417738690327496e+02
1.282256788174057638e+00 2.363544079875982789e+02
1.282156198959531812e+00 2.363670068059462324e+02
1.282055986782268286e+00 2.363795704226997429e+02
1.281956150016698492e+00 2.363920989362064233e+02
1.281856687045213494e+00 2.364045924445392188e+02
1.281757596258120913e+00 2.364170510454970611e+02
1.281658876053602292e+00 2.364294748366057206e+02
1.281560524837671355e+00 2.364418639151185175e+02
1.281462541024131818e+00 2.364542183780171456e+02
1.281364923034535641e+00 2.364665383220123545e+02
1.281267669298141731e+00 2.364788238435447738e+02
1.281170778251874642e+00 2.364910750387855956e+02
1.281074248340283495e+00 2.365032920036373980e+02
1.280978078015501564e+00 2.365154748337348849e+02
1.280882265737204984e+00 2.365276236244455390e+02
1.280786809972573437e+00 2.365397384708705033e+02
1.280691709196249306e+00 2.365518194678452630e+02
1.280596961890297925e+00 2.365638667099403563e+02
1.280502566544168275e+00 2.365758802914621697e+02
1.280408521654653686e+00 2.365878603064536492e+02
1.280314825725851868e+00 2.365998068486950103e+02
1.280221477269126718e+00 2.366117200117045627e+02
1.280128474803069238e+00 2.366235998887393066e+02
1.280035816853459130e+00 2.366354465727957859e+02
1.279943501953226370e+00 2.366472601566107414e+02
1.279851528642413028e+00 2.366590407326618504e+02
1.279759895468135955e+00 2.366707883931684933e+02
1.279668600984548377e+00 2.366825032300924079e+02
1.279577643752803029e+00 2.366941853351384566e+02
1.279487022341014191e+00 2.367058347997553369e+02
1.279396735324221490e+00 2.367174517151362636e+02
1.279306781284352601e+00 2.367290361722197360e+02
1.279217158810186827e+00 2.367405882616901920e+02
1.279127866497318244e+00 2.367521080739787749e+02
1.279038902948120171e+00 2.367635956992639876e+02
1.278950266771708755e+00 2.367750512274724315e+02
1.278861956583907222e+00 2.367864747482794883e+02
1.278773971007210353e+00 2.367978663511100308e+02
1.278686308670748728e+00 2.368092261251391619e+02
1.278598968210254316e+00 2.368205541592928682e+02
1.278511948268024501e+00 2.368318505422486737e+02
1.278425247492888106e+00 2.368431153624364356e+02
1.278338864540170094e+00 2.368543487080389411e+02
1.278252798071657814e+00 2.368655506669927036e+02
1.278167046755566361e+00 2.368767213269885019e+02
1.278081609266504381e+00 2.368878607754722339e+02
1.277996484285440770e+00 2.368989690996454556e+02
1.277911670499670693e+00 2.369100463864661492e+02
1.277827166602782283e+00 2.369210927226493766e+02
1.277742971294622665e+00 2.369321081946679612e+02
1.277659083281266206e+00 2.369430928887531707e+02
1.277575501274980319e+00 2.369540468908953699e+02
1.277492223994193488e+00 2.369649702868447321e+02
1.277409250163462406e+00 2.369758631621118354e+02
1.277326578513440003e+00 2.369867256019684589e+02
1.277244207780842800e+00 2.369975576914480939e+02
1.277162136708418938e+00 2.370083595153467684e+02
1.277080364044917093e+00 2.370191311582235585e+02
1.276998888545053834e+00 2.370298727044013560e+02
1.276917708969482756e+00 2.370405842379674937e+02
1.276836824084763400e+00 2.370512658427743986e+02
1.276756232663329271e+00 2.370619176024402464e+02
1.276675933483457870e+00 2.370725396003496428e+02
1.276595925329239600e+00 2.370831319196542495e+02
1.276516206990546687e+00 2.370936946432734089e+02
1.276436777263003641e+00 2.371042278538948551e+02
1.276357634947956177e+00 2.371147316339753104e+02
1.276278778852441897e+00 2.371252060657411960e+02
1.276200207789159879e+00 2.371356512311891720e+02
1.276121920576440916e+00 2.371460672120868480e+02
1.276043916038218429e+00 2.371564540899734368e+02
1.275966193003998272e+00 2.371668119461603510e+02
1.275888750308830311e+00 2.371771408617318571e+02
1.275811586793278884e+00 2.371874409175457004e+02
1.275734701303393726e+00 2.371977121942337590e+02
1.275658092690681755e+00 2.372079547722026405e+02
1.275581759812078220e+00 2.372181687316343357e+02
1.275505701529918046e+00 2.372283541524868724e+02
1.275429916711907641e+00 2.372385111144948553e+02
1.275354404231097138e+00 2.372486396971702050e+02
1.275279162965851976e+00 2.372587399798026411e+02
1.275204191799825360e+00 2.372688120414604498e+02
1.275129489621930290e+00 2.372788559609910237e+02
1.275055055326312692e+00 2.372888718170214588e+02
1.274980887812323438e+00 2.372988596879592080e+02
1.274906985984491481e+00 2.373088196519927067e+02
1.274833348752496764e+00 2.373187517870919407e+02
1.274759975031143133e+00 2.373286561710090723e+02
1.274686863740331910e+00 2.373385328812790931e+02
1.274614013805035029e+00 2.373483819952203646e+02
