3.000000000000000000e+01 1.100000000000000000e+01
2.999327905101930725e+01 1.119635795094720088e+01
2.997474051612200796e+01 1.139087039386611977e+01
2.994527111194891233e+01 1.158361343457597492e+01
2.990570553407196286e+01 1.177465790366860787e+01
2.985682679374607318e+01 1.196406963351022235e+01
2.979936730137245959e+01 1.215190974037969696e+01
2.973401049639060290e+01 1.233823490622469343e+01
2.966139286009631348e+01 1.252309765583961898e+01
2.958210618017977822e+01 1.270654662636347965e+01
2.949669996345605583e+01 1.288862682688635886e+01
2.940568391651814295e+01 1.306937988666769890e+01
2.930953043326233853e+01 1.324884429103445704e+01
2.920867704388794195e+01 1.342705560446716007e+01
2.910352879255152914e+01 1.360404668071892154e+01
2.899446052083661485e+01 1.377984786006588536e+01
2.888181904201971051e+01 1.395448715397366968e+01
2.876592519716098906e+01 1.412799041759699215e+01
2.864707578865696291e+01 1.430038151062010776e+01
2.852554539034748871e+01 1.447168244700345596e+01
2.840158803580674629e+01 1.464191353423439779e+01
2.827543878826293877e+01 1.481109350269333014e+01
2.814731519684300665e+01 1.497923962574565415e+01
2.801741864465567389e+01 1.514636783115879304e+01
2.788593559471092576e+01 1.531249280442481187e+01
2.775303873990901948e+01 1.547762808454546857e+01
2.761888806338138735e+01 1.564178615280957452e+01
2.748363181538028144e+01 1.580497851506368612e+01
2.734740741273281017e+01 1.596721577794746416e+01
2.721034226662865763e+01 1.612850771953530327e+01
2.707255454422229590e+01 1.628886335479657532e+01
2.693415386921757460e+01 1.644829099625841806e+01
2.679524196627821908e+01 1.660679831022785535e+01
2.665591325378174048e+01 1.676439236890409390e+01
2.651625538911336477e+01 1.692107969868743567e+01
2.637634977038590378e+01 1.707686632496826817e+01
2.623627199817408950e+01 1.723175781365808490e+01
2.609609230057006002e+01 1.738575930970453598e+01
2.595587592460152848e+01 1.753887557281386833e+01
2.581568349680602381e+01 1.769111101058684454e+01
2.567557135552386427e+01 1.784246970925835996e+01
2.553559185725843506e+01 1.799295546221618736e+01
2.539579365925462540e+01 1.814257179646067186e+01
2.525622198026401932e+01 1.829132199715477469e+01
2.511691884129790964e+01 1.843920913040220455e+01
2.497792328801536499e+01 1.858623606438085574e+01
2.483927159625264025e+01 1.873240548894901636e+01
2.470099746207122848e+01 1.887771993383275770e+01
2.456313217758383161e+01 1.902218178549475880e+01
2.442570479370975534e+01 1.916579330277719251e+01
2.428874227091280247e+01 1.930855663140432199e+01
2.415226961888484780e+01 1.945047381742407921e+01
2.401631002605635956e+01 1.959154681966197842e+01
2.388088497974029778e+01 1.973177752125532081e+01
2.374601437764764711e+01 1.987116774033064104e+01
2.361171663145061572e+01 2.000971923988275591e+01
2.347800876301280937e+01 2.014743373690960127e+01
2.334490649385393723e+01 2.028431291085307464e+01
2.321242432836938363e+01 2.042035841139257002e+01
2.308057563128191703e+01 2.055557186563458316e+01
2.294937269976350436e+01 2.068995488473868960e+01
2.281882683062926631e+01 2.082350907001741902e+01
2.268894838297289951e+01 2.095623601854492790e+01
2.255974683658291724e+01 2.108813732830697418e+01
2.243123084645169030e+01 2.121921460292249861e+01
2.230340829366431521e+01 2.134946945596502843e+01
2.217628633293140084e+01 2.147890351491028227e+01
2.204987143700899921e+01 2.160751842473451134e+01
2.192416943822972897e+01 2.173531585118656650e+01
2.179918556735159640e+01 2.186229748375510340e+01
2.167492448991495735e+01 2.198846503835097721e+01
2.155139034028336198e+01 2.211382025972356047e+01
2.142858675353048881e+01 2.223836492362850237e+01
2.130651689532301063e+01 2.236210083876334664e+01
2.118518348993783462e+01 2.248502984848633801e+01
2.106458884654178831e+01 2.260715383233283049e+01
2.094473488385211013e+01 2.272847470734274822e+01
2.082562315328743097e+01 2.284899442921172863e+01
2.070725486071068744e+01 2.296871499327781407e+01
2.058963088685805332e+01 2.308763843535478344e+01
2.047275180654102300e+01 2.320576683242254035e+01
2.035661790670252458e+01 2.332310230318434918e+01
2.024122920340204956e+01 2.343964700850009208e+01
2.012658545779945030e+01 2.355540315170417998e+01
2.001268619120207504e+01 2.367037297881620006e+01
1.989953069923536333e+01 2.378455877865192036e+01
1.978711806519274319e+01 2.389796288284178161e+01
1.967544717261684184e+01 2.401058766576360526e+01
1.956451671716035179e+01 2.412243554439583093e+01
1.945432521777159351e+01 2.423350897809720550e+01
1.934487102724670038e+01 2.434381046831850526e+01
1.923615234218753400e+01 2.445334255825153491e+01
1.912816721240176321e+01 2.456210783242033813e+01
1.902091354977908466e+01 2.467010891621925239e+01
1.891438913667531452e+01 2.477734847540215668e+01
1.880859163383396293e+01 2.488382921552701887e+01
1.870351858787293864e+01 2.498955388135959055e+01
1.859916743836222608e+01 2.509452525623987995e+01
1.849553552451669702e+01 2.519874616141478540e+01
1.839262009152665556e+01 2.530221945534011141e+01
1.829041829654722306e+01 2.540494803295494819e+01
1.818892721436637672e+01 2.550693482493127462e+01
1.808814384277014753e+01 2.560818279690139576e+01
1.798806510762235433e+01 2.570869494866573390e+01
1.788868786767509178e+01 2.580847431338330011e+01
1.779000891912526328e+01 2.590752395674704900e+01
1.769202499993144073e+01 2.600584697614616303e+01
1.759473279390445555e+01 2.610344649981720977e+01
1.749812893458432228e+01 2.620032568598596612e+01
1.740221000891534331e+01 2.629648772200163620e+01
1.730697256073045054e+01 2.639193582346500122e+01
1.721241309405526820e+01 2.648667323335203250e+01
1.711852807624168449e+01 2.658070322113433548e+01
1.702531394094017259e+01 2.667402908189772504e+01
1.693276709091951560e+01 2.676665413546014349e+01
1.684088390074213848e+01 2.685858172549005829e+01
1.674966071930272449e+01 2.694981521862639084e+01
1.665909387223733518e+01 2.704035800360096431e+01
1.656917966420989075e+01 2.713021349036436547e+01
1.647991438108241624e+01 2.721938510921609478e+01
1.639129429197513588e+01 2.730787630993976833e+01
1.630331565122211757e+01 2.739569056094412858e+01
1.621597470022784648e+01 2.748283134841051023e+01
1.612926766922985777e+01 2.756930217544740813e+01
1.604319077897219259e+01 2.765510656125271538e+01
1.595774024229423205e+01 2.774024804028414692e+01
1.587291226563918656e+01 2.782473016143836020e+01
1.578870305048630307e+01 2.790855648723919202e+01
1.570510879471059340e+01 2.799173059303544520e+01
1.562212569387372696e+01 2.807425606620855874e+01
1.553974994244949315e+01 2.815613650539053836e+01
1.545797773498706995e+01 2.823737551969241011e+01
1.537680526721518071e+01 2.831797672794349552e+01
1.529622873709001496e+01 2.839794375794173931e+01
1.521624434578967744e+01 2.847728024571531336e+01
1.513684829865775683e+01 2.855598983479567465e+01
1.505803680609848705e+01 2.863407617550225837e+01
1.497980608442581740e+01 2.871154292423893040e+01
1.490215235666863691e+01 2.878839374280234509e+01
1.482507185333421873e+01 2.886463229770227557e+01
1.474856081313190437e+01 2.894026225949404107e+01
1.467261548365889468e+01 2.901528730212306328e+01
1.459723212204995413e+01 2.908971110228160128e+01
1.452240699559272308e+01 2.916353733877773280e+01
1.444813638231025976e+01 2.923676969191653896e+01
1.437441657151234509e+01 2.930941184289355661e+01
1.430124386431700323e+01 2.938146747320045193e+01
1.422861457414362896e+01 2.945294026404290477e+01
1.415652502717903438e+01 2.952383389577067874e+01
1.408497156281767282e+01 2.959415204731981319e+01
1.401395053407722813e+01 2.966389839566691222e+01
1.394345830799069397e+01 2.973307661529544887e+01
1.387349126597603188e+01 2.980169037767402429e+01
1.380404580418442961e+01 2.986974335074649289e+01
1.373511833382812775e+01 2.993723919843387193e+01
1.366670528148875619e+01 3.000418158014797143e+01
1.359880308940705440e+01 3.007057415031658820e+01
1.353140821575482633e+01 3.013642055792020713e+01
1.346451713488992574e+01 3.020172444604009954e+01
1.339812633759504124e+01 3.026648945141766589e+01
1.333223233130101093e+01 3.033071920402494825e+01
1.326683164029535256e+01 3.039441732664615969e+01
1.320192080591668748e+01 3.045758743447011696e+01
1.313749638673567510e+01 3.052023313469345567e+01
1.307355495872307038e+01 3.058235802613446808e+01
1.301009311540547309e+01 3.064396569885746047e+01
1.294710746800932455e+01 3.070505973380746667e+01
1.288459464559366907e+01 3.076564370245518987e+01
1.282255129517218251e+01 3.082572116645203053e+01
1.276097408182494952e+01 3.088529567729506553e+01
1.269985968880043714e+01 3.094437077600180430e+01
1.263920481760810510e+01 3.100294999279461550e+01
1.257900618810207405e+01 3.106103684679464649e+01
1.251926053855623699e+01 3.111863484572511496e+01
1.245996462573120134e+01 3.117574748562379128e+01
1.240111522493342910e+01 3.123237825056456174e+01
1.234270913006691295e+01 3.128853061238788769e+01
1.228474315367772185e+01 3.134420803044005410e+01
1.222721412699174337e+01 3.139941395132100865e+01
1.217011889994591378e+01 3.145415180864068461e+01
1.211345434121322917e+01 3.150842502278364421e+01
1.205721733822182351e+01 3.156223700068189331e+01
1.200140479716837483e+01 3.161559113559572509e+01
1.194601364302608282e+01 3.166849080690244378e+01
1.189104081954748260e+01 3.172093937989282253e+01
1.183648328926231130e+01 3.177294020557516063e+01
1.178233803347065844e+01 3.182449662048678363e+01
1.172860205223160968e+01 3.187561194651285490e+01
1.167527236434758997e+01 3.192628949071233890e+01
1.162234600734460699e+01 3.197653254515100940e+01
1.156982003744857579e+01 3.202634438674132866e+01
1.151769152955790609e+01 3.207572827708907681e+01
1.146595757721252618e+01 3.212468746234662120e+01
1.141461529255951568e+01 3.217322517307260199e+01
1.136366180631548772e+01 3.222134462409803035e+01
1.131309426772588900e+01 3.226904901439856133e+01
1.126290984452136001e+01 3.231634152697285600e+01
1.121310572287128338e+01 3.236322532872688384e+01
1.116367910733467106e+01 3.240970357036408700e+01
1.111462722080850973e+01 3.245577938628120052e+01
1.106594730447368669e+01 3.250145589446969296e+01
1.101763661773861358e+01 3.254673619642260718e+01
1.096969243818066708e+01 3.259162337704678691e+01
1.092211206148555291e+01 3.263612050458027625e+01
1.087489280138469283e+01 3.268023063051483490e+01
1.082803198959073754e+01 3.272395678952342735e+01
1.078152697573130503e+01 3.276730199939257915e+01
1.073537512728102961e+01 3.281026926095948681e+01
1.068957382949201573e+01 3.285286155805375330e+01
1.064412048532277844e+01 3.289508185744368518e+01
1.059901251536575195e+01 3.293693310878697389e+01
1.055424735777344658e+01 3.297841824458574678e+01
1.050982246818332122e+01 3.301954018014578907e+01
1.046573531964145864e+01 3.306030181353989406e+01
1.042198340252509681e+01 3.310070602557523500e+01
1.037856422446409255e+01 3.314075567976462366e+01
1.033547531026137634e+01 3.318045362230161288e+01
1.029271420181245666e+01 3.321980268203929398e+01
1.025027845802404691e+01 3.325880567047273217e+01
1.020816565473185022e+01 3.329746538172493331e+01
1.016637338461757700e+01 3.333578459253624260e+01
1.012489925712522698e+01 3.337376606225710418e+01
1.008374089837670695e+01 3.341141253284407497e+01
1.004289595108680722e+01 3.344872672885903597e+01
1.000236207447761139e+01 3.348571135747146599e+01
9.962136944192360843e+00 3.352236910846374940e+01
9.922218252208825362e+00 3.355870265423941134e+01
9.882603706752215444e+00 3.359471464983418798e+01
9.843291032207687863e+00 3.363040773292986785e+01
9.804277969032469287e+00 3.366578452387084752e+01
9.765562273667635296e+00 3.370084762568327363e+01
9.727141718449589192e+00 3.373559962409674995e+01
9.689014091521261918e+00 3.377004308756851714e+01
9.651177196743066844e+00 3.380418056730999865e+01
9.613628853603652047e+00 3.383801459731573402e+01
9.576366897130466072e+00 3.387154769439450064e+01
9.539389177800165598e+00 3.390478235820270214e+01
9.502693561448907644e+00 3.393772107127983162e+01
9.466277929182526307e+00 3.397036629908603089e+01
9.430140177286642000e+00 3.400272049004161090e+01
9.394278217136724507e+00 3.403478607556857582e+01
9.358689975108109849e+00 3.406656547013395198e+01
9.323373392486027811e+00 3.409806107129499253e+01
9.288326425375631246e+00 3.412927525974610887e+01
9.253547044612068007e+00 3.416021039936751436e+01
9.219033235670595516e+00 3.419086883727554493e+01
9.184782998576780599e+00 3.422125290387450747e+01
9.150794347816779251e+00 3.425136491291014806e+01
9.117065312247728315e+00 3.428120716152454861e+01
9.083593935008257958e+00 3.431078193031248702e+01
9.050378273429146248e+00 3.434009148337918305e+01
9.017416398944121170e+00 3.436913806839937280e+01
8.984706397000840283e+00 3.439792391667769067e+01
8.952246366972044456e+00 3.442645124321027339e+01
8.920034422066908775e+00 3.445472224674759332e+01
8.888068689242606624e+00 3.448273910985840018e+01
8.856347309116085142e+00 3.451050399899482812e+01
8.824868435876078721e+00 3.453801906455851167e+01
8.793630237195360522e+00 3.456528644096778891e+01
8.762630894143248028e+00 3.459230824672584248e+01
8.731868601098375038e+00 3.461908658448978571e+01
8.701341565661728339e+00 3.464562354114070075e+01
8.671048008569977483e+00 3.467192118785449395e+01
8.640986163609079895e+00 3.469798158017360379e+01
8.611154277528196843e+00 3.472380675807951178e+01
8.581550609953914943e+00 3.474939874606599943e+01
8.552173433304769645e+00 3.477475955321312995e+01
8.523021032706108002e+00 3.479989117326192627e+01
8.494091705905264078e+00 3.482479558468970993e+01
8.465383763187077193e+00 3.484947475078606516e+01
8.436895527289751229e+00 3.487393061972938568e+01
8.408625333321051443e+00 3.489816512466398990e+01
8.380571528674868986e+00 3.492218018377779032e+01
8.352732472948122933e+00 3.494597770038043905e+01
8.325106537858045996e+00 3.496955956298196355e+01
8.297692107159816644e+00 3.499292764537185008e+01
8.270487576564582000e+00 3.501608380669856047e+01
8.243491353657837806e+00 3.503902989154941139e+01
8.216701857818204502e+00 3.506176773003086566e+01
8.190117520136574569e+00 3.508429913784912912e+01
8.163736783335654223e+00 3.510662591639109564e+01
8.137558101689887025e+00 3.512874985280556928e+01
8.111579940945780720e+00 3.515067272008477772e+01
8.085800778242623110e+00 3.517239627714612737e+01
8.060219102033595817e+00 3.519392226891418574e+01
8.034833412007298392e+00 3.521525242640285569e+01
8.009642219009659669e+00 3.523638846679777004e+01
7.984644044966270116e+00 3.525733209353883524e+01
7.959837422805113860e+00 3.527808499640291018e+01
7.935220896379711952e+00 3.529864885158663412e+01
7.910793020392673291e+00 3.531902532178933996e+01
7.886552360319664778e+00 3.533921605629607399e+01
7.862497492333787363e+00 3.535922269106069393e+01
7.838627003230372203e+00 3.537904684878898820e+01
7.814939490352191598e+00 3.539869013902187334e+01
7.791433561515083817e+00 3.541815415821859858e+01
7.768107834934001588e+00 3.543744048983995043e+01
7.744960939149473589e+00 3.545655070443145718e+01
7.721991512954486936e+00 3.547548635970655084e+01
7.699198205321789779e+00 3.549424900062972910e+01
7.676579675331613117e+00 3.551284015949962480e+01
7.654134592099810952e+00 3.553126135603203295e+01
7.631861634706425868e+00 3.554951409744284518e+01
7.609759492124667624e+00 3.556759987853090621e+01
7.587826863150318069e+00 3.558552018176074938e+01
7.566062456331554387e+00 3.560327647734521861e+01
7.544464989899189789e+00 3.562087022332798369e+01
7.523033191697338751e+00 3.563830286566587802e+01
7.501765799114497035e+00 3.565557583831111543e+01
7.480661559015042705e+00 3.567269056329332955e+01
7.459719227671156361e+00 3.568964845080144244e+01
7.438937570695157042e+00 3.570645089926536286e+01
7.418315362972258242e+00 3.572309929543748552e+01
7.397851388593735145e+00 3.573959501447397002e+01
7.377544440790515523e+00 3.575593942001583514e+01
7.357393321867177427e+00 3.577213386426983277e+01
7.337396843136366975e+00 3.578817968808908034e+01
7.317553824853624711e+00 3.580407822105345161e+01
7.297863096152628515e+00 3.581983078154974720e+01
7.278323494980843300e+00 3.583543867685158801e+01
7.258933868035581938e+00 3.585090320319908130e+01
7.239693070700477406e+00 3.586622564587818829e+01
7.220599966982359952e+00 3.588140727929981466e+01
7.201653429448540145e+00 3.589644936707867373e+01
7.182852339164501387e+00 3.591135316211179429e+01
7.164195585631990326e+00 3.592611990665677979e+01
7.145682066727513160e+00 3.594075083240976198e+01
7.127310688641234293e+00 3.595524716058304193e+01
7.109080365816271119e+00 3.596961010198242548e+01
7.090990020888390255e+00 3.598384085708424607e+01
7.073038584626099023e+00 3.599794061611206075e+01
7.055224995871131277e+00 3.601191055911302641e+01
7.037548201479330245e+00 3.602575185603394914e+01
7.020007156261921288e+00 3.603946566679698549e+01
7.002600822927174562e+00 3.605305314137503103e+01
6.985328172022459370e+00 3.606651541986674658e+01
6.968188181876683096e+00 3.607985363257122913e+01
6.951179838543118272e+00 3.609306890006236301e+01
6.934302135742612450e+00 3.610616233326278746e+01
6.917554074807179987e+00 3.611913503351753718e+01
6.900934664623975756e+00 3.613198809266728517e+01
6.884442921579648988e+00 3.614472259312125146e+01
6.868077869505070154e+00 3.615733960792974244e+01
6.851838539620437096e+00 3.616984020085629936e+01
6.835723970480754197e+00 3.618222542644951290e+01
6.819733207921682805e+00 3.619449633011441847e+01
6.803865305005761144e+00 3.620665394818354343e+01
6.788119321968993702e+00 3.621869930798758475e+01
6.772494326167806555e+00 3.623063342792567454e+01
6.756989392026368613e+00 3.624245731753528332e+01
6.741603600984272582e+00 3.625417197756173238e+01
6.726336041444580083e+00 3.626577840002733666e+01
6.711185808722224699e+00 3.627727756830012140e+01
6.696152004992772078e+00 3.628867045716218342e+01
6.681233739241534408e+00 3.629995803287766165e+01
6.666430127213040180e+00 3.631114125326029551e+01
6.651740291360854762e+00 3.632222106774059256e+01
6.637163360797750933e+00 3.633319841743261946e+01
6.622698471246226681e+00 3.634407423520038805e+01
6.608344764989366737e+00 3.635484944572385047e+01
6.594101390822054043e+00 3.636552496556447522e+01
6.579967504002517842e+00 3.637610170323046077e+01
6.565942266204222832e+00 3.638658055924152990e+01
6.552024845468097602e+00 3.639696242619333333e+01
6.538214416155101461e+00 3.640724818882144120e+01
6.524510158899119006e+00 3.641743872406495797e+01
6.510911260560195757e+00 3.642753490112972514e+01
6.497416914178097969e+00 3.643753758155111910e+01
6.484026318926201959e+00 3.644744761925647225e+01
6.470738680065712956e+00 3.645726586062707497e+01
6.457553208900207231e+00 3.646699314455976548e+01
6.444469122730495769e+00 3.647663030252817151e+01
6.431485644809811220e+00 3.648617815864349012e+01
6.418602004299310160e+00 3.649563752971493358e+01
6.405817436223898653e+00 3.650500922530972048e+01
6.393131181428366894e+00 3.651429404781269028e+01
6.380542486533840041e+00 3.652349279248554836e+01
6.368050603894539918e+00 3.653260624752567054e+01
6.355654791554856686e+00 3.654163519412453098e+01
6.343354313206726935e+00 3.655058040652575357e+01
6.331148438147319979e+00 3.655944265208273691e+01
6.319036441237024349e+00 3.656822269131589564e+01
6.307017602857738048e+00 3.657692127796952519e+01
6.295091208871460786e+00 3.658553915906826148e+01
6.283256550579179311e+00 3.659407707497314277e+01
6.271512924680055612e+00 3.660253575943730198e+01
6.259859633230902887e+00 3.661091593966124691e+01
6.248295983605959059e+00 3.661921833634776391e+01
6.236821288456948942e+00 3.662744366375644489e+01
6.225434865673434182e+00 3.663559262975781650e+01
6.214136038343453627e+00 3.664366593588706422e+01
6.202924134714444371e+00 3.665166427739742971e+01
6.191798488154449664e+00 3.665958834331316751e+01
6.180758437113605730e+00 3.666743881648214654e+01
6.169803325085911894e+00 3.667521637362808917e+01
6.158932500571273394e+00 3.668292168540239118e+01
6.148145317037824853e+00 3.669055541643560048e+01
6.137441132884524642e+00 3.669811822538849810e+01
6.126819311404025470e+00 3.670561076500283093e+01
6.116279220745810541e+00 3.671303368215163943e+01
6.105820233879603265e+00 3.672038761788923722e+01
6.095441728559041650e+00 3.672767320750081410e+01
6.085143087285618257e+00 3.673489108055166952e+01
6.074923697272883061e+00 3.674204186093609081e+01
6.064782950410910978e+00 3.674912616692584066e+01
6.054720243231026089e+00 3.675614461121831766e+01
6.044734976870786092e+00 3.676309780098431901e+01
6.034826557039223438e+00 3.676998633791546922e+01
6.024994393982337826e+00 3.677681081827128651e+01
6.015237902448848928e+00 3.678357183292587251e+01
6.005556501656193369e+00 3.679026996741427524e+01
5.995949615256776610e+00 3.679690580197848249e+01
5.986416671304468196e+00 3.680347991161305998e+01
5.976957102221348350e+00 3.680999286611046273e+01
5.967570344764696166e+00 3.681644523010596970e+01
5.958255839994220260e+00 3.682283756312229173e+01
5.949013033239535453e+00 3.682917041961382409e+01
5.939841374067871271e+00 3.683544434901055808e+01
5.930740316252027355e+00 3.684165989576167277e+01
5.921709317738558909e+00 3.684781759937874313e+01
5.912747840616199291e+00 3.685391799447865679e+01
5.903855351084516201e+00 3.685996161082617562e+01
5.895031319422797900e+00 3.686594897337614896e+01
5.886275219959173022e+00 3.687188060231543574e+01
5.877586531039954210e+00 3.687775701310445697e+01
5.868964734999211785e+00 3.688357871651842146e+01
5.860409318128569467e+00 3.688934621868827435e+01
5.851919770647230123e+00 3.689506002114124783e+01
5.843495586672214692e+00 3.690072062084116311e+01
5.835136264188830246e+00 3.690632851022835581e+01
5.826841305021352113e+00 3.691188417725931004e+01
5.818610214803924485e+00 3.691738810544597271e+01
5.810442502951677746e+00 3.692284077389474106e+01
5.802337682632058957e+00 3.692824265734515876e+01
5.794295270736379067e+00 3.693359422620827814e+01
5.786314787851565278e+00 3.693889594660474529e+01
5.778395758232128365e+00 3.694414828040252985e+01
5.770537709772339596e+00 3.694935168525439906e+01
5.762740173978608382e+00 3.695450661463505071e+01
5.755002685942071317e+00 3.695961351787797611e+01
5.747324784311384605e+00 3.696467284021200328e+01
5.739706011265715446e+00 3.696968502279753466e+01
5.732145912487940365e+00 3.697465050276252185e+01
5.724644037138036268e+00 3.697956971323811359e+01
5.717199937826678457e+00 3.698444308339403364e+01
5.709813170589027820e+00 3.698927103847365316e+01
5.702483294858718743e+00 3.699405399982880027e+01
5.695209873442038884e+00 3.699879238495423550e+01
5.687992472492302554e+00 3.700348660752190710e+01
5.680830661484415067e+00 3.700813707741486525e+01
5.673724013189628046e+00 3.701274420076092753e+01
5.666672103650482129e+00 3.701730837996607448e+01
5.659674512155937975e+00 3.702183001374753246e+01
5.652730821216693791e+00 3.702630949716662201e+01
5.645840616540685808e+00 3.703074722166130073e+01
5.639003487008774407e+00 3.703514357507845034e+01
5.632219024650611416e+00 3.703949894170590795e+01
5.625486824620685944e+00 3.704381370230419179e+01
5.618806485174553167e+00 3.704808823413800667e+01
5.612177607645238986e+00 3.705232291100745812e+01
5.605599796419823200e+00 3.705651810327900364e+01
5.599072658916195877e+00 3.706067417791616236e+01
5.592595805559990474e+00 3.706479149850996180e+01
5.586168849761689259e+00 3.706887042530910037e+01
5.579791407893900157e+00 3.707291131524989680e+01
5.573463099268804122e+00 3.707691452198596949e+01
5.567183546115771264e+00 3.708088039591765295e+01
5.560952373559148398e+00 3.708480928422119405e+01
5.554769209596208235e+00 3.708870153087766397e+01
5.548633685075268218e+00 3.709255747670167125e+01
5.542545433673972788e+00 3.709637745936976927e+01
5.536504091877738176e+00 3.710016181344870034e+01
5.530509298958360631e+00 3.710391087042332003e+01
5.524560696952784511e+00 3.710762495872435096e+01
5.518657930642030252e+00 3.711130440375585238e+01
5.512800647530280429e+00 3.711494952792248370e+01
5.506988497824124806e+00 3.711856065065651222e+01
5.501221134411961700e+00 3.712213808844462193e+01
5.495498212843549446e+00 3.712568215485445933e+01
5.489819391309721297e+00 3.712919316056096619e+01
5.484184330622243309e+00 3.713267141337249200e+01
5.478592694193831214e+00 3.713611721825667189e+01
5.473044148018313848e+00 3.713953087736609859e+01
5.467538360650948448e+00 3.714291269006373852e+01
5.462075003188880729e+00 3.714626295294817737e+01
5.456653749251758612e+00 3.714958195987860279e+01
5.451274274962485400e+00 3.715287000199960232e+01
5.445936258928123941e+00 3.715612736776572689e+01
5.440639382220941123e+00 3.715935434296586948e+01
5.435383328359595367e+00 3.716255121074738810e+01
5.430167783290468009e+00 3.716571825164007237e+01
5.424992435369137667e+00 3.716885574357985433e+01
5.419856975341987848e+00 3.717196396193234875e+01
5.414761096327959322e+00 3.717504317951618020e+01
5.409704493800438385e+00 3.717809366662607573e+01
5.404686865569282794e+00 3.718111569105582248e+01
5.399707911762981816e+00 3.718410951812094822e+01
5.394767334810952164e+00 3.718707541068127398e+01
5.389864839425968945e+00 3.719001362916321085e+01
5.385000132586727162e+00 3.719292443158192185e+01
5.380172923520537331e+00 3.719580807356322083e+01
5.375382923686149894e+00 3.719866480836535061e+01
5.370629846756710180e+00 3.720149488690051243e+01
5.365913408602844825e+00 3.720429855775624617e+01
5.361233327275872540e+00 3.720707606721660454e+01
5.356589322991143653e+00 3.720982765928314251e+01
5.351981118111506674e+00 3.721255357569572197e+01
5.347408437130898307e+00 3.721525405595315306e+01
5.342871006658058697e+00 3.721792933733362219e+01
5.338368555400369253e+00 3.722057965491496390e+01
5.333900814147813918e+00 3.722320524159474076e+01
5.329467515757062124e+00 3.722580632811015988e+01
5.325068395135671651e+00 3.722838314305779761e+01
5.320703189226410501e+00 3.723093591291316784e+01
5.316371636991698679e+00 3.723346486205009853e+01
5.312073479398168097e+00 3.723597021275995900e+01
5.307808459401338830e+00 3.723845218527068823e+01
5.303576321930412618e+00 3.724091099776569536e+01
5.299376813873179159e+00 3.724334686640253977e+01
5.295209684061039646e+00 3.724576000533150477e+01
5.291074683254143984e+00 3.724815062671395793e+01
5.286971564126638157e+00 3.725051894074056946e+01
5.282900081252027036e+00 3.725286515564938128e+01
5.278859991088642900e+00 3.725518947774368428e+01
5.274851051965232074e+00 3.725749211140975348e+01
5.270873024066643708e+00 3.725977325913444815e+01
5.266925669419630474e+00 3.726203312152261304e+01
5.263008751878757607e+00 3.726427189731434453e+01
5.259122037112417658e+00 3.726648978340211471e+01
5.255265292588951809e+00 3.726868697484772497e+01
5.251438287562876894e+00 3.727086366489911029e+01
5.247640793061217224e+00 3.727302004500701571e+01
5.243872581869938543e+00 3.727515630484147380e+01
5.240133428520487691e+00 3.727727263230820398e+01
5.236423109276433507e+00 3.727936921356480582e+01
5.232741402120207219e+00 3.728144623303683858e+01
5.229088086739947627e+00 3.728350387343373740e+01
5.225462944516442221e+00 3.728554231576462286e+01
5.221865758510172206e+00 3.728756173935391871e+01
5.218296313448449908e+00 3.728956232185686304e+01
5.214754395712659196e+00 3.729154423927489148e+01
5.211239793325591840e+00 3.729350766597082867e+01
5.207752295938878895e+00 3.729545277468400144e+01
5.204291694820516234e+00 3.729737973654519578e+01
5.200857782842491339e+00 3.729928872109146454e+01
5.197450354468496236e+00 3.730117989628082142e+01
5.194069205741739026e+00 3.730305342850678585e+01
5.190714134272846891e+00 3.730490948261282114e+01
5.187384939227861480e+00 3.730674822190662354e+01
5.184081421316324878e+00 3.730856980817426916e+01
5.180803382779455291e+00 3.731037440169428976e+01
5.177550627378416870e+00 3.731216216125154261e+01
5.174322960382673919e+00 3.731393324415102342e+01
5.171120188558437469e+00 3.731568780623150872e+01
5.167942120157196229e+00 3.731742600187912018e+01
5.164788564904340795e+00 3.731914798404070410e+01
5.161659333987866027e+00 3.732085390423716120e+01
5.158554240047168449e+00 3.732254391257659165e+01
5.155473097161921814e+00 3.732421815776736906e+01
5.152415720841041491e+00 3.732587678713106527e+01
5.149381928011732334e+00 3.732751994661527561e+01
5.146371537008617381e+00 3.732914778080633056e+01
5.143384367562955362e+00 3.733076043294187230e+01
5.140420240791931938e+00 3.733235804492333187e+01
5.137478979188039752e+00 3.733394075732829265e+01
5.134560406608537519e+00 3.733550870942274713e+01
5.131664348264986408e+00 3.733706203917321176e+01
5.128790630712871668e+00 3.733860088325877769e+01
5.125939081841297096e+00 3.734012537708302659e+01
5.123109530862762995e+00 3.734163565478583280e+01
5.120301808303020508e+00 3.734313184925507301e+01
5.117515745991003229e+00 3.734461409213821526e+01
5.114751177048834307e+00 3.734608251385382971e+01
5.112007935881913490e+00 3.734753724360295024e+01
5.109285858169074324e+00 3.734897840938037206e+01
5.106584780852823080e+00 3.735040613798583564e+01
5.103904542129644284e+00 3.735182055503508991e+01
5.101244981440389736e+00 3.735322178497089141e+01
5.098605939460730596e+00 3.735460995107386850e+01
5.095987258091690286e+00 3.735598517547329322e+01
5.093388780450245790e+00 3.735734757915778204e+01
5.090810350860002664e+00 3.735869728198585449e+01
5.088251814841938447e+00 3.736003440269644926e+01
5.085713019105220667e+00 3.736135905891929099e+01
5.083193811538090578e+00 3.736267136718518600e+01
5.080694041198819733e+00 3.736397144293624706e+01
5.078213558306734932e+00 3.736525940053597594e+01
5.075752214233311577e+00 3.736653535327928921e+01
5.073309861493333628e+00 3.736779941340244449e+01
5.070886353736122842e+00 3.736905169209288147e+01
5.068481545736833738e+00 3.737029229949894926e+01
5.066095293387816945e+00 3.737152134473956977e+01
5.063727453690047398e+00 3.737273893591380869e+01
5.061377884744615585e+00 3.737394518011035416e+01
5.059046445744289855e+00 3.737514018341688882e+01
5.056732996965135563e+00 3.737632405092941923e+01
5.054437399758204386e+00 3.737749688676149873e+01
5.052159516541284923e+00 3.737865879405332947e+01
5.049899210790715465e+00 3.737980987498085739e+01
5.047656347033260715e+00 3.738095023076471790e+01
5.045430790838048907e+00 3.738207996167912484e+01
5.043222408808573753e+00 3.738319916706068113e+01
5.041031068574753249e+00 3.738430794531709012e+01
5.038856638785054187e+00 3.738540639393582410e+01
5.036698989098669976e+00 3.738649460949266512e+01
5.034557990177766840e+00 3.738757268766021014e+01
5.032433513679781534e+00 3.738864072321626253e+01
5.030325432249782125e+00 3.738969881005218099e+01
5.028233619512886499e+00 3.739074704118112180e+01
5.026157950066739488e+00 3.739178550874621010e+01
5.024098299474044182e+00 3.739281430402866846e+01
5.022054544255156294e+00 3.739383351745582473e+01
5.020026561880728266e+00 3.739484323860907011e+01
5.018014230764415551e+00 3.739584355623173906e+01
5.016017430255634402e+00 3.739683455823693947e+01
5.014036040632377400e+00 3.739781633171525499e+01
5.012069943094084934e+00 3.739878896294244015e+01
5.010119019754567304e+00 3.739975253738700189e+01
5.008183153634984563e+00 3.740070713971773131e+01
5.006262228656878754e+00 3.740165285381114302e+01
5.004356129635259443e+00 3.740258976275888614e+01
5.002464742271741649e+00 3.740351794887504866e+01
5.000587953147737963e+00 3.740443749370341209e+01
4.998725649717701280e+00 3.740534847802462792e+01
4.996877720302419057e+00 3.740625098186335862e+01
4.995044054082359075e+00 3.740714508449531195e+01
4.993224541091069391e+00 3.740803086445422565e+01
4.991419072208621799e+00 3.740890839953879521e+01
4.989627539155113034e+00 3.740977776681953770e+01
4.987849834484210376e+00 3.741063904264559170e+01
4.986085851576749661e+00 3.741149230265142478e+01
4.984335484634379476e+00 3.741233762176353395e+01
4.982598628673258645e+00 3.741317507420703947e+01
4.980875179517795459e+00 3.741400473351223610e+01
4.979165033794441975e+00 3.741482667252107319e+01
4.977468088925530054e+00 3.741564096339358514e+01
4.975784243123158035e+00 3.741644767761427204e+01
4.974113395383121805e+00 3.741724688599839510e+01
4.972455445478893843e+00 3.741803865869822232e+01
4.970810293955650216e+00 3.741882306520923862e+01
4.969177842124338440e+00 3.741960017437626362e+01
4.967557992055794180e+00 3.742037005439954100e+01
4.965950646574904148e+00 3.742113277284075679e+01
4.964355709254808957e+00 3.742188839662900079e+01
4.962773084411156610e+00 3.742263699206669259e+01
4.961202677096393288e+00 3.742337862483541500e+01
4.959644393094104764e+00 3.742411336000173350e+01
4.958098138913395125e+00 3.742484126202294448e+01
4.956563821783311674e+00 3.742556239475275959e+01
4.955041349647314242e+00 3.742627682144695456e+01
4.953530631157781805e+00 3.742698460476896116e+01
4.952031575670564401e+00 3.742768580679538815e+01
4.950544093239578558e+00 3.742838048902153503e+01
4.949068094611439150e+00 3.742906871236680644e+01
4.947603491220138316e+00 3.742975053718011225e+01
4.946150195181759912e+00 3.743042602324518242e+01
4.944708119289236592e+00 3.743109522978586767e+01
4.943277177007148637e+00 3.743175821547137616e+01
4.941857282466559198e+00 3.743241503842146045e+01
4.940448350459893945e+00 3.743306575621154764e+01
4.939050296435852694e+00 3.743371042587784103e+01
4.937663036494368995e+00 3.743434910392236503e+01
4.936286487381600807e+00 3.743498184631796022e+01
4.934920566484963800e+00 3.743560870851322164e+01
4.933565191828201080e+00 3.743622974543742998e+01
4.932220282066491102e+00 3.743684501150539035e+01
4.930885756481592885e+00 3.743745456062225685e+01
4.929561534977028536e+00 3.743805844618830037e+01
4.928247538073303957e+00 3.743865672110363363e+01
4.926943686903164199e+00 3.743924943777287950e+01
4.925649903206885227e+00 3.743983664810983214e+01
4.924366109327604768e+00 3.744041840354203998e+01
4.923092228206685128e+00 3.744099475501535323e+01
4.921828183379112431e+00 3.744156575299844292e+01
4.920573898968934046e+00 3.744213144748725597e+01
4.919329299684728873e+00 3.744269188800944903e+01
4.918094310815109615e+00 3.744324712362877960e+01
4.916868858224265892e+00 3.744379720294943326e+01
4.915652868347535787e+00 3.744434217412034371e+01
4.914446268187013800e+00 3.744488208483944902e+01
4.913248985307192562e+00 3.744541698235791216e+01
4.912060947830637403e+00 3.744594691348429905e+01
4.910882084433695560e+00 3.744647192458874940e+01
4.909712324342234702e+00 3.744699206160705529e+01
4.908551597327418747e+00 3.744750737004474672e+01
4.907399833701513003e+00 3.744801789498110622e+01
4.906256964313722158e+00 3.744852368107318341e+01
4.905122920546060250e+00 3.744902477255973139e+01
4.903997634309253506e+00 3.744952121326513605e+01
4.902881038038671591e+00 3.745001304660328856e+01
4.901773064690295278e+00 3.745050031558144354e+01
4.900673647736708105e+00 3.745098306280402056e+01
4.899582721163125321e+00 3.745146133047638415e+01
4.898500219463449490e+00 3.745193516040857418e+01
4.897426077636356290e+00 3.745240459401902200e+01
4.896360231181413170e+00 3.745286967233821684e+01
4.895302616095226433e+00 3.745333043601232248e+01
4.894253168867614079e+00 3.745378692530681519e+01
4.893211826477815940e+00 3.745423918011001518e+01
4.892178526390726034e+00 3.745468723993665350e+01
4.891153206553155108e+00 3.745513114393134657e+01
4.890135805390126045e+00 3.745557093087207789e+01
4.889126261801191475e+00 3.745600663917363704e+01
4.888124515156785144e+00 3.745643830689101605e+01
4.887130505294597249e+00 3.745686597172279164e+01
4.886144172515979989e+00 3.745728967101445761e+01
4.885165457582381521e+00 3.745770944176174311e+01
4.884194301711803021e+00 3.745812532061388112e+01
4.883230646575287714e+00 3.745853734387686984e+01
4.882274434293432996e+00 3.745894554751667016e+01
4.881325607432933644e+00 3.745934996716242438e+01
4.880384109003148119e+00 3.745975063810958261e+01
4.879449882452689735e+00 3.746014759532305760e+01
4.878522871666051586e+00 3.746054087344030137e+01
4.877603020960246560e+00 3.746093050677438896e+01
4.876690275081482895e+00 3.746131652931706668e+01
4.875784579201860147e+00 3.746169897474174348e+01
4.874885878916091819e+00 3.746207787640650366e+01
4.873994120238251071e+00 3.746245326735703429e+01
4.873109249598545745e+00 3.746282518032957398e+01
4.872231213840115593e+00 3.746319364775381899e+01
4.871359960215851714e+00 3.746355870175577962e+01
4.870495436385245291e+00 3.746392037416064369e+01
4.869637590411258543e+00 3.746427869649559028e+01
4.868786370757216986e+00 3.746463369999258219e+01
4.867941726283729231e+00 3.746498541559115125e+01
4.867103606245628988e+00 3.746533387394112680e+01
4.866271960288941933e+00 3.746567910540534285e+01
4.865446738447871233e+00 3.746602114006235951e+01
4.864627891141814153e+00 3.746636000770909902e+01
4.863815369172393765e+00 3.746669573786351037e+01
4.863009123720516413e+00 3.746702835976717694e+01
4.862209106343454934e+00 3.746735790238790287e+01
4.861415268971948755e+00 3.746768439442229237e+01
4.860627563907330639e+00 3.746800786429828634e+01
4.859845943818672964e+00 3.746832834017767766e+01
4.859070361739956212e+00 3.746864584995863368e+01
4.858300771067262325e+00 3.746896042127813331e+01
4.857537125555984048e+00 3.746927208151444688e+01
4.856779379318059142e+00 3.746958085778953773e+01
4.856027486819228578e+00 3.746988677697149228e+01
4.855281402876308050e+00 3.747018986567688614e+01
4.854541082654489692e+00 3.747049015027315022e+01
4.853806481664655337e+00 3.747078765688089419e+01
4.853077555760718198e+00 3.747108241137624418e+01
4.852354261136981428e+00 3.747137443939311652e+01
4.851636554325516215e+00 3.747166376632550566e+01
4.850924392193561197e+00 3.747195041732972953e+01
4.850217731940941412e+00 3.747223441732665350e+01
4.849516531097510352e+00 3.747251579100390728e+01
4.848820747520605323e+00 3.747279456281807342e+01
4.848130339392526800e+00 3.747307075699684731e+01
4.847445265218036425e+00 3.747334439754119018e+01
4.846765483821875442e+00 3.747361550822745357e+01
4.846090954346298219e+00 3.747388411260948970e+01
4.845421636248627983e+00 3.747415023402074752e+01
4.844757489298831210e+00 3.747441389557631908e+01
4.844098473577109765e+00 3.747467512017501434e+01
4.843444549471511706e+00 3.747493393050136490e+01
4.842795677675561627e+00 3.747519034902764901e+01
4.842151819185906092e+00 3.747544439801588823e+01
4.841512935299981280e+00 3.747569609951980851e+01
4.840878987613694839e+00 3.747594547538679421e+01
4.840249938019128173e+00 3.747619254725984206e+01
4.839625748702254704e+00 3.747643733657945120e+01
4.839006382140678575e+00 3.747667986458554878e+01
4.838391801101386669e+00 3.747692015231935869e+01
4.837781968638518393e+00 3.747715822062526314e+01
4.837176848091157666e+00 3.747739409015265721e+01
4.836576403081136455e+00 3.747762778135778206e+01
4.835980597510856072e+00 3.747785931450552965e+01
4.835389395561127124e+00 3.747808870967124051e+01
4.834802761689025452e+00 3.747831598674247999e+01
4.834220660625763166e+00 3.747854116542080050e+01
4.833643057374578333e+00 3.747876426522348936e+01
4.833069917208637989e+00 3.747898530548530260e+01
4.832501205668961575e+00 3.747920430536016312e+01
4.831936888562354149e+00 3.747942128382287308e+01
4.831376931959362686e+00 3.747963625967079082e+01
4.830821302192241262e+00 3.747984925152548641e+01
4.830269965852936664e+00 3.748006027783439720e+01
4.829722889791088214e+00 3.748026935687246919e+01
4.829180041112041799e+00 3.748047650674376285e+01
4.828641387174880784e+00 3.748068174538305897e+01
4.828106895590470238e+00 3.748088509055746442e+01
4.827576534219517157e+00 3.748108655986795412e+01
4.827050271170648443e+00 3.748128617075095548e+01
4.826528074798496881e+00 3.748148394047988319e+01
4.826009913701808429e+00 3.748167988616667401e+01
4.825495756721561946e+00 3.748187402476328600e+01
4.824985572939101353e+00 3.748206637306321198e+01
4.824479331674284666e+00 3.748225694770297167e+01
4.823977002483645471e+00 3.748244576516357540e+01
4.823478555158571268e+00 3.748263284177198784e+01
4.822983959723491587e+00 3.748281819370256329e+01
4.822493186434084755e+00 3.748300183697849519e+01
4.822006205775493548e+00 3.748318378747321589e+01
4.821522988460560377e+00 3.748336406091181061e+01
4.821043505428070475e+00 3.748354267287241015e+01
4.820567727841011951e+00 3.748371963878756929e+01
4.820095627084847401e+00 3.748389497394562397e+01
4.819627174765799715e+00 3.748406869349206261e+01
4.819162342709153002e+00 3.748424081243084771e+01
4.818701102957561488e+00 3.748441134562575883e+01
4.818243427769377085e+00 3.748458030780168571e+01
4.817789289616986714e+00 3.748474771354595703e+01
4.817338661185161186e+00 3.748491357730961226e+01
4.816891515369420951e+00 3.748507791340868778e+01
4.816447825274410732e+00 3.748524073602548867e+01
4.816007564212288372e+00 3.748540205920983226e+01
4.815570705701126109e+00 3.748556189688029860e+01
4.815137223463321625e+00 3.748572026282544556e+01
4.814707091424026864e+00 3.748587717070505931e+01
4.814280283709582164e+00 3.748603263405133390e+01
4.813856774645968173e+00 3.748618666627007912e+01
4.813436538757265737e+00 3.748633928064191423e+01
4.813019550764130905e+00 3.748649049032341907e+01
4.812605785582277029e+00 3.748664030834831351e+01
4.812195218320974632e+00 3.748678874762862279e+01
4.811787824281557491e+00 3.748693582095578591e+01
4.811383578955943818e+00 3.748708154100181389e+01
4.810982458025166331e+00 3.748722592032039813e+01
4.810584437357914744e+00 3.748736897134801893e+01
4.810189493009088935e+00 3.748751070640506100e+01
4.809797601218366303e+00 3.748765113769687218e+01
4.809408738408774475e+00 3.748779027731487190e+01
4.809022881185279097e+00 3.748792813723760275e+01
4.808640006333382289e+00 3.748806472933178924e+01
4.808260090817730870e+00 3.748820006535340355e+01
4.807883111780733465e+00 3.748833415694868165e+01
4.807509046541193598e+00 3.748846701565515360e+01
4.807137872592947225e+00 3.748859865290268800e+01
4.806769567603515370e+00 3.748872908001447968e+01
4.806404109412763859e+00 3.748885830820804443e+01
4.806041476031576387e+00 3.748898634859622803e+01
4.805681645640534683e+00 3.748911321218818671e+01
4.805324596588611108e+00 3.748923890989033936e+01
4.804970307391871032e+00 3.748936345250734803e+01
4.804618756732182305e+00 3.748948685074307008e+01
4.804269923455941615e+00 3.748960911520149608e+01
4.803923786572801724e+00 3.748973025638770196e+01
4.803580325254414696e+00 3.748985028470875136e+01
4.803239518833183119e+00 3.748996921047464070e+01
4.802901346801021099e+00 3.749008704389918734e+01
4.802565788808124125e+00 3.749020379510094614e+01
4.802232824661748722e+00 3.749031947410409060e+01
4.801902434325000968e+00 3.749043409083930811e+01
4.801574597915636566e+00 3.749054765514467391e+01
4.801249295704866249e+00 3.749066017676651086e+01
4.800926508116176272e+00 3.749077166536026340e+01
4.800606215724149806e+00 3.749088213049132889e+01
4.800288399253305194e+00 3.749099158163593160e+01
4.799973039576939549e+00 3.749110002818192555e+01
4.799660117715980334e+00 3.749120747942965437e+01
4.799349614837848499e+00 3.749131394459273992e+01
4.799041512255327824e+00 3.749141943279891365e+01
4.798735791425445818e+00 3.749152395309081953e+01
4.798432433948359055e+00 3.749162751442681696e+01
4.798131421566250943e+00 3.749173012568175523e+01
4.797832736162237488e+00 3.749183179564776225e+01
4.797536359759278390e+00 3.749193253303503326e+01
4.797242274519101457e+00 3.749203234647257688e+01
4.796950462741130572e+00 3.749213124450898960e+01
4.796660906861423435e+00 3.749222923561320897e+01
4.796373589451619956e+00 3.749232632817525257e+01
4.796088493217895987e+00 3.749242253050695695e+01
4.795805600999925922e+00 3.749251785084272370e+01
4.795524895769851526e+00 3.749261229734023004e+01
4.795246360631263194e+00 3.749270587808114641e+01
4.794969978818184764e+00 3.749279860107186835e+01
4.794695733694068096e+00 3.749289047424420573e+01
4.794423608750793875e+00 3.749298150545607911e+01
4.794153587607683065e+00 3.749307170249221599e+01
4.793885654010512809e+00 3.749316107306484724e+01
4.793619791830541210e+00 3.749324962481436074e+01
4.793355985063540992e+00 3.749333736530999772e+01
4.793094217828837600e+00 3.749342430205051357e+01
4.792834474368356190e+00 3.749351044246483156e+01
4.792576739045678380e+00 3.749359579391270358e+01
4.792320996345101669e+00 3.749368036368534973e+01
4.792067230870708627e+00 3.749376415900610482e+01
4.791815427345444967e+00 3.749384718703106500e+01
4.791565570610201164e+00 3.749392945484969175e+01
4.791317645622902965e+00 3.749401096948545842e+01
4.791071637457609000e+00 3.749409173789646132e+01
4.790827531303614606e+00 3.749417176697602372e+01
4.790585312464563650e+00 3.749425106355332105e+01
4.790344966357567458e+00 3.749432963439395650e+01
4.790106478512327293e+00 3.749440748620057917e+01
4.789869834570266605e+00 3.749448462561345963e+01
4.789635020283672162e+00 3.749456105921107962e+01
4.789402021514834296e+00 3.749463679351070766e+01
4.789170824235202240e+00 3.749471183496897453e+01
4.788941414524539475e+00 3.749478618998243462e+01
4.788713778570090618e+00 3.749485986488814149e+01
4.788487902665750084e+00 3.749493286596418784e+01
4.788263773211241414e+00 3.749500519943026688e+01
4.788041376711300146e+00 3.749507687144821944e+01
4.787820699774862909e+00 3.749514788812256683e+01
4.787601729114264515e+00 3.749521825550106513e+01
4.787384451544441255e+00 3.749528797957522386e+01
4.787168853982136874e+00 3.749535706628082465e+01
4.786954923445120080e+00 3.749542552149845420e+01
4.786742647051402955e+00 3.749549335105402292e+01
4.786532012018470006e+00 3.749556056071926236e+01
4.786323005662508123e+00 3.749562715621225806e+01
4.786115615397646295e+00 3.749569314319791857e+01
4.785909828735200655e+00 3.749575852728848702e+01
4.785705633282924865e+00 3.749582331404405267e+01
4.785503016744264926e+00 3.749588750897300571e+01
4.785301966917621108e+00 3.749595111753254884e+01
4.785102471695616977e+00 3.749601414512915909e+01
4.784904519064371087e+00 3.749607659711905683e+01
4.784708097102774893e+00 3.749613847880870310e+01
4.784513193981778656e+00 3.749619979545524018e+01
4.784319797963680898e+00 3.749626055226696053e+01
4.784127897401423191e+00 3.749632075440376866e+01
4.783937480737891157e+00 3.749638040697762165e+01
4.783748536505219917e+00 3.749643951505298389e+01
4.783561053324106638e+00 3.749649808364727477e+01
4.783375019903125747e+00 3.749655611773130914e+01
4.783190425038051252e+00 3.749661362222972372e+01
4.783007257611186169e+00 3.749667060202141755e+01
4.782825506590692832e+00 3.749672706193997840e+01
4.782645161029929426e+00 3.749678300677410192e+01
4.782466210066794510e+00 3.749683844126801091e+01
4.782288642923075095e+00 3.749689337012188162e+01
4.782112448903796498e+00 3.749694779799224165e+01
4.781937617396584628e+00 3.749700172949238208e+01
4.781764137871023834e+00 3.749705516919276960e+01
4.781591999878027188e+00 3.749710812162143014e+01
4.781421193049209428e+00 3.749716059126437528e+01
4.781251707096262571e+00 3.749721258256595746e+01
4.781083531810338627e+00 3.749726409992928211e+01
4.780916657061435870e+00 3.749731514771659135e+01
4.780751072797793100e+00 3.749736573024964059e+01
4.780586769045282125e+00 3.749741585181008219e+01
4.780423735906810911e+00 3.749746551663982785e+01
4.780261963561728500e+00 3.749751472894143944e+01
4.780101442265236145e+00 3.749756349287848423e+01
4.779942162347800227e+00 3.749761181257589726e+01
4.779784114214572277e+00 3.749765969212034378e+01
4.779627288344814318e+00 3.749770713556058865e+01
4.779471675291323329e+00 3.749775414690782327e+01
4.779317265679866367e+00 3.749780073013605630e+01
4.779164050208617454e+00 3.749784688918241926e+01
4.779012019647598031e+00 3.749789262794753597e+01
4.778861164838122733e+00 3.749793795029586363e+01
4.778711476692248716e+00 3.749798286005601256e+01
4.778562946192230321e+00 3.749802736102110856e+01
4.778415564389977277e+00 3.749807145694909138e+01
4.778269322406516473e+00 3.749811515156306996e+01
4.778124211431459933e+00 3.749815844855164215e+01
4.777980222722474579e+00 3.749820135156920031e+01
4.777837347604755536e+00 3.749824386423627232e+01
4.777695577470508326e+00 3.749828599013982711e+01
4.777554903778429285e+00 3.749832773283358023e+01
4.777415318053192195e+00 3.749836909583832778e+01
4.777276811884940244e+00 3.749841008264222353e+01
4.777139376928780656e+00 3.749845069670111286e+01
4.777003004904282868e+00 3.749849094143880990e+01
4.776867687594981149e+00 3.749853082024741724e+01
4.776733416847880775e+00 3.749857033648760307e+01
4.776600184572966867e+00 3.749860949348890671e+01
4.776467982742722107e+00 3.749864829455002280e+01
4.776336803391639130e+00 3.749868674293908555e+01
4.776206638615747124e+00 3.749872484189397426e+01
4.776077480572132217e+00 3.749876259462257622e+01
4.775949321478470289e+00 3.749880000430306382e+01
4.775822153612555354e+00 3.749883707408419298e+01
4.775695969311839484e+00 3.749887380708554474e+01
4.775570760972969175e+00 3.749891020639783790e+01
4.775446521051328830e+00 3.749894627508316347e+01
4.775323242060590445e+00 3.749898201617526183e+01
4.775200916572258869e+00 3.749901743267979981e+01
4.775079537215229486e+00 3.749905252757461938e+01
4.774959096675343240e+00 3.749908730381000765e+01
4.774839587694947873e+00 3.749912176430893140e+01
4.774721003072460057e+00 3.749915591196732123e+01
4.774603335661934622e+00 3.749918974965429896e+01
4.774486578372633794e+00 3.749922328021244766e+01
4.774370724168602642e+00 3.749925650645803898e+01
4.774255766068243645e+00 3.749928943118130320e+01
4.774141697143899243e+00 3.749932205714664235e+01
4.774028510521433510e+00 3.749935438709290025e+01
4.773916199379821812e+00 3.749938642373357567e+01
4.773804756950738692e+00 3.749941816975707809e+01
4.773694176518150201e+00 3.749944962782694802e+01
4.773584451417912433e+00 3.749948080058209854e+01
4.773475575037370078e+00 3.749951169063702849e+01
4.773367540814958510e+00 3.749954230058207827e+01
4.773260342239809439e+00 3.749957263298362165e+01
4.773153972851360116e+00 3.749960269038432159e+01
4.773048426238965192e+00 3.749963247530332211e+01
4.772943696041509476e+00 3.749966199023648272e+01
4.772839775947026908e+00 3.749969123765659873e+01
4.772736659692322192e+00 3.749972022001360727e+01
4.772634341062592434e+00 3.749974893973480050e+01
4.772532813891054104e+00 3.749977739922504583e+01
4.772432072058571784e+00 3.749980560086698489e+01
