8.500000000000000000e+01 3.500000000000000000e+01
8.462521582879180926e+01 3.512114005655236326e+01
8.425308393756043301e+01 3.524242252279400134e+01
8.388358513217154666e+01 3.536384544022016030e+01
8.351670035949679516e+01 3.548540684568505554e+01
8.315241070637341636e+01 3.560710477154340481e+01
8.279069739857150978e+01 3.572893724579211039e+01
8.243154179976875184e+01 3.585090229221204794e+01
8.207492541053260027e+01 3.597299793050998318e+01
8.172082986731000176e+01 3.609522217646058806e+01
8.136923694142431884e+01 3.621757304204847117e+01
8.102012853807971737e+01 3.634004853561030046e+01
8.067348669537268790e+01 3.646264666197691184e+01
8.032929358331087144e+01 3.658536542261541058e+01
7.998753150283900482e+01 3.670820281577128696e+01
7.964818288487198572e+01 3.683115683661042539e+01
7.931123028933498631e+01 3.695422547736110630e+01
7.897665640421055855e+01 3.707740672745586608e+01
7.864444404459274551e+01 3.720069857367327870e+01
7.831457615174807074e+01 3.732409900027958827e+01
7.798703579218340565e+01 3.744760598917019934e+01
7.766180615672061549e+01 3.757121752001099679e+01
7.733887055957799816e+01 3.769493157037943831e+01
7.701821243745847312e+01 3.781874611590546920e+01
7.669981534864433570e+01 3.794265913041218852e+01
7.638366297209874745e+01 3.806666858605625237e+01
7.606973910657372073e+01 3.819077245346799998e+01
7.575802766972471147e+01 3.831496870189130988e+01
7.544851269723156406e+01 3.843925529932309360e+01
7.514117834192606438e+01 3.856363021265249102e+01
7.483600887292570292e+01 3.868809140779971045e+01
7.453298867477394651e+01 3.881263684985447071e+01
7.423210224658669176e+01 3.893726450321406674e+01
7.393333420120501387e+01 3.906197233172101591e+01
7.363666926435416826e+01 3.918675829880029227e+01
7.334209227380870288e+01 3.931162036759608469e+01
7.304958817856368114e+01 3.943655650110810029e+01
7.275914203801204394e+01 3.956156466232739888e+01
7.247073902112798294e+01 3.968664281437169450e+01
7.218436440565631074e+01 3.981178892062015962e+01
7.190000357730772862e+01 3.993700094484768215e+01
7.161764202896009124e+01 4.006227685135856831e+01
7.133726535986549777e+01 4.018761460511967698e+01
7.105885927486319531e+01 4.031301217189296437e+01
7.078240958359825186e+01 4.043846751836741760e+01
7.050790219974604156e+01 4.056397861229037005e+01
7.023532314024235745e+01 4.068954342259820578e+01
6.996465852451922274e+01 4.081515991954636036e+01
6.969589457374631536e+01 4.094082607483869651e+01
6.942901761007797745e+01 4.106653986175616922e+01
6.916401405590572438e+01 4.119229925528481573e+01
6.890087043311635284e+01 4.131810223224301382e+01
6.863957336235537809e+01 4.144394677140801519e+01
6.838010956229602755e+01 4.156983085364174713e+01
6.812246584891352086e+01 4.169575246201584662e+01
6.786662913476472170e+01 4.182170958193592014e+01
6.761258642827314702e+01 4.194770020126505727e+01
6.736032483301916329e+01 4.207372231044647748e+01
6.710983154703546916e+01 4.219977390262543082e+01
6.686109386210777927e+01 4.232585297377026734e+01
6.661409916308062407e+01 4.245195752279261825e+01
6.636883492716829380e+01 4.257808555166679554e+01
6.612528872327088436e+01 4.270423506554830340e+01
6.588344821129534523e+01 4.283040407289147566e+01
6.564330114148157236e+01 4.295659058556622512e+01
6.540483535373348900e+01 4.308279261897391876e+01
6.516803877695502933e+01 4.320900819216233657e+01
6.493289942839102480e+01 4.333523532793972066e+01
6.469940541297302161e+01 4.346147205298787952e+01
6.446754492266985892e+01 4.358771639797437558e+01
6.423730623584307864e+01 4.371396639766376069e+01
6.400867771660708172e+01 4.384022009102787365e+01
6.378164781419408058e+01 4.396647552135512171e+01
6.355620506232364875e+01 4.409273073635883833e+01
6.333233807857700981e+01 4.421898378828464615e+01
6.311003556377591650e+01 4.434523273401681820e+01
6.288928630136614117e+01 4.447147563518363000e+01
6.267007915680554220e+01 4.459771055826173125e+01
6.245240307695660675e+01 4.472393557467948000e+01
6.223624708948357664e+01 4.485014876091926084e+01
6.202160030225394394e+01 4.497634819861875854e+01
6.180845190274445855e+01 4.510253197467123698e+01
6.159679115745149858e+01 4.522869818132470243e+01
6.138660741130579623e+01 4.535484491628008641e+01
6.117789008709154785e+01 4.548097028278831999e+01
6.097062868486978005e+01 4.560707238974637789e+01
6.076481278140601461e+01 4.573314935179222118e+01
6.056043202960219674e+01 4.585919928939869550e+01
6.035747615793277987e+01 4.598522032896634215e+01
6.015593496988505962e+01 4.611121060291510787e+01
5.995579834340361458e+01 4.623716824977496742e+01
5.975705623033887548e+01 4.636309141427546621e+01
5.955969865589981538e+01 4.648897824743417573e+01
5.936371571811066872e+01 4.661482690664398376e+01
5.916909758727169333e+01 4.674063555575936846e+01
5.897583450542395411e+01 4.686640236518147873e+01
5.878391678581805024e+01 4.699212551194214882e+01
5.859333481238681429e+01 4.711780317978679022e+01
5.840407903922191934e+01 4.724343355925615384e+01
5.821613999005437989e+01 4.736901484776696947e+01
5.802950825773890386e+01 4.749454524969146263e+01
5.784417450374207448e+01 4.762002297643577009e+01
5.766012945763435482e+01 4.774544624651716873e+01
5.747736391658585831e+01 4.787081328564023863e+01
5.729586874486586368e+01 4.799612232677185375e+01
5.711563487334605327e+01 4.812137161021504994e+01
5.693665329900746030e+01 4.824655938368175612e+01
5.675891508445106126e+01 4.837168390236440274e+01
5.658241135741203465e+01 4.849674342900637924e+01
5.640713331027760802e+01 4.862173623397137590e+01
5.623307219960851455e+01 4.874666059531154616e+01
5.606021934566399523e+01 4.887151479883459615e+01
5.588856613193034661e+01 4.899629713816968035e+01
5.571810400465297874e+01 4.912100591483221024e+01
5.554882447237194754e+01 4.924563943828746915e+01
5.538071910546096177e+01 4.937019602601316137e+01
5.521377953566981489e+01 4.949467400356078173e+01
5.504799745567021318e+01 4.961907170461586247e+01
5.488336461860500037e+01 4.974338747105709757e+01
5.471987283764075016e+01 4.986761965301433719e+01
5.455751398552366993e+01 4.999176660892544533e+01
5.439627999413882264e+01 5.011582670559204900e+01
5.423616285407265281e+01 5.023979831823415054e+01
5.407715461417873115e+01 5.036367983054361730e+01
5.391924738114677496e+01 5.048746963473656280e+01
5.376243331907486578e+01 5.061116613160461952e+01
5.360670464904486465e+01 5.073476773056508193e+01
5.345205364870096787e+01 5.085827284970994100e+01
5.329847265183143890e+01 5.098167991585381742e+01
5.314595404795344535e+01 5.110498736458080060e+01
5.299449028190097977e+01 5.122819364029018629e+01
5.284407385341588537e+01 5.135129719624108446e+01
5.269469731674188751e+01 5.147429649459598977e+01
5.254635328022170881e+01 5.159719000646322939e+01
5.239903440589713313e+01 5.171997621193830952e+01
5.225273340911210340e+01 5.184265360014423862e+01
5.210744305811874710e+01 5.196522066927072814e+01
5.196315617368636453e+01 5.208767592661232726e+01
5.181986562871330193e+01 5.221001788860550619e+01
5.167756434784177344e+01 5.233224508086468063e+01
5.153624530707551088e+01 5.245435603821714921e+01
5.139590153340029843e+01 5.257634930473702184e+01
5.125652610440730683e+01 5.269822343377806817e+01
5.111811214791927682e+01 5.281997698800552854e+01
5.098065284161947375e+01 5.294160853942691602e+01
5.084414141268341325e+01 5.306311666942174554e+01
5.070857113741333677e+01 5.318449996877028241e+01
5.057393534087543685e+01 5.330575703768123930e+01
5.044022739653973986e+01 5.342688648581846422e+01
5.030744072592273852e+01 5.354788693232664798e+01
5.017556879823266058e+01 5.366875700585599418e+01
5.004460513001739486e+01 5.378949534458591586e+01
4.991454328481503211e+01 5.391010059624773731e+01
4.978537687280704205e+01 5.403057141814642250e+01
4.965709955047401536e+01 5.415090647718130157e+01
4.952970502025401345e+01 5.427110444986586657e+01
4.940318703020341928e+01 5.439116402234656533e+01
4.927753937366036041e+01 5.451108389042067159e+01
4.915275588891063308e+01 5.463086275955318882e+01
4.902883045885614166e+01 5.475049934489280901e+01
4.890575701068576109e+01 5.486999237128694773e+01
4.878352951554872163e+01 5.498934057329583425e+01
4.866214198823040249e+01 5.510854269520570625e+01
4.854158848683055538e+01 5.522759749104106675e+01
4.842186311244390851e+01 5.534650372457603851e+01
4.830296000884320051e+01 5.546526016934483039e+01
4.818487336216455219e+01 5.558386560865129411e+01
4.806759740059518293e+01 5.570231883557762131e+01
4.795112639406350041e+01 5.582061865299212400e+01
4.783545465393144980e+01 5.593876387355618363e+01
4.772057653268922195e+01 5.605675331973033337e+01
4.760648642365217142e+01 5.617458582377944509e+01
4.749317876066008637e+01 5.629226022777712046e+01
4.738064801777861845e+01 5.640977538360922949e+01
4.726888870900300077e+01 5.652713015297658217e+01
4.715789538796396840e+01 5.664432340739682559e+01
4.704766264763586037e+01 5.676135402820550269e+01
4.693818512004691712e+01 5.687822090655629381e+01
4.682945747599173103e+01 5.699492294342047671e+01
4.672147442474585688e+01 5.711145904958557651e+01
4.661423071378254690e+01 5.722782814565325538e+01
4.650772112849161743e+01 5.734402916203639933e+01
4.640194049190037617e+01 5.746006103895546602e+01
4.629688366439669522e+01 5.757592272643402964e+01
4.619254554345409503e+01 5.769161318429362950e+01
4.608892106335891015e+01 5.780713138214782987e+01
4.598600519493949434e+01 5.792247629939555509e+01
4.588379294529744357e+01 5.803764692521372126e+01
4.578227935754082267e+01 5.815264225854911473e+01
4.568145951051939591e+01 5.826746130810958135e+01
4.558132851856181844e+01 5.838210309235449813e+01
4.548188153121481037e+01 5.849656663948456270e+01
4.538311373298425622e+01 5.861085098743090072e+01
4.528502034307825852e+01 5.872495518384346269e+01
4.518759661515210269e+01 5.883887828607878845e+01
4.509083783705513326e+01 5.895261936118709656e+01
4.499473933057949182e+01 5.906617748589871297e+01
4.489929645121077328e+01 5.917955174660985307e+01
4.480450458788051549e+01 5.929274123936777841e+01
4.471035916272053612e+01 5.940574506985532111e+01
4.461685563081913841e+01 5.951856235337478296e+01
4.452398947997907896e+01 5.963119221483120924e+01
4.443175623047739720e+01 5.974363378871508701e+01
4.434015143482699983e+01 5.985588621908441809e+01
4.424917067754005018e+01 5.996794865954624498e+01
4.415880957489311243e+01 6.007982027323753016e+01
4.406906377469405101e+01 6.019150023280552375e+01
4.397992895605065655e+01 6.030298772038754151e+01
4.389140082914102692e+01 6.041428192759019566e+01
4.380347513498562506e+01 6.052538205546805727e+01
4.371614764522108487e+01 6.063628731450181419e+01
4.362941416187565125e+01 6.074699692457586053e+01
4.354327051714633967e+01 6.085751011495539586e+01
4.345771257317773717e+01 6.096782612426297732e+01
4.337273622184244459e+01 6.107794420045458139e+01
4.328833738452318869e+01 6.118786360079516840e+01
4.320451201189652579e+01 6.129758359183375660e+01
4.312125608371817265e+01 6.140710344937799192e+01
4.303856560860994307e+01 6.151642245846825574e+01
4.295643662384826911e+01 6.162553991335131087e+01
4.287486519515428540e+01 6.173445511745347858e+01
4.279384741648551937e+01 6.184316738335336083e+01
4.271337940982906645e+01 6.195167603275412915e+01
4.263345732499638530e+01 6.205998039645535158e+01
4.255407733941955684e+01 6.216807981432442176e+01
4.247523565794909928e+01 6.227597363526754037e+01
4.239692851265328954e+01 6.238366121720028445e+01
4.231915216261896262e+01 6.249114192701780013e+01
4.224190289375378882e+01 6.259841514056454059e+01
4.216517701859006451e+01 6.270548024260367015e+01
4.208897087608991683e+01 6.281233662678604190e+01
4.201328083145200054e+01 6.291898369561882021e+01
4.193810327591959464e+01 6.302542086043371938e+01
4.186343462659016268e+01 6.313164754135488721e+01
4.178927132622631291e+01 6.323766316726644021e+01
4.171560984306817232e+01 6.334346717577962238e+01
4.164244667064716054e+01 6.344905901319967256e+01
4.156977832760114211e+01 6.355443813449229395e+01
4.149760135749095014e+01 6.365960400324986068e+01
4.142591232861829553e+01 6.376455609165724780e+01
4.135470783384501914e+01 6.386929388045739842e+01
4.128398449041367968e+01 6.397381685891654968e+01
4.121373893976949176e+01 6.407812452478916043e+01
4.114396784738359969e+01 6.418221638428258302e+01
4.107466790257761602e+01 6.428609195202140825e+01
4.100583581834953861e+01 6.438975075101153323e+01
4.093746833120088979e+01 6.449319231260398055e+01
4.086956220096519843e+01 6.459641617645847589e+01
4.080211421063771837e+01 6.469942189050667025e+01
4.073512116620643297e+01 6.480220901091522023e+01
4.066857989648431726e+01 6.490477710204856976e+01
4.060248725294283645e+01 6.500712573643146186e+01
4.053684010954668082e+01 6.510925449471129411e+01
4.047163536258974403e+01 6.521116296562016146e+01
4.040686993053230935e+01 6.531285074593678530e+01
4.034254075383944382e+01 6.541431744044810159e+01
4.027864479482060034e+01 6.551556266191073519e+01
4.021517903747039924e+01 6.561658603101223264e+01
4.015214048731061069e+01 6.571738717633212445e+01
4.008952617123329532e+01 6.581796573430274577e+01
4.002733313734512421e+01 6.591832134916994335e+01
3.996555845481283598e+01 6.601845367295354094e+01
3.990419921370984468e+01 6.611836236540766265e+01
3.984325252486401325e+01 6.621804709398091404e+01
3.978271551970652098e+01 6.631750753377633600e+01
3.972258535012187508e+01 6.641674336751127328e+01
3.966285918829901647e+01 6.651575428547702984e+01
3.960353422658356237e+01 6.661453998549842481e+01
3.954460767733110060e+01 6.671310017289322047e+01
3.948607677276161354e+01 6.681143456043136553e+01
3.942793876481496085e+01 6.690954286829413888e+01
3.937019092500743511e+01 6.700742482403317979e+01
3.931283054428937618e+01 6.710508016252939001e+01
3.925585493290387262e+01 6.720250862595172237e+01
3.919926142024645088e+01 6.729970996371585557e+01
3.914304735472587282e+01 6.739668393244279798e+01
3.908721010362591386e+01 6.749343029591736354e+01
3.903174705296818559e+01 6.758994882504654811e+01
3.897665560737597445e+01 6.768623929781787751e+01
3.892193318993908946e+01 6.778230149925757075e+01
3.886757724207971165e+01 6.787813522138876010e+01
3.881358522341922423e+01 6.797374026318951223e+01
3.875995461164605160e+01 6.806911643055086358e+01
3.870668290238445053e+01 6.816426353623474199e+01
3.865376760906428899e+01 6.825918139983188837e+01
3.860120626279180556e+01 6.835386984771965047e+01
3.854899641222127826e+01 6.844832871301980504e+01
3.849713562342768114e+01 6.854255783555626635e+01
3.844562147978029287e+01 6.863655706181279470e+01
3.839445158181718654e+01 6.873032624489066222e+01
3.834362354712070697e+01 6.882386524446627618e+01
3.829313501019382926e+01 6.891717392674878795e+01
3.824298362233746218e+01 6.901025216443765942e+01
3.819316705152862568e+01 6.910309983668025779e+01
3.814368298229955201e+01 6.919571682902935095e+01
3.809452911561767507e+01 6.928810303340065957e+01
3.804570316876651503e+01 6.938025834803040937e+01
3.799720287522741557e+01 6.947218267743281217e+01
3.794902598456219778e+01 6.956387593235761813e+01
3.790117026229663821e+01 6.965533802974762523e+01
3.785363348980483522e+01 6.974656889269621729e+01
3.780641346419441362e+01 6.983756845040491612e+01
3.775950799819259629e+01 6.992833663814094791e+01
3.771291492003309287e+01 7.001887339719479542e+01
3.766663207334383401e+01 7.010917867483782118e+01
3.762065731703555826e+01 7.019925242427991918e+01
3.757498852519117349e+01 7.028909460462712389e+01
3.752962358695596379e+01 7.037870518083931870e+01
3.748456040642862064e+01 7.046808412368800134e+01
3.743979690255303439e+01 7.055723140971397811e+01
3.739533100901093121e+01 7.064614702118522871e+01
3.735116067411527752e+01 7.073483094605475685e+01
3.730728386070445168e+01 7.082328317791844086e+01
3.726369854603725429e+01 7.091150371597305480e+01
3.722040272168861463e+01 7.099949256497424699e+01
3.717739439344613572e+01 7.108724973519458956e+01
3.713467158120737110e+01 7.117477524238174169e+01
3.709223231887784777e+01 7.126206910771661285e+01
3.705007465426986357e+01 7.134913135777163973e+01
3.700819664900200223e+01 7.143596202446912002e+01
3.696659637839943713e+01 7.152256114503958884e+01
3.692527193139491715e+01 7.160892876198032297e+01
3.688422141043049862e+01 7.169506492301385947e+01
3.684344293136000914e+01 7.178096968104665621e+01
3.680293462335224319e+01 7.186664309412779517e+01
3.676269462879482575e+01 7.195208522540778517e+01
3.672272110319882898e+01 7.203729614309744989e+01
3.668301221510404986e+01 7.212227592042692947e+01
3.664356614598503370e+01 7.220702463560469653e+01
3.660438109015774444e+01 7.229154237177678510e+01
3.656545525468693825e+01 7.237582921698601979e+01
3.652678685929422642e+01 7.245988526413137265e+01
3.648837413626679904e+01 7.254371061092746231e+01
3.645021533036683081e+01 7.262730535986408142e+01
3.641230869874154763e+01 7.271066961816589469e+01
3.637465251083396112e+01 7.279380349775223635e+01
3.633724504829424262e+01 7.287670711519695033e+01
3.630008460489177224e+01 7.295938059168845768e+01
3.626316948642779892e+01 7.304182405298982417e+01
3.622649801064879682e+01 7.312403762939904084e+01
3.619006850716039736e+01 7.320602145570934738e+01
3.615387931734198901e+01 7.328777567116971170e+01
3.611792879426194958e+01 7.336930041944543746e+01
3.608221530259346110e+01 7.345059584857884261e+01
3.604673721853099266e+01 7.353166211095016536e+01
3.601149292970736582e+01 7.361249936323847010e+01
3.597648083511142403e+01 7.369310776638280913e+01
3.594169934500633445e+01 7.377348748554339863e+01
3.590714688084845818e+01 7.385363869006300774e+01
3.587282187520683152e+01 7.393356155342843294e+01
3.583872277168324416e+01 7.401325625323215718e+01
3.580484802483288576e+01 7.409272297113409422e+01
3.577119610008558226e+01 7.417196189282347518e+01
3.573776547366761491e+01 7.425097320798093392e+01
3.570455463252410766e+01 7.432975711024066356e+01
3.567156207424198300e+01 7.440831379715274352e+01
3.563878630697347205e+01 7.448664347014559439e+01
3.560622584936020729e+01 7.456474633448861766e+01
3.557387923045786238e+01 7.464262259925493481e+01
3.554174498966132489e+01 7.472027247728429700e+01
3.550982167663045175e+01 7.479769618514615104e+01
3.547810785121632904e+01 7.487489394310281909e+01
3.544660208338811458e+01 7.495186597507284887e+01
3.541530295316037780e+01 7.502861250859456277e+01
3.538420905052098675e+01 7.510513377478966390e+01
3.535331897535952805e+01 7.518143000832706946e+01
3.532263133739624550e+01 7.525750144738687197e+01
3.529214475611150448e+01 7.533334833362445693e+01
3.526185786067574668e+01 7.540897091213480508e+01
3.523176928987999190e+01 7.548436943141688005e+01
3.520187769206683726e+01 7.555954414333824332e+01
3.517218172506193952e+01 7.563449530309982549e+01
3.514268005610602330e+01 7.570922316920082551e+01
3.511337136178737950e+01 7.578372800340375193e+01
3.508425432797485399e+01 7.585801007069970581e+01
3.505532764975131954e+01 7.593206963927374886e+01
3.502659003134766635e+01 7.600590698047045635e+01
3.499804018607721190e+01 7.607952236875965468e+01
3.496967683627065782e+01 7.615291608170231541e+01
3.494149871321148026e+01 7.622608839991657703e+01
3.491350455707179634e+01 7.629903960704398003e+01
3.488569311684872076e+01 7.637176998971587238e+01
3.485806315030116309e+01 7.644427983751991462e+01
3.483061342388710102e+01 7.651656944296681218e+01
3.480334271270128710e+01 7.658863910145723253e+01
3.477624980041345282e+01 7.666048911124880760e+01
3.474933347920691773e+01 7.673211977342339196e+01
3.472259254971768883e+01 7.680353139185442046e+01
3.469602582097396493e+01 7.687472427317450752e+01
3.466963211033610293e+01 7.694569872674316002e+01
3.464341024343702458e+01 7.701645506461466084e+01
3.461735905412304248e+01 7.708699360150613700e+01
3.459147738439514086e+01 7.715731465476585527e+01
3.456576408435066128e+01 7.722741854434156039e+01
3.454021801212541476e+01 7.729730559274911172e+01
3.451483803383624149e+01 7.736697612504120514e+01
3.448962302352394005e+01 7.743643046877633651e+01
3.446457186309667975e+01 7.750566895398787892e+01
3.443968344227376122e+01 7.757469191315335877e+01
3.441495665852982455e+01 7.764349968116388823e+01
3.439039041703944122e+01 7.771209259529381086e+01
3.436598363062213934e+01 7.778047099517046092e+01
3.434173521968778431e+01 7.784863522274416425e+01
3.431764411218239985e+01 7.791658562225835283e+01
3.429370924353436578e+01 7.798432254021986409e+01
3.426992955660100648e+01 7.805184632536943923e+01
3.424630400161555599e+01 7.811915732865239193e+01
3.422283153613452811e+01 7.818625590318941931e+01
3.419951112498548440e+01 7.825314240424761181e+01
3.417634174021511484e+01 7.831981718921163349e+01
3.415332236103778740e+01 7.838628061755508725e+01
3.413045197378439610e+01 7.845253305081199358e+01
3.410772957185162113e+01 7.851857485254853941e+01
3.408515415565154427e+01 7.858440638833492642e+01
3.406272473256163380e+01 7.865002802571741825e+01
3.404044031687508465e+01 7.871544013419054409e+01
3.401829992975153516e+01 7.878064308516952963e+01
3.399630259916812491e+01 7.884563725196281325e+01
3.397444735987093622e+01 7.891042300974480384e+01
3.395273325332673409e+01 7.897500073552879485e+01
3.393115932767511822e+01 7.903937080814004901e+01
3.390972463768098066e+01 7.910353360818903923e+01
3.388842824468732573e+01 7.916748951804487433e+01
3.386726921656843814e+01 7.923123892180890948e+01
3.384624662768335668e+01 7.929478220528849874e+01
3.382535955882973866e+01 7.935811975597097501e+01
3.380460709719800860e+01 7.942125196299770096e+01
3.378398833632588349e+01 7.948417921713840428e+01
3.376350237605317517e+01 7.954690191076561234e+01
3.374314832247698348e+01 7.960942043782928579e+01
3.372292528790715949e+01 7.967173519383159430e+01
3.370283239082212390e+01 7.973384657580191970e+01
3.368286875582499107e+01 7.979575498227194430e+01
3.366303351360001983e+01 7.985746081325098089e+01
3.364332580086936986e+01 7.991896447020144478e+01
3.362374476035018489e+01 7.998026635601449641e+01
3.360428954071196728e+01 8.004136687498584024e+01
3.358495929653427936e+01 8.010226643279172265e+01
3.356575318826475751e+01 8.016296543646504347e+01
3.354667038217738906e+01 8.022346429437170912e+01
3.352771005033114449e+01 8.028376341618708523e+01
3.350887137052887255e+01 8.034386321287264821e+01
3.349015352627650799e+01 8.040376409665280732e+01
3.347155570674256353e+01 8.046346648099185472e+01
3.345307710671793444e+01 8.052297078057112856e+01
3.343471692657597316e+01 8.058227741126633248e+01
3.341647437223286232e+01 8.064138679012496880e+01
3.339834865510827910e+01 8.070029933534401323e+01
3.338033899208632960e+01 8.075901546624767491e+01
3.336244460547678159e+01 8.081753560326541219e+01
3.334466472297656736e+01 8.087586016790997689e+01
3.332699857763157070e+01 8.093398958275578536e+01
3.330944540779868390e+01 8.099192427141728956e+01
3.329200445710813483e+01 8.104966465852764657e+01
3.327467497442611943e+01 8.110721116971744493e+01
3.325745621381764749e+01 8.116456423159364419e+01
3.324034743450970808e+01 8.122172427171868492e+01
3.322334790085467660e+01 8.127869171858968400e+01
3.320645688229398473e+01 8.133546700161790000e+01
3.318967365332206043e+01 8.139205055110824105e+01
3.317299749345053073e+01 8.144844279823901445e+01
3.315642768717268041e+01 8.150464417504181824e+01
3.313996352392815226e+01 8.156065511438151816e+01
3.312360429806793150e+01 8.161647604993649452e+01
3.310734930881955052e+01 8.167210741617896019e+01
3.309119786025257071e+01 8.172754964835544911e+01
3.307514926124430588e+01 8.178280318246747527e+01
3.305920282544578015e+01 8.183786845525236231e+01
3.304335787124794876e+01 8.189274590416414412e+01
3.302761372174816046e+01 8.194743596735473545e+01
3.301196970471684011e+01 8.200193908365514517e+01
3.299642515256444142e+01 8.205625569255691687e+01
3.298097940230861980e+01 8.211038623419369742e+01
3.296563179554164691e+01 8.216433114932290493e+01
3.295038167839806675e+01 8.221809087930765259e+01
3.293522840152256492e+01 8.227166586609870080e+01
3.292017132003808655e+01 8.232505655221665108e+01
3.290520979351418873e+01 8.237826338073422505e+01
3.289034318593559902e+01 8.243128679525875668e+01
3.287557086567102260e+01 8.248412723991472717e+01
3.286089220544216261e+01 8.253678515932658399e+01
3.284630658229296074e+01 8.258926099860156000e+01
3.283181337755906526e+01 8.264155520331273408e+01
3.281741197683751921e+01 8.269366821948221968e+01
3.280310176995666893e+01 8.274560049356446711e+01
3.278888215094628578e+01 8.279735247242972207e+01
3.277475251800789380e+01 8.284892460334761211e+01
3.276071227348532489e+01 8.290031733397094627e+01
3.274676082383548703e+01 8.295153111231952892e+01
3.273289757959932444e+01 8.300256638676421517e+01
3.271912195537300505e+01 8.305342360601107998e+01
3.270543336977930693e+01 8.310410321908571518e+01
3.269183124543921792e+01 8.315460567531764013e+01
3.267831500894371999e+01 8.320493142432489719e+01
3.266488409082580802e+01 8.325508091599877503e+01
3.265153792553267920e+01 8.330505460048863142e+01
3.263827595139814264e+01 8.335485292818687242e+01
3.262509761061520663e+01 8.340447634971407354e+01
3.261200234920889329e+01 8.345392531590425733e+01
3.259898961700921660e+01 8.350320027779022780e+01
3.258605886762438075e+01 8.355230168658911794e+01
3.257320955841415611e+01 8.360122999368800834e+01
3.256044115046343279e+01 8.364998565062971636e+01
3.254775310855600878e+01 8.369856910909872738e+01
3.253514490114852009e+01 8.374698082090719709e+01
3.252261600034457700e+01 8.379522123798111011e+01
3.251016588186909217e+01 8.384329081234660919e+01
3.249779402504278636e+01 8.389118999611638117e+01
3.248549991275687177e+01 8.393891924147622774e+01
3.247328303144792017e+01 8.398647900067173566e+01
3.246114287107292284e+01 8.403386972599506066e+01
3.244907892508450686e+01 8.408109186977185345e+01
3.243709069040635029e+01 8.412814588434832785e+01
3.242517766740877505e+01 8.417503222207841418e+01
3.241333935988448189e+01 8.422175133531105473e+01
3.240157527502450563e+01 8.426830367637761299e+01
3.238988492339430536e+01 8.431468969757943910e+01
3.237826781891004657e+01 8.436090985117549224e+01
3.236672347881504663e+01 8.440696458937013347e+01
3.235525142365639084e+01 8.445285436430103232e+01
3.234385117726171188e+01 8.449857962802717282e+01
3.233252226671613982e+01 8.454414083251697321e+01
3.232126422233942264e+01 8.458953842963656200e+01
3.231007657766318886e+01 8.463477287113812508e+01
3.229895886940840199e+01 8.467984460864840912e+01
3.228791063746296430e+01 8.472475409365729604e+01
3.227693142485946964e+01 8.476950177750653381e+01
3.226602077775313404e+01 8.481408811137855253e+01
3.225517824539986123e+01 8.485851354628542254e+01
3.224440338013449292e+01 8.490277853305788369e+01
3.223369573734920834e+01 8.494688352233451667e+01
3.222305487547205161e+01 8.499082896455102798e+01
3.221248035594564385e+01 8.503461530992962025e+01
3.220197174320603750e+01 8.507824300846850463e+01
3.219152860466171973e+01 8.512171250993149840e+01
3.218115051067275800e+01 8.516502426383772217e+01
3.217083703453011623e+01 8.520817871945143906e+01
3.216058775243509871e+01 8.525117632577197924e+01
3.215040224347895048e+01 8.529401753152377808e+01
3.214028008962260685e+01 8.533670278514651386e+01
3.213022087567657792e+01 8.537923253478533070e+01
3.212022418928097522e+01 8.542160722828123198e+01
3.211028962088570182e+01 8.546382731316150227e+01
3.210041676373076314e+01 8.550589323663025709e+01
3.209060521382671993e+01 8.554780544555913480e+01
3.208085456993529050e+01 8.558956438647801690e+01
3.207116443355008073e+01 8.563117050556593313e+01
3.206153440887747763e+01 8.567262424864199488e+01
3.205196410281763519e+01 8.571392606115645663e+01
3.204245312494563791e+01 8.575507638818187672e+01
3.203300108749276376e+01 8.579607567440440619e+01
3.202360760532792483e+01 8.583692436411510585e+01
3.201427229593917900e+01 8.587762290120143405e+01
3.200499477941544768e+01 8.591817172913877698e+01
3.199577467842829392e+01 8.595857129098210692e+01
3.198661161821387822e+01 8.599882202935771147e+01
3.197750522655502081e+01 8.603892438645505081e+01
3.196845513376339554e+01 8.607887880401865743e+01
3.195946097266186214e+01 8.611868572334020655e+01
3.195052237856690525e+01 8.615834558525060061e+01
3.194163898927121537e+01 8.619785883011218175e+01
3.193281044502638011e+01 8.623722589781102954e+01
3.192403638852571746e+01 8.627644722774937236e+01
3.191531646488720853e+01 8.631552325883805565e+01
3.190665032163656889e+01 8.635445442948910966e+01
3.189803760869043359e+01 8.639324117760841659e+01
3.188947797833966646e+01 8.643188394058844892e+01
3.188097108523278678e+01 8.647038315530112129e+01
3.187251658635950236e+01 8.650873925809071352e+01
3.186411414103438489e+01 8.654695268476686465e+01
3.185576341088063401e+01 8.658502387059766647e+01
3.184746405981397643e+01 8.662295325030288495e+01
3.183921575402667514e+01 8.666074125804718165e+01
3.183101816197164524e+01 8.669838832743349144e+01
3.182287095434669411e+01 8.673589489149641452e+01
3.181477380407886102e+01 8.677326138269579303e+01
3.180672638630888116e+01 8.681048823291025940e+01
3.179872837837575261e+01 8.684757587343095508e+01
3.179077945980141351e+01 8.688452473495524941e+01
3.178287931227552576e+01 8.692133524758061469e+01
3.177502761964038314e+01 8.695800784079854395e+01
3.176722406787589748e+01 8.699454294348853978e+01
3.175946834508472350e+01 8.703094098391218836e+01
3.175176014147746173e+01 8.706720238970734727e+01
3.174409914935799293e+01 8.710332758788234742e+01
3.173648506310889417e+01 8.713931700481032294e+01
3.172891757917696509e+01 8.717517106622359790e+01
3.172139639605886785e+01 8.721089019720815827e+01
3.171392121428685584e+01 8.724647482219815231e+01
3.170649173641460905e+01 8.728192536497057574e+01
3.169910766700317595e+01 8.731724224863988582e+01
3.169176871260699713e+01 8.735242589565281435e+01
3.168447458176005327e+01 8.738747672778318076e+01
3.167722498496209482e+01 8.742239516612680461e+01
3.167001963466496406e+01 8.745718163109650334e+01
3.166285824525903791e+01 8.749183654241709007e+01
3.165574053305974189e+01 8.752636031912055614e+01
3.164866621629417409e+01 8.756075337954122517e+01
3.164163501508782517e+01 8.759501614131103508e+01
3.163464665145138000e+01 8.762914902135486273e+01
3.162770084926762593e+01 8.766315243588590533e+01
3.162079733427844985e+01 8.769702680040116149e+01
3.161393583407192409e+01 8.773077252967699735e+01
3.160711607806948820e+01 8.776439003776469860e+01
3.160033779751321603e+01 8.779787973798615042e+01
3.159360072545318587e+01 8.783124204292960258e+01
3.158690459673492512e+01 8.786447736444543466e+01
3.158024914798695448e+01 8.789758611364204910e+01
3.157363411760840677e+01 8.793056870088176424e+01
3.156705924575675581e+01 8.796342553577684953e+01
3.156052427433561292e+01 8.799615702718554644e+01
3.155402894698261917e+01 8.802876358320821737e+01
3.154757300905741602e+01 8.806124561118349447e+01
3.154115620762971517e+01 8.809360351768455644e+01
3.153477829146743616e+01 8.812583770851541942e+01
3.152843901102493618e+01 8.815794858870728490e+01
3.152213811843132873e+01 8.818993656251501534e+01
3.151587536747887341e+01 8.822180203341355309e+01
3.150965051361145797e+01 8.825354540409453818e+01
3.150346331391315502e+01 8.828516707646284090e+01
3.149731352709686050e+01 8.831666745163327903e+01
3.149120091349302086e+01 8.834804692992730679e+01
3.148512523503843141e+01 8.837930591086981735e+01
3.147908625526511273e+01 8.841044479318594540e+01
3.147308373928926883e+01 8.844146397479801180e+01
3.146711745380033420e+01 8.847236385282239723e+01
3.146118716705007401e+01 8.850314482356662893e+01
3.145529264884178744e+01 8.853380728252635379e+01
3.144943367051957139e+01 8.856435162438251041e+01
3.144361000495765879e+01 8.859477824299848692e+01
3.143782142654984568e+01 8.862508753141730722e+01
3.143206771119898590e+01 8.865527988185895936e+01
3.142634863630655317e+01 8.868535568571766703e+01
3.142066398076228495e+01 8.871531533355931742e+01
3.141501352493390087e+01 8.874515921511884642e+01
3.140939705065688869e+01 8.877488771929773748e+01
3.140381434122436133e+01 8.880450123416159158e+01
3.139826518137699907e+01 8.883400014693764035e+01
3.139274935729304161e+01 8.886338484401244386e+01
3.138726665657836179e+01 8.889265571092951745e+01
3.138181686825662453e+01 8.892181313238712903e+01
3.137639978275947783e+01 8.895085749223602534e+01
3.137101519191685384e+01 8.897978917347728611e+01
3.136566288894730903e+01 8.900860855826017826e+01
3.136034266844845320e+01 8.903731602788012367e+01
3.135505432638742462e+01 8.906591196277663869e+01
3.134979766009145052e+01 8.909439674253134456e+01
3.134457246823847143e+01 8.912277074586606318e+01
3.133937855084782242e+01 8.915103435064089865e+01
3.133421570927098898e+01 8.917918793385241827e+01
3.132908374618242320e+01 8.920723187163184775e+01
3.132398246557042754e+01 8.923516653924329489e+01
3.131891167272810250e+01 8.926299231108205845e+01
3.131387117424435473e+01 8.929070956067296549e+01
3.130886077799497258e+01 8.931831866066872294e+01
3.130388029313376919e+01 8.934581998284838278e+01
3.129892953008377177e+01 8.937321389811576466e+01
3.129400830052848903e+01 8.940050077649797799e+01
3.128911641740324256e+01 8.942768098714395819e+01
3.128425369488653374e+01 8.945475489832305982e+01
3.127941994839150652e+01 8.948172287742369235e+01
3.127461499455743876e+01 8.950858529095197014e+01
3.126983865124131867e+01 8.953534250453046184e+01
3.126509073750946399e+01 8.956199488289689725e+01
3.126037107362920864e+01 8.958854278990297360e+01
3.125567948106064264e+01 8.961498658851319021e+01
3.125101578244841605e+01 8.964132664080369750e+01
3.124637980161358897e+01 8.966756330796124530e+01
3.124177136354555984e+01 8.969369695028206024e+01
3.123719029439403272e+01 8.971972792717089362e+01
3.123263642146103791e+01 8.974565659713998400e+01
3.122810957319303071e+01 8.977148331780816193e+01
3.122360957917302571e+01 8.979720844589992623e+01
3.121913627011279502e+01 8.982283233724453453e+01
3.121468947784511272e+01 8.984835534677522162e+01
3.121026903531607033e+01 8.987377782852838948e+01
3.120587477657743136e+01 8.989910013564279723e+01
3.120150653677904629e+01 8.992432262035889323e+01
3.119716415216131722e+01 8.994944563401809035e+01
3.119284746004771947e+01 8.997446952706208378e+01
3.118855629883737635e+01 8.999939464903228270e+01
3.118429050799768021e+01 9.002422134856915648e+01
3.118004992805696673e+01 9.004894997341169471e+01
3.117583440059724964e+01 9.007358087039690986e+01
3.117164376824699801e+01 9.009811438545928297e+01
3.116747787467395980e+01 9.012255086363036582e+01
3.116333656457805290e+01 9.014689064903831195e+01
3.115921968368428097e+01 9.017113408490746451e+01
3.115512707873573106e+01 9.019528151355802947e+01
3.115105859748658546e+01 9.021933327640570610e+01
3.114701408869521515e+01 9.024328971396138854e+01
3.114299340211729117e+01 9.026715116583089582e+01
3.113899638849897045e+01 9.029091797071473025e+01
3.113502289957011726e+01 9.031459046640785004e+01
3.113107278803757438e+01 9.033816898979948462e+01
3.112714590757847333e+01 9.036165387687296402e+01
3.112324211283360498e+01 9.038504546270561946e+01
3.111936125940083286e+01 9.040834408146866963e+01
3.111550320382854551e+01 9.043155006642712124e+01
3.111166780360916206e+01 9.045466374993976899e+01
3.110785491717268414e+01 9.047768546345915297e+01
3.110406440388027960e+01 9.050061553753157284e+01
3.110029612401793386e+01 9.052345430179711627e+01
3.109654993879012608e+01 9.054620208498974421e+01
3.109282571031356213e+01 9.056885921493736191e+01
3.108912330161093607e+01 9.059142601856196109e+01
3.108544257660475907e+01 9.061390282187970513e+01
3.108178340011121321e+01 9.063628995000117072e+01
3.107814563783404793e+01 9.065858772713150415e+01
3.107452915635852619e+01 9.068079647657063447e+01
3.107093382314542040e+01 9.070291652071351507e+01
3.106735950652503320e+01 9.072494818105040792e+01
3.106380607569126795e+01 9.074689177816718200e+01
3.106027340069574549e+01 9.076874763174561167e+01
3.105676135244195279e+01 9.079051606056370360e+01
3.105326980267944492e+01 9.081219738249610884e+01
3.104979862399807189e+01 9.083379191451444967e+01
3.104634768982225879e+01 9.085529997268776015e+01
3.104291687440532144e+01 9.087672187218292663e+01
3.103950605282382114e+01 9.089805792726514255e+01
3.103611510097195847e+01 9.091930845129833472e+01
3.103274389555600621e+01 9.094047375674573175e+01
3.102939231408878840e+01 9.096155415517034726e+01
3.102606023488418430e+01 9.098254995723551986e+01
3.102274753705168564e+01 9.100346147270549579e+01
3.101945410049097518e+01 9.102428901044598319e+01
3.101617980588656209e+01 9.104503287842477732e+01
3.101292453470244226e+01 9.106569338371240008e+01
3.100968816917679760e+01 9.108627083248269685e+01
3.100647059231673452e+01 9.110676553001356126e+01
3.100327168789306143e+01 9.112717778068757468e+01
3.100009134043509107e+01 9.114750788799271675e+01
3.099692943522549982e+01 9.116775615452313275e+01
3.099378585829520460e+01 9.118792288197980156e+01
3.099066049641828258e+01 9.120800837117135984e+01
3.098755323710692267e+01 9.122801292201486945e+01
3.098446396860642338e+01 9.124793683353658480e+01
3.098139257989020834e+01 9.126778040387280555e+01
3.097833896065488801e+01 9.128754393027068659e+01
3.097530300131536052e+01 9.130722770908911912e+01
3.097228459299993020e+01 9.132683203579956910e+01
3.096928362754547948e+01 9.134635720498697253e+01
3.096629999749265494e+01 9.136580351035065917e+01
3.096333359608110314e+01 9.138517124470526198e+01
3.096038431724473128e+01 9.140446069998164091e+01
3.095745205560699986e+01 9.142367216722784917e+01
3.095453670647626154e+01 9.144280593661012801e+01
3.095163816584110705e+01 9.146186229741383045e+01
3.094875633036577511e+01 9.148084153804450125e+01
3.094589109738555877e+01 9.149974394602882910e+01
3.094304236490228277e+01 9.151856980801571240e+01
3.094021003157977745e+01 9.153731940977731085e+01
3.093739399673940582e+01 9.155599303621009710e+01
3.093459416035561205e+01 9.157459097133593673e+01
3.093181042305151252e+01 9.159311349830319671e+01
3.092904268609450114e+01 9.161156089938782543e+01
3.092629085139189016e+01 9.162993345599450379e+01
3.092355482148659007e+01 9.164823144865776783e+01
3.092083449955281793e+01 9.166645515704314562e+01
3.091812978939182344e+01 9.168460485994833675e+01
3.091544059542765410e+01 9.170268083530440606e+01
3.091276682270295595e+01 9.172068336017693468e+01
3.091010837687478841e+01 9.173861271076725643e+01
3.090746516421047829e+01 9.175646916241365147e+01
3.090483709158349868e+01 9.177425298959259692e+01
3.090222406646938325e+01 9.179196446592000314e+01
3.089962599694165846e+01 9.180960386415246433e+01
3.089704279166781475e+01 9.182717145618852328e+01
3.089447435990529556e+01 9.184466751306993615e+01
3.089192061149751822e+01 9.186209230498300826e+01
3.088938145686993053e+01 9.187944610125985889e+01
3.088685680702607783e+01 9.189672917037975708e+01
3.088434657354371993e+01 9.191394177997041481e+01
3.088185066857094796e+01 9.193108419680935128e+01
3.087936900482235458e+01 9.194815668682525711e+01
3.087690149557520769e+01 9.196515951509931597e+01
3.087444805466567033e+01 9.198209294586658302e+01
3.087200859648503837e+01 9.199895724251740603e+01
3.086958303597599595e+01 9.201575266759874694e+01
3.086717128862891002e+01 9.203247948281564561e+01
3.086477327047814967e+01 9.204913794903259827e+01
3.086238889809841979e+01 9.206572832627499281e+01
3.086001808860113016e+01 9.208225087373052986e+01
3.085766075963078947e+01 9.209870584975067231e+01
3.085531682936141706e+01 9.211509351185209482e+01
3.085298621649298667e+01 9.213141411671813330e+01
3.085066884024789502e+01 9.214766792020026287e+01
3.084836462036744820e+01 9.216385517731960419e+01
3.084607347710837644e+01 9.217997614226834457e+01
3.084379533123937733e+01 9.219603106841130113e+01
3.084153010403767325e+01 9.221202020828739876e+01
3.083927771728560430e+01 9.222794381361116223e+01
3.083703809326722833e+01 9.224380213527427941e+01
3.083481115476497081e+01 9.225959542334709340e+01
3.083259682505626742e+01 9.227532392708016573e+01
3.083039502791025299e+01 9.229098789490582533e+01
3.082820568758445745e+01 9.230658757443970330e+01
3.082602872882154088e+01 9.232212321248231035e+01
3.082386407684603213e+01 9.233759505502058573e+01
3.082171165736111007e+01 9.235300334722950311e+01
3.081957139654539191e+01 9.236834833347363372e+01
3.081744322104974998e+01 9.238363025730875222e+01
3.081532705799414629e+01 9.239884936148342831e+01
3.081322283496449899e+01 9.241400588794061832e+01
3.081113048000955601e+01 9.242910007781929949e+01
3.080904992163780776e+01 9.244413217145607575e+01
3.080698108881439978e+01 9.245910240838682626e+01
3.080492391095808813e+01 9.247401102734829692e+01
3.080287831793820175e+01 9.248885826627976314e+01
3.080084424007162980e+01 9.250364436232467824e+01
3.079882160811983027e+01 9.251836955183232192e+01
3.079681035328586347e+01 9.253303407035944872e+01
3.079481040721143259e+01 9.254763815267195071e+01
3.079282170197396695e+01 9.256218203274653433e+01
3.079084417008369456e+01 9.257666594377239733e+01
3.078887774448077153e+01 9.259109011815289136e+01
3.078692235853240078e+01 9.260545478750721315e+01
3.078497794602997928e+01 9.261976018267209554e+01
3.078304444118628069e+01 9.263400653370351279e+01
3.078112177863263454e+01 9.264819406987835748e+01
3.077920989341613378e+01 9.266232301969618845e+01
3.077730872099687431e+01 9.267639361088089345e+01
3.077541819724518746e+01 9.269040607038242285e+01
3.077353825843891499e+01 9.270436062437850921e+01
3.077166884126069135e+01 9.271825749827640095e+01
3.076980988279524709e+01 9.273209691671458188e+01
3.076796132052673372e+01 9.274587910356449072e+01
3.076612309233606268e+01 9.275960428193228324e+01
3.076429513649825864e+01 9.277327267416056600e+01
3.076247739167984463e+01 9.278688450183011582e+01
3.076066979693623438e+01 9.280043998576167041e+01
3.075887229170914594e+01 9.281393934601766205e+01
3.075708481582402953e+01 9.282738280190395130e+01
3.075530730948752378e+01 9.284077057197163185e+01
3.075353971328490843e+01 9.285410287401876417e+01
3.075178196817760323e+01 9.286737992509215189e+01
3.075003401550065973e+01 9.288060194148910398e+01
3.074829579696028148e+01 9.289376913875922526e+01
3.074656725463135487e+01 9.290688173170617858e+01
3.074484833095501202e+01 9.291993993438946120e+01
3.074313896873619356e+01 9.293294396012622371e+01
3.074143911114122574e+01 9.294589402149300383e+01
3.073974870169544005e+01 9.295879033032755956e+01
3.073806768428077518e+01 9.297163309773063133e+01
3.073639600313342513e+01 9.298442253406776103e+01
3.073473360284148370e+01 9.299715884897105411e+01
3.073308042834261400e+01 9.300984225134101280e+01
3.073143642492172845e+01 9.302247294934832667e+01
3.072980153820869376e+01 9.303505115043567741e+01
3.072817571417604299e+01 9.304757706131954365e+01
3.072655889913670535e+01 9.306005088799200564e+01
3.072495103974175734e+01 9.307247283572256435e+01
3.072335208297818099e+01 9.308484310905994619e+01
3.072176197616663629e+01 9.309716191183392198e+01
3.072018066695926564e+01 9.310942944715711178e+01
3.071860810333749114e+01 9.312164591742683228e+01
3.071704423360984393e+01 9.313381152432687315e+01
3.071548900640979696e+01 9.314592646882937288e+01
3.071394237069361921e+01 9.315799095119659512e+01
3.071240427573824405e+01 9.317000517098277612e+01
3.071087467113914826e+01 9.318196932703592950e+01
3.070935350680825238e+01 9.319388361749970784e+01
3.070784073297182815e+01 9.320574823981519330e+01
3.070633630016842375e+01 9.321756339072275921e+01
3.070484015924680321e+01 9.322932926626388905e+01
3.070335226136390006e+01 9.324104606178298127e+01
3.070187255798278514e+01 9.325271397192923928e+01
3.070040100087065227e+01 9.326433319065846206e+01
3.069893754209680026e+01 9.327590391123487734e+01
3.069748213403065762e+01 9.328742632623298903e+01
3.069603472933978949e+01 9.329890062753942459e+01
3.069459528098794721e+01 9.331032700635476829e+01
3.069316374223311428e+01 9.332170565319536593e+01
3.069174006662555954e+01 9.333303675789520071e+01
3.069032420800592220e+01 9.334432050960771221e+01
3.068891612050330053e+01 9.335555709680764380e+01
3.068751575853335112e+01 9.336674670729286163e+01
3.068612307679640949e+01 9.337788952818624466e+01
3.068473803027560720e+01 9.338898574593744684e+01
3.068336057423502439e+01 9.340003554632481553e+01
3.068199066421783527e+01 9.341103911445716790e+01
3.068062825604447852e+01 9.342199663477565252e+01
3.067927330581083467e+01 9.343290829105562523e+01
3.067792576988641429e+01 9.344377426640842543e+01
3.067658560491256736e+01 9.345459474328326621e+01
3.067525276780069277e+01 9.346536990346903906e+01
3.067392721573046899e+01 9.347609992809617552e+01
3.067260890614809909e+01 9.348678499763848038e+01
3.067129779676454859e+01 9.349742529191496487e+01
3.066999384555382591e+01 9.350802099009167989e+01
3.066869701075124510e+01 9.351857227068356337e+01
3.066740725085172059e+01 9.352907931155627352e+01
3.066612452460806537e+01 9.353954228992802200e+01
3.066484879102929639e+01 9.354996138237142134e+01
3.066358000937896122e+01 9.356033676481530392e+01
3.066231813917347537e+01 9.357066861254656942e+01
3.066106314018045609e+01 9.358095710021201796e+01
3.065981497241709164e+01 9.359120240182015493e+01
3.065857359614849997e+01 9.360140469074308101e+01
3.065733897188610868e+01 9.361156413971825430e+01
3.065611106038604561e+01 9.362168092085036619e+01
3.065488982264754014e+01 9.363175520561316034e+01
3.065367521991133160e+01 9.364178716485125165e+01
3.065246721365809890e+01 9.365177696878195945e+01
3.065126576560687965e+01 9.366172478699714077e+01
3.065007083771352825e+01 9.367163078846499502e+01
3.064888239216916332e+01 9.368149514153191149e+01
3.064770039139863300e+01 9.369131801392427406e+01
3.064652479805898366e+01 9.370109957275029444e+01
3.064535557503796070e+01 9.371083998450180275e+01
3.064419268545248798e+01 9.372053941505610908e+01
3.064303609264718631e+01 9.373019802967777991e+01
3.064188576019287780e+01 9.373981599302047130e+01
3.064074165188512566e+01 9.374939346912876204e+01
3.063960373174275631e+01 9.375893062143993006e+01
3.063847196400641693e+01 9.376842761278577143e+01
3.063734631313712242e+01 9.377788460539443349e+01
3.063622674381482724e+01 9.378730176089219128e+01
3.063511322093699718e+01 9.379667924030526649e+01
3.063400570961720248e+01 9.380601720406163224e+01
3.063290417518369679e+01 9.381531581199280367e+01
3.063180858317803867e+01 9.382457522333567113e+01
3.063071889935369185e+01 9.383379559673424808e+01
3.062963508967465742e+01 9.384297709024150436e+01
3.062855712031410249e+01 9.385211986132115669e+01
3.062748495765299950e+01 9.386122406684944508e+01
3.062641856827878328e+01 9.387028986311693757e+01
3.062535791898400461e+01 9.387931740583030660e+01
3.062430297676500146e+01 9.388830685011411958e+01
3.062325370882057740e+01 9.389725835051262948e+01
3.062221008255069421e+01 9.390617206099156533e+01
3.062117206555515736e+01 9.391504813493988024e+01
3.062013962563232639e+01 9.392388672517155612e+01
3.061911273077782880e+01 9.393268798392736585e+01
3.061809134918327757e+01 9.394145206287664962e+01
3.061707544923501345e+01 9.395017911311910552e+01
3.061606499951282956e+01 9.395886928518653747e+01
3.061505996878872793e+01 9.396752272904460312e+01
3.061406032602567251e+01 9.397613959409463291e+01
3.061306604037635992e+01 9.398472002917532109e+01
3.061207708118198312e+01 9.399326418256455895e+01
3.061109341797102346e+01 9.400177220198112593e+01
3.061011502045802857e+01 9.401024423458649437e+01
3.060914185854241865e+01 9.401868042698654904e+01
3.060817390230728918e+01 9.402708092523333505e+01
3.060721112201822436e+01 9.403544587482683426e+01
3.060625348812212465e+01 9.404377542071669893e+01
3.060530097124602733e+01 9.405206970730395710e+01
3.060435354219595183e+01 9.406032887844280310e+01
3.060341117195574157e+01 9.406855307744230288e+01
3.060247383168591639e+01 9.407674244706812772e+01
3.060154149272253932e+01 9.408489712954430217e+01
3.060061412657607605e+01 9.409301726655492359e+01
3.059969170493027946e+01 9.410110299924588162e+01
3.059877419964107403e+01 9.410915446822659192e+01
3.059786158273544032e+01 9.411717181357168727e+01
3.059695382641031713e+01 9.412515517482279392e+01
3.059605090303151087e+01 9.413310469099016586e+01
3.059515278513260483e+01 9.414102050055446114e+01
3.059425944541388276e+01 9.414890274146843296e+01
3.059337085674125589e+01 9.415675155115862083e+01
3.059248699214520073e+01 9.416456706652705577e+01
3.059160782481969676e+01 9.417234942395297992e+01
3.059073332812117840e+01 9.418009875929450914e+01
3.058986347556749763e+01 9.418781520789036676e+01
3.058899824083687591e+01 9.419549890456153207e+01
3.058813759776688812e+01 9.420314998361295977e+01
3.058728152035342873e+01 9.421076857883527111e+01
3.058642998274970282e+01 9.421835482350638813e+01
3.058558295926521353e+01 9.422590885039325315e+01
3.058474042436476736e+01 9.423343079175350567e+01
3.058390235266746870e+01 9.424092077933713085e+01
3.058306871894573931e+01 9.424837894438813635e+01
3.058223949812433418e+01 9.425580541764621501e+01
3.058141466527936458e+01 9.426320032934843596e+01
3.058059419563732817e+01 9.427056380923086465e+01
3.057977806457415326e+01 9.427789598653025394e+01
3.057896624761423610e+01 9.428519698998564991e+01
3.057815872042949223e+01 9.429246694784009719e+01
3.057735545883841866e+01 9.429970598784224478e+01
3.057655643880514873e+01 9.430691423724800870e+01
3.057576163643853207e+01 9.431409182282222048e+01
3.057497102799119659e+01 9.432123887084023295e+01
3.057418458985864973e+01 9.432835550708958294e+01
3.057340229857834402e+01 9.433544185687161132e+01
3.057262413082878894e+01 9.434249804500308301e+01
3.057185006342864142e+01 9.434952419581780703e+01
3.057108007333581767e+01 9.435652043316829918e+01
3.057031413764660144e+01 9.436348688042733102e+01
3.056955223359476292e+01 9.437042366048959252e+01
3.056879433855068484e+01 9.437733089577329793e+01
3.056804043002048843e+01 9.438420870822176312e+01
3.056729048564517370e+01 9.439105721930503989e+01
3.056654448319975614e+01 9.439787655002149336e+01
3.056580240059241760e+01 9.440466682089942196e+01
3.056506421586366073e+01 9.441142815199863492e+01
3.056432990718546350e+01 9.441816066291202958e+01
3.056359945286044066e+01 9.442486447276721151e+01
3.056287283132101962e+01 9.443153970022804344e+01
3.056215002112861256e+01 9.443818646349623691e+01
3.056143100097280296e+01 9.444480488031294385e+01
3.056071574967051774e+01 9.445139506796029139e+01
3.056000424616523503e+01 9.445795714326298764e+01
3.055929646952617063e+01 9.446449122258987074e+01
3.055859239894748569e+01 9.447099742185545779e+01
3.055789201374749098e+01 9.447747585652153646e+01
3.055719529336786167e+01 9.448392664159867138e+01
3.055650221737285577e+01 9.449034989164780995e+01
3.055581276544853253e+01 9.449674572078177448e+01
3.055512691740198861e+01 9.450311424266685378e+01
3.055444465316058711e+01 9.450945557052430956e+01
3.055376595277120089e+01 9.451576981713193959e+01
3.055309079639944869e+01 9.452205709482556983e+01
3.055241916432894556e+01 9.452831751550063188e+01
3.055175103696056738e+01 9.453455119061365508e+01
3.055108639481169419e+01 9.454075823118380129e+01
3.055042521851548543e+01 9.454693874779438545e+01
3.054976748882014448e+01 9.455309285059436775e+01
3.054911318658818686e+01 9.455922064929991677e+01
3.054846229279572611e+01 9.456532225319585905e+01
3.054781478853175969e+01 9.457139777113719958e+01
3.054717065499744066e+01 9.457744731155065665e+01
3.054652987350539206e+01 9.458347098243609707e+01
3.054589242547898209e+01 9.458946889136809943e+01
3.054525829245164559e+01 9.459544114549736094e+01
3.054462745606617702e+01 9.460138785155226060e+01
3.054399989807404481e+01 9.460730911584030878e+01
3.054337560033471632e+01 9.461320504424959665e+01
3.054275454481495800e+01 9.461907574225031681e+01
3.054213671358818516e+01 9.462492131489621272e+01
3.054152208883376574e+01 9.463074186682604250e+01
3.054091065283637363e+01 9.463653750226504258e+01
3.054030238798532082e+01 9.464230832502640567e+01
3.053969727677389301e+01 9.464805443851270184e+01
3.053909530179870302e+01 9.465377594571737063e+01
3.053849644575904065e+01 9.465947294922614219e+01
3.053790069145622610e+01 9.466514555121848673e+01
3.053730802179297399e+01 9.467079385346906406e+01
3.053671841977275392e+01 9.467641795734913046e+01
3.053613186849915806e+01 9.468201796382801660e+01
3.053554835117527233e+01 9.468759397347453444e+01
3.053496785110305822e+01 9.469314608645839826e+01
3.053439035168272397e+01 9.469867440255166002e+01
3.053381583641212060e+01 9.470417902113010200e+01
3.053324428888612019e+01 9.470966004117468628e+01
3.053267569279601190e+01 9.471511756127294746e+01
3.053211003192890516e+01 9.472055167962038524e+01
3.053154729016711855e+01 9.472596249402191404e+01
3.053098745148759363e+01 9.473135010189319871e+01
3.053043049996129810e+01 9.473671460026210411e+01
3.052987641975264310e+01 9.474205608577005933e+01
3.052932519511889353e+01 9.474737465467345032e+01
3.052877681040959246e+01 9.475267040284501263e+01
3.052823125006598204e+01 9.475794342577520979e+01
3.052768849862043510e+01 9.476319381857359758e+01
3.052714854069587957e+01 9.476842167597021671e+01
3.052661136100524431e+01 9.477362709231692861e+01
3.052607694435089059e+01 9.477881016158883654e+01
3.052554527562405084e+01 9.478397097738560717e+01
3.052501633980428508e+01 9.478910963293283487e+01
3.052449012195892308e+01 9.479422622108337748e+01
3.052396660724252442e+01 9.479932083431876322e+01
3.052344578089632776e+01 9.480439356475048385e+01
3.052292762824771444e+01 9.480944450412134472e+01
3.052241213470967907e+01 9.481447374380684323e+01
3.052189928578028599e+01 9.481948137481646199e+01
3.052138906704214705e+01 9.482446748779501888e+01
3.052088146416189574e+01 9.482943217302397443e+01
3.052037646288966855e+01 9.483437552042279606e+01
3.051987404905857915e+01 9.483929761955025128e+01
3.051937420858420680e+01 9.484419855960572932e+01
3.051887692746408476e+01 9.484907842943054845e+01
3.051838219177719225e+01 9.485393731750927770e+01
3.051788998768344996e+01 9.485877531197102996e+01
3.051740030142321558e+01 9.486359250059076942e+01
3.051691311931678641e+01 9.486838897079060473e+01
3.051642842776390907e+01 9.487316480964111065e+01
3.051594621324327861e+01 9.487792010386256436e+01
3.051546646231205528e+01 9.488265493982629550e+01
3.051498916160538144e+01 9.488736940355592253e+01
3.051451429783589120e+01 9.489206358072863168e+01
3.051404185779323797e+01 9.489673755667649857e+01
3.051357182834361481e+01 9.490139141638771036e+01
3.051310419642928551e+01 9.490602524450787314e+01
3.051263894906811203e+01 9.491063912534123403e+01
3.051217607335308557e+01 9.491523314285197443e+01
3.051171555645186473e+01 9.491980738066544632e+01
3.051125738560631362e+01 9.492436192206945123e+01
3.051080154813204715e+01 9.492889685001547662e+01
3.051034803141797269e+01 9.493341224711991799e+01
3.050989682292584249e+01 9.493790819566537209e+01
3.050944791018979885e+01 9.494238477760181638e+01
3.050900128081593721e+01 9.494684207454790226e+01
3.050855692248184781e+01 9.495128016779213453e+01
3.050811482293619292e+01 9.495569913829413622e+01
3.050767496999825923e+01 9.496009906668585643e+01
3.050723735155752436e+01 9.496448003327277831e+01
3.050680195557322705e+01 9.496884211803515541e+01
3.050636877007394077e+01 9.497318540062921954e+01
3.050593778315714033e+01 9.497750996038838878e+01
3.050550898298878622e+01 9.498181587632446110e+01
3.050508235780289823e+01 9.498610322712883658e+01
3.050465789590113985e+01 9.499037209117369684e+01
3.050423558565240967e+01 9.499462254651321302e+01
3.050381541549241504e+01 9.499885467088472524e+01
3.050339737392327422e+01 9.500306854170995052e+01
3.050298144951310420e+01 9.500726423609611970e+01
3.050256763089561929e+01 9.501144183083721373e+01
3.050215590676972255e+01 9.501560140241510055e+01
3.050174626589911853e+01 9.501974302700071462e+01
3.050133869711190471e+01 9.502386678045525059e+01
3.050093318930018071e+01 9.502797273833130021e+01
3.050052973141966106e+01 9.503206097587400336e+01
3.050012831248928435e+01 9.503613156802225603e+01
3.049972892159082249e+01 9.504018458940981873e+01
3.049933154786850409e+01 9.504422011436648177e+01
3.049893618052862720e+01 9.504823821691920216e+01
3.049854280883917923e+01 9.505223897079326889e+01
3.049815142212946739e+01 9.505622244941343979e+01
3.049776200978974217e+01 9.506018872590504998e+01
3.049737456127081714e+01 9.506413787309517716e+01
3.049698906608371374e+01 9.506806996351373584e+01
3.049660551379928108e+01 9.507198506939465688e+01
3.049622389404784428e+01 9.507588326267693901e+01
3.049584419651882783e+01 9.507976461500584264e+01
3.049546641096040744e+01 9.508362919773394140e+01
3.049509052717914770e+01 9.508747708192225900e+01
3.049471653503965030e+01 9.509130833834139196e+01
3.049434442446419169e+01 9.509512303747257533e+01
3.049397418543238558e+01 9.509892124950883385e+01
3.049360580798082765e+01 9.510270304435601929e+01
3.049323928220274382e+01 9.510646849163396155e+01
3.049287459824765634e+01 9.511021766067753447e+01
3.049251174632103911e+01 9.511395062053772165e+01
3.049215071668397314e+01 9.511766743998272489e+01
3.049179149965281610e+01 9.512136818749905842e+01
3.049143408559886126e+01 9.512505293129257211e+01
3.049107846494801066e+01 9.512872173928957409e+01
3.049072462818044116e+01 9.513237467913788237e+01
3.049037256583027045e+01 9.513601181820789066e+01
3.049002226848524089e+01 9.513963322359361996e+01
3.048967372678638554e+01 9.514323896211379861e+01
3.048932693142771200e+01 9.514682910031289964e+01
3.048898187315587549e+01 9.515040370446219242e+01
3.048863854276986984e+01 9.515396284056082266e+01
3.048829693112070416e+01 9.515750657433679294e+01
3.048795702911109018e+01 9.516103497124808541e+01
3.048761882769512965e+01 9.516454809648361390e+01
3.048728231787800169e+01 9.516804601496434657e+01
3.048694749071566434e+01 9.517152879134425802e+01
3.048661433731453485e+01 9.517499649001140938e+01
3.048628284883119477e+01 9.517844917508895719e+01
3.048595301647208444e+01 9.518188691043616245e+01
3.048562483149320101e+01 9.518530975964941376e+01
3.048529828519980356e+01 9.518871778606326473e+01
3.048497336894611465e+01 9.519211105275140028e+01
3.048465007413502548e+01 9.519548962252768831e+01
3.048432839221780100e+01 9.519885355794717441e+01
3.048400831469379213e+01 9.520220292130704820e+01
3.048368983311014802e+01 9.520553777464768075e+01
3.048337293906152112e+01 9.520885817975359089e+01
3.048305762418979015e+01 9.521216419815446841e+01
3.048274388018377223e+01 9.521545589112614039e+01
3.048243169877894232e+01 9.521873331969153753e+01
3.048212107175715246e+01 9.522199654462170315e+01
3.048181199094635474e+01 9.522524562643677370e+01
3.048150444822032412e+01 9.522848062540693093e+01
3.048119843549838137e+01 9.523170160155336816e+01
3.048089394474512659e+01 9.523490861464929935e+01
3.048059096797015854e+01 9.523810172422088272e+01
3.048028949722781533e+01 9.524128098954820132e+01
3.047998952461690081e+01 9.524444646966621519e+01
3.047969104228041815e+01 9.524759822336571347e+01
3.047939404240530692e+01 9.525073630919425227e+01
3.047909851722218022e+01 9.525386078545714952e+01
3.047880445900506530e+01 9.525697171021838017e+01
3.047851186007113711e+01 9.526006914130152836e+01
3.047822071278047318e+01 9.526315313629075376e+01
3.047793100953579071e+01 9.526622375253170105e+01
3.047764274278218366e+01 9.526928104713243783e+01
3.047735590500688474e+01 9.527232507696436414e+01
3.047707048873900604e+01 9.527535589866319299e+01
3.047678648654929034e+01 9.527837356862980300e+01
3.047650389104986246e+01 9.528137814303120479e+01
3.047622269489398406e+01 9.528436967780145039e+01
3.047594289077581209e+01 9.528734822864252862e+01
3.047566447143014656e+01 9.529031385102528873e+01
3.047538742963219960e+01 9.529326660019034989e+01
3.047511175819734319e+01 9.529620653114899653e+01
3.047483744998088184e+01 9.529913369868407358e+01
3.047456449787780741e+01 9.530204815735089596e+01
3.047429289482256820e+01 9.530494996147812969e+01
3.047402263378882736e+01 9.530783916516870136e+01
3.047375370778923909e+01 9.531071582230066497e+01
3.047348610987521411e+01 9.531357998652811148e+01
3.047321983313668881e+01 9.531643171128202141e+01
3.047295487070189424e+01 9.531927104977116016e+01
3.047269121573713591e+01 9.532209805498294486e+01
3.047242886144656282e+01 9.532491277968435384e+01
3.047216780107194012e+01 9.532771527642272247e+01
