7.000000000000000000e+01 1.000000000000000000e+01
6.999975850632506535e+01 1.025934938362015991e+01
6.999070503106187857e+01 1.051679849332341554e+01
6.997309257979097197e+01 1.077237845120705195e+01
6.994720111787239603e+01 1.102611967228922474e+01
6.991333155015310297e+01 1.127805185014870126e+01
6.987180013790136002e+01 1.152820395062980197e+01
6.982293343516440132e+01 1.177660421257888856e+01
6.976706379037941019e+01 1.202328015457436550e+01
6.970452542883805336e+01 1.226825858664652280e+01
6.963565110775803646e+01 1.251156562604573885e+01
6.956076931796435758e+01 1.275322671619804993e+01
6.948020199389532081e+01 1.299326664807782095e+01
6.939426268600857384e+01 1.323170958332194225e+01
6.930325514579295998e+01 1.346857907850371383e+01
6.920747227264443779e+01 1.370389811007405712e+01
6.910719537306916038e+01 1.393768909956060575e+01
6.900269368537460934e+01 1.416997393869023014e+01
6.889422412665895479e+01 1.440077401416720448e+01
6.878203122308318029e+01 1.463011023189724469e+01
6.866634718878719923e+01 1.485800304049760534e+01
6.854739212315715235e+01 1.508447245397566228e+01
6.842537430030610324e+01 1.530953807349373363e+01
6.830049052849234670e+01 1.553321910816701568e+01
6.817292656071155932e+01 1.575553439486523111e+01
6.804285754083578297e+01 1.597650241700756446e+01
6.791044847243308880e+01 1.619614132235549420e+01
6.777585469980013499e+01 1.641446893981973787e+01
6.763922239280091731e+01 1.663150279530631792e+01
6.750068902885764999e+01 1.684726012663328376e+01
6.736038386691693347e+01 1.706175789755411287e+01
6.721842840944762543e+01 1.727501281092691343e+01
6.707493684954869195e+01 1.748704132107027576e+01
6.693001650108338652e+01 1.769785964534747436e+01
6.678376821043859479e+01 1.790748377502071875e+01
6.663628674905764626e+01 1.811592948541667880e+01
6.648766118633315614e+01 1.832321234544343014e+01
6.633797524279150082e+01 1.852934772649777528e+01
6.618730762376850407e+01 1.873435081080026876e+01
6.603573233398002174e+01 1.893823659919362612e+01
6.588331897354316880e+01 1.914101991843846307e+01
6.573013301611375425e+01 1.934271542803842436e+01
6.557623606988082088e+01 1.954333762662499296e+01
6.542168612220746127e+01 1.974290085793046146e+01
6.526653776873334323e+01 1.994141931637576093e+01
6.511084242776379938e+01 2.013890705229819034e+01
6.495464854076651307e+01 2.033537797684239834e+01
6.479800175978272136e+01 2.053084586653647747e+01
6.464094512253873859e+01 2.072532436757350283e+01
6.448351921601640413e+01 2.091882699981746896e+01
6.432576232921059045e+01 2.111136716055126428e+01
6.416771059576866776e+01 2.130295812798309285e+01
6.400939812717224697e+01 2.149361306452656706e+01
6.385085713708620858e+01 2.168334501986867835e+01
6.369211805746509469e+01 2.187216693383876631e+01
6.353320964697197581e+01 2.206009163909072157e+01
6.337415909223114596e+01 2.224713186360978057e+01
6.321499210240337874e+01 2.243330023305442467e+01
6.305573299754087913e+01 2.261860927294320689e+01
6.289640479114925853e+01 2.280307141069555144e+01
6.273702926735512619e+01 2.298669897753500280e+01
6.257762705305115958e+01 2.316950421026275464e+01
6.241821768536487980e+01 2.335149925290874862e+01
6.225881967477347700e+01 2.353269615826711814e+01
6.209945056416466969e+01 2.371310688932229382e+01
6.194012698412241491e+01 2.389274332057163619e+01
6.178086470469672520e+01 2.407161723925002761e+01
6.162167868389850156e+01 2.424974034646156440e+01
6.146258311314318945e+01 2.442712425822304922e+01
6.130359145985116953e+01 2.460378050642371406e+01
6.114471650739792352e+01 2.477972053970532684e+01
6.098597039259340846e+01 2.495495572426650810e+01
6.082736464085716932e+01 2.512949734459488127e+01
6.066891019924386796e+01 2.530335660413041765e+01
6.051061746746301395e+01 2.547654462586315560e+01
6.035249632702635836e+01 2.564907245286822501e+01
6.019455616864699010e+01 2.582095104878099079e+01
6.003680591800544875e+01 2.599219129821490881e+01
5.987925405998993256e+01 2.616280400712454224e+01
5.972190866151027677e+01 2.633279990311607222e+01
5.956477739297826446e+01 2.650218963570746666e+01
5.940786754854043750e+01 2.667098377654039965e+01
5.925118606514358532e+01 2.683919281954582203e+01
5.909473954050746158e+01 2.700682718106507707e+01
5.893853425007417002e+01 2.717389719992828390e+01
5.878257616299889321e+01 2.734041313749166235e+01
5.862687095724218977e+01 2.750638517763540136e+01
5.847142403381997156e+01 2.767182342672355588e+01
5.831624053026345678e+01 2.783673791352743621e+01
5.816132533333789212e+01 2.800113858911387510e+01
5.800668309106553266e+01 2.816503532669969090e+01
5.785231822409531333e+01 2.832843792147363970e+01
5.769823493645883872e+01 2.849135609038705752e+01
5.754443722574968945e+01 2.865379947191442866e+01
5.739092889276056297e+01 2.881577762578497115e+01
5.723771355061061428e+01 2.897730003268641497e+01
5.708479463339308069e+01 2.913837609394200356e+01
5.693217540437147051e+01 2.929901513116180212e+01
5.677985896375069785e+01 2.945922638586933573e+01
5.662784825604786931e+01 2.961901901910457013e+01
5.647614607708585055e+01 2.977840211100418699e+01
5.632475508063124892e+01 2.993738466036017698e+01
5.617367778469710515e+01 3.009597558415764240e+01
5.602291657752935095e+01 3.025418371709279697e+01
5.587247372329478168e+01 3.041201781107204738e+01
5.572235136748729900e+01 3.056948653469308752e+01
5.557255154206814751e+01 3.072659847270892541e+01
5.542307617035476852e+01 3.088336212547569914e+01
5.527392707167217623e+01 3.103978590838520901e+01
5.512510596577980948e+01 3.119587815128303632e+01
5.497661447708604499e+01 3.135164709787312276e+01
5.482845413866182582e+01 3.150710090510969508e+01
5.468062639606422692e+01 3.166224764257740887e+01
5.453313261098004006e+01 3.181709529186057850e+01
5.438597406469897777e+01 3.197165174590237058e+01
5.423915196142540651e+01 3.212592480835483144e+01
5.409266743143711409e+01 3.227992219292060838e+01
5.394652153409906958e+01 3.243365152268724927e+01
5.380071526073963639e+01 3.258712032945494741e+01
5.365524953739638647e+01 3.274033605305859851e+01
5.351012522743809541e+01 3.289330604068505437e+01
5.336534313406927055e+01 3.304603754618644018e+01
5.322090400272314525e+01 3.319853772939040937e+01
5.307680852334869570e+01 3.335081365540823128e+01
5.293305733259700929e+01 3.350287229394158572e+01
5.278965101591199272e+01 3.365472051858892399e+01
5.264659010953012341e+01 3.380636510615229895e+01
5.250387510239372801e+01 3.395781273594556637e+01
5.236150643798198701e+01 3.410906998910478904e+01
5.221948451606363761e+01 3.426014334790180271e+01
5.207780969437520469e+01 3.441103919506174691e+01
5.193648229022826257e+01 3.456176381308553403e+01
5.179550258204916702e+01 3.471232338357805247e+01
5.165487081085439769e+01 3.486272398658307736e+01
5.151458718166460216e+01 3.501297159992570585e+01
5.137465186486016222e+01 3.516307209856321947e+01
5.123506499748103238e+01 3.531303125394528308e+01
5.109582668447345100e+01 3.546285473338429739e+01
5.095693699988590453e+01 3.561254809943684307e+01
5.081839598801674640e+01 3.576211680929704073e+01
5.068020366451562353e+01 3.591156621420270056e+01
5.054236001744081364e+01 3.606090155885515003e+01
5.040486500827445582e+01 3.621012798085353523e+01
5.026771857289758572e+01 3.635925051014450560e+01
5.013092062252673031e+01 3.650827406848807755e+01
4.999447104461377478e+01 3.665720346894052284e+01
4.985836970371075694e+01 3.680604341535509860e+01
4.972261644230107436e+01 3.695479850190143623e+01
4.958721108159858915e+01 3.710347321260440623e+01
4.945215342231605149e+01 3.725207192090317676e+01
4.931744324540411384e+01 3.740059888923135389e+01
4.918308031276226444e+01 3.754905826861886453e+01
4.904906436792278868e+01 3.769745409831640615e+01
4.891539513670900874e+01 3.784579030544314548e+01
4.878207232786879644e+01 3.799407070465841940e+01
4.864909563368447465e+01 3.814229899785813416e+01
4.851646473056005249e+01 3.829047877389652399e+01
4.838417927958673204e+01 3.843861350833397950e+01
4.825223892708762463e+01 3.858670656321157111e+01
4.812064330514250798e+01 3.873476118685287872e+01
4.798939203209344129e+01 3.888278051369378119e+01
4.785848471303204121e+01 3.903076756414074566e+01
4.772792094026914356e+01 3.917872524445821369e+01
4.759770029378756817e+01 3.932665634668563115e+01
4.746782234167867642e+01 3.947456354858459804e+01
4.733828664056338198e+01 3.962244941361670669e+01
4.720909273599816913e+01 3.977031639095244486e+01
4.708024016286684343e+01 3.991816681551169665e+01
4.695172844575840543e+01 4.006600290803622499e+01
4.682355709933178645e+01 4.021382677519449800e+01
4.669572562866778753e+01 4.036164040971926426e+01
4.656823352960883255e+01 4.050944569057822520e+01
4.644108028908696895e+01 4.065724438317805323e+01
4.631426538544057792e+01 4.080503813960209669e+01
4.618778828872022757e+01 4.095282849888199195e+01
4.606164846098406684e+01 4.110061688730339569e+01
4.593584535658320789e+01 4.124840461874607911e+01
4.581037842243744507e+01 4.139619289505846211e+01
4.568524709830164454e+01 4.154398280646677932e+01
4.556045081702323785e+01 4.169177533201899166e+01
4.543598900479108949e+01 4.183957134006340794e+01
4.531186108137607960e+01 4.198737158876220832e+01
4.518806646036370012e+01 4.213517672663972036e+01
4.506460454937901261e+01 4.228298729316553306e+01
4.494147475030416672e+01 4.243080371937232087e+01
4.481867645948882029e+01 4.257862632850833506e+01
4.469620906795370985e+01 4.272645533672441331e+01
4.457407196158759177e+01 4.287429085379533689e+01
4.445226452133782402e+01 4.302213288387542889e+01
4.433078612339480173e+01 4.316998132628806673e+01
4.420963613937051662e+01 4.331783597634895955e+01
4.408881393647136804e+01 4.346569652622282831e+01
4.396831887766550295e+01 4.361356256581327528e+01
4.384815032184485517e+01 4.376143358368540959e+01
4.372830762398207582e+01 4.390930896802094452e+01
4.360879013528253978e+01 4.405718800760527643e+01
4.348959720333157009e+01 4.420506989284621824e+01
4.337072817223712207e+01 4.435295371682384769e+01
4.325218238276801230e+01 4.450083847637105805e+01
4.313395917248789146e+01 4.464872307318425015e+01
4.301605787588508889e+01 4.479660631496363266e+01
4.289847782449848523e+01 4.494448691658261197e+01
4.278121834703954107e+01 4.509236350128563231e+01
4.266427876951064491e+01 4.524023460191387613e+01
4.254765841531985160e+01 4.538809866215818545e+01
4.243135660539216758e+01 4.553595403783855744e+01
4.231537265827753203e+01 4.568379899820950385e+01
4.219970589025553664e+01 4.583163172729059198e+01
4.208435561543705461e+01 4.597945032522144260e+01
4.196932114586286389e+01 4.612725280964042440e+01
4.185460179159935024e+01 4.627503711708629908e+01
4.174019686083138936e+01 4.642280110442204943e+01
4.162610565995257161e+01 4.657054255028002387e+01
4.151232749365271957e+01 4.671825915652769368e+01
4.139886166500295417e+01 4.686594854975309943e+01
4.128570747553823850e+01 4.701360828276919079e+01
4.117286422533759094e+01 4.716123583613619275e+01
4.106033121310198197e+01 4.730882861970112430e+01
4.094810773623004962e+01 4.745638397415362419e+01
4.083619309089161220e+01 4.760389917259713144e+01
4.072458657209914890e+01 4.775137142213458930e+01
4.061328747377725534e+01 4.789879786546775620e+01
4.050229508883015939e+01 4.804617558250914300e+01
4.039160870920736102e+01 4.819350159200578076e+01
4.028122762596743200e+01 4.834077285317377459e+01
4.017115112934006049e+01 4.848798626734280504e+01
4.006137850878641160e+01 4.863513867960961079e+01
3.995190905305778273e+01 4.878222688049952183e+01
3.984274205025272408e+01 4.892924760763514058e+01
3.973387678787254629e+01 4.907619754741119777e+01
3.962531255287537135e+01 4.922307333667469464e+01
3.951704863172868443e+01 4.936987156440937952e+01
3.940908431046052840e+01 4.951658877342367759e+01
3.930141887470927742e+01 4.966322146204107213e+01
3.919405160977211722e+01 4.980976608579211984e+01
3.908698180065223227e+01 4.995621905910714133e+01
3.898020873210473525e+01 5.010257675700868418e+01
3.887373168868140283e+01 5.024883551680290594e+01
3.876754995477423194e+01 5.039499163976894636e+01
3.866166281465787335e+01 5.054104139284544317e+01
3.855606955253092138e+01 5.068698101031332470e+01
3.845076945255618739e+01 5.083280669547404074e+01
3.834576179889987912e+01 5.097851462232235065e+01
3.824104587576981373e+01 5.112410093721290139e+01
3.813662096745262886e+01 5.126956176051972847e+01
3.803248635835005587e+01 5.141489318828789834e+01
3.792864133301424090e+01 5.156009129387653900e+01
3.782508517618219912e+01 5.170515212959244167e+01
3.772181717280939495e+01 5.185007172831348043e+01
3.761883660810245544e+01 5.199484610510117477e+01
3.751614276755105948e+01 5.213947125880160627e+01
3.741373493695905239e+01 5.228394317363400745e+01
3.731161240247475064e+01 5.242825782076636187e+01
3.720977445062051459e+01 5.257241115987730495e+01
3.710822036832157522e+01 5.271639914070370736e+01
3.700694944293413613e+01 5.286021770457331570e+01
3.690596096227277911e+01 5.300386278592182521e+01
3.680525421463722324e+01 5.314733031379378048e+01
3.670482848883837335e+01 5.329061621332677134e+01
3.660468307422375744e+01 5.343371640721834837e+01
3.650481726070233890e+01 5.357662681717512498e+01
3.640523033876870329e+01 5.371934336534356902e+01
3.630592159952666265e+01 5.386186197572197898e+01
3.620689033471229124e+01 5.400417857555321177e+01
3.610813583671637161e+01 5.414628909669766443e+01
3.600965739860630066e+01 5.428818947698610486e+01
3.591145431414749112e+01 5.442987566155198209e+01
3.581352587782419050e+01 5.457134360414276841e+01
3.571587138485986657e+01 5.471258926840999237e+01
3.561849013123702434e+01 5.485360862917765701e+01
3.552138141371658264e+01 5.499439767368866683e+01
3.542454452985677449e+01 5.513495240282899346e+01
3.532797877803157149e+01 5.527526883232928867e+01
3.523168345744867480e+01 5.541534299394368190e+01
3.513565786816705128e+01 5.555517093660554195e+01
3.503990131111405049e+01 5.569474872755993999e+01
3.494441308810210245e+01 5.583407245347266468e+01
3.484919250184502459e+01 5.597313822151557616e+01
3.475423885597388818e+01 5.611194216042814276e+01
3.465955145505252943e+01 5.625048042155501093e+01
3.456512960459266992e+01 5.638874917985953061e+01
3.447097261106866739e+01 5.652674463491305801e+01
3.437707978193189717e+01 5.666446301186000767e+01
3.428345042562478540e+01 5.680190056235856133e+01
3.419008385159447982e+01 5.693905356549699093e+01
3.409697937030620807e+01 5.707591832868555315e+01
3.400413629325626630e+01 5.721249118852393423e+01
3.391155393298473797e+01 5.734876851164429468e+01
3.381923160308782172e+01 5.748474669552984295e+01
3.372716861822991774e+01 5.762042216930904459e+01
3.363536429415536588e+01 5.775579139452549526e+01
3.354381794769989966e+01 5.789085086588349327e+01
3.345252889680182307e+01 5.802559711196941805e+01
3.336149646051286766e+01 5.816002669594901420e+01
3.327071995900881518e+01 5.829413621624063069e+01
3.318019871359980044e+01 5.842792230716461432e+01
3.308993204674037969e+01 5.856138163956892129e+01
3.299991928203934322e+01 5.869451092143113868e+01
3.291015974426922241e+01 5.882730689843702976e+01
3.282065275937560500e+01 5.895976635453580172e+01
3.273139765448616600e+01 5.909188611247226675e+01
3.264239375791946429e+01 5.922366303429608791e+01
3.255364039919351882e+01 5.935509402184830918e+01
3.246513690903413618e+01 5.948617601722536818e+01
3.237688261938301792e+01 5.961690600322084777e+01
3.228887686340564045e+01 5.974728100374512962e+01
3.220111897549892177e+01 5.987729808422326983e+01
3.211360829129868932e+01 6.000695435197128091e+01
3.202634414768690618e+01 6.013624695655108354e+01
3.193932588279871609e+01 6.026517309010443313e+01
3.185255283602927179e+01 6.039372998766602052e+01
3.176602434804038921e+01 6.052191492745608059e+01
3.167973976076698506e+01 6.064972523115275749e+01
3.159369841742333662e+01 6.077715826414453915e+01
3.150789966250914986e+01 6.090421143576298846e+01
3.142234284181544979e+01 6.103088219949619742e+01
3.133702730243028967e+01 6.115716805318309923e+01
3.125195239274428971e+01 6.128306653918910740e+01
3.116711746245599457e+01 6.140857524456326644e+01
3.108252186257706740e+01 6.153369180117729798e+01
3.099816494543731693e+01 6.165841388584683358e+01
3.091404606468956828e+01 6.178273922043517530e+01
3.083016457531436672e+01 6.190666557193988240e+01
3.074651983362452512e+01 6.203019075256251114e+01
3.066311119726952938e+01 6.215331261976184862e+01
3.057993802523977678e+01 6.227602907629098894e+01
3.049699967787067934e+01 6.239833807021850021e+01
3.041429551684662158e+01 6.252023759493413735e+01
3.033182490520476549e+01 6.264172568913930661e+01
3.024958720733872752e+01 6.276280043682270815e+01
3.016758178900212073e+01 6.288345996722144093e+01
3.008580801731195464e+01 6.300370245476790387e+01
3.000426526075190026e+01 6.312352611902286981e+01
2.992295288917544127e+01 6.324292922459499522e+01
2.984187027380888324e+01 6.336191008104714939e+01
2.976101678725424904e+01 6.348046704278986141e+01
2.968039180349204997e+01 6.359859850896226874e+01
2.959999469788392545e+01 6.371630292330078760e+01
2.951982484717519029e+01 6.383357877399597413e+01
2.943988162949723986e+01 6.395042459353774689e+01
2.936016442436985940e+01 6.406683895854943955e+01
2.928067261270341959e+01 6.418282048961089004e+01
2.920140557680095839e+01 6.429836785107094954e+01
2.912236270036015995e+01 6.441347975084966038e+01
2.904354336847522333e+01 6.452815494023053589e+01
2.896494696763864596e+01 6.464239221364312016e+01
2.888657288574288273e+01 6.475619040843621121e+01
2.880842051208191634e+01 6.486954840464201766e+01
2.873048923735273874e+01 6.498246512473156145e+01
2.865277845365672249e+01 6.509493953336165362e+01
2.857528755450091751e+01 6.520697063711368457e+01
2.849801593479922701e+01 6.531855748422452734e+01
2.842096299087353373e+01 6.542969916430989485e+01
2.834412812045469821e+01 6.554039480808037865e+01
2.826751072268349674e+01 6.565064358705048164e+01
2.819111019811146335e+01 6.576044471324085805e+01
2.811492594870165362e+01 6.586979743887415850e+01
2.803895737782932684e+01 6.597870105606457969e+01
2.796320389028254283e+01 6.608715489650157338e+01
2.788766489226268064e+01 6.619515833112777159e+01
2.781233979138489332e+01 6.630271076981156853e+01
2.773722799667847028e+01 6.640981166101450128e+01
2.766232891858712861e+01 6.651646049145368522e+01
2.758764196896924759e+01 6.662265678575957395e+01
2.751316656109801073e+01 6.672840010612931394e+01
2.743890210966149112e+01 6.683369005197583590e+01
2.736484803076266914e+01 6.693852625957302394e+01
2.729100374191937206e+01 6.704290840169706200e+01
2.721736866206416039e+01 6.714683618726431291e+01
2.714394221154414311e+01 6.725030936096584355e+01
2.707072381212072543e+01 6.735332770289890902e+01
2.699771288696930682e+01 6.745589102819545246e+01
2.692490886067891509e+01 6.755799918664799009e+01
2.685231115925176582e+01 6.765965206233299511e+01
2.677991921010278276e+01 6.776084957323197955e+01
2.670773244205905783e+01 6.786159167085048693e+01
2.663575028535924361e+01 6.796187833983516668e+01
2.656397217165289959e+01 6.806170959758911465e+01
2.649239753399978525e+01 6.816108549388569315e+01
2.642102580686910329e+01 6.826000611048092992e+01
2.634985642613867540e+01 6.835847156072475173e+01
2.627888882909409318e+01 6.845648198917116645e+01
2.620812245442778732e+01 6.855403757118754982e+01
2.613755674223808612e+01 6.865113851256325006e+01
2.606719113402819232e+01 6.874778504911758148e+01
2.599702507270513507e+01 6.884397744630747695e+01
2.592705800257866500e+01 6.893971599883477097e+01
2.585728936936011024e+01 6.903500103025345425e+01
2.578771862016118988e+01 6.912983289257685726e+01
2.571834520349277753e+01 6.922421196588507541e+01
2.564916856926362954e+01 6.931813865793255047e+01
2.558018816877907398e+01 6.941161340375616362e+01
2.551140345473964999e+01 6.950463666528379747e+01
2.544281388123971865e+01 6.959720893094355176e+01
2.537441890376602771e+01 6.968933071527374068e+01
2.530621797919624427e+01 6.978100255853372857e+01
2.523821056579744493e+01 6.987222502631577470e+01
2.517039612322457387e+01 6.996299870915797214e+01
2.510277411251886903e+01 7.005332422215833788e+01
2.503534399610624561e+01 7.014320220459023858e+01
2.496810523779565116e+01 7.023263331951918076e+01
2.490105730277738871e+01 7.032161825342102190e+01
2.483419965762140436e+01 7.041015771580184435e+01
2.476753177027554642e+01 7.049825243881940651e+01
2.470105311006378912e+01 7.058590317690635629e+01
2.463476314768443132e+01 7.067311070639523507e+01
2.456866135520826333e+01 7.075987582514535745e+01
2.450274720607670531e+01 7.084619935217172326e+01
2.443702017509992075e+01 7.093208212727586215e+01
2.437147973845489801e+01 7.101752501067882406e+01
2.430612537368350345e+01 7.110252888265638660e+01
2.424095655969051322e+01 7.118709464317636559e+01
2.417597277674162370e+01 7.127122321153832729e+01
2.411117350646142299e+01 7.135491552601557430e+01
2.404655823183135155e+01 7.143817254349956158e+01
2.398212643718762749e+01 7.152099523914675672e+01
2.391787760821916464e+01 7.160338460602798705e+01
2.385381123196544806e+01 7.168534165478033060e+01
2.378992679681440592e+01 7.176686741326162178e+01
2.372622379250024593e+01 7.184796292620755764e+01
2.366270171010127754e+01 7.192862925489153270e+01
2.359936004203771276e+01 7.200886747678710265e+01
2.353619828206944575e+01 7.208867868523329037e+01
2.347321592529381462e+01 7.216806398910257769e+01
2.341041246814334187e+01 7.224702451247179624e+01
2.334778740838346067e+01 7.232556139429580355e+01
2.328534024511021627e+01 7.240367578808407245e+01
2.322307047874795316e+01 7.248136886158013681e+01
2.316097761104699160e+01 7.255864179644400735e+01
2.309906114508127217e+01 7.263549578793748651e+01
2.303732058524600390e+01 7.271193204461246751e+01
2.297575543725527680e+01 7.278795178800223198e+01
2.291436520813967093e+01 7.286355625231576028e+01
2.285314940624384761e+01 7.293874668413496920e+01
2.279210754122413007e+01 7.301352434211511877e+01
2.273123912404605917e+01 7.308789049668814641e+01
2.267054366698194912e+01 7.316184642976915598e+01
2.261002068360841477e+01 7.323539343446586258e+01
2.254966968880390255e+01 7.330853281479123496e+01
2.248949019874619282e+01 7.338126588537909356e+01
2.242948173090990238e+01 7.345359397120292044e+01
2.236964380406396558e+01 7.352551840729765331e+01
2.230997593826911896e+01 7.359704053848464866e+01
2.225047765487534690e+01 7.366816171909971445e+01
2.219114847651934852e+01 7.373888331272421226e+01
2.213198792712197616e+01 7.380920669191932859e+01
2.207299553188565611e+01 7.387913323796338716e+01
2.201417081729182357e+01 7.394866434059227345e+01
2.195551331109832560e+01 7.401780139774291456e+01
2.189702254233683121e+01 7.408654581529992811e+01
2.183869804131022008e+01 7.415489900684526958e+01
2.178053933958996780e+01 7.422286239341103453e+01
2.172254597001352039e+01 7.429043740323521661e+01
2.166471746668166887e+01 7.435762547152063462e+01
2.160705336495590956e+01 7.442442804019690072e+01
2.154955320145579023e+01 7.449084655768533025e+01
2.149221651405625977e+01 7.455688247866700635e+01
2.143504284188501430e+01 7.462253726385378627e+01
2.137803172531982199e+01 7.468781237976237719e+01
2.132118270598585141e+01 7.475270929849135371e+01
2.126449532675298570e+01 7.481722949750115959e+01
2.120796913173314735e+01 7.488137445939715064e+01
2.115160366627760169e+01 7.494514567171549402e+01
2.109539847697425685e+01 7.500854462671210854e+01
2.103935311164496014e+01 7.507157282115444730e+01
2.098346711934280151e+01 7.513423175611622185e+01
2.092774005034938867e+01 7.519652293677505384e+01
2.087217145617213632e+01 7.525844787221292620e+01
2.081676088954154125e+01 7.532000807521957597e+01
2.076150790440846805e+01 7.538120506209867244e+01
2.070641205594140288e+01 7.544204035247683748e+01
2.065147290052373918e+01 7.550251546911546541e+01
2.059668999575102433e+01 7.556263193772532816e+01
2.054206290042822758e+01 7.562239128678398004e+01
2.048759117456700451e+01 7.568179504735581986e+01
2.043327437938294011e+01 7.574084475291499530e+01
2.037911207729280605e+01 7.579954193917093619e+01
2.032510383191180381e+01 7.585788814389655954e+01
2.027124920805082198e+01 7.591588490675921719e+01
2.021754777171367223e+01 7.597353376915422984e+01
2.016399909009433244e+01 7.603083627404105016e+01
2.011060273157419331e+01 7.608779396578201215e+01
2.005735826571928726e+01 7.614440838998369543e+01
2.000426526327753507e+01 7.620068109334084738e+01
1.995132329617598188e+01 7.625661362348279226e+01
1.989853193751801896e+01 7.631220752882239822e+01
1.984589076158063392e+01 7.636746435840748859e+01
1.979339934381163602e+01 7.642238566177479697e+01
1.974105726082688506e+01 7.647697298880626704e+01
1.968886409040752739e+01 7.653122788958786771e+01
1.963681941149722476e+01 7.658515191427075308e+01
1.958492280419939036e+01 7.663874661293480983e+01
1.953317384977440696e+01 7.669201353545453514e+01
1.948157213063686655e+01 7.674495423136730210e+01
1.943011723035280269e+01 7.679757024974389878e+01
1.937880873363691236e+01 7.684986313906131272e+01
1.932764622634978835e+01 7.690183444707784588e+01
1.927662929549516235e+01 7.695348572071040394e+01
1.922575752921711612e+01 7.700481850591407351e+01
1.917503051679733161e+01 7.705583434756378836e+01
1.912444784865231640e+01 7.710653478933824090e+01
1.907400911633063956e+01 7.715692137360593961e+01
1.902371391251016419e+01 7.720699564131332693e+01
1.897356183099528337e+01 7.725675913187502886e+01
1.892355246671415969e+01 7.730621338306620771e+01
1.887368541571596481e+01 7.735535993091691864e+01
1.882396027516811898e+01 7.740420030960849829e+01
1.877437664335352707e+01 7.745273605137199979e+01
1.872493411966783228e+01 7.750096868638854630e+01
1.867563230461664858e+01 7.754889974269173081e+01
1.862647079981281806e+01 7.759653074607183498e+01
1.857744920797365396e+01 7.764386321998208018e+01
1.852856713291818735e+01 7.769089868544668320e+01
1.847982417956443157e+01 7.773763866097081632e+01
1.843121995392662882e+01 7.778408466245240049e+01
1.838275406311250393e+01 7.783023820309576024e+01
1.833442611532052879e+01 7.787610079332701218e+01
1.828623571983718676e+01 7.792167394071125841e+01
1.823818248703423350e+01 7.796695914987159881e+01
1.819026602836595785e+01 7.801195792240977767e+01
1.814248595636646399e+01 7.805667175682857817e+01
1.809484188464692878e+01 7.810110214845596488e+01
1.804733342789289097e+01 7.814525058937081781e+01
1.799996020186151924e+01 7.818911856833034335e+01
1.795272182337889788e+01 7.823270757069913373e+01
1.790561791033730543e+01 7.827601907837977535e+01
1.785864808169250395e+01 7.831905456974511992e+01
1.781181195746103185e+01 7.836181551957206182e+01
1.776510915871749319e+01 7.840430339897685030e+01
1.771853930759185403e+01 7.844651967535196491e+01
1.767210202726674240e+01 7.848846581230448294e+01
1.762579694197475177e+01 7.853014326959589653e+01
1.757962367699575168e+01 7.857155350308342179e+01
1.753358185865418406e+01 7.861269796466274329e+01
1.748767111431639165e+01 7.865357810221216539e+01
1.744189107238792857e+01 7.869419535953818468e+01
1.739624136231087803e+01 7.873455117632244082e+01
1.735072161456118423e+01 7.877464698806998911e+01
1.730533146064597005e+01 7.881448422605899395e+01
1.726007053310087613e+01 7.885406431729168730e+01
1.721493846548739981e+01 7.889338868444662012e+01
1.716993489239022352e+01 7.893245874583227817e+01
1.712505944941456804e+01 7.897127591534189150e+01
1.708031177318353500e+01 7.900984160240950871e+01
1.703569150133545662e+01 7.904815721196732170e+01
1.699119827252125958e+01 7.908622414440421267e+01
1.694683172640181823e+01 7.912404379552542366e+01
1.690259150364531848e+01 7.916161755651353360e+01
1.685847724592462527e+01 7.919894681389045843e+01
1.681448859591466061e+01 7.923603294948067344e+01
1.677062519728976753e+01 7.927287734037555822e+01
1.672688669472110945e+01 7.930948135889882167e+01
1.668327273387403764e+01 7.934584637257304962e+01
1.663978296140549062e+01 7.938197374408726148e+01
1.659641702496138294e+01 7.941786483126564633e+01
1.655317457317401164e+01 7.945352098703720856e+01
1.651005525565944509e+01 7.948894355940652190e+01
1.646705872301494722e+01 7.952413389142549249e+01
1.642418462681637337e+01 7.955909332116604560e+01
1.638143261961560171e+01 7.959382318169387815e+01
1.633880235493793620e+01 7.962832480104312083e+01
1.629629348727955218e+01 7.966259950219198060e+01
1.625390567210491355e+01 7.969664860303926446e+01
1.621163856584421126e+01 7.973047341638189778e+01
1.616949182589080181e+01 7.976407524989323861e+01
1.612746511059865639e+01 7.979745540610241505e+01
1.608555807927980297e+01 7.983061518237440168e+01
1.604377039220178602e+01 7.986355587089106223e+01
1.600210171058511932e+01 7.989627875863294548e+01
1.596055169660075990e+01 7.992878512736200491e+01
1.591912001336756433e+01 7.996107625360505722e+01
1.587780632494976985e+01 7.999315340863807933e+01
1.583661029635447015e+01 8.002501785847128701e+01
1.579553159352909830e+01 8.005667086383502351e+01
1.575456988335891317e+01 8.008811368016633025e+01
1.571372483366449835e+01 8.011934755759637028e+01
1.567299611319925212e+01 8.015037374093849110e+01
1.563238339164689528e+01 8.018119346967709760e+01
1.559188633961898063e+01 8.021180797795717865e+01
1.555150462865240080e+01 8.024221849457453004e+01
1.551123793120691019e+01 8.027242624296673057e+01
1.547108592066264521e+01 8.030243244120472923e+01
1.543104827131765511e+01 8.033223830198508608e+01
1.539112465838543287e+01 8.036184503262293788e+01
1.535131475799245493e+01 8.039125383504553213e+01
1.531161824717572628e+01 8.042046590578642906e+01
1.527203480388032375e+01 8.044948243598028625e+01
1.523256410695695706e+01 8.047830461135831115e+01
1.519320583615951747e+01 8.050693361224421096e+01
1.515395967214265305e+01 8.053537061355081050e+01
1.511482529645933148e+01 8.056361678477722421e+01
1.507580239155841362e+01 8.059167329000655400e+01
1.503689064078223581e+01 8.061954128790416974e+01
1.499808972836419230e+01 8.064722193171654396e+01
1.495939933942633004e+01 8.067471636927056977e+01
1.492081915997693642e+01 8.070202574297343290e+01
1.488234887690814645e+01 8.072915118981302385e+01
1.484398817799354298e+01 8.075609384135876212e+01
1.480573675188577276e+01 8.078285482376298887e+01
1.476759428811415731e+01 8.080943525776284275e+01
1.472956047708231786e+01 8.083583625868253364e+01
1.469163501006580219e+01 8.086205893643617060e+01
1.465381757920971317e+01 8.088810439553097353e+01
1.461610787752634977e+01 8.091397373507096802e+01
1.457850559889284803e+01 8.093966804876110643e+01
1.454101043804882742e+01 8.096518842491182966e+01
1.450362209059404783e+01 8.099053594644398402e+01
1.446634025298606119e+01 8.101571169089424984e+01
1.442916462253788445e+01 8.104071673042086843e+01
1.439209489741565839e+01 8.106555213180983799e+01
1.435513077663633119e+01 8.109021895648147904e+01
1.431827196006533143e+01 8.111471826049732670e+01
1.428151814841425704e+01 8.113905109456744924e+01
1.424486904323856251e+01 8.116321850405809357e+01
1.420832434693525670e+01 8.118722152899972855e+01
1.417188376274060246e+01 8.121106120409534412e+01
1.413554699472782694e+01 8.123473855872920524e+01
1.409931374780482471e+01 8.125825461697584728e+01
1.406318372771188230e+01 8.128161039760939843e+01
1.402715664101939907e+01 8.130480691411329985e+01
1.399123219512561178e+01 8.132784517469022489e+01
1.395541009825432965e+01 8.135072618227238195e+01
1.391969005945267135e+01 8.137345093453208733e+01
1.388407178858881252e+01 8.139602042389257974e+01
1.384855499634972809e+01 8.141843563753921842e+01
1.381313939423895398e+01 8.144069755743083761e+01
1.377782469457434011e+01 8.146280716031147051e+01
1.374261061048581922e+01 8.148476541772225801e+01
1.370749685591317579e+01 8.150657329601368417e+01
1.367248314560382383e+01 8.152823175635799657e+01
1.363756919511058463e+01 8.154974175476191078e+01
1.360275472078947345e+01 8.157110424207952803e+01
1.356803943979749327e+01 8.159232016402550869e+01
1.353342307009043033e+01 8.161339046118843044e+01
1.349890533042065677e+01 8.163431606904444493e+01
1.346448594033494039e+01 8.165509791797104810e+01
1.343016462017225088e+01 8.167573693326112050e+01
1.339594109106158548e+01 8.169623403513718074e+01
1.336181507491978770e+01 8.171659013876580957e+01
1.332778629444938012e+01 8.173680615427224438e+01
1.329385447313639546e+01 8.175688298675521537e+01
1.326001933524821652e+01 8.177682153630193795e+01
1.322628060583142329e+01 8.179662269800327579e+01
1.319263801070963815e+01 8.181628736196907425e+01
1.315909127648138721e+01 8.183581641334369294e+01
1.312564013051795619e+01 8.185521073232165179e+01
1.309228430096125884e+01 8.187447119416347618e+01
1.305902351672170703e+01 8.189359866921166997e+01
1.302585750747608984e+01 8.191259402290685898e+01
1.299278600366545078e+01 8.193145811580406246e+01
1.295980873649297926e+01 8.195019180358909239e+01
1.292692543792189852e+01 8.196879593709513756e+01
1.289413584067336949e+01 8.198727136231940449e+01
1.286143967822438761e+01 8.200561892043995726e+01
1.282883668480569206e+01 8.202383944783264269e+01
1.279632659539968209e+01 8.204193377608812909e+01
1.276390914573833157e+01 8.205990273202908725e+01
1.273158407230111777e+01 8.207774713772744235e+01
1.269935111231294478e+01 8.209546781052179654e+01
1.266721000374208295e+01 8.211306556303486559e+01
1.263516048529810298e+01 8.213054120319108620e+01
1.260320229642982426e+01 8.214789553423432267e+01
1.257133517732326489e+01 8.216512935474558788e+01
1.253955886889959537e+01 8.218224345866093472e+01
1.250787311281309933e+01 8.219923863528941865e+01
1.247627765144913781e+01 8.221611566933107440e+01
1.244477222792212068e+01 8.223287534089507744e+01
1.241335658607348336e+01 8.224951842551787706e+01
1.238203047046966709e+01 8.226604569418149993e+01
1.235079362640010636e+01 8.228245791333181103e+01
1.231964579987521446e+01 8.229875584489694518e+01
1.228858673762438869e+01 8.231494024630573847e+01
1.225761618709400302e+01 8.233101187050624503e+01
1.222673389644542219e+01 8.234697146598429640e+01
1.219593961455301034e+01 8.236281977678210353e+01
1.216523309100214512e+01 8.237855754251694407e+01
1.213461407608724407e+01 8.239418549839986383e+01
1.210408232080978941e+01 8.240970437525446357e+01
1.207363757687636330e+01 8.242511489953568571e+01
1.204327959669667791e+01 8.244041779334862952e+01
1.201300813338162499e+01 8.245561377446747997e+01
1.198282294074132004e+01 8.247070355635439398e+01
1.195272377328315727e+01 8.248568784817842925e+01
1.192271038620986268e+01 8.250056735483455839e+01
1.189278253541755959e+01 8.251534277696264041e+01
1.186293997749383422e+01 8.253001481096646330e+01
1.183318246971581367e+01 8.254458414903277230e+01
1.180350977004823676e+01 8.255905147915036935e+01
1.177392163714153916e+01 8.257341748512918400e+01
1.174441783032994202e+01 8.258768284661937287e+01
1.171499810962954413e+01 8.260184823913041896e+01
1.168566223573641949e+01 8.261591433405030216e+01
1.165640997002472012e+01 8.262988179866458438e+01
1.162724107454477895e+01 8.264375129617559423e+01
1.159815531202123218e+01 8.265752348572154062e+01
1.156915244585112745e+01 8.267119902239569740e+01
1.154023224010204984e+01 8.268477855726553116e+01
1.151139445951025131e+01 8.269826273739185751e+01
1.148263886947877666e+01 8.271165220584799727e+01
1.145396523607560901e+01 8.272494760173893269e+01
1.142537332603180467e+01 8.273814956022040690e+01
1.139686290673964564e+01 8.275125871251810850e+01
1.136843374625078518e+01 8.276427568594674256e+01
1.134008561327440923e+01 8.277720110392918684e+01
1.131181827717539790e+01 8.279003558601554857e+01
1.128363150797249048e+01 8.280277974790229223e+01
1.125552507633645760e+01 8.281543420145126788e+01
1.122749875358827509e+01 8.282799955470876796e+01
1.119955231169730681e+01 8.284047641192459821e+01
1.117168552327949094e+01 8.285286537357104919e+01
1.114389816159552993e+01 8.286516703636189618e+01
1.111619000054908390e+01 8.287738199327137067e+01
1.108856081468497656e+01 8.288951083355310345e+01
1.106101037918739216e+01 8.290155414275902501e+01
1.103353846987809028e+01 8.291351250275828022e+01
1.100614486321462238e+01 8.292538649175607191e+01
1.097882933628854474e+01 8.293717668431249024e+01
1.095159166682364571e+01 8.294888365136134212e+01
1.092443163317417643e+01 8.296050796022886686e+01
1.089734901432308156e+01 8.297205017465250876e+01
1.087034358988023897e+01 8.298351085479961853e+01
1.084341514008069929e+01 8.299489055728611220e+01
1.081656344578293805e+01 8.300618983519507310e+01
1.078978828846710591e+01 8.301740923809538231e+01
1.076308945023328612e+01 8.302854931206024958e+01
1.073646671379975537e+01 8.303961059968573011e+01
1.070991986250124839e+01 8.305059364010919865e+01
1.068344868028723482e+01 8.306149896902776675e+01
1.065705295172018552e+01 8.307232711871668585e+01
1.063073246197386368e+01 8.308307861804767924e+01
1.060448699683159823e+01 8.309375399250724570e+01
1.057831634268458387e+01 8.310435376421490616e+01
1.055222028653016864e+01 8.311487845194143631e+01
1.052619861597015216e+01 8.312532857112698537e+01
1.050025111920909282e+01 8.313570463389923759e+01
1.047437758505261129e+01 8.314600714909141743e+01
1.044857780290570837e+01 8.315623662226037993e+01
1.042285156277107561e+01 8.316639355570450221e+01
1.039719865524742026e+01 8.317647844848163174e+01
1.037161887152779016e+01 8.318649179642696367e+01
1.034611200339790571e+01 8.319643409217080432e+01
1.032067784323449189e+01 8.320630582515639162e+01
1.029531618400362092e+01 8.321610748165754501e+01
1.027002681925905314e+01 8.322583954479634372e+01
1.024480954314058856e+01 8.323550249456069139e+01
1.021966415037241660e+01 8.324509680782190912e+01
1.019459043626147654e+01 8.325462295835217219e+01
1.016958819669581793e+01 8.326408141684193254e+01
1.014465722814296456e+01 8.327347265091734130e+01
1.011979732764828732e+01 8.328279712515751498e+01
1.009500829283338241e+01 8.329205530111180167e+01
1.007028992189444416e+01 8.330124763731697612e+01
1.004564201360065567e+01 8.331037458931437811e+01
1.002106436729257055e+01 8.331943660966700804e+01
9.996556782880510639e+00 8.332843414797650894e+01
9.972119060842960181e+00 8.333736765090013421e+01
9.947751002224970662e+00 8.334623756216767276e+01
9.923452408636560307e+00 8.335504432259826046e+01
9.899223082251133121e+00 8.336378837011713472e+01
9.875062825803883726e+00 8.337247013977238908e+01
9.850971442590221727e+00 8.338109006375158572e+01
9.826948736464194312e+00 8.338964857139836795e+01
9.802994511836914171e+00 8.339814608922897321e+01
9.779108573674987426e+00 8.340658304094867503e+01
9.755290727498952208e+00 8.341495984746821080e+01
9.731540779381719020e+00 8.342327692692009578e+01
9.707858535947014644e+00 8.343153469467488037e+01
9.684243804367829611e+00 8.343973356335740732e+01
9.660696392364876317e+00 8.344787394286288418e+01
9.637216108205036491e+00 8.345595624037298421e+01
9.613802760699833527e+00 8.346398086037187625e+01
9.590456159203888831e+00 8.347194820466214082e+01
9.567176113613395927e+00 8.347985867238064372e+01
9.543962434364596348e+00 8.348771266001438107e+01
9.520814932432253741e+00 8.349551056141619654e+01
9.497733419328138638e+00 8.350325276782045592e+01
9.474717707099513220e+00 8.351093966785869327e+01
9.451767608327623194e+00 8.351857164757512919e+01
9.428882936126191439e+00 8.352614909044214642e+01
9.406063504139916986e+00 8.353367237737573703e+01
9.383309126542981105e+00 8.354114188675082175e+01
9.360619618037549827e+00 8.354855799441652664e+01
9.337994793852287145e+00 8.355592107371140287e+01
9.315434469740869972e+00 8.356323149547857554e+01
9.292938461980510212e+00 8.357048962808080717e+01
9.270506587370473284e+00 8.357769583741553276e+01
9.248138663230607293e+00 8.358485048692975283e+01
9.225834507399877538e+00 8.359195393763495474e+01
9.203593938234901017e+00 8.359900654812192045e+01
9.181416774608480935e+00 8.360600867457540630e+01
9.159302835908155416e+00 8.361296067078889394e+01
9.137251942034746222e+00 8.361986288817911372e+01
9.115263913400905693e+00 8.362671567580065357e+01
9.093338570929676123e+00 8.363351938036036870e+01
9.071475736053047356e+00 8.364027434623180568e+01
9.049675230710519713e+00 8.364698091546952696e+01
9.027936877347674027e+00 8.365363942782339279e+01
9.006260498914741675e+00 8.366025022075271522e+01
8.984645918865179937e+00 8.366681362944042633e+01
8.963092961154252691e+00 8.367332998680710432e+01
8.941601450237609328e+00 8.367979962352498546e+01
8.920171211069877870e+00 8.368622286803189070e+01
8.898802069103251000e+00 8.369260004654505281e+01
8.877493850286084509e+00 8.369893148307494357e+01
8.856246381061493977e+00 8.370521749943895884e+01
8.835059488365958558e+00 8.371145841527507514e+01
8.813932999627926534e+00 8.371765454805544948e+01
8.792866742766426214e+00 8.372380621309991966e+01
8.771860546189682140e+00 8.372991372358947615e+01
8.750914238793729538e+00 8.373597739057962031e+01
8.730027649961037639e+00 8.374199752301366573e+01
8.709200609559138329e+00 8.374797442773603962e+01
8.688432947939251250e+00 8.375390840950539939e+01
8.667724495934917783e+00 8.375979977100777774e+01
8.647075084860640359e+00 8.376564881286964237e+01
8.626484546510523543e+00 8.377145583367082793e+01
8.605952713156915124e+00 8.377722112995748205e+01
8.585479417549057857e+00 8.378294499625491198e+01
8.565064492911739435e+00 8.378862772508033174e+01
8.544707772943951340e+00 8.379426960695562343e+01
8.524409091817544137e+00 8.379987093041991386e+01
8.504168284175893433e+00 8.380543198204222222e+01
8.483985185132567608e+00 8.381095304643393717e+01
8.463859630269997325e+00 8.381643440626126562e+01
8.443791455638148591e+00 8.382187634225761030e+01
8.423780497753204699e+00 8.382727913323590485e+01
8.403826593596241068e+00 8.383264305610083511e+01
8.383929580611919619e+00 8.383796838586106048e+01
8.364089296707170718e+00 8.384325539564129315e+01
8.344305580249887555e+00 8.384850435669437729e+01
8.324578270067625851e+00 8.385371553841326886e+01
8.304907205446300011e+00 8.385888920834297267e+01
8.285292226128886384e+00 8.386402563219236583e+01
8.265733172314133625e+00 8.386912507384604964e+01
8.246229884655271292e+00 8.387418779537603086e+01
8.226782204258725528e+00 8.387921405705341726e+01
8.207389972682832990e+00 8.388420411735999949e+01
8.188053031936568971e+00 8.388915823299980445e+01
8.168771224478264870e+00 8.389407665891057775e+01
8.149544393214343430e+00 8.389895964827518071e+01
8.130372381498046863e+00 8.390380745253293071e+01
8.111255033128175640e+00 8.390862032139092719e+01
8.092192192347821944e+00 8.391339850283522139e+01
8.073183703843119119e+00 8.391814224314202875e+01
8.054229412741984007e+00 8.392285178688879910e+01
8.035329164612866393e+00 8.392752737696523013e+01
8.016482805463503780e+00 8.393216925458430921e+01
7.997690181739676163e+00 8.393677765929315626e+01
7.978951140323969682e+00 8.394135282898390926e+01
7.960265528534534951e+00 8.394589499990451031e+01
7.941633194123858708e+00 8.395040440666943482e+01
7.923053985277531908e+00 8.395488128227034963e+01
7.904527750613023152e+00 8.395932585808671433e+01
7.886054339178457440e+00 8.396373836389635414e+01
7.867633600451395814e+00 8.396811902788590487e+01
7.849265384337619444e+00 8.397246807666128632e+01
7.830949541169918149e+00 8.397678573525801937e+01
7.812685921706879810e+00 8.398107222715157150e+01
7.794474377131686005e+00 8.398532777426757434e+01
7.776314759050907632e+00 8.398955259699204134e+01
7.758206919493307652e+00 8.399374691418144323e+01
7.740150710908644704e+00 8.399791094317284035e+01
7.722145986166481180e+00 8.400204489979384448e+01
7.704192598554993054e+00 8.400614899837259486e+01
7.686290401779785952e+00 8.401022345174764894e+01
7.668439249962710313e+00 8.401426847127780206e+01
7.650638997640683669e+00 8.401828426685190720e+01
7.632889499764516472e+00 8.402227104689855253e+01
7.615190611697735257e+00 8.402622901839573899e+01
7.597542189215418240e+00 8.403015838688048689e+01
7.579944088503026478e+00 8.403405935645838554e+01
7.562396166155241239e+00 8.403793212981310035e+01
7.544898279174805822e+00 8.404177690821579461e+01
7.527450284971367367e+00 8.404559389153452287e+01
7.510052041360325781e+00 8.404938327824352484e+01
7.492703406561682655e+00 8.405314526543254772e+01
7.475404239198896406e+00 8.405688004881599795e+01
7.458154398297736520e+00 8.406058782274216412e+01
7.440953743285144917e+00 8.406426878020226923e+01
7.423802133988099961e+00 8.406792311283956565e+01
7.406699430632479597e+00 8.407155101095827376e+01
7.389645493841933366e+00 8.407515266353259165e+01
7.372640184636754412e+00 8.407872825821551999e+01
7.355683364432754168e+00 8.408227798134772968e+01
7.338774895040143242e+00 8.408580201796634412e+01
7.321914638662411434e+00 8.408930055181365049e+01
7.305102457895213064e+00 8.409277376534579673e+01
7.288338215725256752e+00 8.409622183974136078e+01
7.271621775529195197e+00 8.409964495490997649e+01
7.254953001072521168e+00 8.410304328950084596e+01
7.238331756508462611e+00 8.410641702091115235e+01
7.221757906376886638e+00 8.410976632529452957e+01
7.205231315603199960e+00 8.411309137756940402e+01
7.188751849497258206e+00 8.411639235142729376e+01
7.172319373752274352e+00 8.411966941934107922e+01
7.155933754443733363e+00 8.412292275257320284e+01
7.139594858028305069e+00 8.412615252118385456e+01
7.123302551342766797e+00 8.412935889403902934e+01
7.107056701602922466e+00 8.413254203881862736e+01
7.090857176402529660e+00 8.413570212202444054e+01
7.074703843712226714e+00 8.413883930898812480e+01
7.058596571878464232e+00 8.414195376387910130e+01
7.042535229622439275e+00 8.414504564971241507e+01
7.026519686039032209e+00 8.414811512835655094e+01
7.010549810595746223e+00 8.415116236054117849e+01
6.994625473131651283e+00 8.415418750586488272e+01
6.978746543856329865e+00 8.415719072280283797e+01
6.962912893348826238e+00 8.416017216871441065e+01
6.947124392556597527e+00 8.416313199985071947e+01
6.931380912794470106e+00 8.416607037136218139e+01
6.915682325743594205e+00 8.416898743730598653e+01
6.900028503450409190e+00 8.417188335065350202e+01
6.884419318325603498e+00 8.417475826329767585e+01
6.868854643143083472e+00 8.417761232606036970e+01
6.853334351038940397e+00 8.418044568869963484e+01
6.837858315510426443e+00 8.418325849991698817e+01
6.822426410414926146e+00 8.418605090736456020e+01
6.807038509968936779e+00 8.418882305765228580e+01
6.791694488747048730e+00 8.419157509635500958e+01
6.776394221680930308e+00 8.419430716801952030e+01
6.761137584058311667e+00 8.419701941617161367e+01
6.745924451521977616e+00 8.419971198332299878e+01
6.730754700068759533e+00 8.420238501097828987e+01
6.715628206048527282e+00 8.420503863964187019e+01
6.700544846163191792e+00 8.420767300882471318e+01
6.685504497465703189e+00 8.421028825705118948e+01
6.670507037359054259e+00 8.421288452186584550e+01
6.655552343595289244e+00 8.421546193984006834e+01
6.640640294274511746e+00 8.421802064657879328e+01
6.625770767843896181e+00 8.422056077672709762e+01
6.610943643096702793e+00 8.422308246397680875e+01
6.596158799171296216e+00 8.422558584107304114e+01
6.581416115550165813e+00 8.422807103982066224e+01
6.566715472058947789e+00 8.423053819109078688e+01
6.552056748865450864e+00 8.423298742482717216e+01
6.537439826478688154e+00 8.423541887005261231e+01
6.522864585747902844e+00 8.423783265487521987e+01
6.508330907861608061e+00 8.424022890649477802e+01
6.493838674346620543e+00 8.424260775120895062e+01
6.479387767067099624e+00 8.424496931441952086e+01
6.464978068223592444e+00 8.424731372063853030e+01
6.450609460352074720e+00 8.424964109349444641e+01
6.436281826323002164e+00 8.425195155573820216e+01
6.421995049340359252e+00 8.425424522924930670e+01
6.407749012940711530e+00 8.425652223504179972e+01
6.393543600992262377e+00 8.425878269327027681e+01
6.379378697693910638e+00 8.426102672323577281e+01
6.365254187574311828e+00 8.426325444339170190e+01
6.351169955490941099e+00 8.426546597134968408e+01
6.337125886629161542e+00 8.426766142388537162e+01
6.323121866501289823e+00 8.426984091694424706e+01
6.309157780945669813e+00 8.427200456564732178e+01
6.295233516125746220e+00 8.427415248429687722e+01
6.281348958529141768e+00 8.427628478638214915e+01
6.267503994966736158e+00 8.427840158458491260e+01
6.253698512571747692e+00 8.428050299078508090e+01
6.239932398798817559e+00 8.428258911606631898e+01
6.226205541423097678e+00 8.428466007072148614e+01
6.212517828539339426e+00 8.428671596425817825e+01
6.198869148560986808e+00 8.428875690540415633e+01
6.185259390219270514e+00 8.429078300211273245e+01
6.171688442562306420e+00 8.429279436156821248e+01
6.158156194954193197e+00 8.429479109019115413e+01
6.144662537074117026e+00 8.429677329364375282e+01
6.131207358915454542e+00 8.429874107683504292e+01
6.117790550784882875e+00 8.430069454392619832e+01
6.104412003301487921e+00 8.430263379833566262e+01
6.091071607395875276e+00 8.430455894274439288e+01
6.077769254309289160e+00 8.430647007910094715e+01
6.064504835592726018e+00 8.430836730862657191e+01
6.051278243106056998e+00 8.431025073182030383e+01
6.038089369017148655e+00 8.431212044846398612e+01
6.024938105800990762e+00 8.431397655762725662e+01
6.011824346238820560e+00 8.431581915767252156e+01
5.998747983417253238e+00 8.431764834625988669e+01
5.985708910727415955e+00 8.431946422035206012e+01
5.972707021864080978e+00 8.432126687621922656e+01
5.959742210824804154e+00 8.432305640944385061e+01
5.946814371909062480e+00 8.432483291492550848e+01
5.933923399717398794e+00 8.432659648688564857e+01
5.921069189150564682e+00 8.432834721887232377e+01
5.908251635408667823e+00 8.433008520376489514e+01
5.895470633990321119e+00 8.433181053377873582e+01
5.882726080691794479e+00 8.433352330046983525e+01
5.870017871606169280e+00 8.433522359473943197e+01
5.857345903122493702e+00 8.433691150683860371e+01
5.844710071924943406e+00 8.433858712637278643e+01
5.832110274991982202e+00 8.434025054230633600e+01
5.819546409595524494e+00 8.434190184296699044e+01
5.807018373300102176e+00 8.434354111605033211e+01
5.794526063962033291e+00 8.434516844862423568e+01
5.782069379728592473e+00 8.434678392713324513e+01
5.769648219037184056e+00 8.434838763740295065e+01
5.757262480614516065e+00 8.434997966464435137e+01
5.744912063475781316e+00 8.435156009345813288e+01
5.732596866923833190e+00 8.435312900783897305e+01
5.720316790548372055e+00 8.435468649117979112e+01
5.708071734225126370e+00 8.435623262627598251e+01
5.695861598115041780e+00 8.435776749532958263e+01
5.683686282663469314e+00 8.435929117995348747e+01
5.671545688599358925e+00 8.436080376117553214e+01
5.659439716934450360e+00 8.436230531944266886e+01
5.647368268962471127e+00 8.436379593462498860e+01
5.635331246258334481e+00 8.436527568601982807e+01
5.623328550677340054e+00 8.436674465235577713e+01
5.611360084354378053e+00 8.436820291179667208e+01
5.599425749703130784e+00 8.436965054194560309e+01
5.587525449415284839e+00 8.437108761984880800e+01
5.575659086459736180e+00 8.437251422199965134e+01
5.563826564081805870e+00 8.437393042434248969e+01
5.552027785802451376e+00 8.437533630227653703e+01
5.540262655417484972e+00 8.437673193065971589e+01
5.528531076996791249e+00 8.437811738381248006e+01
5.516832954883546414e+00 8.437949273552158047e+01
5.505168193693444678e+00 8.438085805904384529e+01
5.493536698313921107e+00 8.438221342710993156e+01
5.481938373903378903e+00 8.438355891192802005e+01
5.470373125890419352e+00 8.438489458518749586e+01
5.458840859973074444e+00 8.438622051806262903e+01
5.447341482118039480e+00 8.438753678121619828e+01
5.435874898559909241e+00 8.438884344480311483e+01
5.424441015800416821e+00 8.439014057847400352e+01
5.413039740607673345e+00 8.439142825137876969e+01
5.401670980015412127e+00 8.439270653217013773e+01
5.390334641322230169e+00 8.439397548900714696e+01
5.379030632090838537e+00 8.439523518955869008e+01
5.367758860147309186e+00 8.439648570100693803e+01
5.356519233580325334e+00 8.439772709005079321e+01
5.345311660740437176e+00 8.439895942290931430e+01
5.334136050239314919e+00 8.440018276532509844e+01
5.322992310949007155e+00 8.440139718256767765e+01
5.311880352001200123e+00 8.440260273943684410e+01
5.300800082786479628e+00 8.440379950026601819e+01
5.289751412953594745e+00 8.440498752892548850e+01
5.278734252408722405e+00 8.440616688882573726e+01
5.267748511314735538e+00 8.440733764292069452e+01
5.256794100090475652e+00 8.440849985371096409e+01
5.245870929410021866e+00 8.440965358324706358e+01
5.234978910201964375e+00 8.441079889313256501e+01
5.224117953648684143e+00 8.441193584452730647e+01
5.213287971185627256e+00 8.441306449815053270e+01
5.202488874500588167e+00 8.441418491428400728e+01
5.191720575532988491e+00 8.441529715277515322e+01
5.180982986473165575e+00 8.441640127304007990e+01
5.170276019761654851e+00 8.441749733406668099e+01
5.159599588088480182e+00 8.441858539441768983e+01
5.148953604392444205e+00 8.441966551223366366e+01
5.138337981860420456e+00 8.442073774523601060e+01
5.127752633926645487e+00 8.442180215072993121e+01
5.117197474272019875e+00 8.442285878560744550e+01
5.106672416823402116e+00 8.442390770635023500e+01
5.096177375752910521e+00 8.442494896903265555e+01
5.085712265477226879e+00 8.442598262932456521e+01
5.075277000656898352e+00 8.442700874249423748e+01
5.064871496195645584e+00 8.442802736341120351e+01
5.054495667239669920e+00 8.442903854654908002e+01
5.044149429176964183e+00 8.443004234598841151e+01
5.033832697636624331e+00 8.443103881541945555e+01
5.023545388488162899e+00 8.443202800814496811e+01
5.013287417840825988e+00 8.443300997708294631e+01
5.003058702042912032e+00 8.443398477476937103e+01
4.992859157681089677e+00 8.443495245336094968e+01
4.982688701579720103e+00 8.443591306463778778e+01
4.972547250800182894e+00 8.443686666000610330e+01
4.962434722640197471e+00 8.443781329050088402e+01
4.952351034633155180e+00 8.443875300678850238e+01
4.942296104547446056e+00 8.443968585916938707e+01
4.932269850385790910e+00 8.444061189758059527e+01
4.922272190384574309e+00 8.444153117159844157e+01
4.912303043013180215e+00 8.444244373044102758e+01
4.902362326973328521e+00 8.444334962297084246e+01
4.892449961198414243e+00 8.444424889769726406e+01
4.882565864852847604e+00 8.444514160277910264e+01
4.872709957331397668e+00 8.444602778602710202e+01
4.862882158258536869e+00 8.444690749490639803e+01
4.853082387487787308e+00 8.444778077653901960e+01
4.843310565101067056e+00 8.444864767770630465e+01
4.833566611408043556e+00 8.444950824485137275e+01
4.823850446945482595e+00 8.445036252408152677e+01
4.814161992476603480e+00 8.445121056117062608e+01
4.804501168990435112e+00 8.445205240156150239e+01
4.794867897701172055e+00 8.445288809036830457e+01
4.785262100047534162e+00 8.445371767237887184e+01
4.775683697692128860e+00 8.445454119205703591e+01
4.766132612520811662e+00 8.445535869354496583e+01
4.756608766642052899e+00 8.445617022066545587e+01
4.747112082386303555e+00 8.445697581692421352e+01
4.737642482305362890e+00 8.445777552551210476e+01
4.728199889171749604e+00 8.445856938930745628e+01
4.718784225978072122e+00 8.445935745087822966e+01
4.709395415936404206e+00 8.446013975248430938e+01
4.700033382477658783e+00 8.446091633607963445e+01
4.690698049250966228e+00 8.446168724331447208e+01
4.681389340123051745e+00 8.446245251553752098e+01
4.672107179177618086e+00 8.446321219379809975e+01
4.662851490714726488e+00 8.446396631884829276e+01
4.653622199250181168e+00 8.446471493114506757e+01
4.644419229514914704e+00 8.446545807085242075e+01
4.635242506454377853e+00 8.446619577784343846e+01
4.626091955227927599e+00 8.446692809170239968e+01
4.616967501208216973e+00 8.446765505172683675e+01
4.607869069980590204e+00 8.446837669692961015e+01
4.598796587342476094e+00 8.446909306604092649e+01
4.589749979302784944e+00 8.446980419751038482e+01
4.580729172081306366e+00 8.447051012950896620e+01
4.571734092108108882e+00 8.447121089993105159e+01
4.562764666022940396e+00 8.447190654639641139e+01
4.553820820674633119e+00 8.447259710625213813e+01
4.544902483120508485e+00 8.447328261657466442e+01
4.536009580625781190e+00 8.447396311417162451e+01
4.527142040662970324e+00 8.447463863558387231e+01
4.518299790911307845e+00 8.447530921708732876e+01
4.509482759256150608e+00 8.447597489469490029e+01
4.500690873788392388e+00 8.447663570415839729e+01
4.491924062803879458e+00 8.447729168097038155e+01
4.483182254802828837e+00 8.447794286036601363e+01
4.474465378489243861e+00 8.447858927732494294e+01
4.465773362770335098e+00 8.447923096657311248e+01
4.457106136755943027e+00 8.447986796258459208e+01
4.448463629757959836e+00 8.448050029958336893e+01
4.439845771289754772e+00 8.448112801154519502e+01
4.431252491065598598e+00 8.448175113219930665e+01
4.422683719000095159e+00 8.448236969503024341e+01
4.414139385207609401e+00 8.448298373327959609e+01
4.405619420001697151e+00 8.448359327994774048e+01
4.397123753894540243e+00 8.448419836779558523e+01
4.388652317596380747e+00 8.448479902934629138e+01
4.380205042014955197e+00 8.448539529688697769e+01
4.371781858254935038e+00 8.448598720247041172e+01
4.363382697617363526e+00 8.448657477791671511e+01
4.355007491599097058e+00 8.448715805481502628e+01
4.346656171892250953e+00 8.448773706452516308e+01
4.338328670383638119e+00 8.448831183817927126e+01
4.330024919154218388e+00 8.448888240668347294e+01
4.321744850478545175e+00 8.448944880071947239e+01
4.313488396824213034e+00 8.449001105074620455e+01
4.305255490851310540e+00 8.449056918700141239e+01
4.297046065411868732e+00 8.449112323950322434e+01
4.288860053549317541e+00 8.449167323805180274e+01
4.280697388497939571e+00 8.449221921223082177e+01
4.272558003682326522e+00 8.449276119140911590e+01
4.264441832716837411e+00 8.449329920474215783e+01
4.256348809405058553e+00 8.449383328117363590e+01
4.248278867739265330e+00 8.449436344943696042e+01
4.240231941899883950e+00 8.449488973805679848e+01
4.232207966254955878e+00 8.449541217535055182e+01
4.224206875359603153e+00 8.449593078942987745e+01
4.216228603955496368e+00 8.449644560820215133e+01
4.208273086970324428e+00 8.449695665937196054e+01
4.200340259517262531e+00 8.449746397044253854e+01
4.192430056894445478e+00 8.449796756871722891e+01
4.184542414584440984e+00 8.449846748130094909e+01
4.176677268253724762e+00 8.449896373510158298e+01
4.168834553752154726e+00 8.449945635683143053e+01
4.161014207112452290e+00 8.449994537300861452e+01
4.153216164549677458e+00 8.450043080995845912e+01
4.145440362460714567e+00 8.450091269381491088e+01
4.137686737423749150e+00 8.450139105052190303e+01
4.129955226197755458e+00 8.450186590583471968e+01
4.122245765721980426e+00 8.450233728532138855e+01
4.114558293115430310e+00 8.450280521436398828e+01
4.106892745676359091e+00 8.450326971816004118e+01
4.099249060881756002e+00 8.450373082172380634e+01
4.091627176386840148e+00 8.450418854988760131e+01
4.084027030024549809e+00 8.450464292730315208e+01
4.076448559805037952e+00 8.450509397844285786e+01
4.068891703915166858e+00 8.450554172760111271e+01
4.061356400718005411e+00 8.450598619889557028e+01
4.053842588752326392e+00 8.450642741626843701e+01
4.046350206732106436e+00 8.450686540348775111e+01
4.038879193546028645e+00 8.450730018414860467e+01
4.031429488256981664e+00 8.450773178167440847e+01
4.024001030101567622e+00 8.450816021931815669e+01
4.016593758489602983e+00 8.450858552016362069e+01
4.009207613003630044e+00 8.450900770712659948e+01
4.001842533398420443e+00 8.450942680295611353e+01
3.994498459600487106e+00 8.450984283023564103e+01
3.987175331707595305e+00 8.451025581138426901e+01
3.979873089988273716e+00 8.451066576865791546e+01
3.972591674881329027e+00 8.451107272415050886e+01
3.965331026995360109e+00 8.451147669979515342e+01
3.958091087108274841e+00 8.451187771736528020e+01
3.950871796166808281e+00 8.451227579847581239e+01
3.943673095286041264e+00 8.451267096458431638e+01
3.936494925748920792e+00 8.451306323699212442e+01
3.929337229005782639e+00 8.451345263684549991e+01
3.922199946673873505e+00 8.451383918513670324e+01
3.915083020536876734e+00 8.451422290270515703e+01
3.907986392544438026e+00 8.451460381023852619e+01
3.900910004811691589e+00 8.451498192827382638e+01
3.893853799618789857e+00 8.451535727719850399e+01
3.886817719410433636e+00 8.451572987725154462e+01
3.879801706795402705e+00 8.451609974852449625e+01
3.872805704546088634e+00 8.451646691096257769e+01
3.865829655598028936e+00 8.451683138436574438e+01
3.858873503049442544e+00 8.451719318838971162e+01
3.851937190160765745e+00 8.451755234254702032e+01
3.845020660354190323e+00 8.451790886620804599e+01
3.838123857213203038e+00 8.451826277860206460e+01
3.831246724482126886e+00 8.451861409881824727e+01
3.824389206065661018e+00 8.451896284580669771e+01
3.817551246028425993e+00 8.451930903837943276e+01
3.810732788594506815e+00 8.451965269521140556e+01
3.803933778146999511e+00 8.451999383484148609e+01
3.797154159227557280e+00 8.452033247567344176e+01
3.790393876535939732e+00 8.452066863597694635e+01
3.783652874929562149e+00 8.452100233388850370e+01
3.776931099423046057e+00 8.452133358741245672e+01
3.770228495187772033e+00 8.452166241442191108e+01
3.763545007551432953e+00 8.452198883265972995e+01
3.756880581997588120e+00 8.452231285973942931e+01
3.750235164165220070e+00 8.452263451314614429e+01
3.743608699848290922e+00 8.452295381023755283e+01
3.737001134995302287e+00 8.452327076824479946e+01
3.730412415708852958e+00 8.452358540427340472e+01
3.723842488245202365e+00 8.452389773530420314e+01
3.717291299013830486e+00 8.452420777819421005e+01
3.710758794577003084e+00 8.452451554967754532e+01
3.704244921649335165e+00 8.452482106636631443e+01
3.697749627097358438e+00 8.452512434475150371e+01
3.691272857939086549e+00 8.452542540120383308e+01
3.684814561343585648e+00 8.452572425197466544e+01
3.678374684630542735e+00 8.452602091319684519e+01
3.671953175269836667e+00 8.452631540088556505e+01
3.665549980881110503e+00 8.452660773093923297e+01
3.659165049233344735e+00 8.452689791914029627e+01
3.652798328244432291e+00 8.452718598115609439e+01
3.646449765980753543e+00 8.452747193253969726e+01
3.640119310656753981e+00 8.452775578873071538e+01
3.633806910634521437e+00 8.452803756505616661e+01
3.627512514423365975e+00 8.452831727673125783e+01
3.621236070679401564e+00 8.452859493886019493e+01
3.614977528205125523e+00 8.452887056643700703e+01
3.608736835949003297e+00 8.452914417434632810e+01
3.602513943005051900e+00 8.452941577736420697e+01
3.596308798612425583e+00 8.452968539015888894e+01
3.590121352155001500e+00 8.452995302729159732e+01
3.583951553160968473e+00 8.453021870321731512e+01
3.577799351302414887e+00 8.453048243228556657e+01
3.571664696394919236e+00 8.453074422874114191e+01
3.565547538397141114e+00 8.453100410672489318e+01
3.559447827410413545e+00 8.453126208027450161e+01
3.553365513678336640e+00 8.453151816332518820e+01
3.547300547586372144e+00 8.453177236971048103e+01
3.541252879661439312e+00 8.453202471316295430e+01
3.535222460571511682e+00 8.453227520731495304e+01
3.529209241125214724e+00 8.453252386569933208e+01
3.523213172271426608e+00 8.453277070175016661e+01
3.517234205098877187e+00 8.453301572880347692e+01
3.511272290835749654e+00 8.453325896009793894e+01
3.505327380849283525e+00 8.453350040877559479e+01
3.499399426645378952e+00 8.453374008788256333e+01
3.493488379868200600e+00 8.453397801036970804e+01
3.487594192299784179e+00 8.453421418909334761e+01
3.481716815859643877e+00 8.453444863681595223e+01
3.475856202604379774e+00 8.453468136620682571e+01
3.470012304727287944e+00 8.453491238984275924e+01
3.464185074557971422e+00 8.453514172020872763e+01
3.458374464561950301e+00 8.453536936969854310e+01
3.452580427340275815e+00 8.453559535061552310e+01
3.446802915629143094e+00 8.453581967517314411e+01
3.441041882299507471e+00 8.453604235549570944e+01
3.435297280356699456e+00 8.453626340361898883e+01
3.429569062940041491e+00 8.453648283149084364e+01
3.423857183322466913e+00 8.453670065097189479e+01
3.418161594910139378e+00 8.453691687383614806e+01
3.412482251242072717e+00 8.453713151177160512e+01
3.406819105989752128e+00 8.453734457638093147e+01
3.401172112956757143e+00 8.453755607918203907e+01
3.395541226078385488e+00 8.453776603160869740e+01
3.389926399421277381e+00 8.453797444501118719e+01
3.384327587183040720e+00 8.453818133065688301e+01
3.378744743691878938e+00 8.453838669973083597e+01
3.373177823406218412e+00 8.453859056333641320e+01
3.367626780914336759e+00 8.453879293249586624e+01
3.362091570933993800e+00 8.453899381815092795e+01
3.356572148312062076e+00 8.453919323116340934e+01
3.351068468024159142e+00 8.453939118231575378e+01
3.345580485174280305e+00 8.453958768231163390e+01
3.340108154994433143e+00 8.453978274177653418e+01
3.334651432844272012e+00 8.453997637125829101e+01
3.329210274210736120e+00 8.454016858122767530e+01
3.323784634707684482e+00 8.454035938207897516e+01
3.318374470075535321e+00 8.454054878413050744e+01
3.312979736180905910e+00 8.454073679762521465e+01
3.307600389016252418e+00 8.454092343273116228e+01
3.302236384699510641e+00 8.454110869954214991e+01
3.296887679473739841e+00 8.454129260807818014e+01
3.291554229706764811e+00 8.454147516828606967e+01
3.286235991890821051e+00 8.454165639003991828e+01
3.280932922642199934e+00 8.454183628314166299e+01
3.275644978700895660e+00 8.454201485732163235e+01
3.270372116930252204e+00 8.454219212223900115e+01
3.265114294316612042e+00 8.454236808748238730e+01
3.259871467968965320e+00 8.454254276257030654e+01
3.254643595118600796e+00 8.454271615695169828e+01
3.249430633118756795e+00 8.454288828000645140e+01
3.244232539444273922e+00 8.454305914104588737e+01
3.239049271691248677e+00 8.454322874931327192e+01
3.233880787576687954e+00 8.454339711398428392e+01
3.228727044938163537e+00 8.454356424416755544e+01
3.223588001733469710e+00 8.454373014890511229e+01
3.218463616040279529e+00 8.454389483717288556e+01
3.213353846055804208e+00 8.454405831788119485e+01
3.208258650096452058e+00 8.454422059987520299e+01
3.203177986597488758e+00 8.454438169193542763e+01
3.198111814112698070e+00 8.454454160277816754e+01
3.193060091314044779e+00 8.454470034105601428e+01
3.188022776991337626e+00 8.454485791535829264e+01
3.182999830051893575e+00 8.454501433421151546e+01
3.177991209520202531e+00 8.454516960607986675e+01
3.172996874537593825e+00 8.454532373936564227e+01
3.168016784361903149e+00 8.454547674240967581e+01
3.163050898367140373e+00 8.454562862349183661e+01
3.158099176043158263e+00 8.454577939083142724e+01
3.153161576995322513e+00 8.454592905258765256e+01
3.148238060944182681e+00 8.454607761686006029e+01
3.143328587725144008e+00 8.454622509168896727e+01
3.138433117288139673e+00 8.454637148505587163e+01
3.133551609697304396e+00 8.454651680488392174e+01
3.128684025130648916e+00 8.454666105903829987e+01
3.123830323879735804e+00 8.454680425532667698e+01
3.118990466349355728e+00 8.454694640149962481e+01
3.114164413057204595e+00 8.454708750525102801e+01
3.109352124633561587e+00 8.454722757421848200e+01
3.104553561820968532e+00 8.454736661598373360e+01
3.099768685473909713e+00 8.454750463807306460e+01
3.094997456558493454e+00 8.454764164795771819e+01
3.090239836152132824e+00 8.454777765305426840e+01
3.085495785443229444e+00 8.454791266072504641e+01
3.080765265730856850e+00 8.454804667827853848e+01
3.076048238424444747e+00 8.454817971296975543e+01
3.071344665043464595e+00 8.454831177200063053e+01
3.066654507217116077e+00 8.454844286252043162e+01
3.061977726684014467e+00 8.454857299162610218e+01
3.057314285291878431e+00 8.454870216636268765e+01
3.052664144997219164e+00 8.454883039372366227e+01
3.048027267865030865e+00 8.454895768065136963e+01
3.043403616068480311e+00 8.454908403403733530e+01
3.038793151888599553e+00 8.454920946072266474e+01
3.034195837713978605e+00 8.454933396749842700e+01
3.029611636040457689e+00 8.454945756110599575e+01
3.025040509470822592e+00 8.454958024823741880e+01
3.020482420714499128e+00 8.454970203553577335e+01
3.015937332587250275e+00 8.454982292959552126e+01
3.011405208010871970e+00 8.454994293696289276e+01
3.006886010012891131e+00 8.455006206413619907e+01
3.002379701726265004e+00 8.455018031756620189e+01
2.997886246389079190e+00 8.455029770365646868e+01
2.993405607344249209e+00 8.455041422876369950e+01
2.988937748039221631e+00 8.455052989919806805e+01
2.984482632025675652e+00 8.455064472122357699e+01
2.980040222959225549e+00 8.455075870105838476e+01
2.975610484599126249e+00 8.455087184487514662e+01
2.971193380807975792e+00 8.455098415880134155e+01
2.966788875551421789e+00 8.455109564891959906e+01
2.962396932897867430e+00 8.455120632126802604e+01
2.958017517018178832e+00 8.455131618184056208e+01
2.953650592185393275e+00 8.455142523658724940e+01
2.949296122774426987e+00 8.455153349141458818e+01
2.944954073261785155e+00 8.455164095218584919e+01
2.940624408225273267e+00 8.455174762472138639e+01
2.936307092343706682e+00 8.455185351479894962e+01
2.932002090396624183e+00 8.455195862815399721e+01
2.927709367263999773e+00 8.455206297048000863e+01
2.923428887925957120e+00 8.455216654742878291e+01
2.919160617462483565e+00 8.455226936461073706e+01
2.914904521053145903e+00 8.455237142759523294e+01
2.910660563976806614e+00 8.455247274191086149e+01
2.906428711611340088e+00 8.455257331304574109e+01
2.902208929433351070e+00 8.455267314644780186e+01
2.898001183017893112e+00 8.455277224752509824e+01
2.893805438038187461e+00 8.455287062164610745e+01
2.889621660265343728e+00 8.455296827413997107e+01
2.885449815568080556e+00 8.455306521029683609e+01
2.881289869912447621e+00 8.455316143536812490e+01
2.877141789361547630e+00 8.455325695456679114e+01
2.873005540075260988e+00 8.455335177306764649e+01
2.868881088309968241e+00 8.455344589600758809e+01
2.864768400418276073e+00 8.455353932848592535e+01
2.860667442848742859e+00 8.455363207556462157e+01
2.856578182145604661e+00 8.455372414226856392e+01
2.852500584948503004e+00 8.455381553358586189e+01
2.848434617992212203e+00 8.455390625446810304e+01
2.844380248106369358e+00 8.455399630983059467e+01
2.840337442215203012e+00 8.455408570455267636e+01
2.836306167337263595e+00 8.455417444347796163e+01
2.832286390585154301e+00 8.455426253141456527e+01
2.828278079165264192e+00 8.455434997313543022e+01
2.824281200377499079e+00 8.455443677337851227e+01
2.820295721615016848e+00 8.455452293684709275e+01
2.816321610363959671e+00 8.455460846821000587e+01
2.812358834203190217e+00 8.455469337210188030e+01
2.808407360804027419e+00 8.455477765312342342e+01
2.804467157929981802e+00 8.455486131584164866e+01
2.800538193436493462e+00 8.455494436479010290e+01
2.796620435270670058e+00 8.455502680446915065e+01
2.792713851471025688e+00 8.455510863934618726e+01
2.788818410167218875e+00 8.455518987385589469e+01
2.784934079579794997e+00 8.455527051240045466e+01
2.781060828019925157e+00 8.455535055934983291e+01
2.777198623889148621e+00 8.455543001904197808e+01
2.773347435679115680e+00 8.455550889578306339e+01
2.769507231971330086e+00 8.455558719384771393e+01
2.765677981436892807e+00 8.455566491747926250e+01
2.761859652836247125e+00 8.455574207088994854e+01
2.758052215018924169e+00 8.455581865826115973e+01
2.754255636923288009e+00 8.455589468374365936e+01
2.750469887576282524e+00 8.455597015145779949e+01
2.746694936093180051e+00 8.455604506549376254e+01
2.742930751677328249e+00 8.455611942991174601e+01
2.739177303619899195e+00 8.455619324874223253e+01
2.735434561299640244e+00 8.455626652598616033e+01
2.731702494182622676e+00 8.455633926561516489e+01
2.727981071821993453e+00 8.455641147157177784e+01
2.724270263857727858e+00 8.455648314776966856e+01
2.720570040016379920e+00 8.455655429809382895e+01
2.716880370110838161e+00 8.455662492640077232e+01
2.713201224040076909e+00 8.455669503651877505e+01
2.709532571788912492e+00 8.455676463224806128e+01
2.705874383427758101e+00 8.455683371736101606e+01
2.702226629112379985e+00 8.455690229560239857e+01
2.698589279083653647e+00 8.455697037068949840e+01
2.694962303667321368e+00 8.455703794631240555e+01
2.691345673273750183e+00 8.455710502613416679e+01
2.687739358397690737e+00 8.455717161379097035e+01
2.684143329618037033e+00 8.455723771289238755e+01
2.680557557597586182e+00 8.455730332702152907e+01
2.676982013082799039e+00 8.455736845973524396e+01
2.673416666903562167e+00 8.455743311456433275e+01
2.669861489972949364e+00 8.455749729501373224e+01
2.666316453286984522e+00 8.455756100456268598e+01
2.662781527924406255e+00 8.455762424666494326e+01
2.659256685046431201e+00 8.455768702474894383e+01
2.655741895896518212e+00 8.455774934221801686e+01
2.652237131800135206e+00 8.455781120245053728e+01
2.648742364164524687e+00 8.455787260880013889e+01
2.645257564478470602e+00 8.455793356459588495e+01
2.641782704312066077e+00 8.455799407314241023e+01
2.638317755316481161e+00 8.455805413772017687e+01
2.634862689223732346e+00 8.455811376158557380e+01
2.631417477846451192e+00 8.455817294797114414e+01
2.627982093077655623e+00 8.455823170008574152e+01
2.624556506890519891e+00 8.455829002111468640e+01
2.621140691338146311e+00 8.455834791421997920e+01
2.617734618553337000e+00 8.455840538254042826e+01
2.614338260748367393e+00 8.455846242919186295e+01
2.610951590214758866e+00 8.455851905726724738e+01
2.607574579323053587e+00 8.455857526983689354e+01
2.604207200522588472e+00 8.455863106994861766e+01
2.600849426341271364e+00 8.455868646062788230e+01
2.597501229385355881e+00 8.455874144487799526e+01
2.594162582339219369e+00 8.455879602568023756e+01
2.590833457965138642e+00 8.455885020599404811e+01
2.587513829103069707e+00 8.455890398875716585e+01
2.584203668670424392e+00 8.455895737688580027e+01
2.580902949661851409e+00 8.455901037327480196e+01
2.577611645149014308e+00 8.455906298079779049e+01
2.574329728280372986e+00 8.455911520230731071e+01
2.571057172280964309e+00 8.455916704063503175e+01
2.567793950452184504e+00 8.455921849859183226e+01
2.564540036171570669e+00 8.455926957896801355e+01
2.561295402892583617e+00 8.455932028453339910e+01
2.558060024144391598e+00 8.455937061803753352e+01
2.554833873531655364e+00 8.455942058220981039e+01
2.551616924734311453e+00 8.455947017975958602e+01
2.548409151507358139e+00 8.455951941337637834e+01
2.545210527680642265e+00 8.455956828572999484e+01
2.542021027158643864e+00 8.455961679947064624e+01
2.538840623920265660e+00 8.455966495722914544e+01
2.535669292018619458e+00 8.455971276161700700e+01
2.532507005580814319e+00 8.455976021522660346e+01
2.529353738807746943e+00 8.455980732063129324e+01
2.526209465973889845e+00 8.455985408038559115e+01
2.523074161427082629e+00 8.455990049702525369e+01
2.519947799588321935e+00 8.455994657306747797e+01
2.516830354951554050e+00 8.455999231101100122e+01
2.513721802083465295e+00 8.456003771333622865e+01
2.510622115623275974e+00 8.456008278250538979e+01
2.507531270282532976e+00 8.456012752096266638e+01
2.504449240844903724e+00 8.456017193113432029e+01
2.501376002165970558e+00 8.456021601542882138e+01
2.498311529173025125e+00 8.456025977623698964e+01
2.495255796864864983e+00 8.456030321593210886e+01
2.492208780311588434e+00 8.456034633687005453e+01
2.489170454654392461e+00 8.456038914138945017e+01
2.486140795105369339e+00 8.456043163181175260e+01
2.483119776947304569e+00 8.456047381044140820e+01
2.480107375533475267e+00 8.456051567956598092e+01
2.477103566287449432e+00 8.456055724145623742e+01
2.474108324702885220e+00 8.456059849836631770e+01
2.471121626343331101e+00 8.456063945253382030e+01
2.468143446842026911e+00 8.456068010617993025e+01
2.465173761901704896e+00 8.456072046150956112e+01
2.462212547294391651e+00 8.456076052071145455e+01
2.459259778861210055e+00 8.456080028595830811e+01
2.456315432512183428e+00 8.456083975940688902e+01
2.453379484226037910e+00 8.456087894319813358e+01
2.450451910050006621e+00 8.456091783945730356e+01
2.447532686099635590e+00 8.456095645029405716e+01
