1.000000000000000000e+01 8.000000000000000000e+01
1.004289033535463460e+01 7.952704253297640946e+01
1.008662673106011809e+01 7.905776809207941369e+01
1.013121433666465343e+01 7.859214581027538316e+01
1.017665821872773613e+01 7.813014504343502153e+01
1.022296335794170297e+01 7.767173536840067527e+01
1.027013464627015260e+01 7.721688658107640890e+01
1.031817688410591494e+01 7.676556869454100251e+01
1.036709477745127650e+01 7.631775193718411288e+01
1.041689293512315651e+01 7.587340675086578301e+01
1.046757586598594258e+01 7.543250378909947074e+01
1.051914797621469688e+01 7.499501391525889460e+01
1.057161356659142371e+01 7.456090820080878245e+01
1.062497682983709701e+01 7.413015792355976430e+01
1.067924184798212295e+01 7.370273456594763672e+01
1.073441258977788237e+01 7.327860981333719792e+01
1.079049290815200202e+01 7.285775555235079537e+01
1.084748653770994942e+01 7.244014386922184201e+01
1.090539709228551324e+01 7.202574704817345719e+01
1.096422806254272153e+01 7.161453756982240293e+01
1.102398281363167420e+01 7.120648810960858555e+01
1.108466458290072687e+01 7.080157153625017941e+01
1.114627647766744012e+01 7.039976091022462867e+01
1.120882147305059995e+01 7.000102948227561228e+01
1.127230240986561149e+01 6.960535069194627056e+01
1.133672199258545810e+01 6.921269816613866510e+01
1.140208278736937153e+01 6.882304571769969925e+01
1.146838722016129530e+01 6.843636734403366972e+01
1.153563757486010566e+01 6.805263722574146357e+01
1.160383599156353185e+01 6.767182972528659946e+01
1.167298446488758401e+01 6.729391938568812748e+01
1.174308484236323302e+01 6.691888092924057219e+01
1.181413882291199258e+01 6.654668925626086207e+01
1.188614795540196134e+01 6.617731944386238752e+01
1.195911363728577825e+01 6.581074674475618735e+01
1.203303711332185166e+01 6.544694658607936333e+01
1.210791947438012173e+01 6.508589456825056629e+01
1.218376165633350894e+01 6.472756646385272461e+01
1.226056443903608262e+01 6.437193821654287262e+01
1.233832844538891216e+01 6.401898593998906506e+01
1.241705414049440570e+01 6.366868591683433465e+01
1.249674183089986812e+01 6.332101459768760066e+01
1.257739166393087515e+01 6.297594860014137197e+01
1.265900362711496818e+01 6.263346470781619502e+01
1.274157754769603201e+01 6.229353986943169019e+01
1.282511309223963636e+01 6.195615119790394232e+01
1.290960976632948665e+01 6.162127596946915276e+01
1.299506691435501793e+01 6.128889162283328318e+01
1.308148371939006616e+01 6.095897575834746362e+01
1.316885920316241254e+01 6.063150613720895876e+01
1.325719222611392034e+01 6.030646068068733712e+01
1.334648148755084129e+01 5.998381746937562298e+01
1.343672552588377123e+01 5.966355474246606150e+01
1.352792271895663490e+01 5.934565089705016305e+01
1.362007128446396464e+01 5.903008448744265735e+01
1.371316928045562555e+01 5.871683422452897361e+01
1.380721460592806515e+01 5.840587897513582760e+01
1.390220500150104499e+01 5.809719776142447500e+01
1.399813805017871182e+01 5.779076976030618340e+01
1.409501117819378635e+01 5.748657430287941850e+01
1.419282165593356737e+01 5.718459087388826845e+01
1.429156659894631964e+01 5.688479911120155919e+01
1.439124296902657640e+01 5.658717880531212785e+01
1.449184757537778090e+01 5.629170989885566456e+01
1.459337707585062738e+01 5.599837248614856833e+01
1.469582797825536780e+01 5.570714681274419178e+01
1.479919664174631677e+01 5.541801327500681396e+01
1.490347927827668961e+01 5.513095241970276561e+01
1.500867195412185318e+01 5.484594494360798933e+01
1.511477059146903912e+01 5.456297169313135953e+01
1.522177097007146784e+01 5.428201366395310146e+01
1.532966872896483324e+01 5.400305200067753475e+01
1.543845936824401655e+01 5.372606799649948073e+01
1.554813825089788004e+01 5.345104309288355182e+01
1.565870060469993241e+01 5.317795887925558418e+01
1.577014152415265791e+01 5.290679709270543185e+01
1.588245597248324437e+01 5.263753961770039069e+01
1.599563878368842751e+01 5.237016848580839934e+01
1.610968466462617599e+01 5.210466587543029249e+01
1.622458819715188483e+01 5.184101411154027517e+01
1.634034384029676090e+01 5.157919566543378664e+01
1.645694593248608584e+01 5.131919315448200081e+01
1.657438869379499735e+01 5.106098934189209615e+01
1.669266622823948865e+01 5.080456713647250666e+01
1.681177252610026329e+01 5.054990959240232939e+01
1.693170146627717898e+01 5.029699990900405027e+01
1.705244681867191048e+01 5.004582143051880649e+01
1.717400224659659358e+01 4.979635764588334723e+01
1.729636130920615145e+01 4.954859218850786107e+01
1.741951746395206868e+01 4.930250883605393142e+01
1.754346406905535716e+01 4.905809151021173875e+01
1.766819438599656777e+01 4.881532427647577776e+01
1.779370158202062058e+01 4.857419134391825821e+01
1.791997873265437491e+01 4.833467706495946459e+01
1.804701882423479731e+01 4.809676593513425757e+01
1.817481475644570565e+01 4.786044259285402092e+01
1.830335934486103966e+01 4.762569181916325078e+01
1.843264532349269302e+01 4.739249853749014818e+01
1.856266534734098528e+01 4.716084781339040433e+01
1.869341199494587258e+01 4.693072485428358220e+01
1.882487777093704651e+01 4.670211500918136238e+01
1.895705510858118359e+01 4.647500376840699943e+01
1.908993637232453722e+01 4.624937676330538494e+01
1.922351386032923060e+01 4.602521976594307063e+01
1.935777980700161294e+01 4.580251868879766164e+01
1.949272638551106951e+01 4.558125958443602599e+01
1.962834571029778985e+01 4.536142864518073026e+01
1.976462983956800912e+01 4.514301220276420423e+01
1.990157077777529793e+01 4.492599672797013710e+01
2.003916047808655421e+01 4.471036883026159359e+01
2.017739084483137901e+01 4.449611525739541662e+01
2.031625373593358930e+01 4.428322289502248310e+01
2.045574096532368102e+01 4.407167876627342906e+01
2.059584430533109511e+01 4.386147003132942501e+01
2.073655548905521329e+01 4.365258398697768172e+01
2.087786621271403575e+01 4.344500806615138089e+01
2.101976813796959576e+01 4.323872983745368259e+01
2.116225289422916589e+01 4.303373700466561047e+01
2.130531208092140716e+01 4.283001740623748788e+01
2.144893726974664716e+01 4.262755901476380416e+01
2.159312000690050226e+01 4.242634993644127661e+01
2.173785181527017230e+01 4.222637841050993757e+01
2.188312419660272212e+01 4.202763280867714712e+01
2.202892863364472831e+01 4.183010163452442498e+01
2.217525659225276158e+01 4.163377352289700895e+01
2.232209952347416504e+01 4.143863723927611176e+01
2.246944886559765919e+01 4.124468167913384065e+01
2.261729604617334743e+01 4.105189586727079387e+01
2.276563248400175965e+01 4.086026895713634133e+01
2.291444959109155377e+01 4.066979023013168160e+01
2.306373877458561594e+01 4.048044909489573229e+01
2.321349143865528220e+01 4.029223508657396025e+01
2.336369898636243647e+01 4.010513786607030084e+01
2.351435282148934647e+01 3.991914721928228005e+01
2.366544435033605254e+01 3.973425305631956661e+01
2.381696498348520308e+01 3.955044541070609654e+01
2.396890613753424759e+01 3.936771443856604691e+01
2.412125923679495543e+01 3.918605041779385090e+01
2.427401571496021049e+01 3.900544374720854535e+01
2.442716701673810675e+01 3.882588494569273507e+01
2.458070459945338371e+01 3.864736465131641552e+01
2.473461993461624076e+01 3.846987362044606584e+01
2.488890450945863009e+01 3.829340272683926116e+01
2.504354982843813815e+01 3.811794296072519472e+01
2.519854741470957649e+01 3.794348542787148659e+01
2.535388881156444185e+01 3.777002134863761285e+01
2.550956558383841255e+01 3.759754205701540286e+01
2.566556931928706575e+01 3.742603899965698844e+01
2.582189162993003961e+01 3.725550373489059552e+01
2.597852415336384269e+01 3.708592793172468305e+01
2.613545855404355223e+01 3.691730336884078412e+01
2.629268652453367494e+01 3.674962193357557538e+01
2.645019978672841177e+01 3.658287562089256539e+01
2.660799009304160023e+01 3.641705653234395612e+01
2.676604922756665417e+01 3.625215687502304007e+01
2.692436900720676363e+01 3.608816896050774403e+01
2.708294128277567836e+01 3.592508520379568182e+01
2.724175794006939455e+01 3.576289812223129161e+01
2.740081090090906812e+01 3.560160033442553384e+01
2.756009212415545662e+01 3.544118455916862587e+01
2.771959360669526973e+01 3.528164361433632479e+01
2.787930738439973410e+01 3.512297041579029866e+01
2.803922553305573828e+01 3.496515797627301225e+01
2.819934016926989528e+01 3.480819940429771009e+01
2.835964345134587461e+01 3.465208790303395858e+01
2.852012758013536953e+01 3.449681676918924467e+01
2.868078479986303719e+01 3.434237939188714961e+01
2.884160739892580949e+01 3.418876925154260249e+01
2.900258771066686947e+01 3.403597991873468231e+01
2.916371811412471970e+01 3.388400505307746613e+01
2.932499103475766233e+01 3.373283840208943474e+01
2.948639894514406024e+01 3.358247380006189786e+01
2.964793436565874174e+01 3.343290516692690062e+01
2.980958986512591125e+01 3.328412650712512999e+01
2.997135806144890324e+01 3.313613190847422629e+01
3.013323162221716700e+01 3.298891554103801127e+01
3.029520326529078744e+01 3.284247165599705198e+01
3.045726575936295788e+01 3.269679458452100107e+01
3.061941192450068527e+01 3.255187873664319653e+01
3.078163463266412947e+01 3.240771860013788341e+01
3.094392680820488550e+01 3.226430873940051214e+01
3.110628142834355714e+01 3.212164379433152561e+01
3.126869152362696980e+01 3.197971847922402233e+01
3.143115017836535685e+01 3.183852758165570762e+01
3.159365053104981769e+01 3.169806596138547761e+01
3.175618577475042770e+01 3.155832854925505515e+01
3.191874915749528441e+01 3.141931034609600104e+01
3.208133398263081659e+01 3.128100642164247347e+01
3.224393360916369744e+01 3.114341191345007687e+01
3.240654145208463177e+01 3.100652202582110917e+01
3.256915098267437969e+01 3.087033202873656279e+01
3.273175572879226536e+01 3.073483725679515643e+01
3.289434927514751905e+01 3.060003310815972455e+01
3.305692526355375094e+01 3.046591504351122026e+01
3.321947739316679105e+01 3.033247858501064087e+01
3.338199942070627202e+01 3.019971931526912812e+01
3.354448516066117492e+01 3.006763287632648840e+01
3.370692848547965781e+01 2.993621496863839582e+01
3.386932332574344429e+01 2.980546135007249831e+01
3.403166367032700634e+01 2.967536783491366492e+01
3.419394356654191114e+01 2.954593029287855543e+01
3.435615712026648083e+01 2.941714464813975027e+01
3.451829849606112077e+01 2.928900687835961492e+01
3.468036191726955053e+01 2.916151301373405857e+01
3.484234166610619354e+01 2.903465913604640392e+01
3.500423208372997408e+01 2.890844137773147438e+01
3.516602757030481285e+01 2.878285592095009093e+01
3.532772258504702734e+01 2.865789899667408847e+01
3.548931164625989254e+01 2.853356688378199379e+01
3.565078933135563943e+01 2.840985590816548623e+01
3.581215027686510410e+01 2.828676244184674005e+01
3.597338917843526929e+01 2.816428290210675911e+01
3.613450079081493271e+01 2.804241375062478525e+01
3.629547992782875099e+01 2.792115149262887641e+01
3.645632146233986504e+01 2.780049267605770780e+01
3.661702032620135583e+01 2.768043389073367777e+01
3.677757151019676485e+01 2.756097176754735756e+01
3.693797006396986404e+01 2.744210297765335582e+01
3.709821109594391686e+01 2.732382423167760166e+01
3.725828977323067193e+01 2.720613227893612063e+01
3.741820132152925993e+01 2.708902390666527893e+01
3.757794102501525657e+01 2.697249593926356326e+01
3.773750422622007505e+01 2.685654523754485012e+01
3.789688632590092254e+01 2.674116869800322149e+01
3.805608278290153379e+01 2.662636325208927346e+01
3.821508911400387376e+01 2.651212586549793215e+01
3.837390089377101532e+01 2.639845353746775913e+01
3.853251375438139092e+01 2.628534330009170006e+01
3.869092338545462439e+01 2.617279221763927666e+01
3.884912553386914169e+01 2.606079738589015093e+01
3.900711600357172415e+01 2.594935593147904740e+01
3.916489065537925285e+01 2.583846501125198358e+01
3.932244540677279332e+01 2.572812181163372358e+01
3.947977623168421246e+01 2.561832354800643685e+01
3.963687916027552660e+01 2.550906746409948056e+01
3.979375027871117965e+01 2.540035083139023797e+01
3.995038572892340767e+01 2.529217094851594538e+01
4.010678170837086043e+01 2.518452514069642589e+01
4.026293446979073565e+01 2.507741075916766249e+01
4.041884032094451129e+01 2.497082518062610390e+01
4.057449562435749613e+01 2.486476580668364633e+01
4.072989679705238331e+01 2.475923006333317389e+01
4.088504031027697039e+01 2.465421540042457949e+01
4.103992268922619502e+01 2.454971929115115614e+01
4.119454051275868522e+01 2.444573923154627693e+01
4.134889041310799485e+01 2.434227273999024632e+01
4.150296907558865911e+01 2.423931735672721643e+01
4.165677323829724799e+01 2.413687064339207211e+01
4.181029969180862338e+01 2.403493018254717128e+01
4.196354527886747121e+01 2.393349357722881976e+01
4.211650689407535708e+01 2.383255845050337740e+01
4.226918148357340499e+01 2.373212244503288204e+01
4.242156604472078385e+01 2.363218322265004900e+01
4.257365762576914392e+01 2.353273846394257873e+01
4.272545332553315944e+01 2.343378586784659134e+01
4.287695029305732675e+01 2.333532315124910994e+01
4.302814572727915277e+01 2.323734804859946124e+01
4.317903687668891877e+01 2.313985831152945494e+01
4.332962103898611872e+01 2.304285170848224595e+01
4.347989556073273576e+01 2.294632602434971957e+01
4.362985783700351305e+01 2.285027906011830723e+01
4.377950531103331855e+01 2.275470863252309783e+01
4.392883547386180965e+01 2.265961257371008841e+01
4.407784586397542625e+01 2.256498873090650292e+01
4.422653406694697509e+01 2.247083496609901587e+01
4.437489771507282654e+01 2.237714915571974572e+01
4.452293448700790890e+01 2.228392919033993280e+01
4.467064210739864194e+01 2.219117297437112413e+01
4.481801834651389527e+01 2.209887842577379047e+01
4.496506101987409210e+01 2.200704347577321229e+01
4.511176798787865039e+01 2.191566606858251021e+01
4.525813715543180393e+01 2.182474416113272753e+01
4.540416647156694552e+01 2.173427572280980868e+01
4.554985392906965558e+01 2.164425873519835264e+01
4.569519756409944478e+01 2.155469119183202764e+01
4.584019545581040234e+01 2.146557109795053719e+01
4.598484572597082121e+01 2.137689647026297379e+01
4.612914653858191372e+01 2.128866533671748584e+01
4.627309609949575275e+01 2.120087573627709787e+01
4.641669265603246686e+01 2.111352571870159878e+01
4.655993449659691663e+01 2.102661334433536311e+01
4.670281995029483824e+01 2.094013668390096683e+01
4.684534738654861030e+01 2.085409381829854070e+01
4.698751521471272241e+01 2.076848283841066589e+01
4.712932188368908015e+01 2.068330184491276924e+01
4.727076588154217518e+01 2.059854894808887238e+01
4.741184573511426947e+01 2.051422226765256696e+01
4.755256000964065066e+01 2.043031993257314483e+01
4.769290730836507919e+01 2.034684008090673757e+01
4.783288627215545574e+01 2.026378085963238718e+01
4.797249557911985818e+01 2.018114042449290579e+01
4.811173394422301186e+01 2.009891693984046412e+01
4.825060011890323608e+01 2.001710857848675218e+01
4.838909289068998021e+01 1.993571352155765908e+01
4.852721108282204909e+01 1.985472995835233334e+01
4.866495355386653188e+01 1.977415608620653842e+01
4.880231919733855506e+01 1.969399011036021108e+01
4.893930694132193082e+01 1.961423024382910896e+01
4.907591574809072910e+01 1.953487470728045849e+01
4.921214461373187277e+01 1.945592172891252147e+01
4.934799256776885557e+01 1.937736954433796299e+01
4.948345867278655419e+01 1.929921639647093912e+01
4.961854202405730518e+01 1.922146053541782962e+01
4.975324174916821107e+01 1.914410021837149500e+01
4.988755700764981071e+01 1.906713370950899744e+01
5.002148699060614234e+01 1.899055927989269321e+01
5.015503092034621346e+01 1.891437520737459366e+01
5.028818805001703396e+01 1.883857977650394488e+01
5.042095766323813422e+01 1.876317127843790189e+01
5.055333907373775304e+01 1.868814801085526156e+01
5.068533162499062428e+01 1.861350827787314444e+01
5.081693468985751139e+01 1.853925038996654706e+01
5.094814767022645441e+01 1.846537266389072229e+01
5.107896999665581461e+01 1.839187342260625968e+01
5.120940112801918787e+01 1.831875099520684103e+01
5.133944055115215832e+01 1.824600371684957167e+01
5.146908778050097055e+01 1.817362992868783067e+01
5.159834235777318412e+01 1.810162797780654387e+01
5.172720385159031053e+01 1.802999621715985867e+01
5.185567185714244687e+01 1.795873300551111029e+01
5.198374599584503386e+01 1.788783670737502618e+01
5.211142591499765331e+01 1.781730569296211897e+01
5.223871128744497838e+01 1.774713833812518970e+01
5.236560181123989111e+01 1.767733302430789166e+01
5.249209720930875278e+01 1.760788813849526591e+01
5.261819722911892683e+01 1.753880207316623796e+01
5.274390164234851142e+01 1.747007322624797254e+01
5.286921024455836715e+01 1.740170000107205084e+01
5.299412285486639718e+01 1.733368080633241348e+01
5.311863931562417207e+01 1.726601405604501593e+01
5.324275949209585690e+01 1.719869816950913233e+01
5.336648327213953991e+01 1.713173157127027579e+01
5.348981056589085625e+01 1.706511269108465356e+01
5.361274130544908445e+01 1.699883996388514973e+01
5.373527544456558758e+01 1.693291182974874687e+01
5.385741295833470588e+01 1.686732673386535808e+01
5.397915384288708651e+01 1.680208312650803038e+01
5.410049811508545048e+01 1.673717946300445192e+01
5.422144581222282511e+01 1.667261420370974179e+01
5.434199699172325637e+01 1.660838581398046188e+01
5.446215173084500094e+01 1.654449276414982606e+01
5.458191012638622652e+01 1.648093352950403556e+01
5.470127229439317773e+01 1.641770659025974766e+01
5.482023836987090704e+01 1.635481043154258884e+01
5.493880850649647840e+01 1.629224354336670189e+01
5.505698287633470045e+01 1.623000442061529114e+01
5.517476166955641759e+01 1.616809156302212003e+01
5.529214509415930223e+01 1.610650347515391800e+01
5.540913337569118369e+01 1.604523866639368990e+01
5.552572675697593496e+01 1.598429565092485660e+01
5.564192549784190334e+01 1.592367294771623243e+01
5.575772987485283494e+01 1.586336908050777694e+01
5.587314018104141411e+01 1.580338257779710887e+01
5.598815672564527546e+01 1.574371197282673762e+01
5.610277983384560230e+01 1.568435580357200010e+01
5.621700984650824751e+01 1.562531261272965644e+01
5.633084711992737681e+01 1.556658094770712708e+01
5.644429202557167002e+01 1.550815936061234268e+01
5.655734494983303762e+01 1.545004640824417663e+01
5.667000629377788101e+01 1.539224065208343717e+01
5.678227647290082558e+01 1.533474065828439947e+01
5.689415591688103291e+01 1.527754499766684049e+01
5.700564506934097153e+01 1.522065224570856223e+01
5.711674438760771721e+01 1.516406098253837875e+01
5.722745434247674012e+01 1.510776979292954891e+01
5.733777541797817889e+01 1.505177726629361956e+01
5.744770811114558740e+01 1.499608199667467545e+01
5.755725293178717550e+01 1.494068258274395866e+01
5.766641040225950121e+01 1.488557762779485749e+01
5.777518105724359287e+01 1.483076573973822043e+01
5.788356544352355115e+01 1.477624553109800409e+01
5.799156411976755976e+01 1.472201561900721067e+01
5.809917765631134756e+01 1.466807462520411853e+01
5.820640663494400968e+01 1.461442117602877566e+01
5.831325164869629418e+01 1.456105390241974717e+01
5.841971330163121223e+01 1.450797143991109728e+01
5.852579220863708542e+01 1.445517242862958440e+01
5.863148899522290947e+01 1.440265551329207305e+01
5.873680429731610531e+01 1.435041934320312151e+01
5.884173876106257239e+01 1.429846257225275963e+01
5.894629304262910097e+01 1.424678385891441579e+01
5.905046780800807937e+01 1.419538186624300380e+01
5.915426373282451067e+01 1.414425526187313586e+01
5.925768150214529584e+01 1.409340271801747235e+01
5.936072181029079786e+01 1.404282291146517103e+01
5.946338536064865821e+01 1.399251452358044823e+01
5.956567286548985152e+01 1.394247624030121990e+01
5.966758504578699274e+01 1.389270675213783157e+01
5.976912263103480427e+01 1.384320475417185037e+01
5.987028635907282137e+01 1.379396894605491575e+01
5.997107697591025754e+01 1.374499803200764525e+01
6.007149523555304427e+01 1.369629072081857579e+01
6.017154189983301649e+01 1.364784572584313693e+01
6.027121773823920847e+01 1.359966176500264723e+01
6.037052352775131681e+01 1.355173756078332836e+01
6.046946005267520974e+01 1.350407184023531748e+01
6.056802810448056107e+01 1.345666333497168843e+01
6.066622848164052328e+01 1.340951078116745876e+01
6.076406198947346837e+01 1.336261291955858077e+01
6.086152943998677500e+01 1.331596849544091477e+01
6.095863165172258391e+01 1.326957625866917212e+01
6.105536944960562806e+01 1.322343496365581750e+01
6.115174366479298840e+01 1.317754336936994441e+01
6.124775513452582487e+01 1.313190023933608686e+01
6.134340470198310413e+01 1.308650434163299714e+01
6.143869321613720302e+01 1.304135444889235274e+01
6.153362153161146608e+01 1.299644933829740623e+01
6.162819050853963887e+01 1.295178779158157134e+01
6.172240101242721266e+01 1.290736859502693434e+01
6.181625391401460945e+01 1.286319053946269086e+01
6.190975008914222855e+01 1.281925242026350453e+01
6.200289041861730510e+01 1.277555303734778036e+01
6.209567578808263022e+01 1.273209119517585464e+01
6.218810708788701902e+01 1.268886570274808712e+01
6.228018521295756926e+01 1.264587537360286795e+01
6.237191106267370344e+01 1.260311902581452159e+01
6.246328554074295170e+01 1.256059548199111298e+01
6.255430955507844715e+01 1.251830356927215249e+01
6.264498401767813363e+01 1.247624211932619254e+01
6.273530984450570713e+01 1.243440996834831758e+01
6.282528795537317734e+01 1.239280595705752752e+01
6.291491927382514149e+01 1.235142893069400039e+01
6.300420472702467123e+01 1.231027773901625189e+01
6.309314524564083371e+01 1.226935123629816715e+01
6.318174176373783268e+01 1.222864828132592763e+01
6.326999521866574838e+01 1.218816773739480475e+01
6.335790655095281920e+01 1.214790847230584170e+01
6.344547670419932928e+01 1.210786935836241440e+01
6.353270662497301657e+01 1.206804927236665748e+01
6.361959726270602289e+01 1.202844709561578185e+01
6.370614956959331465e+01 1.198906171389825381e+01
6.379236450049267404e+01 1.194989201748984975e+01
6.387824301282608275e+01 1.191093690114959180e+01
6.396378606648264764e+01 1.187219526411554504e+01
6.404899462372291907e+01 1.183366601010049379e+01
6.413386964908464449e+01 1.179534804728748121e+01
6.421841210928998578e+01 1.175724028832522983e+01
6.430262297315405817e+01 1.171934165032342179e+01
6.438650321149492584e+01 1.168165105484785826e+01
6.447005379704492611e+01 1.164416742791547676e+01
6.455327570436335805e+01 1.160688969998925479e+01
6.463616990975049248e+01 1.156981680597296602e+01
6.471873739116290380e+01 1.153294768520582103e+01
6.480097912813016592e+01 1.149628128145696593e+01
6.488289610167272770e+01 1.145981654291986018e+01
6.496448929422119534e+01 1.142355242220651945e+01
6.504575968953673737e+01 1.138748787634163406e+01
6.512670827263288231e+01 1.135162186675655072e+01
6.520733602969842480e+01 1.131595335928313517e+01
6.528764394802159643e+01 1.128048132414750349e+01
6.536763301591547304e+01 1.124520473596362358e+01
6.544730422264451875e+01 1.121012257372679066e+01
6.552665855835229536e+01 1.117523382080698369e+01
6.560569701399040810e+01 1.114053746494208497e+01
6.568442058124851712e+01 1.110603249823098615e+01
6.576283025248550018e+01 1.107171791712656272e+01
6.584092702066178049e+01 1.103759272242853129e+01
6.591871187927266362e+01 1.100365591927618425e+01
6.599618582228289654e+01 1.096990651714099485e+01
6.607334984406216449e+01 1.093634352981911739e+01
6.615020493932172485e+01 1.090296597542375601e+01
6.622675210305213511e+01 1.086977287637742151e+01
6.630299233046189045e+01 1.083676325940406748e+01
6.637892661691722651e+01 1.080393615552111264e+01
6.645455595788280334e+01 1.077129060003134953e+01
6.652988134886351190e+01 1.073882563251473954e+01
6.660490378534717593e+01 1.070654029682009067e+01
6.667962426274823429e+01 1.067443364105663051e+01
6.675404377635246078e+01 1.064250471758546546e+01
6.682816332126250813e+01 1.061075258301093349e+01
6.690198389234453202e+01 1.057917629817184491e+01
6.697550648417561092e+01 1.054777492813262008e+01
6.704873209099214648e+01 1.051654754217432419e+01
6.712166170663915921e+01 1.048549321378559362e+01
6.719429632452045098e+01 1.045461102065346282e+01
6.726663693754964868e+01 1.042390004465408992e+01
6.733868453810214305e+01 1.039335937184338121e+01
6.741044011796783764e+01 1.036298809244751773e+01
6.748190466830477874e+01 1.033278530085338609e+01
6.755307917959358122e+01 1.030275009559891153e+01
6.762396464159269271e+01 1.027288157936330215e+01
6.769456204329449633e+01 1.024317885895718838e+01
6.776487237288213805e+01 1.021364104531268246e+01
6.783489661768723522e+01 1.018426725347334916e+01
6.790463576414826719e+01 1.015505660258407161e+01
6.797409079776979013e+01 1.012600821588084976e+01
6.804326270308244773e+01 1.009712122068050277e+01
6.811215246360359288e+01 1.006839474837028270e+01
6.818076106179880469e+01 1.003982793439741883e+01
6.824908947904401657e+01 1.001141991825856437e+01
6.831713869558841168e+01 9.983169843489177353e+00
6.838490969051800050e+01 9.955076857652814581e+00
6.845240344171992319e+01 9.927140112330349098e+00
6.851962092584741981e+01 9.899358763109111337e+00
6.858656311828548269e+01 9.871731969571962750e+00
6.865323099311717669e+01 9.844258895286287725e+00
6.871962552309059902e+01 9.816938707792914443e+00
6.878574767958653524e+01 9.789770578594973571e+00
6.885159843258669810e+01 9.762753683146680572e+00
6.891717875064264831e+01 9.735887200842052280e+00
6.898248960084529813e+01 9.709170315003561313e+00
6.904753194879505429e+01 9.682602212870719427e+00
6.911230675857257211e+01 9.656182085588602249e+00
6.917681499271006373e+01 9.629909128196315393e+00
6.924105761216324595e+01 9.603782539615389524e+00
6.930503557628384215e+01 9.577801522638129228e+00
6.936874984279263856e+01 9.551965283915892613e+00
6.943220136775313733e+01 9.526273033947326496e+00
6.949539110554574961e+01 9.500723987066535869e+00
6.955832000884255706e+01 9.475317361431205399e+00
6.962098902858255656e+01 9.450052379010667636e+00
6.968339911394748754e+01 9.424928265573925046e+00
6.974555121233818511e+01 9.399944250677611635e+00
6.980744626935140218e+01 9.375099567653919053e+00
6.986908522875718575e+01 9.350393453598464077e+00
6.993046903247675061e+01 9.325825149358122346e+00
6.999159862056080783e+01 9.301393899518807018e+00
7.005247493116843316e+01 9.277098952393211917e+00
7.011309890054639027e+01 9.252939560008508479e+00
7.017347146300889449e+01 9.228914978094007182e+00
7.023359355091790235e+01 9.205024466068774558e+00
7.029346609466382745e+01 9.181267287029216462e+00
7.035309002264671108e+01 9.157642707736622256e+00
7.041246626125781916e+01 9.134149998604673470e+00
7.047159573486173656e+01 9.110788433686920484e+00
7.053047936577881671e+01 9.087557290664221910e+00
7.058911807426812857e+01 9.064455850832159101e+00
7.064751277851073041e+01 9.041483399088415140e+00
7.070566439459349795e+01 9.018639223920123626e+00
7.076357383649319388e+01 8.995922617391192588e+00
7.082124201606107761e+01 8.973332875129598207e+00
7.087866984300782747e+01 8.950869296314657220e+00
7.093585822488887516e+01 8.928531183664265569e+00
7.099280806709013802e+01 8.906317843422124625e+00
7.104952027281407823e+01 8.884228585344938978e+00
7.110599574306620241e+01 8.862262722689587591e+00
7.116223537664188825e+01 8.840419572200287845e+00
7.121824007011355206e+01 8.818698454095725836e+00
7.127401071781822850e+01 8.797098692056179559e+00
7.132954821184542027e+01 8.775619613210617231e+00
7.138485344202535998e+01 8.754260548123784957e+00
7.143992729591759883e+01 8.733020830783274846e+00
7.149477065879987947e+01 8.711899798586584254e+00
7.154938441365740687e+01 8.690896792328157261e+00
7.160376944117234643e+01 8.670011156186410162e+00
7.165792661971377697e+01 8.649242237710760506e+00
7.171185682532781414e+01 8.628589387808631272e+00
7.176556093172814599e+01 8.608051960732451491e+00
7.181903981028679596e+01 8.587629314066647979e+00
7.187229433002524104e+01 8.567320808714631752e+00
7.192532535760578583e+01 8.547125808885775555e+00
7.197813375732326335e+01 8.527043682082389608e+00
7.203072039109697755e+01 8.507073799086683152e+00
7.208308611846292990e+01 8.487215533947736645e+00
7.213523179656635875e+01 8.467468263968459752e+00
7.218715828015450597e+01 8.447831369692551107e+00
7.223886642156969629e+01 8.428304234891459856e+00
7.229035707074262973e+01 8.408886246551341870e+00
7.234163107518595837e+01 8.389576794860017728e+00
7.239268927998810454e+01 8.370375273193939591e+00
7.244353252780734920e+01 8.351281078105147415e+00
7.249416165886613328e+01 8.332293609308237592e+00
7.254457751094562923e+01 8.313412269667335153e+00
7.259478091938055400e+01 8.294636465183065965e+00
7.264477271705418104e+01 8.275965604979536039e+00
7.269455373439362234e+01 8.257399101291316157e+00
7.274412479936528086e+01 8.238936369450440722e+00
7.279348673747058740e+01 8.220576827873403047e+00
7.284264037174195039e+01 8.202319898048166635e+00
7.289158652273884798e+01 8.184165004521181785e+00
7.294032600854420423e+01 8.166111574884411084e+00
7.298885964476097854e+01 8.148159039762374434e+00
7.303718824450891134e+01 8.130306832799194083e+00
7.308531261842146876e+01 8.112554390645652092e+00
7.313323357464305730e+01 8.094901152946272660e+00
7.318095191882633799e+01 8.077346562326400914e+00
7.322846845412979633e+01 8.059890064379306551e+00
7.327578398121548275e+01 8.042531107653299927e+00
7.332289929824692365e+01 8.025269143638862346e+00
7.336981520088724551e+01 8.008103626755785243e+00
7.341653248229744122e+01 7.991034014340342218e+00
7.346305193313483528e+01 7.974059766632458413e+00
7.350937434155167693e+01 7.957180346762910972e+00
7.355550049319400330e+01 7.940395220740543714e+00
7.360143117120054512e+01 7.923703857439496012e+00
7.364716715620188836e+01 7.907105728586459215e+00
7.369270922631976362e+01 7.890600308747942826e+00
7.373805815716644929e+01 7.874187075317570006e+00
7.378321472184441632e+01 7.857865508503386387e+00
7.382817969094607236e+01 7.841635091315195538e+00
7.387295383255364811e+01 7.825495309551913969e+00
7.391753791223926839e+01 7.809445651788945675e+00
7.396193269306512263e+01 7.793485609365585987e+00
7.400613893558380596e+01 7.777614676372441416e+00
7.405015739783881656e+01 7.761832349638877027e+00
7.409398883536510994e+01 7.746138128720488680e+00
7.413763400118990887e+01 7.730531515886595706e+00
7.418109364583352772e+01 7.715012016107764659e+00
7.422436851731040974e+01 7.699579137043350840e+00
7.426745936113024982e+01 7.684232389029074461e+00
7.431036692029924495e+01 7.668971285064615451e+00
7.435309193532147276e+01 7.653795340801239355e+00
7.439563514420039780e+01 7.638704074529447219e+00
7.443799728244047742e+01 7.623697007166657436e+00
7.448017908304892387e+01 7.608773662244911584e+00
7.452218127653749491e+01 7.593933565898608684e+00
7.456400459092451172e+01 7.579176246852270538e+00
7.460564975173687685e+01 7.564501236408333718e+00
7.464711748201227692e+01 7.549908068434973529e+00
7.468840850230144213e+01 7.535396279353953730e+00
7.472952353067056208e+01 7.520965408128509999e+00
7.477046328270370168e+01 7.506614996251260941e+00
7.481122847150545851e+01 7.492344587732153727e+00
7.485181980770360610e+01 7.478153729086433721e+00
7.489223799945185078e+01 7.464041969322654957e+00
7.493248375243271653e+01 7.450008859930713712e+00
7.497255776986054343e+01 7.436053954869918492e+00
7.501246075248445777e+01 7.422176810557091109e+00
7.505219339859158367e+01 7.408376985854699726e+00
7.509175640401021212e+01 7.394654042059027432e+00
7.513115046211315473e+01 7.381007542888369244e+00
7.517037626382109750e+01 7.367437054471265512e+00
7.520943449760611088e+01 7.353942145334769087e+00
7.524832584949514569e+01 7.340522386392744458e+00
7.528705100307374209e+01 7.327177350934203304e+00
7.532561063948965341e+01 7.313906614611671131e+00
7.536400543745668301e+01 7.300709755429592107e+00
7.540223607325852129e+01 7.287586353732765865e+00
7.544030322075268202e+01 7.274535992194820722e+00
7.547820755137448145e+01 7.261558255806722428e+00
7.551594973414110257e+01 7.248652731865314891e+00
7.555353043565574467e+01 7.235819009961902637e+00
7.559095032011181559e+01 7.223056681970863480e+00
7.562821004929719493e+01 7.210365342038299374e+00
7.566531028259853997e+01 7.197744586570724579e+00
7.570225167700571944e+01 7.185194014223787562e+00
7.573903488711619048e+01 7.172713225891032884e+00
7.577566056513957449e+01 7.160301824692694161e+00
7.581212936090219046e+01 7.147959415964531438e+00
7.584844192185165923e+01 7.135685607246699647e+00
7.588459889306162154e+01 7.123480008272656150e+00
7.592060091723641335e+01 7.111342230958107358e+00
7.595644863471588337e+01 7.099271889389988210e+00
7.599214268348023893e+01 7.087268599815484293e+00
7.602768369915487767e+01 7.075331980631089479e+00
7.606307231501537558e+01 7.063461652371701760e+00
7.609830916199243234e+01 7.051657237699755498e+00
7.613339486867690198e+01 7.039918361394393642e+00
7.616833006132488038e+01 7.028244650340679023e+00
7.620311536386279272e+01 7.016635733518841178e+00
7.623775139789259470e+01 7.005091241993563145e+00
7.627223878269694524e+01 6.993610808903307330e+00
7.630657813524445032e+01 6.982194069449679574e+00
7.634077007019496364e+01 6.970840660886830520e+00
7.637481519990490142e+01 6.959550222510897832e+00
7.640871413443258575e+01 6.948322395649487504e+00
7.644246748154365889e+01 6.937156823651190685e+00
7.647607584671654024e+01 6.926053151875144920e+00
7.650953983314785489e+01 6.915011027680629141e+00
7.654286004175794744e+01 6.904030100416702176e+00
7.657603707119645264e+01 6.893110021411877675e+00
7.660907151784780922e+01 6.882250443963839004e+00
7.664196397583692999e+01 6.871451023329194996e+00
7.667471503703475832e+01 6.860711416713273891e+00
7.670732529106398090e+01 6.850031283259954584e+00
7.673979532530471204e+01 6.839410284041543164e+00
7.677212572490019227e+01 6.828848082048682322e+00
7.680431707276255793e+01 6.818344342180306050e+00
7.683636994957859656e+01 6.807898731233629874e+00
7.686828493381555916e+01 6.797510917894182825e+00
7.690006260172697239e+01 6.787180572725877603e+00
7.693170352735847928e+01 6.776907368161123379e+00
7.696320828255373669e+01 6.766690978490975006e+00
7.699457743696027023e+01 6.756531079855323085e+00
7.702581155803542856e+01 6.746427350233124898e+00
7.705691121105229513e+01 6.736379469432674405e+00
7.708787695910564253e+01 6.726387119081911337e+00
7.711870936311791525e+01 6.716449982618771131e+00
7.714940898184524087e+01 6.706567745281572179e+00
7.717997637188341287e+01 6.696740094099449259e+00
7.721041208767394437e+01 6.686966717882817157e+00
7.724071668151010783e+01 6.677247307213883154e+00
7.727089070354298883e+01 6.667581554437194136e+00
7.730093470178758253e+01 6.657969153650223681e+00
7.733084922212887591e+01 6.648409800694001781e+00
7.736063480832797268e+01 6.638903193143781856e+00
7.739029200202821812e+01 6.629449030299746859e+00
7.741982134276129557e+01 6.620047013177758011e+00
7.744922336795342233e+01 6.610696844500141722e+00
7.747849861293148876e+01 6.601398228686512937e+00
7.750764761092922583e+01 6.592150871844645543e+00
7.753667089309341520e+01 6.582954481761373877e+00
7.756556898849005677e+01 6.573808767893541294e+00
7.759434242411056459e+01 6.564713441358981605e+00
7.762299172487801968e+01 6.555668214927545812e+00
7.765151741365336591e+01 6.546672803012164366e+00
7.767992001124162016e+01 6.537726921659949397e+00
7.770820003639815354e+01 6.528830288543337801e+00
7.773635800583491573e+01 6.519982622951274287e+00
7.776439443422667352e+01 6.511183645780429075e+00
7.779230983421729206e+01 6.502433079526460880e+00
7.782010471642597338e+01 6.493730648275314543e+00
7.784777958945355181e+01 6.485076077694558627e+00
7.787533495988876098e+01 6.476469095024763867e+00
7.790277133231451501e+01 6.467909429070918925e+00
7.793008920931416128e+01 6.459396810193887006e+00
7.795728909147781849e+01 6.450930970301897993e+00
7.798437147740862940e+01 6.442511642842082331e+00
7.801133686372905629e+01 6.434138562792041327e+00
7.803818574508719053e+01 6.425811466651460080e+00
7.806491861416304801e+01 6.417530092433752387e+00
7.809153596167483613e+01 6.409294179657751833e+00
7.811803827638532027e+01 6.401103469339435748e+00
7.814442604510803392e+01 6.392957703983689122e+00
7.817069975271367355e+01 6.384856627576108501e+00
7.819685988213632299e+01 6.376799985574840512e+00
7.822290691437979149e+01 6.368787524902463026e+00
7.824884132852390906e+01 6.360818993937900068e+00
7.827466360173082194e+01 6.352894142508378472e+00
7.830037420925130220e+01 6.345012721881420070e+00
7.832597362443102895e+01 6.337174484756870285e+00
7.835146231871686950e+01 6.329379185258970253e+00
7.837684076166320324e+01 6.321626578928460027e+00
7.840210942093818858e+01 6.313916422714722643e+00
7.842726876233007260e+01 6.306248474967965478e+00
7.845231924975342963e+01 6.298622495431438928e+00
7.847726134525547081e+01 6.291038245233691484e+00
7.850209550902233957e+01 6.283495486880863012e+00
7.852682219938532171e+01 6.275993984249015334e+00
7.855144187282718349e+01 6.268533502576497440e+00
7.857595498398838174e+01 6.261113808456351570e+00
7.860036198567333088e+01 6.253734669828753034e+00
7.862466332885666986e+01 6.246395855973487343e+00
7.864885946268950079e+01 6.239097137502464641e+00
7.867295083450564164e+01 6.231838286352270551e+00
7.869693788982780802e+01 6.224619075776753441e+00
7.872082107237392279e+01 6.217439280339647212e+00
7.874460082406326933e+01 6.210298675907230503e+00
7.876827758502274435e+01 6.203197039641024091e+00
7.879185179359303959e+01 6.196134149990521145e+00
7.881532388633486619e+01 6.189109786685955683e+00
7.883869429803513640e+01 6.182123730731104772e+00
7.886196346171315952e+01 6.175175764396130695e+00
7.888513180862679519e+01 6.168265671210451551e+00
7.890819976827863513e+01 6.161393235955655356e+00
7.893116776842217064e+01 6.154558244658442590e+00
7.895403623506796009e+01 6.147760484583609575e+00
7.897680559248973964e+01 6.140999744227062962e+00
7.899947626323056227e+01 6.134275813308870617e+00
7.902204866810895112e+01 6.127588482766349820e+00
7.904452322622498173e+01 6.120937544747185655e+00
7.906690035496642111e+01 6.114322792602587597e+00
7.908918047001481000e+01 6.107744020880478963e+00
7.911136398535154513e+01 6.101201025318723659e+00
7.913345131326396142e+01 6.094693602838383129e+00
7.915544286435141430e+01 6.088221551537009724e+00
7.917733904753130503e+01 6.081784670681976479e+00
7.919914027004516299e+01 6.075382760703834428e+00
7.922084693746465689e+01 6.069015623189711661e+00
7.924245945369763433e+01 6.062683060876740804e+00
7.926397822099411883e+01 6.056384877645522025e+00
7.928540363995232099e+01 6.050120878513619793e+00
7.930673610952464969e+01 6.043890869629093388e+00
7.932797602702366646e+01 6.037694658264057601e+00
7.934912378812806821e+01 6.031532052808280753e+00
7.937017978688864162e+01 6.025402862762814671e+00
7.939114441573420322e+01 6.019306898733656652e+00
7.941201806547753961e+01 6.013243972425444284e+00
7.943280112532133330e+01 6.007213896635184014e+00
7.945349398286406029e+01 6.001216485246010812e+00
7.947409702410588750e+01 5.995251553220981577e+00
7.949461063345457035e+01 5.989318916596901410e+00
7.951503519373132178e+01 5.983418392478180969e+00
7.953537108617666718e+01 5.977549799030724920e+00
7.955561869045629919e+01 5.971712955475856788e+00
7.957577838466687581e+01 5.965907682084268693e+00
7.959585054534190363e+01 5.960133800170011042e+00
7.961583554745749325e+01 5.954391132084505323e+00
7.963573376443817153e+01 5.948679501210595078e+00
7.965554556816269383e+01 5.942998731956627090e+00
7.967527132896974251e+01 5.937348649750560092e+00
7.969491141566375347e+01 5.931729081034108120e+00
7.971446619552060042e+01 5.926139853256914947e+00
7.973393603429337873e+01 5.920580794870756947e+00
7.975332129621807553e+01 5.915051735323778814e+00
7.977262234401928254e+01 5.909552505054759486e+00
7.979183953891588033e+01 5.904082935487407369e+00
7.981097324062672271e+01 5.898642859024689322e+00
7.983002380737627846e+01 5.893232109043185396e+00
7.984899159590028717e+01 5.887850519887476430e+00
7.986787696145140103e+01 5.882497926864562743e+00
7.988668025780475546e+01 5.877174166238308572e+00
7.990540183726362500e+01 5.871879075223921163e+00
7.992404205066497980e+01 5.866612491982456490e+00
7.994260124738507045e+01 5.861374255615355189e+00
7.996107977534497024e+01 5.856164206159008678e+00
7.997947798101613159e+01 5.850982184579352818e+00
7.999779620942592828e+01 5.845828032766493543e+00
8.001603480416312664e+01 5.840701593529357361e+00
8.003419410738344197e+01 5.835602710590375608e+00
8.005227445981499557e+01 5.830531228580193570e+00
8.007027620076375740e+01 5.825486993032411576e+00
8.008819966811905999e+01 5.820469850378351850e+00
8.010604519835899850e+01 5.815479647941854680e+00
8.012381312655584509e+01 5.810516233934102992e+00
8.014150378638150585e+01 5.805579457448475367e+00
8.015911751011289255e+01 5.800669168455428348e+00
8.017665462863728010e+01 5.795785217797402744e+00
8.019411547145770669e+01 5.790927457183762783e+00
8.021150036669830286e+01 5.786095739185759257e+00
8.022880964110964896e+01 5.781289917231520192e+00
8.024604362007406166e+01 5.776509845601072612e+00
8.026320262761092295e+01 5.771755379421388277e+00
8.028028698638196659e+01 5.767026374661456067e+00
8.029729701769655037e+01 5.762322688127385462e+00
8.031423304151689990e+01 5.757644177457533097e+00
8.033109537646336662e+01 5.752990701117656869e+00
8.034788433981965738e+01 5.748362118396098452e+00
8.036460024753804987e+01 5.743758289398990691e+00
8.038124341424456532e+01 5.739179075045493406e+00
8.039781415324416969e+01 5.734624337063052302e+00
8.041431277652594645e+01 5.730093937982687180e+00
8.043073959476824086e+01 5.725587741134305020e+00
8.044709491734376172e+01 5.721105610642039707e+00
8.046337905232475407e+01 5.716647411419614855e+00
8.047959230648807250e+01 5.712213009165737709e+00
8.049573498532026861e+01 5.707802270359512598e+00
8.051180739302266431e+01 5.703415062255885459e+00
8.052780983251643931e+01 5.699051252881109697e+00
8.054374260544761910e+01 5.694710711028237782e+00
8.055960601219213402e+01 5.690393306252641281e+00
8.057540035186083571e+01 5.686098908867552204e+00
8.059112592230447092e+01 5.681827389939630102e+00
8.060678302011866947e+01 5.677578621284555815e+00
8.062237194064890389e+01 5.673352475462648314e+00
8.063789297799544897e+01 5.669148825774504630e+00
8.065334642501828455e+01 5.664967546256669095e+00
8.066873257334202663e+01 5.660808511677322130e+00
8.068405171336085857e+01 5.656671597531993001e+00
8.069930413424337701e+01 5.652556680039301895e+00
8.071449012393746614e+01 5.648463636136719757e+00
8.072960996917514365e+01 5.644392343476357432e+00
8.074466395547744924e+01 5.640342680420773469e+00
8.075965236715919104e+01 5.636314526038809447e+00
8.077457548733380577e+01 5.632307760101447514e+00
8.078943359791813350e+01 5.628322263077691012e+00
8.080422697963717837e+01 5.624357916130468205e+00
8.081895591202891183e+01 5.620414601112558195e+00
8.083362067344894797e+01 5.616492200562544390e+00
8.084822154107533265e+01 5.612590597700786610e+00
8.086275879091321883e+01 5.608709676425414514e+00
8.087723269779958457e+01 5.604849321308349452e+00
8.089164353540790842e+01 5.601009417591344963e+00
8.090599157625281634e+01 5.597189851182051257e+00
8.092027709169475713e+01 5.593390508650099235e+00
8.093450035194463510e+01 5.589611277223211161e+00
8.094866162606840021e+01 5.585852044783330861e+00
8.096276118199169503e+01 5.582112699862776140e+00
8.097679928650438796e+01 5.578393131640413394e+00
8.099077620526519183e+01 5.574693229937853545e+00
8.100469220280621130e+01 5.571012885215671950e+00
8.101854754253744773e+01 5.567351988569646082e+00
8.103234248675138929e+01 5.563710431727018069e+00
8.104607729662745896e+01 5.560088107042775896e+00
8.105975223223653359e+01 5.556484907495959469e+00
8.107336755254542027e+01 5.552900726685984445e+00
8.108692351542134702e+01 5.549335458828988266e+00
8.110042037763635392e+01 5.545788998754196619e+00
8.111385839487178373e+01 5.542261241900312996e+00
8.112723782172265885e+01 5.538752084311926005e+00
8.114055891170210089e+01 5.535261422635938899e+00
8.115382191724572181e+01 5.531789154118020413e+00
8.116702708971597247e+01 5.528335176599072476e+00
8.118017467940653376e+01 5.524899388511723686e+00
8.119326493554662250e+01 5.521481688876838767e+00
8.120629810630532575e+01 5.518081977300048457e+00
8.121927443879592090e+01 5.514700153968301599e+00
8.123219417908018158e+01 5.511336119646434994e+00
8.124505757217262669e+01 5.507989775673765465e+00
8.125786486204481207e+01 5.504661023960697896e+00
8.127061629162956535e+01 5.501349766985356382e+00
8.128331210282520658e+01 5.498055907790233121e+00
8.129595253649981146e+01 5.494779349978856864e+00
8.130853783249537514e+01 5.491519997712480894e+00
8.132106822963201864e+01 5.488277755706791439e+00
8.133354396571215261e+01 5.485052529228631180e+00
8.134596527752465533e+01 5.481844224092746742e+00
8.135833240084899387e+01 5.478652746658551287e+00
8.137064557045937363e+01 5.475478003826908413e+00
8.138290502012884531e+01 5.472319903036932942e+00
8.139511098263339761e+01 5.469178352262811238e+00
8.140726368975604998e+01 5.466053260010638404e+00
8.141936337229093112e+01 5.462944535315276795e+00
8.143141026004730065e+01 5.459852087737231408e+00
8.144340458185362763e+01 5.456775827359542141e+00
8.145534656556159803e+01 5.453715664784695605e+00
8.146723643805013637e+01 5.450671511131554681e+00
8.147907442522938481e+01 5.447643278032304970e+00
8.149086075204471058e+01 5.444630877629421661e+00
8.150259564248062816e+01 5.441634222572651503e+00
8.151427931956480677e+01 5.438653226016012532e+00
8.152591200537197835e+01 5.435687801614813353e+00
8.153749392102787397e+01 5.432737863522686617e+00
8.154902528671308914e+01 5.429803326388644713e+00
8.156050632166706293e+01 5.426884105354146115e+00
8.157193724419187220e+01 5.423980116050184819e+00
8.158331827165613959e+01 5.421091274594393994e+00
8.159464962049889891e+01 5.418217497588166509e+00
8.160593150623340364e+01 5.415358702113793221e+00
8.161716414345096382e+01 5.412514805731618139e+00
8.162834774582474040e+01 5.409685726477209577e+00
8.163948252611355372e+01 5.406871382858546404e+00
8.165056869616564938e+01 5.404071693853225611e+00
8.166160646692250680e+01 5.401286578905679647e+00
8.167259604842253395e+01 5.398515957924416853e+00
8.168353764980483334e+01 5.395759751279273431e+00
8.169443147931293936e+01 5.393017879798681413e+00
8.170527774429849899e+01 5.390290264766957051e+00
8.171607665122498076e+01 5.387576827921600753e+00
8.172682840567136964e+01 5.384877491450614784e+00
8.173753321233580493e+01 5.382192177989836068e+00
8.174819127503927518e+01 5.379520810620285864e+00
8.175880279672922768e+01 5.376863312865534539e+00
8.176936797948319224e+01 5.374219608689079664e+00
8.177988702451241920e+01 5.371589622491743654e+00
8.179036013216546053e+01 5.368973279109082952e+00
8.180078750193175097e+01 5.366370503808814973e+00
8.181116933244521761e+01 5.363781222288260153e+00
8.182150582148777573e+01 5.361205360671797315e+00
8.183179716599293840e+01 5.358642845508335029e+00
8.184204356204929809e+01 5.356093603768797173e+00
8.185224520490407940e+01 5.353557562843626272e+00
8.186240228896660653e+01 5.351034650540297477e+00
8.187251500781182756e+01 5.348524795080850325e+00
8.188258355418376766e+01 5.346027925099432920e+00
8.189260811999902501e+01 5.343543969639863889e+00
8.190258889635019557e+01 5.341072858153204095e+00
8.191252607350931214e+01 5.338614520495346127e+00
8.192241984093126916e+01 5.336168886924616217e+00
8.193227038725724753e+01 5.333735888099393918e+00
8.194207790031809679e+01 5.331315455075740672e+00
8.195184256713771731e+01 5.328907519305045248e+00
8.196156457393645667e+01 5.326512012631685167e+00
8.197124410613444923e+01 5.324128867290696121e+00
8.198088134835496987e+01 5.321758015905460937e+00
8.199047648442774516e+01 5.319399391485410966e+00
8.200002969739230707e+01 5.317052927423739028e+00
8.200954116950126149e+01 5.314718557495126561e+00
8.201901108222362780e+01 5.312396215853485870e+00
8.202843961624809310e+01 5.310085837029715705e+00
8.203782695148626658e+01 5.307787355929466599e+00
8.204717326707596214e+01 5.305500707830923979e+00
8.205647874138442432e+01 5.303225828382603702e+00
8.206574355201158255e+01 5.300962653601156482e+00
8.207496787579323438e+01 5.298711119869191855e+00
8.208415188880428559e+01 5.296471163933109239e+00
8.209329576636190495e+01 5.294242722900946774e+00
8.210239968302875013e+01 5.292025734240238144e+00
8.211146381261607985e+01 5.289820135775885390e+00
8.212048832818696553e+01 5.287625865688045934e+00
8.212947340205938929e+01 5.285442862510026707e+00
8.213841920580939870e+01 5.283271065126195154e+00
8.214732591027423325e+01 5.281110412769901785e+00
8.215619368555537960e+01 5.278960845021416048e+00
8.216502270102174066e+01 5.276822301805870197e+00
8.217381312531266246e+01 5.274694723391221807e+00
8.218256512634101796e+01 5.272578050386223403e+00
8.219127887129626231e+01 5.270472223738406292e+00
8.219995452664747404e+01 5.268377184732075946e+00
8.220859225814641036e+01 5.266292874986320705e+00
8.221719223083050565e+01 5.264219236453029360e+00
8.222575460902588418e+01 5.262156211414924734e+00
8.223427955635035858e+01 5.260103742483603462e+00
8.224276723571641412e+01 5.258061772597594441e+00
8.225121780933419302e+01 5.256030245020422598e+00
8.225963143871445027e+01 5.254009103338686870e+00
8.226800828467148108e+01 5.251998291460150625e+00
8.227634850732610516e+01 5.249997753611842732e+00
8.228465226610853733e+01 5.248007434338167521e+00
8.229291971976134334e+01 5.246027278499030722e+00
8.230115102634233892e+01 5.244057231267973407e+00
8.230934634322744614e+01 5.242097238130317471e+00
8.231750582711363506e+01 5.240147244881321775e+00
8.232562963402172329e+01 5.238207197624351608e+00
8.233371791929928918e+01 5.236277042769057033e+00
8.234177083762347138e+01 5.234356727029562784e+00
8.234978854300385365e+01 5.232446197422668810e+00
8.235777118878525016e+01 5.230545401266061489e+00
8.236571892765050507e+01 5.228654286176536381e+00
8.237363191162333464e+01 5.226772800068229863e+00
8.238151029207109843e+01 5.224900891150864979e+00
8.238935421970755613e+01 5.223038507928002616e+00
8.239716384459566711e+01 5.221185599195308669e+00
8.240493931615031897e+01 5.219342114038824754e+00
8.241268078314109857e+01 5.217508001833258469e+00
8.242038839369499215e+01 5.215683212240275424e+00
8.242806229529914219e+01 5.213867695206804598e+00
8.243570263480353333e+01 5.212061400963357016e+00
8.244330955842369235e+01 5.210264280022349759e+00
8.245088321174340251e+01 5.208476283176441513e+00
8.245842373971734673e+01 5.206697361496879672e+00
8.246593128667382189e+01 5.204927466331855435e+00
8.247340599631735358e+01 5.203166549304870436e+00
8.248084801173135361e+01 5.201414562313111389e+00
8.248825747538076314e+01 5.199671457525837148e+00
8.249563452911466754e+01 5.197937187382771107e+00
8.250297931416892538e+01 5.196211704592507807e+00
8.251029197116876901e+01 5.194494962130925764e+00
8.251757264013137672e+01 5.192786913239613611e+00
8.252482146046848754e+01 5.191087511424300693e+00
8.253203857098894503e+01 5.189396710453300976e+00
8.253922410990125513e+01 5.187714464355965838e+00
8.254637821481618687e+01 5.186040727421143970e+00
8.255350102274925916e+01 5.184375454195652821e+00
8.256059267012328462e+01 5.182718599482757149e+00
8.256765329277089904e+01 5.181070118340659114e+00
8.257468302593707676e+01 5.179429966080997261e+00
8.258168200428161754e+01 5.177798098267351712e+00
8.258865036188164765e+01 5.176174470713760023e+00
8.259558823223407842e+01 5.174559039483243694e+00
8.260249574825809304e+01 5.172951760886341788e+00
8.260937304229760514e+01 5.171352591479650762e+00
8.261622024612368875e+01 5.169761488064380295e+00
8.262303749093706529e+01 5.168178407684909992e+00
8.262982490737046248e+01 5.166603307627360309e+00
8.263658262549110134e+01 5.165036145418167912e+00
8.264331077480306931e+01 5.163476878822672589e+00
8.265000948424970773e+01 5.161925465843713035e+00
8.265667888221604187e+01 5.160381864720227085e+00
8.266331909653111154e+01 5.158846033925866159e+00
8.266993025447040111e+01 5.157317932167611474e+00
8.267651248275814169e+01 5.155797518384405365e+00
8.268306590756969854e+01 5.154284751745785265e+00
8.268959065453390167e+01 5.152779591650529234e+00
8.269608684873536220e+01 5.151281997725308592e+00
8.270255461471681713e+01 5.149791929823348546e+00
8.270899407648143153e+01 5.148309348023095922e+00
8.271540535749510070e+01 5.146834212626897553e+00
8.272178858068875229e+01 5.145366484159684894e+00
8.272814386846060586e+01 5.143906123367665728e+00
8.273447134267847503e+01 5.142453091217025651e+00
8.274077112468202699e+01 5.141007348892635775e+00
8.274704333528502787e+01 5.139568857796771084e+00
8.275328809477758796e+01 5.138137579547830569e+00
8.275950552292840712e+01 5.136713475979071575e+00
8.276569573898700583e+01 5.135296509137349474e+00
8.277185886168594209e+01 5.133886641281862673e+00
8.277799500924299991e+01 5.132483834882907381e+00
8.278410429936343462e+01 5.131088052620641271e+00
8.279018684924210447e+01 5.129699257383851574e+00
8.279624277556571599e+01 5.128317412268731168e+00
8.280227219451494136e+01 5.126942480577663552e+00
8.280827522176663535e+01 5.125574425818014923e+00
8.281425197249593850e+01 5.124213211700931581e+00
8.282020256137845138e+01 5.122858802140147105e+00
8.282612710259239464e+01 5.121511161250795752e+00
8.283202570982068380e+01 5.120170253348232059e+00
8.283789849625308932e+01 5.118836042946857567e+00
8.284374557458832555e+01 5.117508494758957305e+00
8.284956705703618240e+01 5.116187573693540713e+00
8.285536305531958590e+01 5.114873244855188794e+00
8.286113368067671558e+01 5.113565473542911022e+00
8.286687904386303671e+01 5.112264225249008476e+00
8.287259925515341763e+01 5.110969465657940525e+00
8.287829442434413352e+01 5.109681160645203057e+00
8.288396466075498381e+01 5.108399276276210266e+00
8.288961007323128172e+01 5.107123778805185310e+00
8.289523077014590058e+01 5.105854634674054537e+00
8.290082685940132023e+01 5.104591810511354133e+00
8.290639844843160233e+01 5.103335273131134997e+00
8.291194564420443669e+01 5.102084989531881831e+00
8.291746855322311660e+01 5.100840926895434890e+00
8.292296728152855678e+01 5.099603052585919727e+00
8.292844193470125447e+01 5.098371334148682266e+00
8.293389261786326472e+01 5.097145739309230095e+00
8.293931943568018994e+01 5.095926235972183527e+00
8.294472249236308414e+01 5.094712792220225772e+00
8.295010189167048509e+01 5.093505376313068211e+00
8.295545773691027591e+01 5.092303956686416555e+00
8.296079013094167465e+01 5.091108501950942333e+00
8.296609917617713847e+01 5.089918980891264155e+00
8.297138497458428219e+01 5.088735362464935186e+00
8.297664762768778246e+01 5.087557615801431510e+00
8.298188723657131050e+01 5.086385710201153820e+00
8.298710390187936525e+01 5.085219615134428217e+00
8.299229772381923453e+01 5.084059300240517665e+00
8.299746880216281397e+01 5.082904735326639667e+00
8.300261723624849708e+01 5.081755890366984829e+00
8.300774312498306529e+01 5.080612735501747856e+00
8.301284656684349272e+01 5.079475241036159439e+00
8.301792765987882206e+01 5.078343377439527018e+00
8.302298650171199768e+01 5.077217115344278220e+00
8.302802318954171312e+01 5.076096425545013169e+00
8.303303782014421586e+01 5.074981278997562129e+00
8.303803048987512625e+01 5.073871646818045811e+00
8.304300129467124236e+01 5.072767500281946340e+00
8.304795033005234473e+01 5.071668810823177331e+00
8.305287769112300111e+01 5.070575550033167289e+00
8.305778347257435712e+01 5.069487689659940344e+00
8.306266776868586987e+01 5.068405201607210309e+00
8.306753067332714124e+01 5.067328057933473850e+00
8.307237227995962314e+01 5.066256230851113429e+00
8.307719268163842230e+01 5.065189692725502901e+00
8.308199197101401978e+01 5.064128416074120231e+00
8.308677024033400471e+01 5.063072373565664641e+00
8.309152758144485063e+01 5.062021538019179090e+00
8.309626408579360657e+01 5.060975882403178971e+00
8.310097984442960239e+01 5.059935379834785252e+00
8.310567494800622512e+01 5.058900003578862048e+00
8.311034948678255319e+01 5.057869727047161312e+00
8.311500355062509016e+01 5.056844523797471069e+00
8.311963722900945584e+01 5.055824367532770758e+00
8.312425061102206314e+01 5.054809232100387462e+00
8.312884378536178076e+01 5.053799091491162798e+00
8.313341684034163848e+01 5.052793919838620695e+00
8.313796986389046140e+01 5.051793691418140497e+00
8.314250294355451842e+01 5.050798380646138952e+00
8.314701616649919913e+01 5.049807962079252199e+00
8.315150961951064801e+01 5.048822410413523976e+00
8.315598338899737030e+01 5.047841700483600924e+00
8.316043756099188045e+01 5.046865807261931458e+00
8.316487222115235056e+01 5.045894705857969065e+00
8.316928745476417362e+01 5.044928371517378274e+00
8.317368334674159769e+01 5.043966779621251284e+00
8.317805998162933179e+01 5.043009905685322813e+00
8.318241744360413747e+01 5.042057725359194720e+00
8.318675581647637784e+01 5.041110214425561509e+00
8.319107518369166598e+01 5.040167348799442060e+00
8.319537562833237132e+01 5.039229104527418457e+00
8.319965723311923966e+01 5.038295457786873932e+00
8.320392008041291376e+01 5.037366384885240578e+00
8.320816425221551071e+01 5.036441862259247948e+00
8.321238983017215673e+01 5.035521866474178765e+00
8.321659689557255035e+01 5.034606374223126402e+00
8.322078552935245455e+01 5.033695362326261247e+00
8.322495581209525994e+01 5.032788807730095293e+00
8.322910782403350538e+01 5.031886687506756495e+00
8.323324164505035583e+01 5.030988978853264904e+00
8.323735735468116559e+01 5.030095659090814131e+00
8.324145503211492780e+01 5.029206705664056365e+00
8.324553475619580922e+01 5.028322096140392716e+00
8.324959660542459972e+01 5.027441808209264451e+00
8.325364065796024704e+01 5.026565819681455771e+00
8.325766699162129214e+01 5.025694108488391265e+00
8.326167568388734708e+01 5.024826652681445793e+00
8.326566681190057295e+01 5.023963430431254373e+00
8.326964045246712942e+01 5.023104420027026507e+00
8.327359668205860999e+01 5.022249599875864945e+00
8.327753557681351992e+01 5.021398948502089787e+00
8.328145721253868317e+01 5.020552444546564352e+00
8.328536166471070601e+01 5.019710066766027268e+00
8.328924900847739821e+01 5.018871794032428113e+00
8.329311931865915142e+01 5.018037605332263951e+00
8.329697266975041714e+01 5.017207479765925626e+00
8.330080913592107095e+01 5.016381396547042293e+00
8.330462879101784779e+01 5.015559335001833929e+00
8.330843170856570623e+01 5.014741274568464746e+00
8.331221796176923533e+01 5.013927194796403697e+00
8.331598762351404730e+01 5.013117075345785878e+00
8.331974076636815596e+01 5.012310895986778370e+00
8.332347746258334098e+01 5.011508636598951405e+00
8.332719778409651212e+01 5.010710277170652205e+00
8.333090180253107349e+01 5.009915797798381476e+00
8.333458958919830195e+01 5.009125178686176127e+00
8.333826121509865459e+01 5.008338400144992875e+00
8.334191675092316132e+01 5.007555442592098949e+00
8.334555626705473230e+01 5.006776286550463695e+00
8.334917983356949378e+01 5.006000912648152834e+00
8.335278752023812388e+01 5.005229301617731608e+00
8.335637939652716000e+01 5.004461434295665256e+00
8.335995553160034888e+01 5.003697291621726606e+00
8.336351599431992554e+01 5.002936854638407205e+00
8.336706085324790649e+01 5.002180104490329349e+00
8.337059017664743976e+01 5.001427022423665214e+00
8.337410403248405544e+01 5.000677589785557764e+00
8.337760248842695887e+01 4.999931788023544321e+00
8.338108561185033807e+01 4.999189598684983693e+00
8.338455346983461425e+01 4.998451003416488625e+00
8.338800612916772081e+01 4.997715983963360031e+00
8.339144365634638234e+01 4.996984522169025666e+00
8.339486611757736512e+01 4.996256599974479684e+00
8.339827357877874192e+01 4.995532199417728414e+00
8.340166610558111415e+01 4.994811302633237915e+00
8.340504376332887659e+01 4.994093891851385969e+00
8.340840661708148218e+01 4.993379949397915851e+00
8.341175473161464993e+01 4.992669457693394541e+00
8.341508817142157284e+01 4.991962399252673599e+00
8.341840700071418269e+01 4.991258756684353592e+00
8.342171128342434372e+01 4.990558512690251192e+00
8.342500108320507479e+01 4.989861650064869814e+00
8.342827646343177150e+01 4.989168151694873821e+00
8.343153748720337148e+01 4.988478000558564496e+00
8.343478421734359074e+01 4.987791179725361346e+00
8.343801671640208895e+01 4.987107672355283405e+00
8.344123504665567737e+01 4.986427461698437646e+00
8.344443927010949835e+01 4.985750531094506499e+00
8.344762944849819064e+01 4.985076863972241590e+00
8.345080564328705464e+01 4.984406443848957480e+00
8.345396791567327455e+01 4.983739254330030732e+00
8.345711632658699841e+01 4.983075279108400757e+00
8.346025093669257444e+01 4.982414501964075981e+00
8.346337180638963105e+01 4.981756906763638248e+00
8.346647899581429897e+01 4.981102477459754319e+00
8.346957256484027710e+01 4.980451198090689147e+00
8.347265257308004038e+01 4.979803052779822714e+00
8.347571907988593409e+01 4.979158025735165971e+00
8.347877214435131066e+01 4.978516101248885661e+00
8.348181182531163813e+01 4.977877263696826482e+00
8.348483818134565126e+01 4.977241497538040349e+00
8.348785127077643153e+01 4.976608787314315663e+00
8.349085115167254401e+01 4.975979117649709238e+00
8.349383788184913158e+01 4.975352473250084451e+00
8.349681151886899499e+01 4.974728838902646721e+00
8.349977212004372973e+01 4.974108199475487879e+00
8.350271974243476336e+01 4.973490539917127862e+00
8.350565444285447825e+01 4.972875845256061744e+00
8.350857627786729154e+01 4.972264100600310321e+00
8.351148530379070678e+01 4.971655291136970689e+00
8.351438157669642237e+01 4.971049402131771267e+00
8.351726515241136894e+01 4.970446418928630372e+00
8.352013608651876098e+01 4.969846326949213022e+00
8.352299443435920523e+01 4.969249111692497500e+00
8.352584025103169552e+01 4.968654758734337484e+00
8.352867359139470693e+01 4.968063253727031281e+00
8.353149451006721904e+01 4.967474582398891059e+00
8.353430306142973905e+01 4.966888730553816522e+00
8.353709929962538183e+01 4.966305684070869475e+00
8.353988327856086471e+01 4.965725428903852823e+00
8.354265505190754482e+01 4.965147951080889577e+00
8.354541467310244229e+01 4.964573236704007186e+00
8.354816219534924926e+01 4.964001271948720095e+00
8.355089767161935299e+01 4.963432043063622068e+00
8.355362115465285910e+01 4.962865536369971409e+00
8.355633269695954368e+01 4.962301738261287731e+00
8.355903235081993330e+01 4.961740635202943395e+00
8.356172016828621452e+01 4.961182213731763824e+00
8.356439620118329970e+01 4.960626460455625164e+00
8.356706050110976491e+01 4.960073362053058155e+00
8.356971311943885894e+01 4.959522905272851112e+00
8.357235410731945535e+01 4.958975076933658244e+00
8.357498351567707573e+01 4.958429863923607961e+00
8.357760139521481335e+01 4.957887253199914745e+00
8.358020779641432796e+01 4.957347231788491015e+00
8.358280276953678367e+01 4.956809786783566985e+00
8.358538636462381533e+01 4.956274905347305193e+00
8.358795863149850902e+01 4.955742574709423032e+00
8.359051961976631162e+01 4.955212782166816154e+00
8.359306937881601129e+01 4.954685515083180114e+00
8.359560795782064702e+01 4.954160760888642656e+00
8.359813540573847490e+01 4.953638507079388020e+00
8.360065177131389191e+01 4.953118741217291898e+00
8.360315710307834536e+01 4.952601450929554616e+00
8.360565144935128501e+01 4.952086623908336094e+00
8.360813485824108682e+01 4.951574247910395243e+00
8.361060737764594819e+01 4.951064310756727593e+00
8.361306905525481170e+01 4.950556800332210905e+00
8.361551993854828879e+01 4.950051704585248125e+00
8.361796007479954085e+01 4.949549011527413001e+00
8.362038951107520290e+01 4.949048709233100141e+00
8.362280829423626471e+01 4.948550785839174182e+00
8.362521647093896604e+01 4.948055229544624289e+00
8.362761408763572035e+01 4.947562028610216878e+00
8.363000119057595327e+01 4.947071171358154551e+00
8.363237782580701207e+01 4.946582646171733266e+00
8.363474403917503253e+01 4.946096441495003049e+00
8.363709987632583420e+01 4.945612545832432261e+00
8.363944538270577311e+01 4.945130947748570982e+00
8.364178060356262279e+01 4.944651635867717943e+00
8.364410558394641271e+01 4.944174598873589233e+00
8.364642036871030939e+01 4.943699825508989676e+00
8.364872500251148324e+01 4.943227304575484204e+00
8.365101952981193278e+01 4.942757024933073673e+00
8.365330399487936575e+01 4.942288975499869785e+00
8.365557844178800906e+01 4.941823145251774463e+00
8.365784291441947573e+01 4.941359523222160099e+00
8.366009745646358908e+01 4.940898098501549818e+00
8.366234211141923538e+01 4.940438860237303054e+00
8.366457692259518808e+01 4.939981797633300253e+00
8.366680193311091784e+01 4.939526899949632899e+00
8.366901718589743098e+01 4.939074156502289092e+00
8.367122272369807945e+01 4.938623556662847136e+00
8.367341858906941354e+01 4.938175089858169109e+00
8.367560482438193503e+01 4.937728745570093558e+00
8.367778147182096404e+01 4.937284513335134406e+00
8.367994857338740644e+01 4.936842382744177193e+00
8.368210617089857806e+01 4.936402343442179763e+00
8.368425430598898629e+01 4.935964385127875609e+00
8.368639302011114012e+01 4.935528497553475447e+00
8.368852235453634592e+01 4.935094670524374116e+00
8.369064235035548904e+01 4.934662893898857483e+00
8.369275304847980124e+01 4.934233157587810226e+00
8.369485448964168484e+01 4.933805451554426291e+00
8.369694671439545175e+01 4.933379765813922013e+00
8.369902976311810505e+01 4.932956090433251006e+00
8.370110367601013479e+01 4.932534415530816396e+00
8.370316849309627116e+01 4.932114731276190156e+00
8.370522425422625190e+01 4.931697027889831553e+00
8.370727099907557545e+01 4.931281295642809148e+00
8.370930876714628255e+01 4.930867524856519246e+00
8.371133759776768102e+01 4.930455705902412333e+00
8.371335753009711311e+01 4.930045829201718632e+00
8.371536860312070871e+01 4.929637885225172766e+00
8.371737085565412428e+01 4.929231864492744641e+00
8.371936432634331027e+01 4.928827757573367663e+00
8.372134905366519320e+01 4.928425555084670506e+00
8.372332507592847151e+01 4.928025247692712441e+00
8.372529243127432608e+01 4.927626826111715985e+00
8.372725115767713078e+01 4.927230281103803122e+00
8.372920129294521985e+01 4.926835603478734171e+00
8.373114287472155581e+01 4.926442784093646665e+00
8.373307594048451108e+01 4.926051813852796002e+00
8.373500052754853584e+01 4.925662683707296985e+00
8.373691667306491127e+01 4.925275384654870692e+00
8.373882441402241739e+01 4.924889907739586015e+00
8.374072378724808630e+01 4.924506244051609194e+00
8.374261482940788426e+01 4.924124384726949799e+00
8.374449757700740804e+01 4.923744320947212927e+00
8.374637206639259546e+01 4.923366043939348735e+00
8.374823833375040749e+01 4.922989544975404641e+00
8.375009641510953884e+01 4.922614815372281072e+00
8.375194634634110002e+01 4.922241846491486328e+00
8.375378816315929953e+01 4.921870629738891445e+00
8.375562190112214012e+01 4.921501156564492163e+00
8.375744759563207253e+01 4.921133418462164677e+00
8.375926528193672027e+01 4.920767406969430269e+00
8.376107499512949062e+01 4.920403113667214612e+00
8.376287677015031363e+01 4.920040530179615068e+00
8.376467064178625321e+01 4.919679648173661768e+00
8.376645664467223185e+01 4.919320459359086684e+00
8.376823481329162746e+01 4.918962955488092703e+00
8.377000518197699819e+01 4.918607128355119151e+00
8.377176778491069342e+01 4.918252969796616192e+00
8.377352265612553595e+01 4.917900471690813013e+00
8.377526982950544721e+01 4.917549625957494897e+00
8.377700933878612943e+01 4.917200424557774063e+00
8.377874121755569092e+01 4.916852859493867633e+00
8.378046549925529973e+01 4.916506922808875579e+00
8.378218221717980896e+01 4.916162606586555128e+00
8.378389140447841044e+01 4.915819902951105824e+00
8.378559309415524581e+01 4.915478804066945706e+00
8.378728731907008864e+01 4.915139302138495481e+00
8.378897411193892708e+01 4.914801389409963583e+00
8.379065350533458911e+01 4.914465058165126798e+00
8.379232553168742470e+01 4.914130300727119760e+00
8.379399022328584579e+01 4.913797109458220902e+00
8.379564761227700842e+01 4.913465476759640183e+00
8.379729773066740961e+01 4.913135395071309475e+00
8.379894061032348418e+01 4.912806856871672956e+00
8.380057628297224426e+01 4.912479854677479274e+00
8.380220478020186192e+01 4.912154381043574602e+00
8.380382613346228027e+01 4.911830428562697470e+00
8.380544037406582447e+01 4.911507989865272705e+00
8.380704753318781286e+01 4.911187057619210705e+00
8.380864764186713955e+01 4.910867624529703157e+00
8.381024073100685712e+01 4.910549683339023197e+00
8.381182683137478762e+01 4.910233226826323794e+00
8.381340597360410527e+01 4.909918247807442349e+00
8.381497818819393331e+01 4.909604739134700857e+00
8.381654350550992660e+01 4.909292693696709620e+00
8.381810195578484013e+01 4.908982104418171843e+00
8.381965356911911158e+01 4.908672964259690907e+00
8.382119837548147245e+01 4.908365266217574963e+00
8.382273640470945963e+01 4.908059003323647751e+00
8.382426768651005489e+01 4.907754168645055870e+00
8.382579225046021065e+01 4.907450755284078703e+00
8.382731012600743270e+01 4.907148756377941012e+00
8.382882134247033434e+01 4.906848165098625536e+00
8.383032592903920488e+01 4.906548974652683803e+00
8.383182391477659223e+01 4.906251178281054948e+00
8.383331532861782875e+01 4.905954769258876524e+00
8.383480019937159966e+01 4.905659740895305099e+00
8.383627855572048304e+01 4.905366086533332393e+00
8.383775042622153251e+01 4.905073799549602320e+00
8.383921583930678878e+01 4.904782873354234241e+00
8.384067482328383392e+01 4.904493301390640880e+00
8.384212740633635974e+01 4.904205077135350699e+00
8.384357361652466523e+01 4.903918194097832028e+00
8.384501348178625335e+01 4.903632645820315439e+00
8.384644702993630005e+01 4.903348425877618766e+00
8.384787428866823689e+01 4.903065527876973917e+00
8.384929528555427680e+01 4.902783945457851900e+00
8.385071004804591155e+01 4.902503672291793180e+00
8.385211860347446589e+01 4.902224702082233598e+00
8.385352097905163760e+01 4.901947028564336506e+00
8.385491720186998066e+01 4.901670645504821344e+00
8.385630729890344526e+01 4.901395546701796668e+00
8.385769129700790359e+01 4.901121725984592281e+00
8.385906922292164722e+01 4.900849177213594032e+00
8.386044110326591294e+01 4.900577894280075952e+00
8.386180696454538008e+01 4.900307871106037716e+00
8.386316683314871057e+01 4.900039101644040329e+00
8.386452073534901785e+01 4.899771579877042704e+00
8.386586869730440696e+01 4.899505299818241788e+00
8.386721074505842921e+01 4.899240255510909137e+00
8.386854690454062222e+01 4.898976441028232820e+00
8.386987720156700732e+01 4.898713850473157549e+00
8.387120166184057268e+01 4.898452477978228359e+00
8.387252031095177074e+01 4.898192317705429843e+00
8.387383317437898711e+01 4.897933363846033394e+00
8.387514027748906642e+01 4.897675610620438214e+00
8.387644164553779547e+01 4.897419052278021212e+00
8.387773730367035796e+01 4.897163683096978026e+00
8.387902727692183191e+01 4.896909497384174692e+00
8.388031159021770122e+01 4.896656489474992213e+00
8.388159026837428200e+01 4.896404653733178236e+00
8.388286333609923417e+01 4.896153984550695171e+00
8.388413081799203042e+01 4.895904476347570089e+00
8.388539273854442513e+01 4.895656123571748175e+00
8.388664912214092340e+01 4.895408920698943511e+00
8.388789999305924994e+01 4.895162862232492529e+00
8.388914537547081807e+01 4.894917942703207459e+00
8.389038529344119866e+01 4.894674156669231557e+00
8.389161977093056066e+01 4.894431498715894335e+00
8.389284883179416852e+01 4.894189963455568559e+00
8.389407249978280845e+01 4.893949545527526368e+00
8.389529079854325744e+01 4.893710239597798051e+00
8.389650375161873797e+01 4.893472040359029940e+00
8.389771138244935855e+01 4.893234942530344966e+00
8.389891371437259693e+01 4.892998940857202328e+00
8.390011077062371214e+01 4.892764030111259821e+00
8.390130257433619931e+01 4.892530205090232620e+00
8.390248914854224438e+01 4.892297460617760052e+00
8.390367051617316463e+01 4.892065791543265263e+00
8.390484670005986345e+01 4.891835192741821992e+00
8.390601772293321403e+01 4.891605659114019566e+00
8.390718360742457094e+01 4.891377185585826126e+00
8.390834437606615381e+01 4.891149767108457169e+00
8.390950005129150213e+01 4.890923398658243215e+00
8.391065065543588730e+01 4.890698075236495690e+00
8.391179621073678163e+01 4.890473791869376363e+00
8.391293673933422781e+01 4.890250543607769451e+00
8.391407226327130786e+01 4.890028325527147501e+00
8.391520280449456948e+01 4.889807132727444383e+00
8.391632838485440971e+01 4.889586960332927390e+00
8.391744902610552970e+01 4.889367803492069342e+00
8.391856474990734682e+01 4.889149657377420688e+00
8.391967557782440679e+01 4.888932517185483384e+00
8.392078153132679574e+01 4.888716378136586549e+00
8.392188263179055241e+01 4.888501235474760342e+00
8.392297890049808018e+01 4.888287084467612509e+00
8.392407035863855924e+01 4.888073920406204032e+00
8.392515702730835869e+01 4.887861738604928341e+00
8.392623892751143444e+01 4.887650534401386970e+00
8.392731608015974132e+01 4.887440303156268762e+00
8.392838850607361678e+01 4.887231040253229963e+00
8.392945622598219302e+01 4.887022741098774326e+00
8.393051926052380907e+01 4.886815401122131419e+00
8.393157763024638029e+01 4.886609015775140286e+00
8.393263135560782473e+01 4.886403580532130420e+00
8.393368045697643254e+01 4.886199090889804530e+00
8.393472495463126393e+01 4.885995542367122191e+00
8.393576486876253284e+01 4.885792930505182596e+00
8.393680021947201908e+01 4.885591250867109991e+00
8.393783102677343777e+01 4.885390499037938206e+00
8.393885731059282307e+01 4.885190670624496967e+00
8.393987909076891185e+01 4.884991761255298215e+00
8.394089638705351319e+01 4.884793766580423302e+00
8.394190921911193470e+01 4.884596682271410195e+00
8.394291760652330936e+01 4.884400504021143341e+00
8.394392156878099343e+01 4.884205227543739092e+00
8.394492112529293593e+01 4.884010848574439123e+00
8.394591629538206234e+01 4.883817362869499412e+00
8.394690709828664410e+01 4.883624766206078327e+00
8.394789355316066803e+01 4.883433054382132710e+00
8.394887567907417747e+01 4.883242223216305966e+00
8.394985349501369853e+01 4.883052268547821484e+00
8.395082701988253859e+01 4.882863186236377828e+00
8.395179627250119836e+01 4.882674972162040383e+00
8.395276127160771296e+01 4.882487622225136548e+00
8.395372203585802140e+01 4.882301132346149153e+00
8.395467858382632187e+01 4.882115498465614323e+00
8.395563093400542698e+01 4.881930716544015780e+00
8.395657910480710484e+01 4.881746782561682707e+00
8.395752311456247696e+01 4.881563692518685826e+00
8.395846298152234510e+01 4.881381442434736151e+00
8.395939872385750391e+01 4.881200028349081954e+00
8.396033035965916724e+01 4.881019446320409294e+00
8.396125790693926660e+01 4.880839692426741649e+00
8.396218138363080641e+01 4.880660762765337779e+00
8.396310080758820504e+01 4.880482653452593134e+00
8.396401619658765014e+01 4.880305360623943045e+00
8.396492756832743964e+01 4.880128880433760585e+00
8.396583494042830864e+01 4.879953209055263308e+00
8.396673833043378465e+01 4.879778342680411996e+00
8.396763775581052869e+01 4.879604277519814737e+00
8.396853323394864788e+01 4.879431009802633668e+00
8.396942478216203654e+01 4.879258535776484607e+00
8.397031241768874565e+01 4.879086851707346462e+00
8.397119615769126710e+01 4.878915953879463530e+00
8.397207601925687470e+01 4.878745838595251350e+00
8.397295201939799369e+01 4.878576502175206109e+00
8.397382417505245655e+01 4.878407940957807831e+00
8.397469250308390087e+01 4.878240151299429783e+00
8.397555702028205360e+01 4.878073129574246991e+00
8.397641774336304366e+01 4.877906872174142983e+00
8.397727468896977143e+01 4.877741375508620081e+00
8.397812787367219300e+01 4.877576636004707922e+00
8.397897731396763277e+01 4.877412650106872860e+00
8.397982302628113871e+01 4.877249414276930928e+00
8.398066502696575242e+01 4.877086924993955463e+00
