1.000000000000000000e+01 7.000000000000000000e+01
9.976957968043446812e+00 6.965977929458912854e+01
9.954893559849587348e+00 6.932225299232489135e+01
9.933805239227723405e+00 6.898739647477682979e+01
9.913691487989272133e+00 6.865518541617927895e+01
9.894550804643259312e+00 6.832559577551523944e+01
9.876381703098832787e+00 6.799860378883008138e+01
9.859182711375559904e+00 6.767418596176528922e+01
9.842952370322290534e+00 6.735231906230234245e+01
9.827689232345392156e+00 6.703298011370750942e+01
9.813391860147167023e+00 6.671614638766796190e+01
9.800058825475298718e+00 6.640179539761032856e+01
9.787688707884180772e+00 6.608990489219260667e+01
9.776280093508995961e+00 6.578045284896084866e+01
9.765831573853452241e+00 6.547341746816198338e+01
9.756341744592086584e+00 6.516877716670458653e+01
9.747809204388053317e+00 6.486651057225932959e+01
9.740232553727384612e+00 6.456659651749126283e+01
9.733610393770661062e+00 6.426901403441617333e+01
9.727941325223117275e+00 6.397374234887335120e+01
9.723223947224175490e+00 6.368076087510750227e+01
9.719456856257465915e+00 6.339004921045246022e+01
9.716638645082371184e+00 6.310158713010970644e+01
9.714767901688203366e+00 6.281535458201475564e+01
9.713843208272084695e+00 6.253133168178469248e+01
9.713863140241688399e+00 6.224949870774022997e+01
9.714826265243980075e+00 6.196983609599588050e+01
9.716731142221121331e+00 6.169232443561184454e+01
9.719576320494752508e+00 6.141694446380153494e+01
9.723360338879867726e+00 6.114367706118859758e+01
9.728081724829531041e+00 6.087250324710755223e+01
9.733738993611703805e+00 6.060340417494222720e+01
9.740330647519488849e+00 6.033636112749628921e+01
9.747855175116113102e+00 6.007135551239026228e+01
9.756311050516007555e+00 5.980836885747960707e+01
9.765696732703347038e+00 5.954738280628842517e+01
9.776010664889485113e+00 5.928837911345357981e+01
9.787251273910692717e+00 5.903133964017400359e+01
9.799416969667692712e+00 5.877624634966011286e+01
9.812506144608464709e+00 5.852308130257841157e+01
9.826517173255860271e+00 5.827182665248630400e+01
9.841448411781577477e+00 5.802246464125238390e+01
9.857298197628091785e+00 5.777497759445749637e+01
9.874064849180150816e+00 5.752934791677192550e+01
9.891746665487495704e+00 5.728555808730423138e+01
9.910341926040496574e+00 5.704359065491733816e+01
9.929848890600418088e+00 5.680342823350756021e+01
9.950265799086059459e+00 5.656505349724234577e+01
9.971590871518577259e+00 5.632844917575268795e+01
9.993822308026299339e+00 5.609359804927625248e+01
1.001695828891138618e+01 5.586048294374732137e+01
1.004099697478024922e+01 5.562908672582993574e+01
1.006593650673963936e+01 5.539939229789059993e+01
1.009177500666037908e+01 5.517138259290720725e+01
1.011851057751074023e+01 5.494504056931091185e+01
1.014614130376149959e+01 5.472034920575788419e+01
1.017466525186475046e+01 5.449729149582811516e+01
1.020408047080858083e+01 5.427585044264858993e+01
1.023438499274975300e+01 5.405600905343840168e+01
1.026557683372656804e+01 5.383775033397360943e+01
1.029765399445412832e+01 5.362105728296997142e+01
1.033061446120423987e+01 5.340591288638183443e+01
1.036445620677222301e+01 5.319230011161591420e+01
1.039917719153294939e+01 5.298020190165898669e+01
1.043477536458843424e+01 5.276960116911882182e+01
1.047124866500932505e+01 5.256048079017816832e+01
1.050859502317270255e+01 5.235282359846195988e+01
1.054681236219856011e+01 5.214661237881839639e+01
1.058589859948741285e+01 5.194182986101505861e+01
1.062585164836145601e+01 5.173845871335171864e+01
1.066666941981171313e+01 5.153648153619205630e+01
1.070834982435363969e+01 5.133588085541720858e+01
1.075089077399361948e+01 5.113663911580455590e+01
1.079429018430880838e+01 5.093873867433607927e+01
1.083854597664275587e+01 5.074216179344109889e+01
1.088365608041922172e+01 5.054689063417929162e+01
1.092961843557657886e+01 5.035290724937047457e+01
1.097643099512516329e+01 5.016019357667875767e+01
1.102409172782988200e+01 4.996873143165945663e+01
1.107259862102034731e+01 4.977850250077835170e+01
1.112194968353072611e+01 4.958948833441375825e+01
1.117214294877143388e+01 4.940167033985321865e+01
1.122317647793472162e+01 4.921502977429765480e+01
1.127504836333606697e+01 4.902954773788720644e+01
1.132775673189321175e+01 4.884520516676425927e+01
1.138129974874452266e+01 4.866198282619054538e+01
1.143567562100821533e+01 4.847986130373671898e+01
1.149088260168382369e+01 4.829882100256423882e+01
1.154691899369708707e+01 4.811884213482108663e+01
1.160378315408924799e+01 4.793990471517442842e+01
1.166147349835150848e+01 4.776198855450499536e+01
1.171998850490514066e+01 4.758507325378987929e+01
1.177932671972746981e+01 4.740913819820205077e+01
1.183948676112366627e+01 4.723416255145694009e+01
1.190046732464390367e+01 4.706012525043825434e+01
1.196226718814514101e+01 4.688700500013715100e+01
1.202488521699633672e+01 4.671478026894092750e+01
1.208832036942552612e+01 4.654342928430926207e+01
1.215257170200670167e+01 4.637293002887824400e+01
1.221763837528397367e+01 4.620326023703423601e+01
1.228351965952992408e+01 4.603439739200178593e+01
1.235021494063454561e+01 4.586631872349165207e+01
1.241772372612049580e+01 4.569900120595708870e+01
1.248604565127981836e+01 4.553242155750827891e+01
1.255518048542651854e+01 4.536655623953665639e+01
1.262512813825872371e+01 4.520138145710267707e+01
1.269588866632333080e+01 4.503687316014200093e+01
1.276746227957525726e+01 4.487300704554666453e+01
1.283984934802254330e+01 4.470975856017902572e+01
1.291305040844763141e+01 4.454710290487740565e+01
1.298706617119422724e+01 4.438501503951314930e+01
1.306189752700813500e+01 4.422346968915955046e+01
1.313754555391941636e+01 4.406244135143332130e+01
1.321401152415216096e+01 4.390190430506932984e+01
1.329129691104702182e+01 4.374183261978905790e+01
1.336940339598051253e+01 4.358220016752235182e+01
1.344833287526387089e+01 4.342298063504103567e+01
1.352808746700306664e+01 4.326414753806120217e+01
1.360866951790025681e+01 4.310567423686899247e+01
1.369008160997572965e+01 4.294753395352189074e+01
1.377232656718804904e+01 4.278969979067441187e+01
1.385540746192880945e+01 4.263214475207313825e+01
1.393932762136706316e+01 4.247484176476163498e+01
1.402409063361716157e+01 4.231776370303051493e+01
1.410970035370240794e+01 4.216088341414207008e+01
1.419616090928562890e+01 4.200417374585234143e+01
1.428347670613644560e+01 4.184760757574597534e+01
1.437165243330379916e+01 4.169115784239125588e+01
1.446069306796105458e+01 4.153479757831367891e+01
1.455060387988984871e+01 4.137849994477673476e+01
1.464139043556777153e+01 4.122223826834823512e+01
1.473305860182395577e+01 4.106598607921912958e+01
1.482561454902573495e+01 4.090971715122999086e+01
1.491906475375876084e+01 4.075340554354748690e+01
1.501341600096227324e+01 4.059702564392014068e+01
1.510867538548071565e+01 4.044055221342853912e+01
1.520485031299252299e+01 4.028396043263091997e+01
1.530194850027671372e+01 4.012722594899017281e+01
1.539997797477796304e+01 3.997032492545315563e+01
1.549894707343102063e+01 3.981323409003784519e+01
1.559886444070584055e+01 3.965593078626838519e+01
1.569973902583544856e+01 3.949839302428269150e+01
1.580158007918958951e+01 3.934059953242208962e+01
1.590439714775839164e+01 3.918252980909756644e+01
1.600820006971188647e+01 3.902416417471308563e+01
1.611299896800300502e+01 3.886548382341279506e+01
1.621880424298388235e+01 3.870647087440639211e+01
1.632562656400776646e+01 3.854710842261556536e+01
1.643347685999162167e+01 3.838738058837419231e+01
1.654236630891774240e+01 3.822727256590666656e+01
1.665230632625606688e+01 3.806677067030181405e+01
1.676330855229281269e+01 3.790586238269504804e+01
1.687538483835512437e+01 3.774453639336894639e+01
1.698854723192589944e+01 3.758278264248184541e+01
1.710280796064775188e+01 3.742059235813646012e+01
1.721817941522006024e+01 3.725795809150501015e+01
1.733467413119839762e+01 3.709487374873506838e+01
1.745230476971114797e+01 3.693133461937038931e+01
1.757108409711383956e+01 3.676733740103419024e+01
1.769102496360765642e+01 3.660288022013819642e+01
1.781214028085455681e+01 3.643796264839955512e+01
1.793444299862759550e+01 3.627258571496912509e+01
1.805794608054108608e+01 3.610675191399872119e+01
1.818266247891142129e+01 3.594046520750138285e+01
1.830860510880537717e+01 3.577373102338748367e+01
1.843578682133862756e+01 3.560655624859021628e+01
1.856422037629289079e+01 3.543894921722636582e+01
1.869391841412567246e+01 3.527091969377214298e+01
1.882489342745165573e+01 3.510247885126861433e+01
1.895715773207963650e+01 3.493363924460660286e+01
1.909072343769334168e+01 3.476441477897679277e+01
1.922560241826830207e+01 3.459482067360598734e+01
1.936180628232047241e+01 3.442487342093540548e+01
1.949934634308508663e+01 3.425459074143057592e+01
1.963823358872652491e+01 3.408399153424477390e+01
1.977847865268159921e+01 3.391309582398807265e+01
1.992009178423964144e+01 3.374192470388244658e+01
2.006308281946309080e+01 3.357050027560863015e+01
2.020746115255188613e+01 3.339884558617299604e+01
2.035323570775389967e+01 3.322698456214214957e+01
2.050041491192189724e+01 3.305494194160864652e+01
2.064900666781505123e+01 3.288274320426366870e+01
2.079901832823999897e+01 3.271041449996096873e+01
2.095045667112266585e+01 3.253798257616127643e+01
2.110332787559779533e+01 3.236547470464738296e+01
2.125763749919828527e+01 3.219291860789746806e+01
2.141339045622101978e+01 3.202034238549796186e+01
2.157059099734013330e+01 3.184777444096764398e+01
2.172924269053237722e+01 3.167524340935172944e+01
2.188934840337273613e+01 3.150277808592889173e+01
2.205091028675164466e+01 3.133040735635567486e+01
2.221392976005807185e+01 3.115816012855185946e+01
2.237840749786560934e+01 3.098606526660752181e+01
2.254434341815144194e+01 3.081415152696789761e+01
2.271173667207078140e+01 3.064244749712647220e+01
2.288058563530214684e+01 3.047098153702978607e+01
2.305088790097170914e+01 3.029978172337024134e+01
2.322264027415802090e+01 3.012887579691551565e+01
2.339583876797160400e+01 2.995829111299573810e+01
2.357047860119740434e+01 2.978805459524249599e+01
2.374655419748194163e+01 2.961819269264735155e+01
2.392405918604103121e+01 2.944873133998204651e+01
2.410298640385849112e+01 2.927969592159833923e+01
2.428332789934110991e+01 2.911111123860239402e+01
2.446507493739038708e+01 2.894300147937728340e+01
2.464821800584732259e+01 2.877539019340731485e+01
2.483274682326258187e+01 2.860830026833985684e+01
2.501865034794101916e+01 2.844175391020404930e+01
2.520591678820645498e+01 2.827577262669135649e+01
2.539453361383009877e+01 2.811037721339032558e+01
2.558448756856382644e+01 2.794558774285708225e+01
2.577576468371782070e+01 2.778142355639413097e+01
2.596835029272071793e+01 2.761790325840271620e+01
2.616222904659948156e+01 2.745504471316835904e+01
2.635738493031559670e+01 2.729286504393510171e+01
2.655380127989397110e+01 2.713138063412134215e+01
2.675146080028093820e+01 2.697060713052890080e+01
2.695034558386819512e+01 2.681055944839688365e+01
2.715043712962004463e+01 2.665125177815299296e+01
2.735171636274229101e+01 2.649269759371702904e+01
2.755416365483217334e+01 2.633490966221429730e+01
2.775775884445004138e+01 2.617790005496036798e+01
2.796248125805497509e+01 2.602168015958302760e+01
2.816830973124817561e+01 2.586626069315225251e+01
2.837522263026968972e+01 2.571165171619441736e+01
2.858319787369596909e+01 2.555786264747269954e+01
2.879221295428767036e+01 2.540490227942171941e+01
2.900224496093919768e+01 2.525277879413068050e+01
2.921327060068356118e+01 2.510149977977553348e+01
2.942526622070827358e+01 2.495107224740720397e+01
2.963820783034015349e+01 2.480150264800919402e+01
2.985207112295915621e+01 2.465279688974422356e+01
3.006683149780341680e+01 2.450496035531580574e+01
3.028246408162998904e+01 2.435799791937666114e+01
3.049894375019778892e+01 2.421191396592181277e+01
3.071624514954151053e+01 2.406671240560981673e+01
3.093434271700722249e+01 2.392239669296110804e+01
3.115321070202254106e+01 2.377896984338756070e+01
3.137282318657613445e+01 2.363643445001237353e+01
3.159315410538340174e+01 2.349479270024404087e+01
3.181417726571690707e+01 2.335404639207258271e+01
3.203586636688211797e+01 2.321419695006035511e+01
3.225819501932063105e+01 2.307524544100363428e+01
3.248113676332492616e+01 2.293719258924474147e+01
3.270466508735011502e+01 2.280003879161785107e+01
3.292875344590996178e+01 2.266378413201467623e+01
3.315337527704576104e+01 2.252842839555906096e+01
3.337850401935818212e+01 2.239397108238213363e+01
3.360411312859355348e+01 2.226041142099201764e+01
3.383017609377738211e+01 2.212774838123422683e+01
3.405666645288907546e+01 2.199598068684086272e+01
3.428355780807306985e+01 2.186510682756845370e+01
3.451082384038269169e+01 2.173512507092582169e+01
3.473843832405403731e+01 2.160603347349479009e+01
3.496637514030830118e+01 2.147782989184776170e+01
3.519460829068177077e+01 2.135051199306725067e+01
3.542311190988364444e+01 2.122407726487345059e+01
3.565186027818270276e+01 2.109852302536667779e+01
3.588082783332452408e+01 2.097384643239227842e+01
3.610998918198176000e+01 2.085004449253612080e+01
3.633931911074058263e+01 2.072711406975932036e+01
3.656879259662711235e+01 2.060505189368124945e+01
3.679838481717811050e+01 2.048385456752014733e+01
3.702807116006088251e+01 2.036351857570096513e+01
3.725782723224771331e+01 2.024404029114017689e+01
3.748762886875068290e+01 2.012541598221746497e+01
3.771745214092311471e+01 2.000764181944420628e+01
3.794727336433427212e+01 1.989071388183871747e+01
3.817706910622423777e+01 1.977462816301819615e+01
3.840681619254630164e+01 1.965938057701720254e+01
3.863649171460437515e+01 1.954496696384245880e+01
3.886607303529324753e+01 1.943138309477357240e+01
3.909553779494970627e+01 1.931862467741919787e+01
3.932486391682274274e+01 1.920668736053791648e+01
3.955402961217119895e+01 1.909556673863295728e+01
3.978301338499744588e+01 1.898525835632968395e+01
4.001179403642565546e+01 1.887575771254452306e+01
4.024035066873347688e+01 1.876706026445382136e+01
4.046866268904590669e+01 1.865916143127084581e+01
4.069670981270023447e+01 1.855205659783893424e+01
4.092447206629096712e+01 1.844574111804853800e+01
4.115192979040372734e+01 1.834021031808566349e+01
4.137906364204698662e+01 1.823545949951899203e+01
4.160585459679064968e+01 1.813148394223263793e+01
4.183228395062032945e+01 1.802827890721136583e+01
4.205833332151625115e+01 1.792583963918476897e+01
4.228398465076556079e+01 1.782416136913667870e+01
4.250922020401684165e+01 1.772323931668587704e+01
4.273402257208549315e+01 1.762306869234391371e+01
4.295837467151859101e+01 1.752364469965563387e+01
4.318225974492779784e+01 1.742496253722774924e+01
4.340566136109865880e+01 1.732701740065065010e+01
4.362856341488467393e+01 1.722980448431834688e+01
4.385095012689426852e+01 1.713331898315133728e+01
4.407280604297882576e+01 1.703755609422687201e+01
4.429411603352966154e+01 1.694251101832100659e+01
4.451486529259178582e+01 1.684817896136658177e+01
4.473503933680213862e+01 1.675455513583110445e+01
4.495462400415981818e+01 1.666163476201834825e+01
4.517360545263574068e+01 1.656941306929729052e+01
4.539197015862893636e+01 1.647788529726187079e+01
4.560970491527658766e+01 1.638704669682488912e+01
4.582679683062478659e+01 1.629689253124920256e+01
4.604323332566673344e+01 1.620741807711927152e+01
4.625900213225509816e+01 1.611861862525588762e+01
4.647409129089493973e+01 1.603048948157691100e+01
4.668848914842354247e+01 1.594302596790657844e+01
4.690218435558329446e+01 1.585622342273592622e+01
4.711516586449366173e+01 1.577007720193670082e+01
4.732742292602800660e+01 1.568458267943103834e+01
4.753894508710101263e+01 1.559973524781908516e+01
4.774972218787219447e+01 1.551553031896661494e+01
4.795974435887082166e+01 1.543196332455462993e+01
4.816900201804754289e+01 1.534902971659281512e+01
4.837748586775765602e+01 1.526672496789862166e+01
4.858518689168100479e+01 1.518504457254370266e+01
4.879209635168319892e+01 1.510398404626930358e+01
4.899820578462271925e+01 1.502353892687216508e+01
4.920350699910839154e+01 1.494370477456239321e+01
4.940799207221152045e+01 1.486447717229470911e+01
4.961165334613677658e+01 1.478585172607439979e+01
4.981448342485586522e+01 1.470782406523924557e+01
5.001647517070788496e+01 1.463038984271861587e+01
5.021762170096997835e+01 1.455354473527090242e+01
5.041791638440200529e+01 1.447728444370036271e+01
5.061735283776854288e+01 1.440160469305441993e+01
5.081592492234164382e+01 1.432650123280241239e+01
5.101362674038750100e+01 1.425196983699673225e+01
5.121045263164003813e+01 1.417800630441723975e+01
5.140639716976446039e+01 1.410460645869981633e+01
5.160145515881349354e+01 1.403176614844986325e+01
5.179562162967907568e+01 1.395948124734150930e+01
5.198889183654205226e+01 1.388774765420327917e+01
5.218126125332236143e+01 1.381656129309090097e+01
5.237272557013208285e+01 1.374591811334792801e+01
5.256328068973359535e+01 1.367581408965480705e+01
5.275292272400499627e+01 1.360624522206698472e+01
5.294164799041485026e+01 1.353720753604263649e+01
5.312945300850820018e+01 1.346869708246055630e+01
5.331633449640573730e+01 1.340070993762872043e+01
5.350228936731784302e+01 1.333324220328402454e+01
5.368731472607522193e+01 1.326629000658366309e+01
5.387140786567768913e+01 1.319984950008858782e+01
5.405456626386263252e+01 1.313391686173948081e+01
5.423678757969457109e+01 1.306848829482564511e+01
5.441806965017713082e+01 1.300356002794717902e+01
5.459841048688871012e+01 1.293912831497082649e+01
5.477780827264304264e+01 1.287518943497983415e+01
5.495626135817577307e+01 1.281173969221814701e+01
5.513376825885803356e+01 1.274877541602926101e+01
5.531032765143810792e+01 1.268629296079003588e+01
5.548593837081199354e+01 1.262428870583974572e+01
5.566059940682379192e+01 1.256275905540464244e+01
5.583430990109667391e+01 1.250170043851828794e+01
5.600706914389515134e+01 1.244110930893790723e+01
5.617887657101937293e+01 1.238098214505698813e+01
5.634973176073202694e+01 1.232131544981435312e+01
5.651963443071844750e+01 1.226210575059992181e+01
5.668858443508040779e+01 1.220334959915734885e+01
5.685658176136413999e+01 1.214504357148375036e+01
5.702362652762292328e+01 1.208718426772668764e+01
5.718971897951470140e+01 1.202976831207857877e+01
5.735485948743502149e+01 1.197279235266872277e+01
5.751904854368559938e+01 1.191625306145306951e+01
5.768228675967878161e+01 1.186014713410189714e+01
5.784457486317813846e+01 1.180447128988554972e+01
5.800591369557533028e+01 1.174922227155834697e+01
5.816630420920344591e+01 1.169439684524081713e+01
5.832574746468691984e+01 1.163999180030036307e+01
5.848424462832809212e+01 1.158600394923048249e+01
5.864179696953051035e+01 1.153243012752865582e+01
5.879840585825896682e+01 1.147926719357300485e+01
5.895407276253630613e+01 1.142651202849781988e+01
5.910879924597693957e+01 1.137416153606806191e+01
5.926258696535707315e+01 1.132221264255291793e+01
5.941543766822153572e+01 1.127066229659850194e+01
5.956735319052713606e+01 1.121950746909979024e+01
5.971833545432242119e+01 1.116874515307186044e+01
5.986838646546372189e+01 1.111837236352051406e+01
6.001750831136731534e+01 1.106838613731234666e+01
6.016570315879755526e+01 1.101878353304434555e+01
6.031297325169076373e+01 1.096956163091307168e+01
6.045932090901468570e+01 1.092071753258348110e+01
6.060474852266330714e+01 1.087224836105746029e+01
6.074925855538679542e+01 1.082415126054211107e+01
6.089285353875631301e+01 1.077642339631785440e+01
6.103553607116344892e+01 1.072906195460639545e+01
6.117730881585401193e+01 1.068206414243859470e+01
6.131817449899589434e+01 1.063542718752229277e+01
6.145813590778074342e+01 1.058914833811013878e+01
6.159719588855908512e+01 1.054322486286745075e+01
6.173535734500868699e+01 1.049765405074015412e+01
6.187262323633574823e+01 1.045243321082283217e+01
6.200899657550866806e+01 1.040755967222692568e+01
6.214448042752401591e+01 1.036303078394911559e+01
6.227907790770441210e+01 1.031884391473990803e+01
6.241279218002794948e+01 1.027499645297247532e+01
6.254562645548883637e+01 1.023148580651175443e+01
6.267758399048885565e+01 1.018830940258384921e+01
6.280866808525937728e+01 1.014546468764574882e+01
6.293888208231348358e+01 1.010294912725539440e+01
6.306822936492790888e+01 1.006076020594211862e+01
6.319671335565436721e+01 1.001889542707746372e+01
6.332433751485998386e+01 9.977352312746418761e+00
6.345110533929638308e+01 9.936128403619081340e+00
6.357702036069711227e+01 9.895221258822765265e+00
6.370208614440304018e+01 9.854628455814575361e+00
6.382630628801531003e+01 9.814347590254461906e+00
6.394968442007551346e+01 9.774376275878761788e+00
6.407222419877270170e+01 9.734712144374263687e+00
6.419392931067689290e+01 9.695352845252781293e+00
6.431480346949862792e+01 9.656296045726271871e+00
6.443485041487430465e+01 9.617539430582494830e+00
6.455407391117682891e+01 9.579080702061233410e+00
6.467247774635124813e+01 9.540917579731083009e+00
6.479006573077504072e+01 9.503047800366816844e+00
6.490684169614263510e+01 9.465469117827337797e+00
6.502280949437381707e+01 9.428179302934232453e+00
6.513797299654562778e+01 9.391176143350918437e+00
6.525233609184748218e+01 9.354457443462415256e+00
6.536590268655905334e+01 9.318021024255719098e+00
6.547867670305059562e+01 9.281864723200815348e+00
6.559066207880536581e+01 9.245986394132311048e+00
6.570186276546375836e+01 9.210383907131705072e+00
6.581228272788889910e+01 9.175055148410306671e+00
6.592192594325317145e+01 9.139998020192782846e+00
6.603079640014551899e+01 9.105210440601373634e+00
6.613889809769905526e+01 9.070690343540741551e+00
6.624623504473873936e+01 9.036435678583492503e+00
6.635281125894863408e+01 9.002444410856346835e+00
6.645863076605863284e+01 8.968714520926971190e+00
6.656369759905012984e+01 8.935244004691483610e+00
6.666801579738034889e+01 8.902030873262614108e+00
6.677158940622516070e+01 8.869073152858542031e+00
6.687442247573983423e+01 8.836368884692396009e+00
6.697651906033757996e+01 8.803916124862427139e+00
6.707788321798550157e+01 8.771712944242858967e+00
6.717851900951770006e+01 8.739757428375398263e+00
6.727843049796511821e+01 8.708047677361433259e+00
6.737762174790196923e+01 8.676581805754894461e+00
6.747609682480830884e+01 8.645357942455790479e+00
6.757385979444858037e+01 8.614374230604422422e+00
6.767091472226579185e+01 8.583628827476267986e+00
6.776726567279098390e+01 8.553119904377535221e+00
6.786291670906778961e+01 8.522845646541394871e+00
6.795787189209178791e+01 8.492804253024877070e+00
6.805213528026436620e+01 8.462993936606446610e+00
6.814571092886073700e+01 8.433412923684239004e+00
6.823860288951208020e+01 8.404059454174969801e+00
6.833081520970119982e+01 8.374931781413508247e+00
6.842235193227179479e+01 8.346028172053115313e+00
6.851321709495078949e+01 8.317346905966351400e+00
6.860341472988366718e+01 8.288886276146635979e+00
6.869294886318245119e+01 8.260644588610478678e+00
6.878182351448617737e+01 8.232620162300356981e+00
6.887004269653347421e+01 8.204811328988258268e+00
6.895761041474719377e+01 8.177216433179873789e+00
6.904453066683070972e+01 8.149833832019442781e+00
6.913080744237572617e+01 8.122661895195248505e+00
6.921644472248132729e+01 8.095699004845757329e+00
6.930144647938412561e+01 8.068943555466406181e+00
6.938581667609915371e+01 8.042393953817036589e+00
6.946955926607142828e+01 8.016048618829955785e+00
6.955267819283787389e+01 7.989905981518646172e+00
6.963517738969939330e+01 7.963964484887105399e+00
6.971706077940297064e+01 7.938222583839817936e+00
6.979833227383349481e+01 7.912678745092353694e+00
6.987899577371520365e+01 7.887331447082596370e+00
6.995905516832243620e+01 7.862179179882591740e+00
7.003851433519962200e+01 7.837220445111017675e+00
7.011737713989018062e+01 7.812453755846270553e+00
7.019564743567434562e+01 7.787877636540167181e+00
7.027332906331547235e+01 7.763490622932255114e+00
7.035042585081485811e+01 7.739291261964734048e+00
7.042694161317483292e+01 7.715278111697979391e+00
7.050288015216987958e+01 7.691449741226670689e+00
7.057824525612568323e+01 7.667804730596516016e+00
7.065304069970594014e+01 7.644341670721572335e+00
7.072727024370674087e+01 7.621059163302158268e+00
7.080093763485834302e+01 7.597955820743358402e+00
7.087404660563423420e+01 7.575030266074106677e+00
7.094660087406728621e+01 7.552281132866861313e+00
7.101860414357278728e+01 7.529707065157849932e+00
7.109006010277838072e+01 7.507306717367896454e+00
7.116097242536051226e+01 7.485078754223819075e+00
7.123134476988752795e+01 7.463021850680396696e+00
7.130118077966893964e+01 7.441134691842901994e+00
7.137048408261108534e+01 7.419415972890196720e+00
7.143925829107872971e+01 7.397864398998385660e+00
7.150750700176266150e+01 7.376478685265027480e+00
7.157523379555306065e+01 7.355257556633899796e+00
7.164244223741859230e+01 7.334199747820306925e+00
7.170913587629097208e+01 7.313304003236942741e+00
7.177531824495501667e+01 7.292569076920288218e+00
7.184099285994392403e+01 7.271993732457550763e+00
7.190616322143979744e+01 7.251576742914141782e+00
7.197083281317915748e+01 7.231316890761680938e+00
7.203500510236339949e+01 7.211212967806535090e+00
7.209868353957413944e+01 7.191263775118880375e+00
7.216187155869317849e+01 7.171468122962285641e+00
7.222457257682711429e+01 7.151824830723815474e+00
7.228678999423644314e+01 7.132332726844651916e+00
7.234852719426899625e+01 7.112990648751221556e+00
7.240978754329775313e+01 7.093797442786838658e+00
7.247057439066274753e+01 7.074751964143850991e+00
7.253089106861706625e+01 7.055853076796284817e+00
7.259074089227684112e+01 7.037099653432995261e+00
7.265012715957514899e+01 7.018490575391306052e+00
7.270905315121962076e+01 7.000024732591147547e+00
7.276752213065384467e+01 6.981701023469678802e+00
7.282553734402230816e+01 6.963518354916396369e+00
7.288310202013884975e+01 6.945475642208729816e+00
7.294021937045859261e+01 6.927571808948109755e+00
7.299689258905317502e+01 6.909805786996519927e+00
7.305312485258927779e+01 6.892176516413512921e+00
7.310891932031029228e+01 6.874682945393704614e+00
7.316427913402107208e+01 6.857324030204728693e+00
7.321920741807578281e+01 6.840098735125656582e+00
7.327370727936859396e+01 6.823006032385878328e+00
7.332778180732729822e+01 6.806044902104438243e+00
7.338143407390971618e+01 6.789214332229824400e+00
7.343466713360277254e+01 6.772513318480213762e+00
7.348748402342428676e+01 6.755940864284156078e+00
7.353988776292727891e+01 6.739495980721708079e+00
7.359188135420681931e+01 6.723177686466010883e+00
7.364346778190930820e+01 6.706985007725296377e+00
7.369465001324412867e+01 6.690916978185340369e+00
7.374543099799761592e+01 6.674972638952337611e+00
7.379581366854928604e+01 6.659151038496212927e+00
7.384580093989022487e+01 6.643451232594354217e+00
7.389539570964360848e+01 6.627872284275770021e+00
7.394460085808732686e+01 6.612413263765668070e+00
7.399341924817856864e+01 6.597073248430447734e+00
7.404185372558038125e+01 6.581851322723110798e+00
7.408990711869014945e+01 6.566746578129078138e+00
7.413758223866985020e+01 6.551758113112420290e+00
7.418488187947818346e+01 6.536885033062487693e+00
7.423180881790439400e+01 6.522126450240948614e+00
7.427836581360375590e+01 6.507481483729222305e+00
7.432455560913476234e+01 6.492949259376310955e+00
7.437038092999782180e+01 6.478528909747025111e+00
7.441584448467558843e+01 6.464219574070598107e+00
7.446094896467468516e+01 6.450020398189693083e+00
7.450569704456897568e+01 6.435930534509791023e+00
7.455009138204414398e+01 6.421949141948963380e+00
7.459413461794369482e+01 6.408075385888022169e+00
7.463782937631627590e+01 6.394308438121051985e+00
7.468117826446422214e+01 6.380647476806309726e+00
7.472418387299339315e+01 6.367091686417502672e+00
7.476684877586416178e+01 6.353640257695429838e+00
7.480917553044358215e+01 6.340292387599992807e+00
7.485116667755863773e+01 6.327047279262568935e+00
7.489282474155062630e+01 6.313904141938744274e+00
7.493415223033053962e+01 6.300862190961407983e+00
7.497515163543548056e+01 6.287920647694199339e+00
7.501582543208600384e+01 6.275078739485308255e+00
7.505617607924446588e+01 6.262335699621626617e+00
7.509620601967419873e+01 6.249690767283250459e+00
7.513591767999962201e+01 6.237143187498319641e+00
7.517531347076713644e+01 6.224692211098209249e+00
7.521439578650686997e+01 6.212337094673054949e+00
7.525316700579517715e+01 6.200077100527620289e+00
7.529162949131789162e+01 6.187911496637494402e+00
7.532978558993430340e+01 6.175839556605627223e+00
7.536763763274177563e+01 6.163860559619194213e+00
7.540518793514110030e+01 6.151973790406785270e+00
7.544243879690242238e+01 6.140178539195923157e+00
7.547939250223183194e+01 6.128474101670903451e+00
7.551605131983846775e+01 6.116859778930955116e+00
7.555241750300220360e+01 6.105334877448719055e+00
7.558849328964190306e+01 6.093898709029043737e+00
7.562428090238411471e+01 6.082550590768093457e+00
7.565978254863230745e+01 6.071289845012767472e+00
7.569500042063651790e+01 6.060115799320429097e+00
7.572993669556346674e+01 6.049027786418942121e+00
7.576459353556708720e+01 6.038025144167008307e+00
7.579897308785940879e+01 6.027107215514810434e+00
7.583307748478186738e+01 6.016273348464953763e+00
7.586690884387694211e+01 6.005522896033705038e+00
7.590046926796009075e+01 5.994855216212526372e+00
7.593376084519206870e+01 5.984269671929905776e+00
7.596678564915146126e+01 5.973765631013472799e+00
7.599954573890755682e+01 5.963342466152408150e+00
7.603204315909341915e+01 5.952999554860135767e+00
7.606427993997924375e+01 5.942736279437304425e+00
7.609625809754591330e+01 5.932552026935048239e+00
7.612797963355873776e+01 5.922446189118525162e+00
7.615944653564143607e+01 5.912418162430741475e+00
7.619066077735023157e+01 5.902467347956642740e+00
7.622162431824811790e+01 5.892593151387488071e+00
7.625233910397930970e+01 5.882794982985489085e+00
7.628280706634375008e+01 5.873072257548721531e+00
7.631303012337176028e+01 5.863424394376306914e+00
7.634301017939881717e+01 5.853850817233855253e+00
7.637274912514034497e+01 5.844350954319177838e+00
7.640224883776664910e+01 5.834924238228254900e+00
7.643151118097785002e+01 5.825570105921468844e+00
7.646053800507888809e+01 5.816287998690094163e+00
7.648933114705452851e+01 5.807077362123041375e+00
7.651789243064447987e+01 5.797937646073857643e+00
7.654622366641837061e+01 5.788868304627976080e+00
7.657432665185083920e+01 5.779868796070219972e+00
7.660220317139659585e+01 5.770938582852552123e+00
7.662985499656537058e+01 5.762077131562072907e+00
7.665728388599694654e+01 5.753283912889259888e+00
7.668449158553605116e+01 5.744558401596453479e+00
7.671147982830724743e+01 5.735900076486582400e+00
7.673825033478972557e+01 5.727308420372128062e+00
7.676480481289203794e+01 5.718782920044326090e+00
7.679114495802673446e+01 5.710323066242604106e+00
7.681727245318489850e+01 5.701928353624254875e+00
7.684318896901061180e+01 5.693598280734336825e+00
7.686889616387529145e+01 5.685332349975809052e+00
7.689439568395188473e+01 5.677130067579894579e+00
7.691968916328895034e+01 5.668990943576667441e+00
7.694477822388465427e+01 5.660914491765868917e+00
7.696966447576050996e+01 5.652900229687944034e+00
7.699434951703510421e+01 5.644947678595300999e+00
7.701883493399753888e+01 5.637056363423790017e+00
7.704312230118080151e+01 5.629225812764401482e+00
7.706721318143493704e+01 5.621455558835180000e+00
7.709110912599999210e+01 5.613745137453355127e+00
7.711481167457888830e+01 5.606094088007682608e+00
7.713832235540996862e+01 5.598501953430999656e+00
7.716164268533947279e+01 5.590968280172989857e+00
7.718477416989371420e+01 5.583492618173156785e+00
7.720771830335112895e+01 5.576074520834003678e+00
7.723047656881405487e+01 5.568713544994420950e+00
7.725305043828032581e+01 5.561409250903274426e+00
7.727544137271462432e+01 5.554161202193198754e+00
7.729765082211962124e+01 5.546968965854590650e+00
7.731968022560690201e+01 5.539832112209799320e+00
7.734153101146758047e+01 5.532750214887518503e+00
7.736320459724278464e+01 5.525722850797373020e+00
7.738470238979381577e+01 5.518749600104697173e+00
7.740602578537206568e+01 5.511830046205512090e+00
7.742717616968873529e+01 5.504963775701691375e+00
7.744815491798422613e+01 5.498150378376316816e+00
7.746896339509731888e+01 5.491389447169224169e+00
7.748960295553411015e+01 5.484680578152736352e+00
7.751007494353657989e+01 5.478023370507583145e+00
7.753038069315103087e+01 5.471417426499004755e+00
7.755052152829611600e+01 5.464862351453036560e+00
7.757049876283069523e+01 5.458357753732982154e+00
7.759031370062137967e+01 5.451903244716058694e+00
7.760996763560977740e+01 5.445498438770226102e+00
7.762946185187944081e+01 5.439142953231195676e+00
7.764879762372257233e+01 5.432836408379609239e+00
7.766797621570646015e+01 5.426578427418397688e+00
7.768699888273950194e+01 5.420368636450312749e+00
7.770586687013710048e+01 5.414206664455629259e+00
7.772458141368711892e+01 5.408092143270021523e+00
7.774314373971513703e+01 5.402024707562606665e+00
7.776155506514933791e+01 5.396003994814154936e+00
7.777981659758513899e+01 5.390029645295473237e+00
7.779792953534953881e+01 5.384101302045950277e+00
7.781589506756506580e+01 5.378218610852263382e+00
7.783371437421352823e+01 5.372381220227257614e+00
7.785138862619938038e+01 5.366588781388977658e+00
7.786891898541284718e+01 5.360840948239865789e+00
7.788630660479265089e+01 5.355137377346117944e+00
7.790355262838851047e+01 5.349477727917199665e+00
7.792065819142328564e+01 5.343861661785517470e+00
7.793762442035479410e+01 5.338288843386245652e+00
7.795445243293738713e+01 5.332758939737312076e+00
7.797114333828309896e+01 5.327271620419532283e+00
7.798769823692256864e+01 5.321826557556899928e+00
7.800411822086560676e+01 5.316423425797025537e+00
7.802040437366146364e+01 5.311061902291729808e+00
7.803655777045874231e+01 5.305741666677779911e+00
7.805257947806504149e+01 5.300462401057778550e+00
7.806847055500624322e+01 5.295223789981199580e+00
7.808423205158550218e+01 5.290025520425564842e+00
7.809986500994187963e+01 5.284867281777770209e+00
7.811537046410872165e+01 5.279748765815552858e+00
7.813074944007165357e+01 5.274669666689100644e+00
7.814600295582626188e+01 5.269629680902805369e+00
7.816113202143549188e+01 5.264628507297152815e+00
7.817613763908670421e+01 5.259665847030752239e+00
7.819102080314839043e+01 5.254741403562505297e+00
7.820578250022657585e+01 5.249854882633913533e+00
7.822042370922093824e+01 5.245005992251516425e+00
7.823494540138057118e+01 5.240194442669468877e+00
7.824934854035940646e+01 5.235419946372252831e+00
7.826363408227135210e+01 5.230682218057517652e+00
7.827780297574510371e+01 5.225980974619056418e+00
7.829185616197862885e+01 5.221315935129909214e+00
7.830579457479331040e+01 5.216686820825600535e+00
7.831961914068783415e+01 5.212093355087501934e+00
7.833333077889166418e+01 5.207535263426323446e+00
7.834693040141829101e+01 5.203012273465733806e+00
7.836041891311808172e+01 5.198524114926103223e+00
7.837379721173087432e+01 5.194070519608372294e+00
7.838706618793821690e+01 5.189651221378047907e+00
7.840022672541530824e+01 5.185265956149316402e+00
7.841327970088261168e+01 5.180914461869282839e+00
7.842622598415717050e+01 5.176596478502331955e+00
7.843906643820358227e+01 5.172311748014604582e+00
7.845180191918466051e+01 5.168060014358599297e+00
7.846443327651179800e+01 5.163841023457888646e+00
7.847696135289504582e+01 5.159654523191952613e+00
7.848938698439282291e+01 5.155500263381131099e+00
7.850171100046129880e+01 5.151377995771689200e+00
7.851393422400357736e+01 5.147287474021001508e+00
7.852605747141845427e+01 5.143228453682844759e+00
7.853808155264891866e+01 5.139200692192806841e+00
7.855000727123034210e+01 5.135203948853808598e+00
7.856183542433832656e+01 5.131237984821734877e+00
7.857356680283632500e+01 5.127302563091175713e+00
7.858520219132289242e+01 5.123397448481279426e+00
7.859674236817859594e+01 5.119522407621714066e+00
7.860818810561275427e+01 5.115677208938733678e+00
7.861954016970973669e+01 5.111861622641355574e+00
7.863079932047504883e+01 5.108075420707642422e+00
7.864196631188104902e+01 5.104318376871087359e+00
7.865304189191245143e+01 5.100590266607107459e+00
7.866402680261144553e+01 5.096890867119641122e+00
7.867492178012258819e+01 5.093219957327844050e+00
7.868572755473732627e+01 5.089577317852890914e+00
7.869644485093832031e+01 5.085962731004879167e+00
7.870707438744338447e+01 5.082375980769832324e+00
7.871761687724917067e+01 5.078816852796800951e+00
7.872807302767456861e+01 5.075285134385067565e+00
7.873844354040382143e+01 5.071780614471445681e+00
7.874872911152931465e+01 5.068303083617677451e+00
7.875893043159412343e+01 5.064852333997932554e+00
7.876904818563424726e+01 5.061428159386394121e+00
7.877908305322054616e+01 5.058030355144950363e+00
7.878903570850044957e+01 5.054658718210973234e+00
7.879890682023929571e+01 5.051313047085194796e+00
7.880869705186147200e+01 5.047993141819675067e+00
7.881840706149124287e+01 5.044698804005864012e+00
7.882803750199327908e+01 5.041429836762755023e+00
7.883758902101293131e+01 5.038186044725126322e+00
7.884706226101623372e+01 5.034967234031878291e+00
7.885645785932959484e+01 5.031773212314455179e+00
7.886577644817928956e+01 5.028603788685360954e+00
7.887501865473058160e+01 5.025458773726757755e+00
7.888418510112666127e+01 5.022337979479157610e+00
7.889327640452724211e+01 5.019241219430196743e+00
7.890229317714694446e+01 5.016168308503498707e+00
7.891123602629340894e+01 5.013119063047621893e+00
7.892010555440508313e+01 5.010093300825094076e+00
7.892890235908879504e+01 5.007090841001527792e+00
7.893762703315709928e+01 5.004111504134823640e+00
7.894628016466526788e+01 5.001155112164451744e+00
7.895486233694808220e+01 4.998221488400820256e+00
7.896337412865635486e+01 4.995310457514723801e+00
7.897181611379319577e+01 4.992421845526871849e+00
7.898018886175000830e+01 4.989555479797498805e+00
7.898849293734225796e+01 4.986711189016055812e+00
7.899672890084497112e+01 4.983888803190977157e+00
7.900489730802793531e+01 4.981088153639530169e+00
7.901299871019074317e+01 4.978309072977740612e+00
7.902103365419752379e+01 4.975551395110397124e+00
7.902900268251141824e+01 4.972814955221128486e+00
7.903690633322884196e+01 4.970099589762564385e+00
7.904474514011351971e+01 4.967405136446565450e+00
7.905251963263017956e+01 4.964731434234531449e+00
7.906023033597813310e+01 4.962078323327782314e+00
7.906787777112451465e+01 4.959445645158016447e+00
7.907546245483730729e+01 4.956833242377837401e+00
7.908298489971818412e+01 4.954240958851358734e+00
7.909044561423503694e+01 4.951668639644877246e+00
7.909784510275429170e+01 4.949116131017619935e+00
7.910518386557302506e+01 4.946583280412560235e+00
7.911246239895079668e+01 4.944069936447308855e+00
7.911968119514128261e+01 4.941575948905068572e+00
7.912684074242368126e+01 4.939101168725665403e+00
7.913394152513384938e+01 4.936645447996642844e+00
7.914098402369526752e+01 4.934208639944428931e+00
7.914796871464973549e+01 4.931790598925569036e+00
7.915489607068786881e+01 4.929391180418027041e+00
7.916176656067933948e+01 4.927010241012551361e+00
7.916858064970293185e+01 4.924647638404110239e+00
7.917533879907638550e+01 4.922303231383393651e+00
7.918204146638592533e+01 4.919976879828374727e+00
7.918868910551572071e+01 4.917668444695942220e+00
7.919528216667700349e+01 4.915377788013596039e+00
7.920182109643702972e+01 4.913104772871204950e+00
7.920830633774781404e+01 4.910849263412827348e+00
7.921473832997463660e+01 4.908611124828598626e+00
7.922111750892437954e+01 4.906390223346675405e+00
7.922744430687362183e+01 4.904186426225248141e+00
7.923371915259649256e+01 4.901999601744609691e+00
7.923994247139241054e+01 4.899829619199287833e+00
7.924611468511351120e+01 4.897676348890237286e+00
7.925223621219195991e+01 4.895539662117092128e+00
7.925830746766699519e+01 4.893419431170479506e+00
7.926432886321180149e+01 4.891315529324387512e+00
7.927030080716015448e+01 4.889227830828597909e+00
7.927622370453293854e+01 4.887156210901173026e+00
7.928209795706435159e+01 4.885100545721002163e+00
7.928792396322802460e+01 4.883060712420403071e+00
7.929370211826285697e+01 4.881036589077785592e+00
7.929943281419870971e+01 4.879028054710365936e+00
7.930511643988191395e+01 4.877034989266938680e+00
7.931075338100052363e+01 4.875057273620707399e+00
7.931634402010944029e+01 4.873094789562166795e+00
7.932188873665533890e+01 4.871147419792041688e+00
7.932738790700135212e+01 4.869215047914277505e+00
7.933284190445164086e+01 4.867297558429090287e+00
7.933825109927575170e+01 4.865394836726063765e+00
7.934361585873276113e+01 4.863506769077304170e+00
7.934893654709527766e+01 4.861633242630645668e+00
7.935421352567321662e+01 4.859774145402908196e+00
7.935944715283744699e+01 4.857929366273206817e+00
7.936463778404322511e+01 4.856098794976315247e+00
7.936978577185344363e+01 4.854282322096076463e+00
7.937489146596175260e+01 4.852479839058867483e+00
7.937995521321543890e+01 4.850691238127111227e+00
7.938497735763816365e+01 4.848916412392840769e+00
7.938995824045251481e+01 4.847155255771313342e+00
7.939489820010241772e+01 4.845407662994671405e+00
7.939979757227534662e+01 4.843673529605653449e+00
7.940465668992435155e+01 4.841952751951353662e+00
7.940947588328995721e+01 4.840245227177029541e+00
7.941425547992187717e+01 4.838550853219956593e+00
7.941899580470052911e+01 4.836869528803331875e+00
7.942369717985843636e+01 4.835201153430221055e+00
7.942835992500143050e+01 4.833545627377555221e+00
7.943298435712971184e+01 4.831902851690173861e+00
7.943757079065872517e+01 4.830272728174910490e+00
7.944211953743989341e+01 4.828655159394729779e+00
7.944663090678118067e+01 4.827050048662901105e+00
7.945110520546751331e+01 4.825457300037227171e+00
7.945554273778100196e+01 4.823876818314306369e+00
7.945994380552109249e+01 4.822308509023850220e+00
7.946430870802443280e+01 4.820752278423034554e+00
7.946863774218471121e+01 4.819208033490900434e+00
7.947293120247226739e+01 4.817675681922797715e+00
7.947718938095356123e+01 4.816155132124867677e+00
7.948141256731054227e+01 4.814646293208571848e+00
7.948560104885977751e+01 4.813149074985260789e+00
7.948975511057150811e+01 4.811663387960786409e+00
7.949387503508853570e+01 4.810189143330155126e+00
7.949796110274495220e+01 4.808726252972220117e+00
7.950201359158469927e+01 4.807274629444417080e+00
7.950603277738007080e+01 4.805834185977539974e+00
7.951001893364997386e+01 4.804404836470557605e+00
7.951397233167809020e+01 4.802986495485465746e+00
7.951789324053089558e+01 4.801579078242185439e+00
7.952178192707553706e+01 4.800182500613496828e+00
7.952563865599758230e+01 4.798796679120011177e+00
7.952946368981859848e+01 4.797421530925182864e+00
7.953325728891363156e+01 4.796056973830363113e+00
7.953701971152850092e+01 4.794702926269883925e+00
7.954075121379702296e+01 4.793359307306188200e+00
7.954445204975802142e+01 4.792026036624991825e+00
7.954812247137230941e+01 4.790703034530483961e+00
7.955176272853942976e+01 4.789390221940566406e+00
7.955537306911429596e+01 4.788087520382129370e+00
7.955895373892379041e+01 4.786794851986360122e+00
7.956250498178306430e+01 4.785512139484091598e+00
7.956602703951189426e+01 4.784239306201183872e+00
7.956952015195075489e+01 4.782976276053945597e+00
7.957298455697686279e+01 4.781722973544584754e+00
7.957642049052006428e+01 4.780479323756699372e+00
7.957982818657856683e+01 4.779245252350800222e+00
7.958320787723461365e+01 4.778020685559868141e+00
7.958655979266997349e+01 4.776805550184946902e+00
7.958988416118134523e+01 4.775599773590769814e+00
7.959318120919562034e+01 4.774403283701419198e+00
7.959645116128503162e+01 4.773216008996018722e+00
7.959969424018215989e+01 4.772037878504461261e+00
7.960291066679491223e+01 4.770868821803166071e+00
7.960610066022124442e+01 4.769708769010871485e+00
7.960926443776386918e+01 4.768557650784460478e+00
7.961240221494480807e+01 4.767415398314815533e+00
7.961551420551984393e+01 4.766281943322707271e+00
7.961860062149285966e+01 4.765157218054714150e+00
7.962166167313003484e+01 4.764041155279174156e+00
7.962469756897395712e+01 4.762933688282168454e+00
7.962770851585761989e+01 4.761834750863533472e+00
7.963069471891830631e+01 4.760744277332904062e+00
7.963365638161133120e+01 4.759662202505789530e+00
7.963659370572375451e+01 4.758588461699679861e+00
7.963950689138791006e+01 4.757522990730176815e+00
7.964239613709483478e+01 4.756465725907161435e+00
7.964526163970762695e+01 4.755416604030988204e+00
7.964810359447466226e+01 4.754375562388704957e+00
7.965092219504276727e+01 4.753342538750310098e+00
7.965371763347017975e+01 4.752317471365031132e+00
7.965649010023952314e+01 4.751300298957634283e+00
7.965923978427058216e+01 4.750290960724763423e+00
7.966196687293304990e+01 4.749289396331307422e+00
7.966467155205911865e+01 4.748295545906794146e+00
7.966735400595599970e+01 4.747309350041811982e+00
7.967001441741832934e+01 4.746330749784460679e+00
7.967265296774051819e+01 4.745359686636827057e+00
7.967526983672891561e+01 4.744396102551490912e+00
7.967786520271396000e+01 4.743439939928055793e+00
7.968043924256220123e+01 4.742491141609705529e+00
7.968299213168822348e+01 4.741549650879790079e+00
7.968552404406644030e+01 4.740615411458436235e+00
7.968803515224288958e+01 4.739688367499182320e+00
7.969052562734682965e+01 4.738768463585643076e+00
7.969299563910232109e+01 4.737855644728197646e+00
7.969544535583963807e+01 4.736949856360703315e+00
7.969787494450669385e+01 4.736051044337232341e+00
7.970028457068026739e+01 4.735159154928839875e+00
7.970267439857718728e+01 4.734274134820351421e+00
7.970504459106545880e+01 4.733395931107176047e+00
7.970739530967523478e+01 4.732524491292145363e+00
7.970972671460975789e+01 4.731659763282376474e+00
7.971203896475616091e+01 4.730801695386159800e+00
7.971433221769623856e+01 4.729950236309866440e+00
7.971660662971707723e+01 4.729105335154887513e+00
7.971886235582164204e+01 4.728266941414588587e+00
7.972109954973926449e+01 4.727435004971293431e+00
7.972331836393603055e+01 4.726609476093288187e+00
7.972551894962511199e+01 4.725790305431849525e+00
7.972770145677696974e+01 4.724977444018295003e+00
7.972986603412955731e+01 4.724170843261058295e+00
7.973201282919833943e+01 4.723370454942782182e+00
7.973414198828631072e+01 4.722576231217439968e+00
7.973625365649391483e+01 4.721788124607475545e+00
7.973834797772883576e+01 4.721006088000962997e+00
7.974042509471578910e+01 4.720230074648796403e+00
7.974248514900617124e+01 4.719460038161890303e+00
7.974452828098763746e+01 4.718695932508412128e+00
7.974655462989365162e+01 4.717937712011028850e+00
7.974856433381292220e+01 4.717185331344176724e+00
7.975055752969873879e+01 4.716438745531354115e+00
7.975253435337828023e+01 4.715697909942431210e+00
7.975449493956183744e+01 4.714962780290986366e+00
7.975643942185190838e+01 4.714233312631656680e+00
7.975836793275233561e+01 4.713509463357511642e+00
7.976028060367721650e+01 4.712791189197448105e+00
7.976217756495988453e+01 4.712078447213603027e+00
7.976405894586173417e+01 4.711371194798790185e+00
7.976592487458098901e+01 4.710669389673950214e+00
7.976777547826141301e+01 4.709972989885624628e+00
7.976961088300093650e+01 4.709281953803451160e+00
7.977143121386025371e+01 4.708596240117673304e+00
7.977323659487127827e+01 4.707915807836671185e+00
7.977502714904558445e+01 4.707240616284513735e+00
7.977680299838276312e+01 4.706570625098525085e+00
7.977856426387873512e+01 4.705905794226874050e+00
7.978031106553393670e+01 4.705246083926181377e+00
7.978204352236149077e+01 4.704591454759142088e+00
7.978376175239532131e+01 4.703941867592170034e+00
7.978546587269815404e+01 4.703297283593058431e+00
7.978715599936948877e+01 4.702657664228659939e+00
7.978883224755345793e+01 4.702022971262581841e+00
7.979049473144672788e+01 4.701393166752902530e+00
7.979214356430620114e+01 4.700768213049903999e+00
7.979377885845677554e+01 4.700148072793820297e+00
7.979540072529893280e+01 4.699532708912606438e+00
7.979700927531636978e+01 4.698922084619720607e+00
7.979860461808347338e+01 4.698316163411927704e+00
7.980018686227282387e+01 4.697714909067117084e+00
7.980175611566255611e+01 4.697118285642135405e+00
7.980331248514372078e+01 4.696526257470642562e+00
7.980485607672754611e+01 4.695938789160976512e+00
7.980638699555265703e+01 4.695355845594039401e+00
7.980790534589225160e+01 4.694777391921199694e+00
7.980941123116119229e+01 4.694203393562206728e+00
7.981090475392304029e+01 4.693633816203127473e+00
7.981238601589707571e+01 4.693068625794292181e+00
7.981385511796518983e+01 4.692507788548261338e+00
7.981531216017877739e+01 4.691951270937805951e+00
7.981675724176555775e+01 4.691399039693903816e+00
7.981819046113632510e+01 4.690851061803750888e+00
7.981961191589165594e+01 4.690307304508787745e+00
7.982102170282860243e+01 4.689767735302742935e+00
7.982241991794721514e+01 4.689232321929688752e+00
7.982380665645716533e+01 4.688701032382113887e+00
7.982518201278418246e+01 4.688173834899011183e+00
7.982654608057653434e+01 4.687650697963978708e+00
7.982789895271136515e+01 4.687131590303335926e+00
7.982924072130107618e+01 4.686616480884254088e+00
7.983057147769957851e+01 4.686105338912902596e+00
7.983189131250856008e+01 4.685598133832608703e+00
7.983320031558361052e+01 4.685094835322028750e+00
7.983449857604040290e+01 4.684595413293338950e+00
7.983578618226076173e+01 4.684099837890435936e+00
7.983706322189867421e+01 4.683608079487150633e+00
7.983832978188628715e+01 4.683120108685480787e+00
7.983958594843983292e+01 4.682635896313831481e+00
7.984083180706554117e+01 4.682155413425271639e+00
7.984206744256543686e+01 4.681678631295805637e+00
7.984329293904313829e+01 4.681205521422653781e+00
7.984450837990962668e+01 4.680736055522552341e+00
7.984571384788891635e+01 4.680270205530058902e+00
7.984690942502369637e+01 4.679807943595879038e+00
7.984809519268094391e+01 4.679349242085198313e+00
7.984927123155749484e+01 4.678894073576032930e+00
7.985043762168552917e+01 4.678442410857589273e+00
7.985159444243805638e+01 4.677994226928638533e+00
7.985274177253431560e+01 4.677549494995902890e+00
7.985387969004517572e+01 4.677108188472452355e+00
7.985500827239846444e+01 4.676670280976117589e+00
7.985612759638425473e+01 4.676235746327913390e+00
7.985723773816009441e+01 4.675804558550471057e+00
7.985833877325622154e+01 4.675376691866489409e+00
7.985943077658075140e+01 4.674952120697191127e+00
7.986051382242474972e+01 4.674530819660795977e+00
7.986158798446733442e+01 4.674112763571002027e+00
7.986265333578073466e+01 4.673697927435481958e+00
