2.500000000000000000e+01 2.000000000000000000e+01
2.498440184177160361e+01 2.006625221604637943e+01
2.496873210050873126e+01 2.013198701578942718e+01
2.495299001470493394e+01 2.019720863916020903e+01
2.493717486400529637e+01 2.026192129189322699e+01
2.492128596891238601e+01 2.032612914573746821e+01
2.490532269047535507e+01 2.038983633866693523e+01
2.488928442996277823e+01 2.045304697509066116e+01
2.487317062851982996e+01 2.051576512606225933e+01
2.485698076681037350e+01 2.057799482948899694e+01
2.484071436464454408e+01 2.063974009034044244e+01
2.482437098059244462e+01 2.070100488085670065e+01
2.480795021158450453e+01 2.076179314075623950e+01
2.479145169249909841e+01 2.082210877744334354e+01
2.477487509573800040e+01 2.088195566621520882e+01
2.475822013079026718e+01 2.094133765046866813e+01
2.474148654378508283e+01 2.100025854190659658e+01
2.472467411703417284e+01 2.105872212074398320e+01
2.470778266856431671e+01 2.111673213591369702e+01
2.469081205164053827e+01 2.117429230527192985e+01
2.467376215428048880e+01 2.123140631580336546e+01
2.465663289876060205e+01 2.128807782382603975e+01
2.463942424111452922e+01 2.134431045519592018e+01
2.462213617062437976e+01 2.140010780551120462e+01
2.460476870930529003e+01 2.145547344031635362e+01
2.458732191138383172e+01 2.151041089530583150e+01
2.456979586277075711e+01 2.156492367652758091e+01
2.455219068052856457e+01 2.161901526058622380e+01
2.453450651233435664e+01 2.167268909484598893e+01
2.451674353593849887e+01 2.172594859763335506e+01
2.449890195861949138e+01 2.177879715843943131e+01
2.448098201663554008e+01 2.183123813812202840e+01
2.446298397467323937e+01 2.188327486910746345e+01
2.444490812529382140e+01 2.193491065559206632e+01
2.442675478837737302e+01 2.198614877374337340e+01
2.440852431056543992e+01 2.203699247190102639e+01
2.439021706470239081e+01 2.208744497077735147e+01
2.437183344927597517e+01 2.213750946365762218e+01
2.435337388785739066e+01 2.218718911659996351e+01
2.433483882854127245e+01 2.223648706863494340e+01
2.431622874338593476e+01 2.228540643196479110e+01
2.429754412785420570e+01 2.233395029216225325e+01
2.427878550025520354e+01 2.238212170836906978e+01
2.425995340118734589e+01 2.242992371349407321e+01
2.424104839298293612e+01 2.247735931441085810e+01
2.422207105915459380e+01 2.252443149215506324e+01
2.420302200384384506e+01 2.257114320212120973e+01
2.418390185127211467e+01 2.261749737425909146e+01
2.416471124519442881e+01 2.266349691326971083e+01
2.414545084835604527e+01 2.270914469880074193e+01
2.412612134195228109e+01 2.275444358564151059e+01
2.410672342509177213e+01 2.279939640391745925e+01
2.408725781426336354e+01 2.284400595928408961e+01
2.406772524280689396e+01 2.288827503312038658e+01
2.404812646038801560e+01 2.293220638272168088e+01
2.402846223247731672e+01 2.297580274149193258e+01
2.400873333983387425e+01 2.301906681913545683e+01
2.398894057799343926e+01 2.306200130184802077e+01
2.396908475676142558e+01 2.310460885250733654e+01
2.394916669971084389e+01 2.314689211086293241e+01
2.392918724368535877e+01 2.318885369372534910e+01
2.390914723830756827e+01 2.323049619515468933e+01
2.388904754549269072e+01 2.327182218664847113e+01
2.386888903896772618e+01 2.331283421732879191e+01
2.384867260379626686e+01 2.335353481412877485e+01
2.382839913590900593e+01 2.339392648197827640e+01
2.380806954164010136e+01 2.343401170398884403e+01
2.378768473726945842e+01 2.347379294163793162e+01
2.376724564857100219e+01 2.351327263495230113e+01
2.374675321036705711e+01 2.355245320269065701e+01
2.372620836608888695e+01 2.359133704252544916e+01
2.370561206734344140e+01 2.362992653122386955e+01
2.368496527348640868e+01 2.366822402482798537e+01
2.366426895120159202e+01 2.370623185883402684e+01
2.364352407408666679e+01 2.374395234837080437e+01
2.362273162224537515e+01 2.378138778837723777e+01
2.360189258188615824e+01 2.381854045377898998e+01
2.358100794492730401e+01 2.385541259966417726e+01
2.356007870860856812e+01 2.389200646145816620e+01
2.353910587510936381e+01 2.392832425509741512e+01
2.351809045117346741e+01 2.396436817720238466e+01
2.349703344774028935e+01 2.400014040524945358e+01
2.347593587958269268e+01 2.403564309774188956e+01
2.345479876495138427e+01 2.407087839437980037e+01
2.343362312522583224e+01 2.410584841622910446e+01
2.341240998457174882e+01 2.414055526588948553e+01
2.339116036960509604e+01 2.417500102766132386e+01
2.336987530906259991e+01 2.420918776771158321e+01
2.334855583347876262e+01 2.424311753423867799e+01
2.332720297486934413e+01 2.427679235763626409e+01
2.330581776642129199e+01 2.431021425065598507e+01
2.328440124218907670e+01 2.434338520856913846e+01
2.326295443679741126e+01 2.437630720932726547e+01
2.324147838515031594e+01 2.440898221372165366e+01
2.321997412214648548e+01 2.444141216554174534e+01
2.319844268240092688e+01 2.447359899173243747e+01
2.317688509997280732e+01 2.450554460255028388e+01
2.315530240809948737e+01 2.453725089171857476e+01
2.313369563893667546e+01 2.456871973658128638e+01
2.311206582330465409e+01 2.459995299825592596e+01
2.309041399044054543e+01 2.463095252178521832e+01
2.306874116775652794e+01 2.466172013628766635e+01
2.304704838060397165e+01 2.469225765510697457e+01
2.302533665204343905e+01 2.472256687596031099e+01
2.300360700262046976e+01 2.475264958108543567e+01
2.298186045014711709e+01 2.478250753738665679e+01
2.296009800948913337e+01 2.481214249657964643e+01
2.293832069235880411e+01 2.484155619533508386e+01
2.291652950711329240e+01 2.487075035542114421e+01
2.289472545855849361e+01 2.489972668384482546e+01
2.287290954775829022e+01 2.492848687299209587e+01
2.285108277184916403e+01 2.495703260076688679e+01
2.282924612386008434e+01 2.498536553072891309e+01
2.280740059253761132e+01 2.501348731223032473e+01
2.278554716217615095e+01 2.504139958055119308e+01
2.276368681245327252e+01 2.506910395703381766e+01
2.274182051827004258e+01 2.509660204921588189e+01
2.271994924959627937e+01 2.512389545096241861e+01
2.269807397132068161e+01 2.515098574259662456e+01
2.267619564310574631e+01 2.517787449102951314e+01
2.265431521924740466e+01 2.520456324988838404e+01
2.263243364853930828e+01 2.523105355964414898e+01
2.261055187414169865e+01 2.525734694773748501e+01
2.258867083345477411e+01 2.528344492870384030e+01
2.256679145799649433e+01 2.530934900429727463e+01
2.254491467328475451e+01 2.533506066361315945e+01
2.252304139872383359e+01 2.536058138320971977e+01
2.250117254749508078e+01 2.538591262722843567e+01
2.247930902645174811e+01 2.541105584751330326e+01
2.245745173601788380e+01 2.543601248372895540e+01
2.243560157009125433e+01 2.546078396347764894e+01
2.241375941595018517e+01 2.548537170241512939e+01
2.239192615416428467e+01 2.550977710436535872e+01
2.237010265850894442e+01 2.553400156143414179e+01
2.234828979588359132e+01 2.555804645412162301e+01
2.232648842623357410e+01 2.558191315143368172e+01
2.230469940247565219e+01 2.560560301099222258e+01
2.228292357042700900e+01 2.562911737914436827e+01
2.226116176873771124e+01 2.565245759107055790e+01
2.223941482882655407e+01 2.567562497089156892e+01
2.221768357482024570e+01 2.569862083177444134e+01
2.219596882349581790e+01 2.572144647603735024e+01
2.217427138422624822e+01 2.574410319525339119e+01
2.215259205892920136e+01 2.576659227035332123e+01
2.213093164201882601e+01 2.578891497172723390e+01
2.210929092036055010e+01 2.581107255932519706e+01
2.208767067322882127e+01 2.583306628275683892e+01
2.206607167226770372e+01 2.585489738138992166e+01
2.204449468145429591e+01 2.587656708444786702e+01
2.202294045706489456e+01 2.589807661110627279e+01
2.200140974764385149e+01 2.591942717058842760e+01
2.197990329397505249e+01 2.594061996225980593e+01
2.195842182905598605e+01 2.596165617572158268e+01
2.193696607807429899e+01 2.598253699090314583e+01
2.191553675838683191e+01 2.600326357815364631e+01
2.189413457950104558e+01 2.602383709833256020e+01
2.187276024305878508e+01 2.604425870289928824e+01
2.185141444282234602e+01 2.606452953400181372e+01
2.183009786466276125e+01 2.608465072456439415e+01
2.180881118655027961e+01 2.610462339837432211e+01
2.178755507854696916e+01 2.612444867016775163e+01
2.176633020280139874e+01 2.614412764571460812e+01
2.174513721354533047e+01 2.616366142190256738e+01
2.172397675709240872e+01 2.618305108682013937e+01
2.170284947183875346e+01 2.620229771983886025e+01
2.168175598826544714e+01 2.622140239169457132e+01
2.166069692894282284e+01 2.624036616456783477e+01
2.163967290853656067e+01 2.625919009216346822e+01
2.161868453381549315e+01 2.627787521978921959e+01
2.159773240366111224e+01 2.629642258443357150e+01
2.157681710907870354e+01 2.631483321484271087e+01
2.155593923321008987e+01 2.633310813159666353e+01
2.153509935134792030e+01 2.635124834718457265e+01
2.151429803095145843e+01 2.636925486607917435e+01
2.149353583166385917e+01 2.638712868481045959e+01
2.147281330533085253e+01 2.640487079203851195e+01
2.145213099602080931e+01 2.642248216862556376e+01
2.143148944004616752e+01 2.643996378770725997e+01
2.141088916598614489e+01 2.645731661476312979e+01
2.139033069471071968e+01 2.647454160768630516e+01
2.136981453940584785e+01 2.649163971685245400e+01
2.134934120559985615e+01 2.650861188518796041e+01
2.132891119119098988e+01 2.652545904823737999e+01
2.130852498647608328e+01 2.654218213423012074e+01
2.128818307418029931e+01 2.655878206414641340e+01
2.126788592948793166e+01 2.657525975178255706e+01
2.124763402007418733e+01 2.659161610381544705e+01
2.122742780613798175e+01 2.660785201986638171e+01
2.120726774043565399e+01 2.662396839256419767e+01
2.118715426831560222e+01 2.663996610760769101e+01
2.116708782775379660e+01 2.665584604382736345e+01
2.114706884939014842e+01 2.667160907324648633e+01
2.112709775656568567e+01 2.668725606114151105e+01
2.110717496536053517e+01 2.670278786610180788e+01
2.108730088463263996e+01 2.671820534008875114e+01
2.106747591605723002e+01 2.673350932849417205e+01
2.104770045416698210e+01 2.674870067019815778e+01
2.102797488639286527e+01 2.676378019762623950e+01
2.100829959310562245e+01 2.677874873680594092e+01
2.098867494765788422e+01 2.679360710742273000e+01
2.096910131642686537e+01 2.680835612287534886e+01
2.094957905885765825e+01 2.682299659033055050e+01
2.093010852750703776e+01 2.683752931077724568e+01
2.091069006808781339e+01 2.685195507908006007e+01
2.089132401951366802e+01 2.686627468403231944e+01
2.087201071394447993e+01 2.688048890840845218e+01
2.085275047683208172e+01 2.689459852901584469e+01
2.083354362696646689e+01 2.690860431674612840e+01
2.081439047652238727e+01 2.692250703662591249e+01
2.079529133110635541e+01 2.693630744786699083e+01
2.077624648980399158e+01 2.695000630391599827e+01
2.075725624522774382e+01 2.696360435250354470e+01
2.073832088356490289e+01 2.697710233569281257e+01
2.071944068462594757e+01 2.699050098992766422e+01
2.070061592189317068e+01 2.700380104608020915e+01
2.068184686256956795e+01 2.701700322949789168e+01
2.066313376762798981e+01 2.703010826005006706e+01
2.064447689186050994e+01 2.704311685217409078e+01
2.062587648392802819e+01 2.705602971492092834e+01
2.060733278641006194e+01 2.706884755200028181e+01
2.058884603585472206e+01 2.708157106182523677e+01
2.057041646282885594e+01 2.709420093755645809e+01
2.055204429196835036e+01 2.710673786714591671e+01
2.053372974202855517e+01 2.711918253338016171e+01
2.051547302593484190e+01 2.713153561392314117e+01
2.049727435083326199e+01 2.714379778135858956e+01
2.047913391814129724e+01 2.715596970323196757e+01
2.046105192359869562e+01 2.716805204209197555e+01
2.044302855731836743e+01 2.718004545553164064e+01
2.042506400383733123e+01 2.719195059622898114e+01
2.040715844216771657e+01 2.720376811198725520e+01
2.038931204584776680e+01 2.721549864577480449e+01
2.037152498299288439e+01 2.722714283576447869e+01
2.035379741634665507e+01 2.723870131537269046e+01
2.033612950333188607e+01 2.725017471329803698e+01
2.031852139610161601e+01 2.726156365355956268e+01
2.030097324159009275e+01 2.727286875553462764e+01
2.028348518156371583e+01 2.728409063399638868e+01
2.026605735267192188e+01 2.729522989915091813e+01
2.024868988649802048e+01 2.730628715667394957e+01
2.023138290960995178e+01 2.731726300774724692e+01
2.021413654361096235e+01 2.732815804909463608e+01
2.019695090519021008e+01 2.733897287301765999e+01
2.017982610617324468e+01 2.734970806743089611e+01
2.016276225357240293e+01 2.736036421589691159e+01
2.014575944963708665e+01 2.737094189766089514e+01
2.012881779190391285e+01 2.738144168768494424e+01
2.011193737324673236e+01 2.739186415668200780e+01
2.009511828192652061e+01 2.740220987114951967e+01
2.007836060164111913e+01 2.741247939340268402e+01
2.006166441157481373e+01 2.742267328160746231e+01
2.004502978644777045e+01 2.743279208981322981e+01
2.002845679656530109e+01 2.744283636798511949e+01
2.001194550786694748e+01 2.745280666203606401e+01
1.999549598197540234e+01 2.746270351385852848e+01
1.997910827624522767e+01 2.747252746135594137e+01
1.996278244381140254e+01 2.748227903847383047e+01
1.994651853363765426e+01 2.749195877523066400e+01
1.993031659056460825e+01 2.750156719774840042e+01
1.991417665535772130e+01 2.751110482828275750e+01
1.989809876475499451e+01 2.752057218525319016e+01
1.988208295151448723e+01 2.752996978327259470e+01
1.986612924446160378e+01 2.753929813317674302e+01
1.985023766853614191e+01 2.754855774205342911e+01
1.983440824483912834e+01 2.755774911327136323e+01
1.981864099067941254e+01 2.756687274650879260e+01
1.980293591962001898e+01 2.757592913778185206e+01
1.978729304152426494e+01 2.758491877947268023e+01
1.977171236260161891e+01 2.759384216035724435e+01
1.975619388545333166e+01 2.760269976563294847e+01
1.974073760911778663e+01 2.761149207694596797e+01
1.972534352911562294e+01 2.762021957241834613e+01
1.971001163749456708e+01 2.762888272667484557e+01
1.969474192287403724e+01 2.763748201086956158e+01
1.967953437048945275e+01 2.764601789271229748e+01
1.966438896223629484e+01 2.765449083649469841e+01
1.964930567671388673e+01 2.766290130311616124e+01
1.963428448926890013e+01 2.767124975010951715e+01
1.961932537203859894e+01 2.767953663166647615e+01
1.960442829399379150e+01 2.768776239866285493e+01
1.958959322098150935e+01 2.769592749868359149e+01
1.957482011576740177e+01 2.770403237604752533e+01
1.956010893807785322e+01 2.771207747183196801e+01
1.954545964464180940e+01 2.772006322389707478e+01
1.953087218923231561e+01 2.772799006690997459e+01
1.951634652270777437e+01 2.773585843236872606e+01
1.950188259305290828e+01 2.774366874862603893e+01
1.948748034541942431e+01 2.775142144091281438e+01
1.947313972216640465e+01 2.775911693136146496e+01
1.945886066290038485e+01 2.776675563902904997e+01
1.944464310451514777e+01 2.777433797992020814e+01
1.943048698123122620e+01 2.778186436700989148e+01
1.941639222463508929e+01 2.778933521026591791e+01
1.940235876371805901e+01 2.779675091667132492e+01
1.938838652491490677e+01 2.780411189024654561e+01
1.937447543214216239e+01 2.781141853207137515e+01
1.936062540683612099e+01 2.781867124030679150e+01
1.934683636799055506e+01 2.782587041021655239e+01
1.933310823219411390e+01 2.783301643418865012e+01
1.931944091366744232e+01 2.784010970175656752e+01
1.930583432429998325e+01 2.784715059962035610e+01
1.929228837368648186e+01 2.785413951166755453e+01
1.927880296916319480e+01 2.786107681899393285e+01
1.926537801584379750e+01 2.786796289992404496e+01
1.925201341665498944e+01 2.787479813003164963e+01
1.923870907237179750e+01 2.788158288215993608e+01
1.922546488165257728e+01 2.788831752644159323e+01
1.921228074107371597e+01 2.789500243031872628e+01
1.919915654516404757e+01 2.790163795856259554e+01
1.918609218643894110e+01 2.790822447329320610e+01
1.917308755543411891e+01 2.791476233399874474e+01
1.916014254073915524e+01 2.792125189755484627e+01
1.914725702903067983e+01 2.792769351824371782e+01
1.913443090510530098e+01 2.793408754777310676e+01
1.912166405191220875e+01 2.794043433529511944e+01
1.910895635058549047e+01 2.794673422742488000e+01
1.909630768047615135e+01 2.795298756825905784e+01
1.908371791918384375e+01 2.795919469939423507e+01
1.907118694258829095e+01 2.796535595994514267e+01
1.905871462488042667e+01 2.797147168656273308e+01
1.904630083859323975e+01 2.797754221345213210e+01
1.903394545463232035e+01 2.798356787239043442e+01
1.902164834230612200e+01 2.798954899274437125e+01
1.900940936935593584e+01 2.799548590148782878e+01
1.899722840198556995e+01 2.800137892321924582e+01
1.898510530489073744e+01 2.800722838017885508e+01
1.897303994128816385e+01 2.801303459226581793e+01
1.896103217294441023e+01 2.801879787705519931e+01
1.894908186020440510e+01 2.802451854981482882e+01
1.893718886201969198e+01 2.803019692352202696e+01
1.892535303597640350e+01 2.803583330888020342e+01
1.891357423832294415e+01 2.804142801433532739e+01
1.890185232399739945e+01 2.804698134609226656e+01
1.889018714665465382e+01 2.805249360813101944e+01
1.887857855869325618e+01 2.805796510222279849e+01
1.886702641128197655e+01 2.806339612794601024e+01
1.885553055438611736e+01 2.806878698270210748e+01
1.884409083679353003e+01 2.807413796173131715e+01
1.883270710614036858e+01 2.807944935812825449e+01
1.882137920893657324e+01 2.808472146285741999e+01
1.881010699059107338e+01 2.808995456476857910e+01
1.879889029543674539e+01 2.809514895061201400e+01
1.878772896675507198e+01 2.810030490505368661e+01
1.877662284680056359e+01 2.810542271069025588e+01
1.876557177682490618e+01 2.811050264806400989e+01
1.875457559710083544e+01 2.811554499567766996e+01
1.874363414694576946e+01 2.812055003000909537e+01
1.873274726474517138e+01 2.812551802552586722e+01
1.872191478797565622e+01 2.813044925469976576e+01
1.871113655322783487e+01 2.813534398802115533e+01
1.870041239622891993e+01 2.814020249401323426e+01
1.868974215186505816e+01 2.814502503924621024e+01
1.867912565420342830e+01 2.814981188835134773e+01
1.866856273651407250e+01 2.815456330403492302e+01
1.865805323129150040e+01 2.815927954709206560e+01
1.864759697027601959e+01 2.816396087642051782e+01
1.863719378447484942e+01 2.816860754903426667e+01
1.862684350418296475e+01 2.817321982007709735e+01
1.861654595900371589e+01 2.817779794283603678e+01
1.860630097786920700e+01 2.818234216875470111e+01
1.859610838906042218e+01 2.818685274744654379e+01
1.858596802022712779e+01 2.819132992670800419e+01
1.857587969840752962e+01 2.819577395253157448e+01
1.856584325004770974e+01 2.820018506911874923e+01
1.855585850102081480e+01 2.820456351889289337e+01
1.854592527664602386e+01 2.820890954251202487e+01
1.853604340170728904e+01 2.821322337888148013e+01
1.852621270047183799e+01 2.821750526516651192e+01
1.851643299670845977e+01 2.822175543680478427e+01
1.850670411370557034e+01 2.822597412751877144e+01
1.849702587428904366e+01 2.823016156932807874e+01
1.848739810083983315e+01 2.823431799256166741e+01
1.847782061531136577e+01 2.823844362586999424e+01
1.846829323924673005e+01 2.824253869623706592e+01
1.845881579379563675e+01 2.824660342899239041e+01
1.844938809973116634e+01 2.825063804782286425e+01
1.844000997746632109e+01 2.825464277478456054e+01
1.843068124707034627e+01 2.825861783031443508e+01
1.842140172828484523e+01 2.826256343324195441e+01
1.841217124053970622e+01 2.826647980080062439e+01
1.840298960296879471e+01 2.827036714863945122e+01
1.839385663442547170e+01 2.827422569083432080e+01
1.838477215349788807e+01 2.827805563989928217e+01
1.837573597852408369e+01 2.828185720679776338e+01
1.836674792760689812e+01 2.828563060095370219e+01
1.835780781862866462e+01 2.828937603026259495e+01
1.834891546926572659e+01 2.829309370110247102e+01
1.834007069700275494e+01 2.829678381834478174e+01
1.833127331914686664e+01 2.830044658536522917e+01
1.832252315284156197e+01 2.830408220405449171e+01
1.831382001508046997e+01 2.830769087482888935e+01
1.830516372272089498e+01 2.831127279664097074e+01
1.829655409249719966e+01 2.831482816699002925e+01
1.828799094103398559e+01 2.831835718193253015e+01
1.827947408485909975e+01 2.832186003609247749e+01
1.827100334041645979e+01 2.832533692267170267e+01
1.826257852407869109e+01 2.832878803346007146e+01
1.825419945215960382e+01 2.833221355884563408e+01
1.824586594092647474e+01 2.833561368782469003e+01
1.823757780661217254e+01 2.833898860801179609e+01
1.822933486542709147e+01 2.834233850564967838e+01
1.822113693357093211e+01 2.834566356561910183e+01
1.821298382724429743e+01 2.834896397144865077e+01
1.820487536266013251e+01 2.835223990532445271e+01
1.819681135605499023e+01 2.835549154809982042e+01
1.818879162370012992e+01 2.835871907930483360e+01
1.818081598191246684e+01 2.836192267715585658e+01
1.817288424706533689e+01 2.836510251856497788e+01
1.816499623559912280e+01 2.836825877914939298e+01
1.815715176403171327e+01 2.837139163324071234e+01
1.814935064896879524e+01 2.837450125389420919e+01
1.814159270711400040e+01 2.837758781289799970e+01
1.813387775527890611e+01 2.838065148078216282e+01
1.812620561039286571e+01 2.838369242682778548e+01
1.811857608951268972e+01 2.838671081907595095e+01
1.811098900983218840e+01 2.838970682433667037e+01
1.810344418869156158e+01 2.839268060819772899e+01
1.809594144358663925e+01 2.839563233503350048e+01
1.808848059217796944e+01 2.839856216801367239e+01
1.808106145229977813e+01 2.840147026911192540e+01
1.807368384196877642e+01 2.840435679911454159e+01
1.806634757939282210e+01 2.840722191762896642e+01
1.805905248297946031e+01 2.841006578309228559e+01
1.805179837134430088e+01 2.841288855277967329e+01
1.804458506331927836e+01 2.841569038281275539e+01
1.803741237796076646e+01 2.841847142816792271e+01
1.803028013455755740e+01 2.842123184268459468e+01
1.802318815263872054e+01 2.842397177907340122e+01
1.801613625198131174e+01 2.842669138892433622e+01
1.800912425261797267e+01 2.842939082271482931e+01
1.800215197484438434e+01 2.843207022981777499e+01
1.799521923922659994e+01 2.843472975850950135e+01
1.798832586660825328e+01 2.843736955597767846e+01
1.798147167811763936e+01 2.843998976832917691e+01
1.797465649517467412e+01 2.844259054059786251e+01
1.796788013949773344e+01 2.844517201675234830e+01
1.796114243311036773e+01 2.844773433970368615e+01
1.795444319834789582e+01 2.845027765131299802e+01
1.794778225786388504e+01 2.845280209239906100e+01
1.794115943463651419e+01 2.845530780274583904e+01
1.793457455197481920e+01 2.845779492110995790e+01
1.792802743352482153e+01 2.846026358522812671e+01
1.792151790327555361e+01 2.846271393182450993e+01
1.791504578556495630e+01 2.846514609661804940e+01
1.790861090508568410e+01 2.846756021432972616e+01
1.790221308689078228e+01 2.846995641868978666e+01
1.789585215639927540e+01 2.847233484244489432e+01
1.788952793940162778e+01 2.847469561736525634e+01
1.788324026206511874e+01 2.847703887425168645e+01
1.787698895093909712e+01 2.847936474294261444e+01
1.787077383296014332e+01 2.848167335232105302e+01
1.786459473545712129e+01 2.848396483032151849e+01
1.785845148615613098e+01 2.848623930393689463e+01
1.785234391318536851e+01 2.848849689922525386e+01
1.784627184507987607e+01 2.849073774131662518e+01
1.784023511078619961e+01 2.849296195441971946e+01
1.783423353966695757e+01 2.849516966182860500e+01
1.782826696150529244e+01 2.849736098592933331e+01
1.782233520650925840e+01 2.849953604820652586e+01
1.781643810531608452e+01 2.850169496924990042e+01
1.781057548899637055e+01 2.850383786876076897e+01
1.780474718905817610e+01 2.850596486555848230e+01
1.779895303745102808e+01 2.850807607758681428e+01
1.779319286656983934e+01 2.851017162192033183e+01
1.778746650925872430e+01 2.851225161477068681e+01
1.778177379881475773e+01 2.851431617149289011e+01
1.777611456899161624e+01 2.851636540659152175e+01
1.777048865400315592e+01 2.851839943372691266e+01
1.776489588852689039e+01 2.852041836572127309e+01
1.775933610770740856e+01 2.852242231456478194e+01
1.775380914715968217e+01 2.852441139142162285e+01
1.774831484297232009e+01 2.852638570663599893e+01
1.774285303171071604e+01 2.852834536973808000e+01
1.773742355042014651e+01 2.853029048944993207e+01
1.773202623662876221e+01 2.853222117369137933e+01
1.772666092835052609e+01 2.853413752958584837e+01
1.772132746408805914e+01 2.853603966346615550e+01
1.771602568283541856e+01 2.853792768088025511e+01
1.771075542408080494e+01 2.853980168659695948e+01
1.770551652780918772e+01 2.854166178461160186e+01
1.770030883450486670e+01 2.854350807815166746e+01
1.769513218515395181e+01 2.854534066968238193e+01
1.768998642124678611e+01 2.854715966091226065e+01
1.768487138478029053e+01 2.854896515279862967e+01
1.767978691826023763e+01 2.855075724555308625e+01
1.767473286470346849e+01 2.855253603864693446e+01
1.766970906764003146e+01 2.855430163081657824e+01
1.766471537111526047e+01 2.855605412006888599e+01
1.765975161969178941e+01 2.855779360368649833e+01
1.765481765845149198e+01 2.855952017823311451e+01
1.764991333299737875e+01 2.856123393955873269e+01
1.764503848945540909e+01 2.856293498280485466e+01
1.764019297447625334e+01 2.856462340240965503e+01
1.763537663523699095e+01 2.856629929211311136e+01
1.763058931944275187e+01 2.856796274496210586e+01
1.762583087532829396e+01 2.856961385331548087e+01
1.762110115165952706e+01 2.857125270884905177e+01
1.761639999773496612e+01 2.857287940256061276e+01
1.761172726338714867e+01 2.857449402477487510e+01
1.760708279898397421e+01 2.857609666514838409e+01
1.760246645543000810e+01 2.857768741267440760e+01
1.759787808416771426e+01 2.857926635568777840e+01
1.759331753717863833e+01 2.858083358186970102e+01
1.758878466698454801e+01 2.858238917825254433e+01
1.758427932664849891e+01 2.858393323122457019e+01
1.757980136977587904e+01 2.858546582653464796e+01
1.757535065051537160e+01 2.858698704929693335e+01
1.757092702355988578e+01 2.858849698399551187e+01
1.756653034414743431e+01 2.858999571448900312e+01
1.756216046806195763e+01 2.859148332401514381e+01
1.755781725163410556e+01 2.859295989519532810e+01
1.755350055174196910e+01 2.859442551003911603e+01
1.754921022581175905e+01 2.859588024994872413e+01
1.754494613181845253e+01 2.859732419572345918e+01
1.754070812828637926e+01 2.859875742756414496e+01
1.753649607428977575e+01 2.860018002507749912e+01
1.753230982945327554e+01 2.860159206728049242e+01
1.752814925395238532e+01 2.860299363260466166e+01
1.752401420851388636e+01 2.860438479890040497e+01
1.751990455441622174e+01 2.860576564344124151e+01
1.751582015348981969e+01 2.860713624292804624e+01
1.751176086811738841e+01 2.860849667349323866e+01
1.750772656123416837e+01 2.860984701070495717e+01
1.750371709632813833e+01 2.861118732957120159e+01
1.749973233744018586e+01 2.861251770454393295e+01
1.749577214916424950e+01 2.861383820952316270e+01
1.749183639664740753e+01 2.861514891786099923e+01
1.748792494558992772e+01 2.861644990236566954e+01
1.748403766224529576e+01 2.861774123530551606e+01
1.748017441342020106e+01 2.861902298841295078e+01
1.747633506647447277e+01 2.862029523288840593e+01
1.747251948932100518e+01 2.862155803940422416e+01
1.746872755042562630e+01 2.862281147810855586e+01
1.746495911880694152e+01 2.862405561862919257e+01
1.746121406403614884e+01 2.862529053007740387e+01
1.745749225623680800e+01 2.862651628105172819e+01
1.745379356608458821e+01 2.862773293964174570e+01
1.745011786480697680e+01 2.862894057343181231e+01
1.744646502418296308e+01 2.863013924950477929e+01
1.744283491654268303e+01 2.863132903444568456e+01
1.743922741476704275e+01 2.863250999434541200e+01
1.743564239228729917e+01 2.863368219480432231e+01
1.743207972308462317e+01 2.863484570093586612e+01
1.742853928168963051e+01 2.863600057737016868e+01
1.742502094318187389e+01 2.863714688825758259e+01
1.742152458318932773e+01 2.863828469727222270e+01
1.741805007788781978e+01 2.863941406761546915e+01
1.741459730400046269e+01 2.864053506201945254e+01
1.741116613879702868e+01 2.864164774275050362e+01
1.740775646009333144e+01 2.864275217161259235e+01
1.740436814625055106e+01 2.864384840995072423e+01
1.740100107617455194e+01 2.864493651865432966e+01
1.739765512931516867e+01 2.864601655816061410e+01
1.739433018566547773e+01 2.864708858845789408e+01
1.739102612576102658e+01 2.864815266908891189e+01
1.738774283067905557e+01 2.864920885915410764e+01
1.738448018203769152e+01 2.865025721731488773e+01
1.738123806199510568e+01 2.865129780179686136e+01
1.737801635324867888e+01 2.865233067039305581e+01
1.737481493903411334e+01 2.865335588046710669e+01
1.737163370312454447e+01 2.865437348895641989e+01
1.736847252982961010e+01 2.865538355237532286e+01
1.736533130399453029e+01 2.865638612681818387e+01
1.736220991099913391e+01 2.865738126796251350e+01
1.735910823675688519e+01 2.865836903107203426e+01
1.735602616771388540e+01 2.865934947099974650e+01
1.735296359084784967e+01 2.866032264219094827e+01
1.734992039366707672e+01 2.866128859868625511e+01
1.734689646420939013e+01 2.866224739412458433e+01
1.734389169104105832e+01 2.866319908174612152e+01
1.734090596325571809e+01 2.866414371439526931e+01
1.733793917047324484e+01 2.866508134452356416e+01
1.733499120283864414e+01 2.866601202419258954e+01
1.733206195102089708e+01 2.866693580507685013e+01
1.732915130621180566e+01 2.866785273846663173e+01
1.732625916012481326e+01 2.866876287527084344e+01
1.732338540499381452e+01 2.866966626601984203e+01
1.732052993357195092e+01 2.867056296086821732e+01
1.731769263913038159e+01 2.867145300959758458e+01
1.731487341545704695e+01 2.867233646161933436e+01
1.731207215685542522e+01 2.867321336597737158e+01
1.730928875814325707e+01 2.867408377135083697e+01
1.730652311465126658e+01 2.867494772605680708e+01
1.730377512222186809e+01 2.867580527805296242e+01
1.730104467720786587e+01 2.867665647494025905e+01
1.729833167647112191e+01 2.867750136396555760e+01
1.729563601738123069e+01 2.867833999202425943e+01
1.729295759781417274e+01 2.867917240566288584e+01
1.729029631615095752e+01 2.867999865108168223e+01
1.728765207127625203e+01 2.868081877413716896e+01
1.728502476257700238e+01 2.868163282034468864e+01
1.728241428994103757e+01 2.868244083488093921e+01
1.727982055375566972e+01 2.868324286258647149e+01
1.727724345490628011e+01 2.868403894796818321e+01
1.727468289477489094e+01 2.868482913520179522e+01
1.727213877523873009e+01 2.868561346813430291e+01
1.726961099866879223e+01 2.868639199028640618e+01
1.726709946792837869e+01 2.868716474485492895e+01
1.726460408637163368e+01 2.868793177471522782e+01
1.726212475784207356e+01 2.868869312242356884e+01
1.725966138667110528e+01 2.868944883021948300e+01
1.725721387767652715e+01 2.869019894002813587e+01
1.725478213616103673e+01 2.869094349346263328e+01
1.725236606791072091e+01 2.869168253182635908e+01
1.724996557919353890e+01 2.869241609611525234e+01
1.724758057675779810e+01 2.869314422702009892e+01
1.724521096783062291e+01 2.869386696492879452e+01
1.724285666011641638e+01 2.869458434992857931e+01
1.724051756179531480e+01 2.869529642180828333e+01
1.723819358152162806e+01 2.869600322006053617e+01
1.723588462842229418e+01 2.869670478388395551e+01
1.723359061209529486e+01 2.869740115218533916e+01
1.723131144260809577e+01 2.869809236358182858e+01
1.722904703049606567e+01 2.869877845640305480e+01
1.722679728676088473e+01 2.869945946869327713e+01
1.722456212286896360e+01 2.870013543821349700e+01
1.722234145074984113e+01 2.870080640244356474e+01
1.722013518279458566e+01 2.870147239858426502e+01
1.721794323185418918e+01 2.870213346355938810e+01
1.721576551123795085e+01 2.870278963401778682e+01
1.721360193471187117e+01 2.870344094633542298e+01
1.721145241649701774e+01 2.870408743661738526e+01
1.720931687126791232e+01 2.870472914069991077e+01
1.720719521415090014e+01 2.870536609415237450e+01
1.720508736072250500e+01 2.870599833227927888e+01
1.720299322700780920e+01 2.870662589012221133e+01
1.720091272947879801e+01 2.870724880246180533e+01
1.719884578505272543e+01 2.870786710381968376e+01
1.719679231109045858e+01 2.870848082846037030e+01
1.719475222539483639e+01 2.870909001039321140e+01
1.719272544620900689e+01 2.870969468337427344e+01
1.719071189221477525e+01 2.871029488090821147e+01
1.718871148253094461e+01 2.871089063625015569e+01
1.718672413671164634e+01 2.871148198240755534e+01
1.718474977474468446e+01 2.871206895214202248e+01
1.718278831704986942e+01 2.871265157797116174e+01
1.718083968447734478e+01 2.871322989217038213e+01
1.717890379830591741e+01 2.871380392677470184e+01
1.717698058024138064e+01 2.871437371358053525e+01
1.717506995241485157e+01 2.871493928414745866e+01
1.717317183738108710e+01 2.871550066979998306e+01
1.717128615811680348e+01 2.871605790162930205e+01
1.716941283801901008e+01 2.871661101049501852e+01
1.716755180090331478e+01 2.871716002702687476e+01
1.716570297100225417e+01 2.871770498162646490e+01
1.716386627296361311e+01 2.871824590446892245e+01
1.716204163184873011e+01 2.871878282550461137e+01
1.716022897313082751e+01 2.871931577446080297e+01
1.715842822269332402e+01 2.871984478084332792e+01
1.715663930682814708e+01 2.872036987393823182e+01
1.715486215223405608e+01 2.872089108281340586e+01
1.715309668601495119e+01 2.872140843632020690e+01
1.715134283567819651e+01 2.872192196309508105e+01
1.714960052913293254e+01 2.872243169156115528e+01
1.714786969468838507e+01 2.872293764992982545e+01
1.714615026105219542e+01 2.872343986620233380e+01
1.714444215732872934e+01 2.872393836817133916e+01
1.714274531301739302e+01 2.872443318342245533e+01
1.714105965801095977e+01 2.872492433933581069e+01
1.713938512259387892e+01 2.872541186308756878e+01
1.713772163744059895e+01 2.872589578165144530e+01
1.713606913361389061e+01 2.872637612180022160e+01
1.713442754256316647e+01 2.872685291010724029e+01
1.713279679612280759e+01 2.872732617294788682e+01
1.713117682651047957e+01 2.872779593650106378e+01
1.712956756632546274e+01 2.872826222675066532e+01
1.712796894854697882e+01 2.872872506948701243e+01
1.712638090653252121e+01 2.872918449030830956e+01
1.712480337401618513e+01 2.872964051462207280e+01
1.712323628510698725e+01 2.873009316764654031e+01
1.712167957428721721e+01 2.873054247441210052e+01
1.712013317641076071e+01 2.873098845976267413e+01
1.711859702670144046e+01 2.873143114835711742e+01
1.711707106075134988e+01 2.873187056467059364e+01
1.711555521451920825e+01 2.873230673299594429e+01
1.711404942432868737e+01 2.873273967744504276e+01
1.711255362686676662e+01 2.873316942195015500e+01
1.711106775918208101e+01 2.873359599026527178e+01
1.710959175868326554e+01 2.873401940596742676e+01
1.710812556313731392e+01 2.873443969245803586e+01
1.710666911066793361e+01 2.873485687296419400e+01
1.710522233975390094e+01 2.873527097053997181e+01
1.710378518922741975e+01 2.873568200806771600e+01
1.710235759827249424e+01 2.873609000825932114e+01
1.710093950642328053e+01 2.873649499365750160e+01
1.709953085356247016e+01 2.873689698663705983e+01
1.709813157991965227e+01 2.873729600940612983e+01
1.709674162606969716e+01 2.873769208400742414e+01
1.709536093293112202e+01 2.873808523231946666e+01
1.709398944176448509e+01 2.873847547605781827e+01
1.709262709417076564e+01 2.873886283677628484e+01
1.709127383208974749e+01 2.873924733586813574e+01
1.708992959779840959e+01 2.873962899456729403e+01
1.708859433390933091e+01 2.874000783394951952e+01
1.708726798336907748e+01 2.874038387493359892e+01
1.708595048945661077e+01 2.874075713828251466e+01
1.708464179578168185e+01 2.874112764460459601e+01
1.708334184628325048e+01 2.874149541435469146e+01
1.708205058522789699e+01 2.874186046783529491e+01
1.708076795720822716e+01 2.874222282519769323e+01
1.707949390714130189e+01 2.874258250644308887e+01
1.707822838026705625e+01 2.874293953142372615e+01
1.707697132214672919e+01 2.874329391984399606e+01
1.707572267866128612e+01 2.874364569126154123e+01
1.707448239600986639e+01 2.874399486508835366e+01
1.707325042070820942e+01 2.874434146059185480e+01
1.707202669958710572e+01 2.874468549689597907e+01
1.707081117979083729e+01 2.874502699298223973e+01
1.706960380877563566e+01 2.874536596769080532e+01
1.706840453430812587e+01 2.874570243972153349e+01
1.706721330446379881e+01 2.874603642763503331e+01
1.706603006762546570e+01 2.874636794985370258e+01
1.706485477248172700e+01 2.874669702466274757e+01
1.706368736802544106e+01 2.874702367021122384e+01
1.706252780355220366e+01 2.874734790451304178e+01
1.706137602865882741e+01 2.874766974544797193e+01
1.706023199324182826e+01 2.874798921076265401e+01
1.705909564749591212e+01 2.874830631807159165e+01
1.705796694191246843e+01 2.874862108485812939e+01
1.705684582727806387e+01 2.874893352847543682e+01
1.705573225467295373e+01 2.874924366614748195e+01
1.705462617546958271e+01 2.874955151496999406e+01
1.705352754133109272e+01 2.874985709191141581e+01
1.705243630420985212e+01 2.875016041381385890e+01
1.705135241634595644e+01 2.875046149739404910e+01
1.705027583026577176e+01 2.875076035924425355e+01
1.704920649878045680e+01 2.875105701583321860e+01
1.704814437498449209e+01 2.875135148350708647e+01
1.704708941225422691e+01 2.875164377849030828e+01
1.704604156424642625e+01 2.875193391688656419e+01
1.704500078489680348e+01 2.875222191467964805e+01
1.704396702841859224e+01 2.875250778773437332e+01
1.704294024930109330e+01 2.875279155179746127e+01
1.704192040230823579e+01 2.875307322249841491e+01
1.704090744247715605e+01 2.875335281535040366e+01
1.703990132511676237e+01 2.875363034575112309e+01
1.703890200580631031e+01 2.875390582898366532e+01
1.703790944039399236e+01 2.875417928021736458e+01
1.703692358499551673e+01 2.875445071450865342e+01
1.703594439599270416e+01 2.875472014680190824e+01
1.703497183003208804e+01 2.875498759193027709e+01
1.703400584402350759e+01 2.875525306461651454e+01
1.703304639513872587e+01 2.875551657947380590e+01
1.703209344081002996e+01 2.875577815100658441e+01
1.703114693872885610e+01 2.875603779361134471e+01
1.703020684684440766e+01 2.875629552157744584e+01
1.702927312336228738e+01 2.875655134908791410e+01
1.702834572674312241e+01 2.875680529022023535e+01
1.702742461570120014e+01 2.875705735894714365e+01
1.702650974920312166e+01 2.875730756913739938e+01
1.702560108646643755e+01 2.875755593455657433e+01
1.702469858695830141e+01 2.875780246886780844e+01
1.702380221039413044e+01 2.875804718563259144e+01
1.702291191673626969e+01 2.875829009831150529e+01
1.702202766619265262e+01 2.875853122026498454e+01
1.702114941921547953e+01 2.875877056475407301e+01
1.702027713649989238e+01 2.875900814494114854e+01
1.701941077898265675e+01 2.875924397389067266e+01
1.701855030784085088e+01 2.875947806456991529e+01
1.701769568449055825e+01 2.875971042984968307e+01
1.701684687058556378e+01 2.875994108250503700e+01
1.701600382801606415e+01 2.876017003521601012e+01
1.701516651890736753e+01 2.876039730056831445e+01
1.701433490561861106e+01 2.876062289105404801e+01
1.701350895074147829e+01 2.876084681907239116e+01
1.701268861709892377e+01 2.876106909693029934e+01
1.701187386774390120e+01 2.876128973684319945e+01
1.701106466595810218e+01 2.876150875093565773e+01
1.701026097525068792e+01 2.876172615124207610e+01
1.700946275935703511e+01 2.876194194970735296e+01
1.700866998223748894e+01 2.876215615818755111e+01
1.700788260807611962e+01 2.876236878845057277e+01
1.700710060127947543e+01 2.876257985217680258e+01
1.700632392647535340e+01 2.876278936095977201e+01
1.700555254851157017e+01 2.876299732630680239e+01
1.700478643245472909e+01 2.876320375963964793e+01
1.700402554358900886e+01 2.876340867229513876e+01
1.700326984741494840e+01 2.876361207552581334e+01
1.700251930964823543e+01 2.876381398050054727e+01
1.700177389621850566e+01 2.876401439830517148e+01
1.700103357326813835e+01 2.876421333994310459e+01
1.700029830715106982e+01 2.876441081633596042e+01
1.699956806443159607e+01 2.876460683832415910e+01
1.699884281188320401e+01 2.876480141666753099e+01
1.699812251648737416e+01 2.876499456204592420e+01
1.699740714543242248e+01 2.876518628505979791e+01
1.699669666611232799e+01 2.876537659623081566e+01
1.699599104612556744e+01 2.876556550600243156e+01
1.699529025327396425e+01 2.876575302474048001e+01
1.699459425556152681e+01 2.876593916273374418e+01
1.699390302119330798e+01 2.876612393019454572e+01
1.699321651857426474e+01 2.876630733725930256e+01
1.699253471630811063e+01 2.876648939398910088e+01
1.699185758319619666e+01 2.876667011037025645e+01
1.699118508823637441e+01 2.876684949631487598e+01
1.699051720062188053e+01 2.876702756166140418e+01
1.698985388974021404e+01 2.876720431617518159e+01
1.698919512517203145e+01 2.876737976954898102e+01
1.698854087669003832e+01 2.876755393140356176e+01
1.698789111425788079e+01 2.876772681128819187e+01
1.698724580802905848e+01 2.876789841868119524e+01
1.698660492834583025e+01 2.876806876299047033e+01
1.698596844573812348e+01 2.876823785355402308e+01
1.698533633092245765e+01 2.876840569964048200e+01
1.698470855480086428e+01 2.876857231044962759e+01
1.698408508845982468e+01 2.876873769511288970e+01
1.698346590316919347e+01 2.876890186269387328e+01
1.698285097038113634e+01 2.876906482218885230e+01
1.698224026172908196e+01 2.876922658252727771e+01
1.698163374902667044e+01 2.876938715257227841e+01
1.698103140426669810e+01 2.876954654112115151e+01
1.698043319962008368e+01 2.876970475690585616e+01
1.697983910743482738e+01 2.876986180859349673e+01
1.697924910023498413e+01 2.877001770478681664e+01
1.697866315071963683e+01 2.877017245402466727e+01
1.697808123176186967e+01 2.877032606478248766e+01
1.697750331640775201e+01 2.877047854547278760e+01
1.697692937787533296e+01 2.877062990444559887e+01
1.697635938955362889e+01 2.877078014998895839e+01
1.697579332500162508e+01 2.877092929032936297e+01
1.697523115794727033e+01 2.877107733363222408e+01
1.697467286228649641e+01 2.877122428800233322e+01
1.697411841208222327e+01 2.877137016148430959e+01
1.697356778156337498e+01 2.877151496206304770e+01
1.697302094512390980e+01 2.877165869766416506e+01
1.697247787732183610e+01 2.877180137615444266e+01
1.697193855287825670e+01 2.877194300534226201e+01
1.697140294667639537e+01 2.877208359297804918e+01
1.697087103376064121e+01 2.877222314675469406e+01
1.697034278933559648e+01 2.877236167430799085e+01
1.696981818876512449e+01 2.877249918321706090e+01
1.696929720757140814e+01 2.877263568100477187e+01
1.696877982143400843e+01 2.877277117513816052e+01
1.696826600618893366e+01 2.877290567302884483e+01
1.696775573782769797e+01 2.877303918203344324e+01
1.696724899249640472e+01 2.877317170945398317e+01
1.696674574649482992e+01 2.877330326253830606e+01
1.696624597627549136e+01 2.877343384848047236e+01
1.696574965844274985e+01 2.877356347442116302e+01
1.696525676975189967e+01 2.877369214744807735e+01
1.696476728710825910e+01 2.877381987459632384e+01
1.696428118756627867e+01 2.877394666284882163e+01
1.696379844832864947e+01 2.877407251913668418e+01
1.696331904674540780e+01 2.877419745033960297e+01
1.696284296031305772e+01 2.877432146328623119e+01
1.696237016667368991e+01 2.877444456475457457e+01
1.696190064361410066e+01 2.877456676147235370e+01
1.696143436906492852e+01 2.877468806011739133e+01
1.696097132109978745e+01 2.877480846731797470e+01
1.696051147793439995e+01 2.877492798965323573e+01
1.696005481792574443e+01 2.877504663365350268e+01
1.695960131957120254e+01 2.877516440580067680e+01
1.695915096150771006e+01 2.877528131252859112e+01
1.695870372251091140e+01 2.877539736022336569e+01
1.695825958149432111e+01 2.877551255522375939e+01
1.695781851750849256e+01 2.877562690382153221e+01
1.695738050974018307e+01 2.877574041226178991e+01
1.695694553751152611e+01 2.877585308674332865e+01
1.695651358027921773e+01 2.877596493341899020e+01
1.695608461763368879e+01 2.877607595839599597e+01
1.695565862929829848e+01 2.877618616773628801e+01
1.695523559512852074e+01 2.877629556745687012e+01
1.695481549511114849e+01 2.877640416353013819e+01
1.695439830936348002e+01 2.877651196188421778e+01
1.695398401813253386e+01 2.877661896840328737e+01
1.695357260179424941e+01 2.877672518892791231e+01
1.695316404085270889e+01 2.877683062925536461e+01
1.695275831593934157e+01 2.877693529513994974e+01
1.695235540781215278e+01 2.877703919229332286e+01
1.695195529735494944e+01 2.877714232638480851e+01
1.695155796557656203e+01 2.877724470304172044e+01
1.695116339361008428e+01 2.877734632784966351e+01
1.695077156271211294e+01 2.877744720635285347e+01
1.695038245426198031e+01 2.877754734405442605e+01
1.694999604976100471e+01 2.877764674641673537e+01
1.694961233083174079e+01 2.877774541886166304e+01
1.694923127921723349e+01 2.877784336677092014e+01
1.694885287678027552e+01 2.877794059548634209e+01
1.694847710550266484e+01 2.877803711031019418e+01
1.694810394748448346e+01 2.877813291650545224e+01
1.694773338494334780e+01 2.877822801929610819e+01
1.694736540021370175e+01 2.877832242386745776e+01
1.694699997574607764e+01 2.877841613536638121e+01
1.694663709410639640e+01 2.877850915890163819e+01
1.694627673797523570e+01 2.877860149954414481e+01
1.694591889014713004e+01 2.877869316232726504e+01
1.694556353352986378e+01 2.877878415224707709e+01
1.694521065114376057e+01 2.877887447426266476e+01
1.694486022612099774e+01 2.877896413329637681e+01
1.694451224170490278e+01 2.877905313423411826e+01
1.694416668124926417e+01 2.877914148192560972e+01
1.694382352821764215e+01 2.877922918118466100e+01
1.694348276618269011e+01 2.877931623678943751e+01
1.694314437882547253e+01 2.877940265348272320e+01
1.694280834993478990e+01 2.877948843597219053e+01
1.694247466340650732e+01 2.877957358893065631e+01
1.694214330324288653e+01 2.877965811699633747e+01
1.694181425355191806e+01 2.877974202477312105e+01
1.694148749854666747e+01 2.877982531683080936e+01
1.694116302254461104e+01 2.877990799770537578e+01
1.694084080996698560e+01 2.877999007189921699e+01
1.694052084533814195e+01 2.878007154388140520e+01
1.694020311328489470e+01 2.878015241808793334e+01
1.693988759853588277e+01 2.878023269892196012e+01
1.693957428592092995e+01 2.878031239075405878e+01
1.693926316037040536e+01 2.878039149792245510e+01
1.693895420691459819e+01 2.878047002473327254e+01
1.693864741068308888e+01 2.878054797546076315e+01
1.693834275690412383e+01 2.878062535434755276e+01
1.693804023090399369e+01 2.878070216560487538e+01
1.693773981810641516e+01 2.878077841341280418e+01
1.693744150403192350e+01 2.878085410192048244e+01
1.693714527429725081e+01 2.878092923524635793e+01
1.693685111461473625e+01 2.878100381747840331e+01
1.693655901079170434e+01 2.878107785267435048e+01
1.693626894872987521e+01 2.878115134486191806e+01
1.693598091442477127e+01 2.878122429803902094e+01
1.693569489396511685e+01 2.878129671617400476e+01
1.693541087353225194e+01 2.878136860320585910e+01
1.693512883939954605e+01 2.878143996304444485e+01
1.693484877793181553e+01 2.878151079957069669e+01
1.693457067558474094e+01 2.878158111663684693e+01
1.693429451890429860e+01 2.878165091806664222e+01
1.693402029452617796e+01 2.878172020765554961e+01
1.693374798917522028e+01 2.878178898917096262e+01
1.693347758966485017e+01 2.878185726635242148e+01
1.693320908289651072e+01 2.878192504291180853e+01
1.693294245585910218e+01 2.878199232253356499e+01
1.693267769562843483e+01 2.878205910887488628e+01
1.693241478936666766e+01 2.878212540556592813e+01
1.693215372432175769e+01 2.878219121621000554e+01
1.693189448782691997e+01 2.878225654438379877e+01
1.693163706730008045e+01 2.878232139363754172e+01
1.693138145024333241e+01 2.878238576749522437e+01
1.693112762424240358e+01 2.878244966945478467e+01
1.693087557696612322e+01 2.878251310298830745e+01
1.693062529616588563e+01 2.878257607154221276e+01
1.693037676967512795e+01 2.878263857853744412e+01
1.693012998540880076e+01 2.878270062736966395e+01
1.692988493136285655e+01 2.878276222140943474e+01
1.692964159561371318e+01 2.878282336400241448e+01
1.692939996631775657e+01 2.878288405846953069e+01
1.692916003171082195e+01 2.878294430810716875e+01
1.692892178010767523e+01 2.878300411618736376e+01
1.692868519990151910e+01 2.878306348595796393e+01
1.692845027956348858e+01 2.878312242064282245e+01
1.692821700764213944e+01 2.878318092344197154e+01
1.692798537276296500e+01 2.878323899753180370e+01
1.692775536362789168e+01 2.878329664606523863e+01
1.692752696901479226e+01 2.878335387217190799e+01
1.692730017777699203e+01 2.878341067895831884e+01
1.692707497884279277e+01 2.878346706950803124e+01
1.692685136121498246e+01 2.878352304688182883e+01
1.692662931397035209e+01 2.878357861411788576e+01
1.692640882625923027e+01 2.878363377423193370e+01
1.692618988730499296e+01 2.878368853021743234e+01
1.692597248640360874e+01 2.878374288504572931e+01
1.692575661292315914e+01 2.878379684166623065e+01
1.692554225630337683e+01 2.878385040300655717e+01
1.692532940605518021e+01 2.878390357197271143e+01
1.692511805176021866e+01 2.878395635144923403e+01
1.692490818307040357e+01 2.878400874429937062e+01
1.692469978970747135e+01 2.878406075336522107e+01
1.692449286146251097e+01 2.878411238146789941e+01
1.692428738819553047e+01 2.878416363140769008e+01
1.692408335983500578e+01 2.878421450596420428e+01
1.692388076637743310e+01 2.878426500789652920e+01
1.692367959788689191e+01 2.878431513994338786e+01
1.692347984449460441e+01 2.878436490482327770e+01
1.692328149639849855e+01 2.878441430523463751e+01
1.692308454386277816e+01 2.878446334385597893e+01
1.692288897721749308e+01 2.878451202334604631e+01
1.692269478685810213e+01 2.878456034634395877e+01
1.692250196324505751e+01 2.878460831546935594e+01
1.692231049690338196e+01 2.878465593332254713e+01
1.692212037842223893e+01 2.878470320248464276e+01
1.692193159845452399e+01 2.878475012551771428e+01
1.692174414771644564e+01 2.878479670496491849e+01
1.692155801698711315e+01 2.878484294335064675e+01
1.692137319710812804e+01 2.878488884318066354e+01
1.692118967898317194e+01 2.878493440694224503e+01
1.692100745357760871e+01 2.878497963710431407e+01
1.692082651191807585e+01 2.878502453611757872e+01
1.692064684509208661e+01 2.878506910641466021e+01
1.692046844424762853e+01 2.878511335041023855e+01
1.692029130059277620e+01 2.878515727050117690e+01
1.692011540539528625e+01 2.878520086906666009e+01
1.691994074998222075e+01 2.878524414846831903e+01
1.691976732573954934e+01 2.878528711105036209e+01
1.691959512411176547e+01 2.878532975913971015e+01
1.691942413660150279e+01 2.878537209504612093e+01
1.691925435476915851e+01 2.878541412106231334e+01
1.691908577023250970e+01 2.878545583946409891e+01
1.691891837466633675e+01 2.878549725251050262e+01
1.691875215980205382e+01 2.878553836244389075e+01
1.691858711742733234e+01 2.878557917149009171e+01
1.691842323938573500e+01 2.878561968185852393e+01
1.691826051757634986e+01 2.878565989574231310e+01
1.691809894395341374e+01 2.878569981531840938e+01
1.691793851052596764e+01 2.878573944274771179e+01
1.691777920935748369e+01 2.878577878017519254e+01
1.691762103256551342e+01 2.878581782973000358e+01
1.691746397232132537e+01 2.878585659352560100e+01
1.691730802084955343e+01 2.878589507365986222e+01
1.691715317042785216e+01 2.878593327221519615e+01
1.691699941338654156e+01 2.878597119125866399e+01
1.691684674210825889e+01 2.878600883284208578e+01
1.691669514902761406e+01 2.878604619900216122e+01
1.691654462663084857e+01 2.878608329176057623e+01
1.691639516745549443e+01 2.878612011312411312e+01
1.691624676409003669e+01 2.878615666508476778e+01
1.691609940917357591e+01 2.878619294961985275e+01
1.691595309539549064e+01 2.878622896869210734e+01
1.691580781549510704e+01 2.878626472424980776e+01
1.691566356226137202e+01 2.878630021822687368e+01
1.691552032853252285e+01 2.878633545254297132e+01
1.691537810719576029e+01 2.878637042910362709e+01
1.691523689118692175e+01 2.878640514980031995e+01
1.691509667349016155e+01 2.878643961651059868e+01
1.691495744713763827e+01 2.878647383109817071e+01
1.691481920520918436e+01 2.878650779541302285e+01
1.691468194083200061e+01 2.878654151129150307e+01
1.691454564718032927e+01 2.878657498055643416e+01
1.691441031747515567e+01 2.878660820501721318e+01
1.691427594498389197e+01 2.878664118646990744e+01
1.691414252302006815e+01 2.878667392669735037e+01
1.691401004494302995e+01 2.878670642746924813e+01
1.691387850415762628e+01 2.878673869054226842e+01
1.691374789411391433e+01 2.878677071766014350e+01
1.691361820830686113e+01 2.878680251055375905e+01
1.691348944027603451e+01 2.878683407094125712e+01
1.691336158360531527e+01 2.878686540052812504e+01
1.691323463192259879e+01 2.878689650100729125e+01
1.691310857889950370e+01 2.878692737405921420e+01
1.691298341825108054e+01 2.878695802135198178e+01
1.691285914373552401e+01 2.878698844454139660e+01
1.691273574915387812e+01 2.878701864527106835e+01
1.691261322834975900e+01 2.878704862517250973e+01
1.691249157520906721e+01 2.878707838586521461e+01
1.691237078365970703e+01 2.878710792895675752e+01
1.691225084767130937e+01 2.878713725604287887e+01
1.691213176125494044e+01 2.878716636870757029e+01
1.691201351846284595e+01 2.878719526852316335e+01
1.691189611338815624e+01 2.878722395705041137e+01
1.691177954016462337e+01 2.878725243583858528e+01
1.691166379296634759e+01 2.878728070642554471e+01
1.691154886600751084e+01 2.878730877033783742e+01
1.691143475354210324e+01 2.878733662909077040e+01
1.691132144986366015e+01 2.878736428418849869e+01
1.691120894930499574e+01 2.878739173712411059e+01
1.691109724623794364e+01 2.878741898937970234e+01
1.691098633507309046e+01 2.878744604242646332e+01
1.691087621025952004e+01 2.878747289772475781e+01
1.691076686628455406e+01 2.878749955672420313e+01
1.691065829767349982e+01 2.878752602086375134e+01
1.691055049898938734e+01 2.878755229157176387e+01
1.691044346483272065e+01 2.878757837026609678e+01
1.691033718984123269e+01 2.878760425835416825e+01
1.691023166868962591e+01 2.878762995723304741e+01
1.691012689608933073e+01 2.878765546828952182e+01
1.691002286678825328e+01 2.878768079290017567e+01
1.690991957557053738e+01 2.878770593243146791e+01
1.690981701725631225e+01 2.878773088823980686e+01
1.690971518670146168e+01 2.878775566167161770e+01
1.690961407879737166e+01 2.878778025406342778e+01
1.690951368847070313e+01 2.878780466674193050e+01
1.690941401068314676e+01 2.878782890102406355e+01
1.690931504043119205e+01 2.878785295821707635e+01
1.690921677274588930e+01 2.878787683961860111e+01
1.690911920269261870e+01 2.878790054651673103e+01
1.690902232537085936e+01 2.878792408019008420e+01
1.690892613591396199e+01 2.878794744190787824e+01
1.690883062948891791e+01 2.878797063292999425e+01
1.690873580129613174e+01 2.878799365450705139e+01
1.690864164656919755e+01 2.878801650788047084e+01
1.690854816057467502e+01 2.878803919428254687e+01
1.690845533861186922e+01 2.878806171493651078e+01
1.690836317601260319e+01 2.878808407105660194e+01
1.690827166814100480e+01 2.878810626384813176e+01
1.690818081039328646e+01 2.878812829450755117e+01
1.690809059819753202e+01 2.878815016422251460e+01
1.690800102701347285e+01 2.878817187417194745e+01
1.690791209233228543e+01 2.878819342552610649e+01
1.690782378967636745e+01 2.878821481944664384e+01
1.690773611459913184e+01 2.878823605708667799e+01
1.690764906268480416e+01 2.878825713959084709e+01
1.690756262954820244e+01 2.878827806809537648e+01
1.690747681083453813e+01 2.878829884372813908e+01
1.690739160221920301e+01 2.878831946760872640e+01
1.690730699940757731e+01 2.878833994084849124e+01
1.690722299813480944e+01 2.878836026455062225e+01
1.690713959416563483e+01 2.878838043981020434e+01
1.690705678329415562e+01 2.878840046771427197e+01
1.690697456134365595e+01 2.878842034934187311e+01
1.690689292416639589e+01 2.878844008576412250e+01
1.690681186764341959e+01 2.878845967804426920e+01
1.690673138768435990e+01 2.878847912723774627e+01
1.690665148022724296e+01 2.878849843439223477e+01
1.690657214123829633e+01 2.878851760054771702e+01
1.690649336671175718e+01 2.878853662673653702e+01
1.690641515266968042e+01 2.878855551398344659e+01
1.690633749516175044e+01 2.878857426330568003e+01
1.690626039026509986e+01 2.878859287571298964e+01
1.690618383408411773e+01 2.878861135220771317e+01
1.690610782275025770e+01 2.878862969378483072e+01
1.690603235242186742e+01 2.878864790143200381e+01
1.690595741928400031e+01 2.878866597612964640e+01
1.690588301954822725e+01 2.878868391885096756e+01
1.690580914945246960e+01 2.878870173056203186e+01
1.690573580526080377e+01 2.878871941222180553e+01
1.690566298326330141e+01 2.878873696478221333e+01
1.690559067977583396e+01 2.878875438918818830e+01
1.690551889113991280e+01 2.878877168637772499e+01
1.690544761372250449e+01 2.878878885728192927e+01
1.690537684391586026e+01 2.878880590282506802e+01
1.690530657813734905e+01 2.878882282392462244e+01
1.690523681282927626e+01 2.878883962149133779e+01
1.690516754445872394e+01 2.878885629642926958e+01
1.690509876951737311e+01 2.878887284963583326e+01
1.690503048452134394e+01 2.878888928200186115e+01
1.690496268601102159e+01 2.878890559441164498e+01
1.690489537055089997e+01 2.878892178774297861e+01
1.690482853472940405e+01 2.878893786286721479e+01
1.690476217515874424e+01 2.878895382064930786e+01
1.690469628847473516e+01 2.878896966194786700e+01
1.690463087133664644e+01 2.878898538761519177e+01
1.690456592042703932e+01 2.878900099849733252e+01
1.690450143245160675e+01 2.878901649543412233e+01
1.690443740413902063e+01 2.878903187925923390e+01
1.690437383224076484e+01 2.878904715080021859e+01
1.690431071353098957e+01 2.878906231087855971e+01
1.690424804480634791e+01 2.878907736030970099e+01
1.690418582288584659e+01 2.878909229990311047e+01
1.690412404461069329e+01 2.878910713046231251e+01
1.690406270684414380e+01 2.878912185278493396e+01
1.690400180647134931e+01 2.878913646766274681e+01
1.690394134039921070e+01 2.878915097588171790e+01
1.690388130555622581e+01 2.878916537822204091e+01
1.690382169889234376e+01 2.878917967545818613e+01
1.690376251737881930e+01 2.878919386835894301e+01
1.690370375800806002e+01 2.878920795768745933e+01
1.690364541779348784e+01 2.878922194420128022e+01
1.690358749376939684e+01 2.878923582865239794e+01
1.690352998299080411e+01 2.878924961178728381e+01
1.690347288253331115e+01 2.878926329434693798e+01
1.690341618949295821e+01 2.878927687706691785e+01
1.690335990098609287e+01 2.878929036067738423e+01
1.690330401414922434e+01 2.878930374590314756e+01
1.690324852613888496e+01 2.878931703346369986e+01
1.690319343413149511e+01 2.878933022407325026e+01
1.690313873532322830e+01 2.878934331844077477e+01
1.690308442692986901e+01 2.878935631727004818e+01
1.690303050618668479e+01 2.878936922125967968e+01
1.690297697034828772e+01 2.878938203110315897e+01
1.690292381668850652e+01 2.878939474748888472e+01
1.690287104250024797e+01 2.878940737110021075e+01
1.690281864509536902e+01 2.878941990261548156e+01
1.690276662180455247e+01 2.878943234270805718e+01
1.690271496997716838e+01 2.878944469204637002e+01
1.690266368698114974e+01 2.878945695129394267e+01
1.690261277020286101e+01 2.878946912110943757e+01
1.690256221704697737e+01 2.878948120214668904e+01
1.690251202493635674e+01 2.878949319505472815e+01
1.690246219131191552e+01 2.878950510047783595e+01
1.690241271363249709e+01 2.878951691905556487e+01
1.690236358937475458e+01 2.878952865142277773e+01
1.690231481603303010e+01 2.878954029820968685e+01
1.690226639111923035e+01 2.878955186004187894e+01
1.690221831216270587e+01 2.878956333754035768e+01
1.690217057671012668e+01 2.878957473132157574e+01
1.690212318232537214e+01 2.878958604199746318e+01
1.690207612658940306e+01 2.878959727017546300e+01
1.690202940710014801e+01 2.878960841645857016e+01
1.690198302147238607e+01 2.878961948144535654e+01
1.690193696733763318e+01 2.878963046573000284e+01
1.690189124234402485e+01 2.878964136990234479e+01
1.690184584415619540e+01 2.878965219454788382e+01
1.690180077045517493e+01 2.878966294024783679e+01
1.690175601893826851e+01 2.878967360757915728e+01
1.690171158731894607e+01 2.878968419711457472e+01
1.690166747332673225e+01 2.878969470942261566e+01
1.690162367470709270e+01 2.878970514506764289e+01
1.690158018922132399e+01 2.878971550460988382e+01
1.690153701464645053e+01 2.878972578860545894e+01
1.690149414877510736e+01 2.878973599760641378e+01
1.690145158941543357e+01 2.878974613216074729e+01
1.690140933439097637e+01 2.878975619281244747e+01
1.690136738154056673e+01 2.878976618010151256e+01
1.690132572871822347e+01 2.878977609456398312e+01
1.690128437379305382e+01 2.878978593673197750e+01
1.690124331464913965e+01 2.878979570713370961e+01
1.690120254918543452e+01 2.878980540629352447e+01
1.690116207531566417e+01 2.878981503473192660e+01
1.690112189096822704e+01 2.878982459296560847e+01
1.690108199408608414e+01 2.878983408150747536e+01
1.690104238262666669e+01 2.878984350086667732e+01
1.690100305456176955e+01 2.878985285154863050e+01
1.690096400787745878e+01 2.878986213405505268e+01
1.690092524057396517e+01 2.878987134888398458e+01
1.690088675066558821e+01 2.878988049652981829e+01
