1.000000000000000000e+01 3.000000000000000000e+01
1.008699256291556701e+01 2.982760419787864592e+01
1.017430090882042748e+01 2.965626967374926792e+01
1.026191743273903256e+01 2.948599048805247236e+01
1.034983448037504061e+01 2.931676071435591169e+01
1.043804435147896115e+01 2.914857444007556353e+01
1.052653930321412901e+01 2.898142576716712782e+01
1.061531155351792144e+01 2.881530881278841605e+01
1.070435328445516276e+01 2.865021770993353911e+01
1.079365664556072524e+01 2.848614660803977827e+01
1.088321375716840933e+01 2.832308967356789609e+01
1.097301671372323639e+01 2.816104109055674343e+01
1.106305758707435061e+01 2.799999506115289094e+01
1.115332842974584082e+01 2.783994580611610203e+01
1.124382127818279642e+01 2.768088756530136862e+01
1.133452815597007657e+01 2.752281459811827702e+01
1.142544107702126865e+01 2.736572118396838249e+01
1.151655204873546445e+01 2.720960162266135285e+01
1.160785307511951636e+01 2.705445023481052047e+01
1.169933615987356035e+01 2.690026136220853559e+01
1.179099330943765267e+01 2.674702936818378518e+01
1.188281653599748289e+01 2.659474863793820276e+01
1.197479786044719319e+01 2.644341357886710497e+01
1.206692931530744239e+01 2.629301862086164121e+01
1.215920294759694542e+01 2.614355821659448509e+01
1.225161082165579884e+01 2.599502684178929002e+01
1.234414502191902052e+01 2.584741899547452704e+01
1.243679765563879513e+01 2.570072920022221297e+01
1.252956085555403831e+01 2.555495200237205466e+01
1.262242678250597905e+01 2.541008197224155651e+01
1.271538762799854183e+01 2.526611370432255299e+01
1.280843561670240760e+01 2.512304181746467435e+01
1.290156300890174101e+01 2.498086095504621085e+01
1.299476210288263722e+01 2.483956578513283020e+01
1.308802523726244971e+01 2.469915100062458535e+01
1.318134479325923536e+01 2.455961131939166009e+01
1.327471319690066309e+01 2.442094148439924339e+01
1.336812292117177847e+01 2.428313626382195523e+01
1.346156648810115541e+01 2.414619045114821461e+01
1.355503647078499085e+01 2.401009886527490167e+01
1.364852549534882797e+01 2.387485635059272582e+01
1.374202624284663798e+01 2.374045777706260196e+01
1.383553145109708460e+01 2.360689804028342564e+01
1.392903391645687172e+01 2.347417206155153835e+01
1.402252649553113351e+01 2.334227478791224186e+01
1.411600210682090584e+01 2.321120119220364231e+01
1.420945373230779296e+01 2.308094627309312585e+01
1.430287441897599621e+01 2.295150505510678585e+01
1.439625728027193752e+01 2.282287258865204649e+01
1.448959549750177267e+01 2.269504395003376374e+01
1.458288232116716543e+01 2.256801424146408763e+01
1.467611107223971345e+01 2.244177859106629569e+01
1.476927514337450908e+01 2.231633215287289218e+01
1.486236800006333425e+01 2.219167010681816166e+01
1.495538318172807735e+01 2.206778765872543957e+01
1.504831430275496373e+01 2.194468004028928831e+01
1.514115505347027124e+01 2.182234250905282735e+01
1.523389920105822348e+01 2.170077034838039154e+01
1.532654059042179462e+01 2.157995886742572367e+01
1.541907314498721782e+01 2.145990340109589667e+01
1.551149086745298256e+01 2.134059931001113952e+01
1.560378784048417700e+01 2.122204198046076229e+01
1.569595822735305113e+01 2.110422682435532948e+01
1.578799627252669247e+01 2.098714927917524520e+01
1.587989630220274151e+01 2.087080480791593828e+01
1.597165272479409204e+01 2.075518889902976838e+01
1.606326003136355851e+01 2.064029706636481976e+01
1.615471279600949472e+01 2.052612484910070023e+01
1.624600567620336022e+01 2.041266781168152278e+01
1.633713341308027367e+01 2.029992154374616575e+01
1.642809083168357986e+01 2.018788166005593965e+01
1.651887284116447319e+01 2.007654380041982733e+01
1.660947443493775566e+01 1.996590362961734044e+01
1.669989069079477773e+01 1.985595683731917660e+01
1.679011677097462396e+01 1.974669913800574861e+01
1.688014792219465576e+01 1.963812627088369922e+01
1.696997947564146614e+01 1.953023399980050101e+01
1.705960684692331952e+01 1.942301811315723725e+01
1.714902553598520285e+01 1.931647442381967750e+01
1.723823112698751814e+01 1.921059876902769403e+01
1.732721928814953571e+01 1.910538701030316844e+01
1.741598577155866323e+01 1.900083503335640245e+01
1.750452641294661760e+01 1.889693874799117523e+01
1.759283713143354788e+01 1.879369408800848262e+01
1.768091392924119987e+01 1.869109701110905064e+01
1.776875289137613478e+01 1.858914349879469796e+01
1.785635018528408580e+01 1.848782955626860414e+01
1.794370206047644345e+01 1.838715121233455463e+01
1.803080484812993944e+01 1.828710451929523373e+01
1.811765496066051639e+01 1.818768555284962574e+01
1.820424889127236767e+01 1.808889041198955994e+01
1.829058321348317762e+01 1.799071521889549174e+01
1.837665458062649648e+01 1.789315611883154844e+01
1.846245972533223778e+01 1.779620928003991054e+01
1.854799545898623236e+01 1.769987089363454658e+01
1.863325867116977363e+01 1.760413717349440432e+01
1.871824632908005981e+01 1.750900435615604422e+01
1.880295547693246405e+01 1.741446870070581099e+01
1.888738323534547447e+01 1.732052648867154687e+01
1.897152680070921349e+01 1.722717402391390351e+01
1.905538344453835720e+01 1.713440763251731624e+01
1.913895051281030035e+01 1.704222366268062316e+01
1.922222542528939115e+01 1.695061848460742837e+01
1.930520567483802807e+01 1.685958849039618457e+01
1.938788882671540037e+01 1.676913009393008025e+01
1.947027251786464319e+01 1.667923973076673505e+01
1.955235445618913914e+01 1.658991385802773877e+01
1.963413241981872304e+01 1.650114895428806250e+01
1.971560425636647906e+01 1.641294151946538094e+01
1.979676788217683026e+01 1.632528807470931298e+01
1.987762128156559172e+01 1.623818516229064457e+01
1.995816250605266262e+01 1.615162934549050533e+01
2.003838967358797518e+01 1.606561720848956298e+01
2.011830096777134358e+01 1.598014535625725863e+01
2.019789463706680266e+01 1.589521041444107752e+01
2.027716899401202255e+01 1.581080902925589804e+01
2.035612241442340320e+01 1.572693786737344190e+01
2.043475333659734972e+01 1.564359361581182206e+01
2.051306026050830766e+01 1.556077298182523805e+01
2.059104174700406276e+01 1.547847269279380811e+01
2.066869641699880944e+01 1.539668949611357718e+01
2.074602295066446445e+01 1.531542015908670251e+01
2.082302008662071913e+01 1.523466146881183647e+01
2.089968662112426401e+01 1.515441023207472959e+01
2.097602140725764031e+01 1.507466327523905036e+01
2.105202335411813053e+01 1.499541744413745725e+01
2.112769142600709671e+01 1.491666960396292296e+01
2.120302464162017841e+01 1.483841663916031628e+01
2.127802207323869155e+01 1.476065545331827700e+01
2.135268284592264720e+01 1.468338296906136975e+01
2.142700613670567478e+01 1.460659612794254336e+01
2.150099117379224367e+01 1.453029189033590285e+01
2.157463723575747494e+01 1.445446723532979583e+01
2.164794365074985194e+01 1.437911916062023998e+01
2.172090979569714264e+01 1.430424468240468272e+01
2.179353509551580359e+01 1.422984083527610899e+01
2.186581902232413910e+01 1.415590467211750436e+01
2.193776109465948210e+01 1.408243326399668938e+01
2.200936087669962760e+01 1.400942370006151627e+01
2.208061797748876387e+01 1.393687308743544584e+01
2.215153205016812876e+01 1.386477855111350976e+01
2.222210279121159715e+01 1.379313723385866552e+01
2.229232993966639853e+01 1.372194629609854211e+01
2.236221327639916723e+01 1.365120291582259604e+01
2.243175262334749220e+01 1.358090428847966713e+01
2.250094784277715121e+01 1.351104762687594807e+01
2.256979883654517849e+01 1.344163016107337505e+01
2.263830554536892592e+01 1.337264913828843760e+01
2.270646794810125613e+01 1.330410182279141118e+01
2.277428606101200614e+01 1.323598549580602324e+01
2.284175993707584595e+01 1.316829745540954910e+01
2.290888966526663140e+01 1.310103501643334845e+01
2.297567536985839709e+01 1.303419551036383872e+01
2.304211720973306043e+01 1.296777628524390558e+01
2.310821537769492906e+01 1.290177470557477513e+01
2.317397009979211475e+01 1.283618815221831255e+01
2.323938163464493556e+01 1.277101402229978788e+01
2.330445027278134162e+01 1.270624972911108941e+01
2.336917633597947841e+01 1.264189270201438831e+01
2.343356017661741575e+01 1.257794038634625977e+01
2.349760217703010312e+01 1.251439024332226957e+01
2.356130274887359022e+01 1.245123974994201177e+01
2.362466233249658032e+01 1.238848639889460834e+01
2.368768139631930225e+01 1.232612769846467771e+01
2.375036043621980042e+01 1.226416117243875981e+01
2.381269997492758961e+01 1.220258436001220304e+01
2.387470056142475627e+01 1.214139481569652546e+01
2.393636277035449567e+01 1.208059010922723608e+01
2.399768720143708833e+01 1.202016782547211804e+01
2.405867447889334088e+01 1.196012556433998597e+01
2.411932525087546964e+01 1.190046094068990534e+01
2.417964018890545930e+01 1.184117158424088423e+01
2.423961998732084666e+01 1.178225513948202341e+01
2.429926536272796511e+01 1.172370926558314430e+01
2.435857705346258228e+01 1.166553163630587342e+01
2.441755581905798422e+01 1.160771993991520468e+01
2.447620243972041365e+01 1.155027187909151820e+01
2.453451771581188368e+01 1.149318517084307345e+01
2.459250246734033141e+01 1.143645754641896417e+01
2.465015753345708660e+01 1.138008675122254232e+01
2.470748377196159495e+01 1.132407054472530206e+01
2.476448205881340314e+01 1.126840670038123271e+01
2.482115328765134876e+01 1.121309300554163180e+01
2.487749836931989833e+01 1.115812726137038524e+01
2.493351823140264045e+01 1.110350728275970411e+01
2.498921381776282757e+01 1.104923089824633031e+01
2.504458608809097342e+01 1.099529594992819170e+01
2.509963601745944572e+01 1.094170029338152972e+01
2.515436459588397966e+01 1.088844179757847286e+01
2.520877282789208707e+01 1.083551834480507559e+01
2.526286173209832242e+01 1.078292783057980664e+01
2.531663234078629898e+01 1.073066816357250097e+01
2.537008569949746217e+01 1.067873726552375402e+01
2.542322286662652076e+01 1.062713307116478134e+01
2.547604491302350738e+01 1.057585352813771529e+01
2.552855292160236900e+01 1.052489659691636348e+01
2.558074798695608720e+01 1.047426025072740607e+01
2.563263121497821473e+01 1.042394247547204422e+01
2.568420372249078909e+01 1.037394126964809793e+01
2.573546663687857006e+01 1.032425464427253914e+01
2.578642109572951924e+01 1.027488062280447245e+01
2.583706824648146494e+01 1.022581724106855461e+01
2.588740924607489902e+01 1.017706254717885450e+01
2.593744526061182043e+01 1.012861460146315196e+01
2.598717746502058290e+01 1.008047147638766994e+01
2.603660704272666493e+01 1.003263125648224197e+01
2.608573518532929825e+01 9.985092038265911185e+00
2.613456309228390140e+01 9.937851930172961090e+00
2.618309197059023674e+01 9.890909052479379682e+00
2.623132303448621983e+01 9.844261537229741066e+00
2.627925750514735270e+01 9.797907528164525814e+00
2.632689661039164974e+01 9.751845180647855216e+00
2.637424158439005240e+01 9.706072661595650075e+00
2.642129366738222984e+01 9.660588149404212288e+00
2.646805410539770165e+01 9.615389833879222081e+00
2.651452414998223261e+01 9.570475916165159802e+00
2.656070505792941105e+01 9.525844608675129166e+00
2.660659809101735718e+01 9.481494135021103276e+00
2.665220451575048699e+01 9.437422729944582755e+00
2.669752560310628553e+01 9.393628639247657119e+00
2.674256262828698638e+01 9.350110119724476476e+00
2.678731687047612553e+01 9.306865439093133574e+00
2.683178961259988782e+01 9.263892875927940196e+00
2.687598214109317851e+01 9.221190719592113894e+00
2.691989574567036314e+01 9.178757270170859073e+00
2.696353171910061519e+01 9.136590838404851311e+00
2.700689135698777577e+01 9.094689745624110699e+00
2.704997595755470741e+01 9.053052323682278413e+00
2.709278682143204620e+01 9.011676914891276979e+00
2.713532525145129171e+01 8.970561871956368449e+00
2.717759255244218508e+01 8.929705557911594482e+00
2.721959003103430064e+01 8.889106346055607233e+00
2.726131899546279769e+01 8.848762619887883929e+00
2.730278075537825799e+01 8.808672773045321591e+00
2.734397662166056975e+01 8.768835209239217221e+00
2.738490790623676929e+01 8.729248342192621024e+00
2.742557592190280147e+01 8.689910595578075103e+00
2.746598198214913467e+01 8.650820402955714528e+00
2.750612740099016662e+01 8.611976207711755649e+00
2.754601349279736766e+01 8.573376462997343239e+00
2.758564157213609036e+01 8.535019631667772444e+00
2.762501295360601716e+01 8.496904186222078437e+00
2.766412895168514652e+01 8.459028608742992006e+00
2.770299088057731041e+01 8.421391390837253965e+00
2.774160005406312024e+01 8.383991033576291940e+00
2.777995778535431981e+01 8.346826047437263085e+00
2.781806538695147424e+01 8.309894952244446742e+00
2.785592417050494873e+01 8.273196277110995922e+00
2.789353544667910612e+01 8.236728560381040509e+00
2.793090052501970888e+01 8.200490349572149285e+00
2.796802071382442634e+01 8.164480201318129460e+00
2.800489732001642551e+01 8.128696681312185035e+00
2.804153164902098538e+01 8.093138364250417993e+00
2.807792500464508834e+01 8.057803833775672331e+00
2.811407868895993190e+01 8.022691682421719150e+00
2.814999400218631820e+01 7.987800511557786365e+00
2.818567224258286075e+01 7.953128931333423246e+00
2.822111470633698360e+01 7.918675560623705145e+00
2.825632268745863485e+01 7.884439026974768616e+00
2.829129747767669656e+01 7.850417966549683157e+00
2.832604036633802380e+01 7.816611024074651581e+00
2.836055264030907352e+01 7.783016852785541673e+00
2.839483558388009143e+01 7.749634114374742921e+00
2.842889047867177510e+01 7.716461478938350993e+00
2.846271860354442751e+01 7.683497624923674607e+00
2.849632123450949450e+01 7.650741239077062161e+00
2.852969964464349317e+01 7.618191016392055204e+00
2.856285510400426020e+01 7.585845660057850104e+00
2.859578887954948101e+01 7.553703881408085685e+00
2.862850223505748559e+01 7.521764399869939055e+00
2.866099643105022565e+01 7.490025942913537627e+00
2.869327272471843315e+01 7.458487246001678450e+00
2.872533236984889271e+01 7.427147052539861960e+00
2.875717661675382075e+01 7.396004113826627702e+00
2.878880671220226617e+01 7.365057189004200922e+00
2.882022389935354312e+01 7.334305045009438473e+00
2.885142941769263203e+01 7.303746456525078479e+00
2.888242450296751329e+01 7.273380205931292863e+00
2.891321038712840519e+01 7.243205083257532095e+00
2.894378829826886346e+01 7.213219886134675463e+00
2.897415946056872826e+01 7.183423419747469119e+00
2.900432509423883332e+01 7.153814496787260779e+00
2.903428641546750910e+01 7.124391937405026631e+00
2.906404463636879498e+01 7.095154569164686897e+00
2.909360096493236369e+01 7.066101226996710061e+00
2.912295660497508365e+01 7.037230753152003970e+00
2.915211275609423325e+01 7.008541997156091163e+00
2.918107061362230326e+01 6.980033815763568406e+00
2.920983136858337659e+01 6.951705072912848671e+00
2.923839620765102509e+01 6.923554639681180234e+00
2.926676631310774823e+01 6.895581394239945539e+00
2.929494286280585058e+01 6.867784221810237177e+00
2.932292703012979374e+01 6.840162014618710096e+00
2.935071998395996218e+01 6.812713671853702913e+00
2.937832288863781471e+01 6.785438099621634578e+00
2.940573690393240724e+01 6.758334210903671035e+00
2.943296318500824782e+01 6.731400925512658340e+00
2.946000288239445908e+01 6.704637170050324890e+00
2.948685714195523389e+01 6.678041877864748344e+00
2.951352710486153441e+01 6.651613989008083649e+00
2.954001390756403111e+01 6.625352450194558429e+00
2.956631868176724609e+01 6.599256214758725037e+00
2.959244255440487947e+01 6.573324242613971968e+00
2.961838664761629047e+01 6.547555500211294621e+00
2.964415207872411528e+01 6.521948960498320957e+00
2.966973996021298277e+01 6.496503602878591188e+00
2.969515139970933859e+01 6.471218413171090589e+00
2.972038749996230678e+01 6.446092383570034556e+00
2.974544935882561703e+01 6.421124512604902357e+00
2.977033806924053394e+01 6.396313805100720451e+00
2.979505471921978810e+01 6.371659272138590069e+00
2.981960039183248767e+01 6.347159931016465251e+00
2.984397616518998575e+01 6.322814805210168032e+00
2.986818311243267132e+01 6.298622924334653206e+00
2.989222230171769112e+01 6.274583324105507565e+00
2.991609479620755252e+01 6.250695046300692503e+00
2.993980165405960747e+01 6.226957138722525542e+00
2.996334392841639271e+01 6.203368655159893663e+00
2.998672266739680481e+01 6.179928655350706457e+00
3.000993891408809588e+01 6.156636204944581969e+00
3.003299370653866518e+01 6.133490375465763478e+00
3.005588807775164284e+01 6.110490244276268079e+00
3.007862305567922689e+01 6.087634894539266206e+00
3.010119966321777696e+01 6.064923415182684074e+00
3.012361891820362914e+01 6.042354900863041500e+00
3.014588183340963923e+01 6.019928451929508206e+00
3.016798941654240807e+01 5.997643174388183951e+00
3.018994267024019962e+01 5.975498179866607806e+00
3.021174259207151280e+01 5.953492585578480600e+00
3.023339017453431765e+01 5.931625514288613843e+00
3.025488640505592386e+01 5.909896094278092704e+00
3.027623226599345330e+01 5.888303459309659260e+00
3.029742873463494490e+01 5.866846748593310679e+00
3.031847678320102091e+01 5.845525106752109679e+00
3.033937737884716057e+01 5.824337683788211706e+00
3.036013148366650682e+01 5.803283635049104383e+00
3.038074005469324845e+01 5.782362121194053906e+00
3.040120404390651743e+01 5.761572308160763711e+00
3.042152439823481913e+01 5.740913367132240097e+00
3.044170205956097774e+01 5.720384474503865668e+00
3.046173796472756479e+01 5.699984811850677957e+00
3.048163304554282504e+01 5.679713565894852323e+00
3.050138822878706435e+01 5.659569928473388245e+00
3.052100443621950987e+01 5.639553096505994567e+00
3.054048258458561094e+01 5.619662271963180800e+00
3.055982358562477330e+01 5.599896661834543821e+00
3.057902834607853393e+01 5.580255478097251753e+00
3.059809776769913725e+01 5.560737937684730348e+00
3.061703274725851998e+01 5.541343262455537655e+00
3.063583417655769026e+01 5.522070679162439433e+00
3.065450294243649054e+01 5.502919419421673730e+00
3.067303992678372637e+01 5.483888719682409985e+00
3.069144600654766819e+01 5.464977821196398189e+00
3.070972205374689423e+01 5.446185969987807240e+00
3.072786893548148512e+01 5.427512416823253361e+00
3.074588751394455599e+01 5.408956417182014142e+00
3.076377864643408699e+01 5.390517231226429118e+00
3.078154318536510559e+01 5.372194123772488616e+00
3.079918197828214588e+01 5.353986364260602038e+00
3.081669586787202064e+01 5.335893226726550864e+00
3.083408569197686688e+01 5.317913989772623751e+00
3.085135228360749338e+01 5.300047936538932802e+00
3.086849647095698046e+01 5.282294354674906600e+00
3.088551907741454627e+01 5.264652536310965303e+00
3.090242092157968301e+01 5.247121778030370720e+00
3.091920281727652053e+01 5.229701380841251357e+00
3.093586557356844580e+01 5.212390650148805982e+00
3.095240999477294608e+01 5.195188895727678613e+00
3.096883688047667960e+01 5.178095431694507589e+00
3.098514702555076994e+01 5.161109576480645167e+00
3.100134122016629945e+01 5.144230652805048543e+00
3.101742024981001222e+01 5.127457987647342286e+00
3.103338489530022670e+01 5.110790912221046867e+00
3.104923593280291527e+01 5.094228761946976825e+00
3.106497413384798634e+01 5.077770876426802360e+00
3.108060026534573339e+01 5.061416599416781459e+00
3.109611508960346171e+01 5.045165278801652775e+00
3.111151936434227849e+01 5.029016266568691940e+00
3.112681384271404639e+01 5.012968918781933958e+00
3.114199927331847562e+01 4.997022595556551927e+00
3.115707640022038660e+01 4.981176661033400066e+00
3.117204596296708985e+01 4.965430483353716618e+00
3.118690869660591858e+01 4.949783434633981294e+00
3.120166533170189638e+01 4.934234890940933482e+00
3.121631659435551143e+01 4.918784232266746770e+00
3.123086320622062217e+01 4.903430842504358900e+00
3.124530588452249091e+01 4.888174109422954494e+00
3.125964534207589907e+01 4.873013424643603209e+00
3.127388228730339392e+01 4.857948183615050652e+00
3.128801742425363130e+01 4.842977785589660300e+00
3.130205145261979283e+01 4.828101633599507281e+00
3.131598506775813107e+01 4.813319134432618718e+00
3.132981896070657157e+01 4.798629698609369498e+00
3.134355381820340725e+01 4.784032740359017488e+00
3.135719032270608153e+01 4.769527677596394177e+00
3.137072915241003201e+01 4.755113931898734769e+00
3.138417098126760507e+01 4.740790928482659261e+00
3.139751647900705223e+01 4.726558096181292967e+00
3.141076631115156559e+01 4.712414867421532705e+00
3.142392113903839146e+01 4.698360678201455976e+00
3.143698161983799366e+01 4.684394968067872256e+00
3.144994840657325597e+01 4.670517180094011067e+00
3.146282214813874845e+01 4.656726760857356595e+00
3.147560348932003293e+01 4.643023160417614648e+00
3.148829307081300044e+01 4.629405832294822609e+00
3.150089152924325830e+01 4.615874233447594399e+00
3.151339949718554578e+01 4.602427824251503097e+00
3.152581760318317450e+01 4.589066068477597682e+00
3.153814647176751151e+01 4.575788433271055666e+00
3.155038672347746598e+01 4.562594389129969841e+00
3.156253897487902549e+01 4.549483409884265583e+00
3.157460383858477826e+01 4.536454972674755837e+00
3.158658192327348146e+01 4.523508557932321317e+00
3.159847383370961893e+01 4.510643649357224838e+00
3.161028017076299079e+01 4.497859733898557089e+00
3.162200153142829251e+01 4.485156301733804973e+00
3.163363850884470452e+01 4.472532846248555849e+00
3.164519169231549611e+01 4.459988864016324328e+00
3.165666166732760445e+01 4.447523854778505203e+00
3.166804901557124552e+01 4.435137321424456047e+00
3.167935431495948961e+01 4.422828769971702378e+00
3.169057813964784032e+01 4.410597709546266287e+00
3.170172106005381352e+01 4.398443652363120293e+00
3.171278364287649865e+01 4.386366113706763770e+00
3.172376645111609506e+01 4.374364611911919276e+00
3.173467004409345904e+01 4.362438668344351456e+00
3.174549497746960114e+01 4.350587807381808503e+00
3.175624180326519763e+01 4.338811556395078206e+00
3.176691106988005231e+01 4.327109445729167447e+00
3.177750332211255113e+01 4.315481008684598052e+00
3.178801910117908491e+01 4.303925781498820768e+00
3.179845894473345069e+01 4.292443303327744708e+00
3.180882338688621758e+01 4.281033116227383140e+00
3.181911295822407126e+01 4.269694765135614745e+00
3.182932818582911594e+01 4.258427797854060337e+00
3.183946959329815130e+01 4.247231765030071493e+00
3.184953770076191404e+01 4.236106220138834644e+00
3.185953302490426964e+01 4.225050719465586191e+00
3.186945607898139343e+01 4.214064822087936868e+00
3.187930737284088067e+01 4.203148089858311565e+00
3.188908741294083526e+01 4.192300087386497509e+00
3.189879670236891940e+01 4.181520382022301696e+00
3.190843574086133572e+01 4.170808543838316673e+00
3.191800502482179525e+01 4.160164145612795572e+00
3.192750504734041783e+01 4.149586762812635499e+00
3.193693629821258995e+01 4.139075973576465728e+00
3.194629926395778696e+01 4.128631358697843368e+00
3.195559442783832083e+01 4.118252501608553828e+00
3.196482226987805930e+01 4.107938988362018762e+00
3.197398326688108838e+01 4.097690407616804364e+00
3.198307789245031429e+01 4.087506350620235374e+00
3.199210661700601221e+01 4.077386411192111204e+00
3.200106990780433591e+01 4.067330185708526891e+00
3.200996822895574923e+01 4.057337273085790841e+00
3.201880204144341491e+01 4.047407274764448282e+00
3.202757180314152663e+01 4.037539794693402406e+00
3.203627796883356638e+01 4.027734439314137660e+00
3.204492099023053697e+01 4.017990817545038063e+00
3.205350131598909513e+01 4.008308540765808559e+00
3.206201939172964188e+01 3.998687222801990515e+00
3.207047566005434902e+01 3.989126479909578027e+00
3.207887056056514297e+01 3.979625930759728369e+00
3.208720452988158200e+01 3.970185196423568375e+00
3.209547800165870513e+01 3.960803900357098062e+00
3.210369140660481690e+01 3.951481668386187973e+00
3.211184517249918713e+01 3.942218128691671097e+00
3.211993972420968646e+01 3.933012911794527611e+00
3.212797548371037948e+01 3.923865650541164651e+00
3.213595287009902535e+01 3.914775980088786689e+00
3.214387229961452874e+01 3.905743537890857819e+00
3.215173418565431263e+01 3.896767963682657765e+00
3.215953893879162706e+01 3.887848899466925801e+00
3.216728696679277277e+01 3.878985989499596165e+00
3.217497867463430339e+01 3.870178880275623623e+00
3.218261446452008556e+01 3.861427220514896508e+00
3.219019473589836622e+01 3.852730661148240809e+00
3.219771988547870478e+01 3.844088855303509966e+00
3.220519030724887699e+01 3.835501458291761701e+00
3.221260639249167923e+01 3.826968127593525004e+00
3.221996852980169024e+01 3.818488522845149724e+00
3.222727710510192622e+01 3.810062305825244078e+00
3.223453250166045336e+01 3.801689140441196990e+00
3.224173510010691501e+01 3.793368692715784363e+00
3.224888527844899500e+01 3.785100630773861052e+00
3.225598341208878139e+01 3.776884624829135007e+00
3.226302987383908771e+01 3.768720347171024887e+00
3.227002503393969590e+01 3.760607472151601627e+00
3.227696926007350697e+01 3.752545676172609923e+00
3.228386291738263481e+01 3.744534637672572774e+00
3.229070636848442177e+01 3.736574037113976843e+00
3.229749997348736912e+01 3.728663556970537751e+00
3.230424409000700336e+01 3.720802881714546650e+00
3.231093907318168590e+01 3.712991697804294500e+00
3.231758527568830885e+01 3.705229693671577618e+00
3.232418304775793416e+01 3.697516559709279615e+00
3.233073273719136864e+01 3.689851988259033710e+00
3.233723468937466095e+01 3.682235673598959202e+00
3.234368924729449901e+01 3.674667311931479663e+00
3.235009675155356490e+01 3.667146601371213066e+00
3.235645754038578303e+01 3.659673241932941412e+00
3.236277194967152582e+01 3.652246935519654514e+00
3.236904031295271977e+01 3.644867385910668833e+00
3.237526296144788773e+01 3.637534298749821815e+00
3.238144022406709865e+01 3.630247381533739937e+00
3.238757242742686770e+01 3.623006343600180479e+00
3.239365989586496397e+01 3.615810896116446127e+00
3.239970295145514712e+01 3.608660752067873734e+00
3.240570191402181877e+01 3.601555626246395025e+00
3.241165710115460996e+01 3.594495235239167918e+00
3.241756882822290464e+01 3.587479297417281110e+00
3.242343740839025656e+01 3.580507532924528391e+00
3.242926315262875647e+01 3.573579663666254014e+00
3.243504636973329980e+01 3.566695413298269113e+00
3.244078736633581173e+01 3.559854507215836072e+00
3.244648644691937278e+01 3.553056672542723060e+00
3.245214391383226626e+01 3.546301638120327837e+00
3.245776006730198304e+01 3.539589134496869072e+00
3.246333520544909845e+01 3.532918893916646486e+00
3.246886962430112789e+01 3.526290650309367170e+00
3.247436361780627578e+01 3.519704139279540733e+00
3.247981747784710649e+01 3.513159098095940180e+00
3.248523149425417955e+01 3.506655265681129396e+00
3.249060595481955005e+01 3.500192382601055918e+00
3.249594114531024758e+01 3.493770191054709429e+00
3.250123734948165577e+01 3.487388434863845532e+00
3.250649484909083498e+01 3.481046859462774812e+00
3.251171392390973125e+01 3.474745211888214058e+00
3.251689485173836403e+01 3.468483240769203224e+00
3.252203790841790010e+01 3.462260696317085440e+00
3.252714336784369209e+01 3.456077330315548757e+00
3.253221150197818901e+01 3.449932896110732283e+00
3.253724258086383969e+01 3.443827148601394050e+00
3.254223687263585418e+01 3.437759844229139716e+00
3.254719464353496505e+01 3.431730740968713000e+00
3.255211615792004665e+01 3.425739598318349177e+00
3.255700167828071301e+01 3.419786177290186746e+00
3.256185146524982343e+01 3.413870240400739942e+00
3.256666577761590275e+01 3.407991551661432084e+00
3.257144487233553320e+01 3.402149876569188436e+00
3.257618900454561839e+01 3.396344982097086351e+00
3.258089842757561172e+01 3.390576636685067147e+00
3.258557339295968092e+01 3.384844610230703932e+00
3.259021415044876591e+01 3.379148674080028503e+00
3.259482094802260121e+01 3.373488601018416411e+00
3.259939403190164597e+01 3.367864165261527987e+00
3.260393364655894999e+01 3.362275142446307985e+00
3.260844003473195585e+01 3.356721309622040739e+00
3.261291343743422999e+01 3.351202445241461714e+00
3.261735409396710850e+01 3.345718329151925019e+00
3.262176224193130025e+01 3.340268742586627315e+00
3.262613811723839774e+01 3.334853468155885459e+00
3.263048195412232388e+01 3.329472289838469656e+00
3.263479398515073626e+01 3.324124992972991688e+00
3.263907444123631052e+01 3.318811364249346862e+00
3.264332355164801669e+01 3.313531191700209266e+00
3.264754154402227471e+01 3.308284264692582077e+00
3.265172864437407441e+01 3.303070373919398506e+00
3.265588507710802446e+01 3.297889311391178246e+00
3.266001106502932316e+01 3.292740870427734112e+00
3.266410682935466525e+01 3.287624845649933292e+00
3.266817258972309190e+01 3.282541032971507899e+00
3.267220856420676967e+01 3.277489229590919262e+00
3.267621496932169123e+01 3.272469233983271053e+00
3.268019202003833357e+01 3.267480845892275276e+00
3.268413992979223792e+01 3.262523866322268429e+00
3.268805891049451162e+01 3.257598097530277403e+00
3.269194917254228727e+01 3.252703343018134685e+00
3.269581092482911799e+01 3.247839407524645061e+00
3.269964437475528740e+01 3.243006097017799849e+00
3.270344972823806273e+01 3.238203218687040419e+00
3.270722718972190535e+01 3.233430580935571452e+00
3.271097696218859596e+01 3.228687993372721277e+00
3.271469924716728173e+01 3.223975266806351048e+00
3.271839424474451619e+01 3.219292213235310562e+00
3.272206215357417136e+01 3.214638645841944253e+00
3.272570317088733560e+01 3.210014378984640704e+00
3.272931749250211908e+01 3.205419228190431458e+00
3.273290531283342375e+01 3.200853010147636013e+00
3.273646682490261384e+01 3.196315542698552115e+00
3.274000222034717922e+01 3.191806644832193118e+00
3.274351168943027801e+01 3.187326136677071098e+00
3.274699542105027916e+01 3.182873839494024359e+00
3.275045360275018425e+01 3.178449575669090255e+00
3.275388642072704215e+01 3.174053168706424177e+00
3.275729405984126430e+01 3.169684443221261638e+00
3.276067670362591144e+01 3.165343224932924748e+00
3.276403453429589518e+01 3.161029340657874442e+00
3.276736773275712977e+01 3.156742618302803116e+00
3.277067647861564836e+01 3.152482886857774336e+00
3.277396095018661271e+01 3.148249976389402960e+00
3.277722132450331571e+01 3.144043718034080115e+00
3.278045777732609167e+01 3.139863943991239026e+00
3.278367048315118382e+01 3.135710487516664813e+00
3.278685961521954084e+01 3.131583182915845587e+00
3.279002534552559212e+01 3.127481865537365291e+00
3.279316784482591629e+01 3.123406371766337841e+00
3.279628728264789572e+01 3.119356539017883900e+00
3.279938382729828561e+01 3.115332205730648063e+00
3.280245764587174762e+01 3.111333211360355122e+00
3.280550890425931954e+01 3.107359396373409854e+00
3.280853776715682812e+01 3.103410602240534555e+00
3.281154439807325929e+01 3.099486671430448315e+00
3.281452895933905722e+01 3.095587447403585379e+00
3.281749161211436672e+01 3.091712774605852587e+00
3.282043251639723991e+01 3.087862498462426775e+00
3.282335183103179332e+01 3.084036465371590818e+00
3.282624971371628675e+01 3.080234522698609201e+00
3.282912632101115236e+01 3.076456518769640436e+00
3.283198180834699542e+01 3.072702302865689905e+00
3.283481633003252398e+01 3.068971725216599555e+00
3.283763003926242163e+01 3.065264636995074898e+00
3.284042308812518485e+01 3.061580890310751535e+00
3.284319562761089628e+01 3.057920338204296318e+00
3.284594780761894839e+01 3.054282834641548039e+00
3.284867977696573149e+01 3.050668234507693644e+00
3.285139168339222948e+01 3.047076393601481747e+00
3.285408367357162973e+01 3.043507168629472126e+00
3.285675589311681222e+01 3.039960417200321618e+00
3.285940848658784574e+01 3.036435997819106003e+00
3.286204159749939890e+01 3.032933769881677399e+00
3.286465536832812262e+01 3.029453593669056755e+00
3.286724994051997584e+01 3.025995330341863188e+00
3.286982545449748727e+01 3.022558841934777085e+00
3.287238204966700295e+01 3.019143991351037837e+00
3.287491986442585556e+01 3.015750642356976652e+00
3.287743903616949126e+01 3.012378659576584905e+00
3.287993970129856791e+01 3.009027908486114011e+00
3.288242199522597531e+01 3.005698255408712161e+00
3.288488605238384110e+01 3.002389567509092583e+00
3.288733200623045150e+01 2.999101712788236451e+00
3.288975998925717192e+01 2.995834560078129094e+00
3.289217013299527537e+01 2.992587979036529067e+00
3.289456256802276357e+01 2.989361840141770532e+00
3.289693742397111009e+01 2.986156014687598059e+00
3.289929482953198203e+01 2.982970374778032507e+00
3.290163491246389782e+01 2.979804793322272882e+00
3.290395779959885658e+01 2.976659144029626614e+00
3.290626361684891776e+01 2.973533301404473139e+00
3.290855248921272391e+01 2.970427140741259464e+00
3.291082454078199504e+01 2.967340538119527249e+00
3.291307989474797324e+01 2.964273370398970098e+00
3.291531867340782469e+01 2.961225515214523707e+00
3.291754099817099188e+01 2.958196850971485325e+00
3.291974698956551038e+01 2.955187256840664745e+00
3.292193676724428286e+01 2.952196612753565041e+00
3.292411044999131065e+01 2.949224799397595298e+00
3.292626815572786825e+01 2.946271698211311296e+00
3.292841000151865671e+01 2.943337191379687745e+00
3.293053610357790717e+01 2.940421161829419372e+00
3.293264657727543465e+01 2.937523493224253102e+00
3.293474153714267061e+01 2.934644069960346879e+00
3.293682109687862436e+01 2.931782777161660469e+00
3.293888536935583033e+01 2.928939500675373342e+00
3.294093446662624558e+01 2.926114127067332316e+00
3.294296849992709753e+01 2.923306543617528064e+00
3.294498757968671754e+01 2.920516638315599156e+00
3.294699181553030343e+01 2.917744299856364965e+00
3.294898131628566063e+01 2.914989417635387881e+00
3.295095618998890075e+01 2.912251881744559956e+00
3.295291654389009750e+01 2.909531582967721519e+00
3.295486248445890709e+01 2.906828412776304660e+00
3.295679411739014597e+01 2.904142263325005135e+00
3.295871154760935440e+01 2.901473027447480924e+00
3.296061487927826761e+01 2.898820598652078750e+00
3.296250421580030832e+01 2.896184871117586379e+00
3.296437965982600105e+01 2.893565739689012428e+00
3.296624131325837936e+01 2.890963099873392839e+00
3.296808927725832206e+01 2.888376847835623540e+00
3.296992365224987509e+01 2.885806880394318874e+00
3.297174453792554516e+01 2.883253095017696221e+00
3.297355203325153639e+01 2.880715389819487271e+00
3.297534623647294438e+01 2.878193663554874604e+00
3.297712724511895033e+01 2.875687815616453147e+00
3.297889515600793686e+01 2.873197746030218269e+00
3.298065006525261111e+01 2.870723355451577863e+00
3.298239206826505665e+01 2.868264545161391066e+00
3.298412125976174991e+01 2.865821217062030524e+00
3.298583773376858375e+01 2.863393273673469963e+00
3.298754158362580569e+01 2.860980618129396191e+00
3.298923290199295622e+01 2.858583154173345964e+00
3.299091178085375020e+01 2.856200786154867277e+00
3.299257831152094411e+01 2.853833419025703311e+00
3.299423258464116060e+01 2.851480958336003457e+00
3.299587469019966335e+01 2.849143310230554338e+00
3.299750471752513192e+01 2.846820381445037462e+00
3.299912275529437267e+01 2.844512079302309981e+00
3.300072889153702960e+01 2.842218311708707645e+00
3.300232321364021004e+01 2.839938987150371297e+00
3.300390580835313159e+01 2.837674014689598678e+00
3.300547676179172640e+01 2.835423303961214891e+00
3.300703615944317448e+01 2.833186765168970833e+00
3.300858408617044404e+01 2.830964309081959840e+00
3.301012062621680343e+01 2.828755847031059645e+00
3.301164586321026917e+01 2.826561290905396095e+00
3.301315988016804681e+01 2.824380553148827744e+00
3.301466275950093632e+01 2.822213546756455305e+00
3.301615458301770900e+01 2.820060185271150210e+00
3.301763543192943473e+01 2.817920382780106259e+00
3.301910538685380914e+01 2.815794053911414352e+00
3.302056452781942397e+01 2.813681113830656333e+00
3.302201293427003748e+01 2.811581478237521026e+00
3.302345068506876657e+01 2.809495063362443368e+00
3.302487785850231461e+01 2.807421785963261307e+00
3.302629453228509959e+01 2.805361563321897567e+00
3.302770078356341088e+01 2.803314313241059175e+00
3.302909668891950190e+01 2.801279954040959641e+00
3.303048232437566867e+01 2.799258404556060675e+00
3.303185776539829988e+01 2.797249584131835221e+00
3.303322308690189146e+01 2.795253412621550027e+00
3.303457836325303276e+01 2.793269810383069540e+00
3.303592366827437843e+01 2.791298698275678891e+00
3.303725907524857774e+01 2.789339997656927750e+00
3.303858465692216839e+01 2.787393630379492837e+00
3.303990048550948444e+01 2.785459518788062194e+00
3.304120663269647196e+01 2.783537585716236329e+00
3.304250316964453305e+01 2.781627754483451564e+00
3.304379016699432725e+01 2.779729948891920710e+00
3.304506769486953033e+01 2.777844093223594601e+00
3.304633582288057880e+01 2.775970112237141407e+00
3.304759462012839322e+01 2.774107931164945473e+00
3.304884415520805874e+01 2.772257475710125707e+00
3.305008449621250577e+01 2.770418672043571728e+00
3.305131571073613372e+01 2.768591446800999112e+00
3.305253786587842768e+01 2.766775727080022840e+00
3.305375102824754663e+01 2.764971440437250294e+00
3.305495526396389039e+01 2.763178514885391124e+00
3.305615063866362391e+01 2.761396878890386208e+00
3.305733721750220155e+01 2.759626461368553496e+00
3.305851506515784166e+01 2.757867191683754271e+00
3.305968424583500109e+01 2.756118999644574519e+00
3.306084482326780005e+01 2.754381815501525388e+00
3.306199686072344690e+01 2.752655569944260971e+00
3.306314042100562034e+01 2.750940194098814739e+00
3.306427556645783028e+01 2.749235619524851071e+00
3.306540235896676450e+01 2.747541778212935881e+00
3.306652085996559265e+01 2.745858602581824126e+00
3.306763113043728453e+01 2.744186025475763735e+00
3.306873323091785721e+01 2.742523980161817310e+00
3.306982722149963649e+01 2.740872400327199809e+00
3.307091316183446139e+01 2.739231220076634443e+00
3.307199111113690293e+01 2.737600373929723219e+00
3.307306112818743316e+01 2.735979796818335252e+00
3.307412327133557994e+01 2.734369424084012401e+00
3.307517759850306760e+01 2.732769191475388659e+00
3.307622416718691483e+01 2.731179035145628209e+00
3.307726303446253269e+01 2.729598891649879011e+00
3.307829425698677284e+01 2.728028697942741498e+00
3.307931789100100417e+01 2.726468391375753697e+00
3.308033399233410421e+01 2.724917909694892781e+00
3.308134261640547180e+01 2.723377191038091283e+00
3.308234381822800430e+01 2.721846173932770618e+00
3.308333765241106050e+01 2.720324797293387942e+00
3.308432417316339524e+01 2.718813000418999870e+00
3.308530343429606546e+01 2.717310722990841754e+00
3.308627548922534345e+01 2.715817905069920712e+00
3.308724039097557323e+01 2.714334487094625548e+00
3.308819819218203406e+01 2.712860409878350865e+00
3.308914894509376836e+01 2.711395614607135407e+00
3.309009270157640259e+01 2.709940042837317264e+00
3.309102951311493968e+01 2.708493636493201517e+00
3.309195943081650881e+01 2.707056337864743867e+00
3.309288250541315790e+01 2.705628089605249809e+00
3.309379878726454649e+01 2.704208834729085797e+00
3.309470832636069559e+01 2.702798516609406843e+00
3.309561117232465222e+01 2.701397078975896981e+00
3.309650737441518231e+01 2.700004465912525298e+00
3.309739698152941401e+01 2.698620621855316148e+00
3.309828004220548792e+01 2.697245491590131383e+00
3.309915660462516485e+01 2.695879020250468550e+00
3.310002671661642637e+01 2.694521153315272421e+00
3.310089042565605411e+01 2.693171836606760294e+00
3.310174777887220188e+01 2.691831016288260159e+00
3.310259882304691814e+01 2.690498638862064418e+00
3.310344360461868973e+01 2.689174651167294261e+00
3.310428216968494297e+01 2.687859000377780916e+00
3.310511456400452346e+01 2.686551633999956668e+00
3.310594083300017587e+01 2.685252499870762755e+00
3.310676102176100954e+01 2.683961546155566591e+00
3.310757517504490011e+01 2.682678721346095863e+00
3.310838333728094085e+01 2.681403974258382839e+00
3.310918555257183016e+01 2.680137254030723337e+00
3.310998186469624471e+01 2.678878510121646794e+00
3.311077231711122693e+01 2.677627692307900986e+00
3.311155695295450840e+01 2.676384750682449187e+00
3.311233581504686896e+01 2.675149635652478430e+00
3.311310894589443166e+01 2.673922297937420645e+00
3.311387638769097208e+01 2.672702688566988893e+00
3.311463818232019207e+01 2.671490758879222049e+00
3.311539437135799346e+01 2.670286460518545013e+00
3.311614499607472339e+01 2.669089745433838257e+00
3.311689009743741252e+01 2.667900565876522911e+00
3.311762971611197770e+01 2.666718874398654293e+00
3.311836389246543888e+01 2.665544623851030526e+00
3.311909266656809336e+01 2.664377767381310935e+00
3.311981607819569717e+01 2.663218258432147767e+00
3.312053416683160378e+01 2.662066050739328116e+00
3.312124697166890996e+01 2.660921098329928736e+00
3.312195453161257319e+01 2.659783355520483283e+00
3.312265688528153618e+01 2.658652776915158000e+00
3.312335407101079454e+01 2.657529317403942049e+00
3.312404612685349292e+01 2.656412932160848506e+00
3.312473309058297133e+01 2.655303576642124685e+00
3.312541499969482572e+01 2.654201206584476669e+00
3.312609189140893307e+01 2.653105778003302717e+00
3.312676380267146925e+01 2.652017247190939120e+00
3.312743077015691284e+01 2.650935570714916256e+00
3.312809283027003460e+01 2.649860705416227091e+00
3.312875001914786566e+01 2.648792608407604110e+00
3.312940237266167287e+01 2.647731237071809574e+00
3.313004992641887725e+01 2.646676549059934214e+00
3.313069271576501507e+01 2.645628502289709694e+00
3.313133077578563501e+01 2.644587054943828175e+00
3.313196414130820955e+01 2.643552165468275206e+00
3.313259284690402495e+01 2.642523792570671937e+00
3.313321692689006426e+01 2.641501895218627549e+00
3.313383641533084045e+01 2.640486432638102343e+00
3.313445134604028652e+01 2.639477364311781482e+00
3.313506175258356734e+01 2.638474649977459396e+00
3.313566766827889154e+01 2.637478249626432181e+00
3.313626912619935894e+01 2.636488123501902425e+00
3.313686615917470846e+01 2.635504232097393373e+00
3.313745879979314424e+01 2.634526536155172849e+00
3.313804708040306934e+01 2.633554996664686509e+00
3.313863103311487635e+01 2.632589574861003090e+00
3.313921068980265972e+01 2.631630232223266308e+00
3.313978608210597798e+01 2.630676930473159647e+00
3.314035724143155193e+01 2.629729631573378246e+00
3.314092419895496988e+01 2.628788297726112333e+00
3.314148698562240014e+01 2.627852891371539101e+00
3.314204563215226074e+01 2.626923375186323462e+00
3.314260016903688211e+01 2.625999712082131232e+00
3.314315062654418398e+01 2.625081865204148102e+00
3.314369703471930961e+01 2.624169797929608805e+00
3.314423942338625295e+01 2.623263473866338291e+00
3.314477782214949286e+01 2.622362856851297774e+00
3.314531226039559897e+01 2.621467910949143221e+00
3.314584276729483037e+01 2.620578600450791829e+00
3.314636937180271303e+01 2.619694889871997390e+00
3.314689210266162434e+01 2.618816743951934534e+00
3.314741098840236333e+01 2.617944127651792297e+00
3.314792605734569264e+01 2.617077006153376129e+00
3.314843733760387323e+01 2.616215344857719227e+00
3.314894485708221339e+01 2.615359109383701419e+00
3.314944864348056797e+01 2.614508265566679146e+00
3.314994872429486605e+01 2.613662779457121665e+00
3.315044512681858180e+01 2.612822617319256135e+00
3.315093787814424076e+01 2.611987745629722468e+00
3.315142700516489072e+01 2.611158131076236177e+00
3.315191253457556542e+01 2.610333740556259219e+00
3.315239449287473406e+01 2.609514541175679714e+00
3.315287290636574369e+01 2.608700500247498777e+00
3.315334780115826163e+01 2.607891585290527114e+00
3.315381920316968234e+01 2.607087764028090060e+00
3.315428713812654848e+01 2.606289004386738828e+00
3.315475163156595784e+01 2.605495274494971536e+00
3.315521270883694172e+01 2.604706542681960890e+00
3.315567039510185765e+01 2.603922777476292527e+00
3.315612471533774652e+01 2.603143947604707353e+00
3.315657569433770391e+01 2.602370021990856319e+00
3.315702335671223011e+01 2.601600969754058301e+00
3.315746772689057309e+01 2.600836760208069531e+00
3.315790882912205007e+01 2.600077362859859686e+00
3.315834668747738334e+01 2.599322747408394196e+00
3.315878132584999349e+01 2.598572883743426765e+00
3.315921276795732098e+01 2.597827741944297220e+00
3.315964103734211221e+01 2.597087292278738246e+00
3.316006615737370566e+01 2.596351505201688781e+00
3.316048815124928950e+01 2.595620351354116728e+00
3.316090704199518768e+01 2.594893801561846125e+00
3.316132285246810341e+01 2.594171826834394068e+00
3.316173560535637677e+01 2.593454398363813862e+00
3.316214532318120689e+01 2.592741487523546162e+00
3.316255202829789539e+01 2.592033065867276775e+00
3.316295574289705428e+01 2.591329105127802013e+00
3.316335648900581390e+01 2.590629577215900259e+00
3.316375428848904505e+01 2.589934454219211979e+00
3.316414916305053140e+01 2.589243708401126387e+00
3.316454113423415606e+01 2.588557312199674332e+00
3.316493022342508823e+01 2.587875238226429619e+00
3.316531645185093424e+01 2.587197459265415223e+00
3.316569984058291709e+01 2.586523948272018369e+00
3.316608041053700617e+01 2.585854678371911408e+00
3.316645818247506838e+01 2.585189622859979774e+00
3.316683317700599787e+01 2.584528755199256178e+00
3.316720541458684579e+01 2.583872049019862338e+00
3.316757491552392878e+01 2.583219478117956935e+00
3.316794169997394448e+01 2.582571016454690227e+00
3.316830578794507289e+01 2.581926638155165321e+00
3.316866719929806351e+01 2.581286317507405226e+00
3.316902595374731533e+01 2.580650028961328335e+00
3.316938207086197110e+01 2.580017747127728356e+00
3.316973557006696893e+01 2.579389446777260897e+00
3.317008647064410809e+01 2.578765102839438050e+00
3.317043479173310061e+01 2.578144690401627859e+00
3.317078055233261580e+01 2.577528184708060000e+00
3.317112377130133183e+01 2.576915561158838575e+00
3.317146446735894472e+01 2.576306795308960673e+00
3.317180265908719861e+01 2.575701862867341152e+00
3.317213836493090895e+01 2.575100739695843188e+00
3.317247160319895727e+01 2.574503401808315939e+00
3.317280239206530723e+01 2.573909825369637083e+00
3.317313074956997809e+01 2.573319986694762029e+00
3.317345669362003946e+01 2.572733862247779335e+00
3.317378024199059894e+01 2.572151428640971460e+00
3.317410141232576137e+01 2.571572662633881290e+00
3.317442022213958808e+01 2.570997541132385766e+00
3.317473668881707027e+01 2.570426041187774846e+00
3.317505082961507412e+01 2.569858139995834012e+00
3.317536266166327152e+01 2.569293814895937000e+00
3.317567220196508515e+01 2.568733043370139857e+00
3.317597946739862635e+01 2.568175803042283878e+00
3.317628447471760467e+01 2.567622071677101658e+00
3.317658724055224440e+01 2.567071827179330690e+00
3.317688778141020123e+01 2.566525047592832731e+00
3.317718611367745751e+01 2.565981711099716289e+00
3.317748225361922465e+01 2.565441796019466647e+00
3.317777621738082416e+01 2.564905280808081667e+00
3.317806802098858299e+01 2.564372144057212033e+00
3.317835768035069322e+01 2.563842364493305936e+00
3.317864521125809318e+01 2.563315920976762197e+00
3.317893062938532722e+01 2.562792792501085604e+00
3.317921395029140541e+01 2.562272958192049366e+00
3.317949518942064913e+01 2.561756397306862443e+00
3.317977436210353659e+01 2.561243089233341319e+00
3.318005148355754841e+01 2.560733013489088439e+00
3.318032656888799181e+01 2.560226149720674638e+00
3.318059963308883908e+01 2.559722477702827348e+00
3.318087069104351627e+01 2.559221977337623244e+00
3.318113975752576295e+01 2.558724628653687105e+00
3.318140684720039957e+01 2.558230411805394677e+00
3.318167197462415174e+01 2.557739307072080859e+00
3.318193515424644602e+01 2.557251294857253221e+00
3.318219640041018437e+01 2.556766355687809522e+00
3.318245572735255422e+01 2.556284470213261883e+00
3.318271314920577453e+01 2.555805619204963630e+00
3.318296867999789868e+01 2.555329783555342793e+00
3.318322233365357476e+01 2.554856944277139608e+00
3.318347412399479168e+01 2.554387082502649786e+00
3.318372406474164649e+01 2.553920179482970454e+00
3.318397216951310469e+01 2.553456216587252303e+00
3.318421845182773211e+01 2.552995175301957964e+00
3.318446292510443385e+01 2.552537037230121264e+00
3.318470560266319325e+01 2.552081784090614480e+00
3.318494649772580374e+01 2.551629397717418257e+00
3.318518562341659361e+01 2.551179860058898186e+00
3.318542299276312946e+01 2.550733153177082713e+00
3.318565861869694089e+01 2.550289259246949491e+00
3.318589251405423113e+01 2.549848160555712173e+00
3.318612469157657330e+01 2.549409839502115194e+00
3.318635516391160678e+01 2.548974278595731668e+00
3.318658394361374064e+01 2.548541460456264396e+00
3.318681104314482155e+01 2.548111367812853079e+00
3.318703647487482300e+01 2.547683983503385541e+00
3.318726025108254163e+01 2.547259290473812499e+00
3.318748238395623673e+01 2.546837271777468104e+00
3.318770288559432657e+01 2.546417910574392707e+00
3.318792176800602789e+01 2.546001190130661396e+00
3.318813904311203089e+01 2.545587093817716529e+00
3.318835472274513876e+01 2.545175605111704265e+00
3.318856881865092845e+01 2.544766707592815091e+00
3.318878134248837597e+01 2.544360384944628795e+00
3.318899230583051008e+01 2.543956620953464309e+00
3.318920172016503756e+01 2.543555399507731796e+00
3.318940959689498271e+01 2.543156704597290041e+00
3.318961594733929843e+01 2.542760520312807415e+00
3.318982078273348435e+01 2.542366830845128600e+00
3.319002411423021925e+01 2.541975620484642207e+00
3.319022595289995792e+01 2.541586873620654607e+00
3.319042630973154218e+01 2.541200574740767326e+00
3.319062519563280489e+01 2.540816708430257531e+00
3.319082262143115258e+01 2.540435259371464305e+00
3.319101859787417652e+01 2.540056212343176245e+00
3.319121313563022824e+01 2.539679552220024394e+00
3.319140624528901640e+01 2.539305263971878723e+00
3.319159793736218234e+01 2.538933332663249942e+00
3.319178822228386139e+01 2.538563743452691313e+00
3.319197711041126553e+01 2.538196481592208009e+00
3.319216461202526602e+01 2.537831532426668257e+00
3.319235073733092634e+01 2.537468881393218911e+00
3.319253549645807766e+01 2.537108514020704142e+00
3.319271889946188026e+01 2.536750415929087676e+00
3.319290095632335635e+01 2.536394572828880811e+00
3.319308167694994438e+01 2.536040970520569537e+00
3.319326107117605318e+01 2.535689594894050991e+00
3.319343914876358781e+01 2.535340431928067684e+00
3.319361591940247536e+01 2.534993467689650615e+00
3.319379139271122625e+01 2.534648688333561495e+00
3.319396557823742455e+01 2.534306080101741632e+00
3.319413848545827506e+01 2.533965629322762148e+00
3.319431012378111490e+01 2.533627322411278637e+00
3.319448050254393223e+01 2.533291145867489824e+00
3.319464963101587074e+01 2.532957086276597991e+00
3.319481751839774830e+01 2.532625130308274741e+00
3.319498417382254019e+01 2.532295264716128091e+00
3.319514960635590484e+01 2.531967476337175338e+00
3.319531382499666705e+01 2.531641752091316366e+00
3.319547683867730825e+01 2.531318078980812736e+00
3.319563865626445676e+01 2.530996444089769426e+00
3.319579928655939227e+01 2.530676834583617918e+00
3.319595873829849353e+01 2.530359237708605935e+00
