1.400000000000000000e+02 1.000000000000000000e+01
1.390360528920135437e+02 1.000333210392610184e+01
1.380789938394313197e+02 1.000664617357527852e+01
1.371287736045004237e+02 1.000994231933207956e+01
1.361853433012055916e+02 1.001322065126374916e+01
1.352486543927573450e+02 1.001648127912987718e+01
1.343186586890979299e+02 1.001972431239219574e+01
1.333953083444249899e+02 1.002294986022454637e+01
1.324785558547326900e+02 1.002615803152300167e+01
1.315683540553704347e+02 1.002934893491616286e+01
1.306646561186186375e+02 1.003252267877562609e+01
1.297674155512818857e+02 1.003567937122662812e+01
1.288765861922991007e+02 1.003881912015887856e+01
1.279921222103705816e+02 1.004194203323757684e+01
1.271139781016018588e+02 1.004504821791462277e+01
1.262421086871643325e+02 1.004813778144003322e+01
1.253764691109723657e+02 1.005121083087355238e+01
1.245170148373769052e+02 1.005426747309648050e+01
1.236637016488754313e+02 1.005730781482372294e+01
1.228164856438380639e+02 1.006033196261604523e+01
1.219753232342498279e+02 1.006334002289257690e+01
1.211401711434689190e+02 1.006633210194353190e+01
1.203109864040007437e+02 1.006930830594318316e+01
1.194877263552878190e+02 1.007226874096307512e+01
1.186703486415152611e+02 1.007521351298549916e+01
1.178588112094318063e+02 1.007814272791722132e+01
1.170530723061862659e+02 1.008105649160348349e+01
1.162530904771792564e+02 1.008395490984227649e+01
1.154588245639301647e+02 1.008683808839889906e+01
1.146702337019591340e+02 1.008970613302080466e+01
1.138872773186841272e+02 1.009255914945274490e+01
1.131099151313327269e+02 1.009539724345221678e+01
1.123381071448688289e+02 1.009822052080523136e+01
1.115718136499338868e+02 1.010102908734239513e+01
1.108109952208027380e+02 1.010382304895532535e+01
1.100556127133538666e+02 1.010660251161340106e+01
1.093056272630540207e+02 1.010936758138086766e+01
1.085610002829570391e+02 1.011211836443429313e+01
1.078216934617167766e+02 1.011485496708038667e+01
1.070876687616141254e+02 1.011757749577420284e+01
1.063588884165978925e+02 1.012028605713772045e+01
1.056353149303395185e+02 1.012298075797881580e+01
1.049169110743015096e+02 1.012566170531065168e+01
1.042036398858195128e+02 1.012832900637146949e+01
1.034954646661978614e+02 1.013098276864480773e+01
1.027923489788185520e+02 1.013362309988016641e+01
1.020942566472635917e+02 1.013625010811410831e+01
1.014011517534505060e+02 1.013886390169182050e+01
1.007129986357809628e+02 1.014146458928915351e+01
1.000297618873024987e+02 1.014405227993513314e+01
9.935140635388306407e+01 1.014662708303496785e+01
9.867789713239852745e+01 1.014918910839356947e+01
9.800919956893280016e+01 1.015173846623958553e+01
9.734527925699069328e+01 1.015427526724996099e+01
9.668610203572328032e+01 1.015679962257505586e+01
9.603163398816572283e+01 1.015931164386430829e+01
9.538184143948747362e+01 1.016181144329248376e+01
9.473669095525472983e+01 1.016429913358649451e+01
9.409614933970507877e+01 1.016677482805283361e+01
9.346018363403423734e+01 1.016923864060561655e+01
9.282876111469477109e+01 1.017169068579525515e+01
9.220184929170673627e+01 1.017413107883777634e+01
9.157941590698013101e+01 1.017655993564480710e+01
9.096142893264908480e+01 1.017897737285423077e+01
9.034785656941764387e+01 1.018138350786153978e+01
8.973866724491718116e+01 1.018377845885189892e+01
8.913382961207520339e+01 1.018616234483293503e+01
8.853331254749556933e+01 1.018853528566828004e+01
8.793708514984999169e+01 1.019089740211186346e+01
8.734511673828070855e+01 1.019324881584299547e+01
8.675737685081433881e+01 1.019558964950225288e+01
8.617383524278669427e+01 1.019792002672817155e+01
8.559446188527859078e+01 1.020024007219479323e+01
8.501922696356248821e+01 1.020254991165006153e+01
8.444810087555994471e+01 1.020484967195509540e+01
8.388105423030971508e+01 1.020713948112436853e+01
8.331805784644650714e+01 1.020941946836680536e+01
8.275908275069024000e+01 1.021168976412782392e+01
8.220410017634574729e+01 1.021395050013233785e+01
8.165308156181284005e+01 1.021620180942874612e+01
8.110599854910670103e+01 1.021844382643393878e+01
8.056282298238839701e+01 1.022067668697932952e+01
8.002352690650558031e+01 1.022290052835795215e+01
7.948808256554319485e+01 1.022511548937263370e+01
7.895646240138417227e+01 1.022732171038527937e+01
7.842863905227996213e+01 1.022951933336728914e+01
7.790458535143092433e+01 1.023170850195112713e+01
7.738427432557635655e+01 1.023388936148309192e+01
7.686767919359427026e+01 1.023606205907728040e+01
7.635477336511067392e+01 1.023822674367080765e+01
7.584553043911833470e+01 1.024038356608028799e+01
7.533992420260497624e+01 1.024253267905961629e+01
7.483792862919081301e+01 1.024467423735907268e+01
7.433951787777533582e+01 1.024680839778579156e+01
7.384466629119326342e+01 1.024893531926560897e+01
7.335334839487961744e+01 1.025105516290634178e+01
7.286553889554382124e+01 1.025316809206250213e+01
7.238121267985275153e+01 1.025527427240150935e+01
7.190034481312265768e+01 1.025737387197141182e+01
7.142291053801993428e+01 1.025946706127016128e+01
7.094888527327054817e+01 1.026155401331646999e+01
7.047824461237817673e+01 1.026363490372229137e+01
7.001096432235091527e+01 1.026570991076695627e+01
6.954702034243646835e+01 1.026777921547299854e+01
6.908638878286582496e+01 1.026984300168371966e+01
6.862904592360524703e+01 1.027190145614251016e+01
6.817496821311658550e+01 1.027395476857398293e+01
6.772413226712575351e+01 1.027600313176696112e+01
6.727651486739945597e+01 1.027804674165933640e+01
6.683209296052984882e+01 1.028008579742486894e+01
6.639084365672732702e+01 1.028212050156195367e+01
6.595274422862115671e+01 1.028415105998439394e+01
6.551777211006800883e+01 1.028617768211423744e+01
6.508590489496826592e+01 1.028820058097670653e+01
6.465712033609004550e+01 1.029021997329728144e+01
6.423139634390089725e+01 1.029223607960096487e+01
6.380871098540700359e+01 1.029424912431379546e+01
6.338904248299999011e+01 1.029625933586663500e+01
6.297236921331108306e+01 1.029826694680130039e+01
6.255866970607268485e+01 1.030027219387907245e+01
6.214792264298722557e+01 1.030227531819164710e+01
6.174010685660324782e+01 1.030427656527455937e+01
6.133520132919866086e+01 1.030627618522315458e+01
6.093318519167107894e+01 1.030827443281114952e+01
6.053403772243517977e+01 1.031027156761183683e+01
6.013773834632701920e+01 1.031226785412198588e+01
5.974426663351524525e+01 1.031426356188850768e+01
5.935360229841911206e+01 1.031625896563792999e+01
5.896572519863325113e+01 1.031825434540873943e+01
5.858061533385914288e+01 1.032024998668665816e+01
5.819825284484318928e+01 1.032224618054291554e+01
5.781861801232133757e+01 1.032424322377556614e+01
5.744169125597019843e+01 1.032624141905392001e+01
5.706745313336455894e+01 1.032824107506615796e+01
5.669588433894127633e+01 1.033024250667019039e+01
5.632696570296944572e+01 1.033224603504781136e+01
5.596067819052677095e+01 1.033425198786224541e+01
5.559700290048211002e+01 1.033626069941912462e+01
5.523592106448410988e+01 1.033827251083098098e+01
5.487741404595583106e+01 1.034028777018532175e+01
5.452146333909538356e+01 1.034230683271636408e+01
5.416805056788241757e+01 1.034433006098048580e+01
5.381715748509044772e+01 1.034635782503548285e+01
5.346876597130496123e+01 1.034839050262370286e+01
5.312285803394721739e+01 1.035042847935912924e+01
5.277941580630366758e+01 1.035247214891849765e+01
5.243842154656097421e+01 1.035452191323651228e+01
5.209985763684655069e+01 1.035657818270526676e+01
5.176370658227450861e+01 1.035864137637791949e+01
5.142995100999701918e+01 1.036071192217673698e+01
5.109857366826101099e+01 1.036279025710556390e+01
5.076955742547009720e+01 1.036487682746682104e+01
5.044288526925172533e+01 1.036697208908311829e+01
5.011854030552947137e+01 1.036907650752356247e+01
4.979650575760037867e+01 1.037119055833485248e+01
4.947676496521737022e+01 1.037331472727725945e+01
4.915930138367657776e+01 1.037544951056557885e+01
4.884409858290957374e+01 1.037759541511515238e+01
4.853114024658046333e+01 1.037975295879304838e+01
4.822041017118774420e+01 1.038192267067451091e+01
4.791189226517088429e+01 1.038410509130476100e+01
4.760557054802158916e+01 1.038630077296626730e+01
4.730142914939963106e+01 1.038851027995157139e+01
4.699945230825328935e+01 1.039073418884178501e+01
4.669962437194423899e+01 1.039297308879085691e+01
4.640192979537689411e+01 1.039522758181571938e+01
4.610635314013215691e+01 1.039749828309242297e+01
4.581287907360545120e+01 1.039978582125836937e+01
4.552149236814909017e+01 1.040209083872075624e+01
4.523217790021880802e+01 1.040441399197134054e+01
4.494492064952451926e+01 1.040675595190765002e+01
4.465970569818516367e+01 1.040911740416075126e+01
4.437651822988763683e+01 1.041149904942968973e+01
4.409534352904973531e+01 1.041390160382273145e+01
4.381616697998706655e+01 1.041632579920553070e+01
4.353897406608390952e+01 1.041877238355634105e+01
4.326375036896792636e+01 1.042124212132839922e+01
4.299048156768870399e+01 1.042373579381961868e+01
4.271915343790010411e+01 1.042625419954971377e+01
4.244975185104634363e+01 1.042879815464489290e+01
4.218226277355178411e+01 1.043136849323026105e+01
4.191667226601436624e+01 1.043396606783005431e+01
4.165296648240266109e+01 1.043659174977586623e+01
4.139113166925653786e+01 1.043924642962299210e+01
4.113115416489133480e+01 1.044193101757504927e+01
4.087302039860555425e+01 1.044464644391700148e+01
4.061671688989205364e+01 1.044739365945676113e+01
4.036223024765263290e+01 1.045017363597549931e+01
4.010954716941608211e+01 1.045298736668683226e+01
3.985865444055956175e+01 1.045583586670503351e+01
3.960953893353339339e+01 1.045872017352243510e+01
3.936218760708912612e+01 1.046164134749618313e+01
3.911658750551095665e+01 1.046460047234449675e+01
3.887272575785039663e+01 1.046759865565262615e+01
3.863058957716424402e+01 1.047063702938865504e+01
3.839016625975575181e+01 1.047371675042933070e+01
3.815144318441909377e+01 1.047683900109610633e+01
3.791440781168701335e+01 1.048000498970156080e+01
3.767904768308169849e+01 1.048321595110639493e+01
3.744535042036885386e+01 1.048647314728717284e+01
3.721330372481501314e+01 1.048977786791502176e+01
3.698289537644799196e+01 1.049313143094545886e+01
3.675411323332060931e+01 1.049653518321956192e+01
3.652694523077757793e+01 1.049999050107667742e+01
3.630137938072562065e+01 1.050349879097886685e+01
3.607740377090684092e+01 1.050706149014730428e+01
3.585500656417529086e+01 1.051068006721084380e+01
3.563417599777684330e+01 1.051435602286696280e+01
3.541490038263233942e+01 1.051809089055531388e+01
3.519716810262404749e+01 1.052188623714409488e+01
3.498096761388543996e+01 1.052574366362949121e+01
3.476628744409440230e+01 1.052966480584840170e+01
3.455311619176979576e+01 1.053365133520470565e+01
3.434144252557151589e+01 1.053770495940931262e+01
3.413125518360405408e+01 1.054182742323423483e+01
3.392254297272361185e+01 1.054602050928095380e+01
3.371529476784883173e+01 1.055028603876332660e+01
3.350949951127520166e+01 1.055462587230532279e+01
3.330514621199321112e+01 1.055904191075383558e+01
3.310222394501033705e+01 1.056353609600687271e+01
3.290072185067690214e+01 1.056811041185739164e+01
3.270062913401594074e+01 1.057276688485309357e+01
3.250193506405711474e+01 1.057750758517245693e+01
3.230462897317482884e+01 1.058233462751732290e+01
3.210870025643056636e+01 1.058725017202235108e+01
3.191413837091965533e+01 1.059225642518166488e+01
3.172093283512249684e+01 1.059735564079300651e+01
3.152907322826042247e+01 1.060255012091975146e+01
3.133854918965628755e+01 1.060784221687111994e+01
3.114935041809996008e+01 1.061323433020094065e+01
3.096146667121881890e+01 1.061872891372533090e+01
3.077488776485344246e+01 1.062432847255965740e+01
3.058960357243860528e+01 1.063003556517517900e+01
3.040560402438980603e+01 1.063585280447572856e+01
3.022287910749544437e+01 1.064178285889487441e+01
3.004141886431486341e+01 1.064782845351393625e+01
2.986121339258243879e+01 1.065399237120130316e+01
2.968225284461790636e+01 1.066027745377346569e+01
2.950452742674314166e+01 1.066668660317823125e+01
2.932802739870561481e+01 1.067322278270055236e+01
2.915274307310873780e+01 1.067988901819144587e+01
2.897866481484932777e+01 1.068668839932048797e+01
2.880578304056245287e+01 1.069362408085237170e+01
2.863408821807389515e+01 1.070069928394802616e+01
2.846357086586049689e+01 1.070791729749082855e+01
2.829422155251867110e+01 1.071528147943842946e+01
2.812603089624133901e+01 1.072279525820073864e+01
2.795898956430360727e+01 1.073046213404464311e+01
2.779308827255746550e+01 1.073828568052601184e+01
2.762831778493581680e+01 1.074626954594959471e+01
2.746466891296618584e+01 1.075441745485740519e+01
2.730213251529441010e+01 1.076273320954621759e+01
2.714069949721864816e+01 1.077122069161480766e+01
2.698036081023408528e+01 1.077988386354158834e+01
2.682110745158867005e+01 1.078872677029331228e+01
2.666293046385026955e+01 1.079775354096552320e+01
2.650582093448559817e+01 1.080696839045544877e+01
2.634976999545135357e+01 1.081637562116806528e+01
2.619476882279789720e+01 1.082597962475606224e+01
2.604080863628595921e+01 1.083578488389444949e+01
2.588788069901671918e+01 1.084579597409059559e+01
2.573597631707574251e+01 1.085601756553045938e+01
2.558508683919116677e+01 1.086645442496184089e+01
2.543520365640662462e+01 1.087711141761544553e+01
2.528631820176931910e+01 1.088799350916462672e+01
2.513842195003373448e+01 1.089910576772463990e+01
2.499150641738144074e+01 1.091045336589228043e+01
2.484556316115748587e+01 1.092204158282680737e+01
2.470058377962383744e+01 1.093387580637303991e+01
2.455655991173038544e+01 1.094596153522754811e+01
2.441348323690397493e+01 1.095830438114888317e+01
2.427134547485599469e+01 1.097091007121277428e+01
2.413013838540902611e+01 1.098378445011327642e+01
2.398985376834304617e+01 1.099693348251082625e+01
2.385048346326171043e+01 1.101036325542820293e+01
2.371201934947923462e+01 1.102407998069538841e+01
2.357445334592838293e+01 1.103808999744433272e+01
2.343777741109008872e+01 1.105239977465464030e+01
2.330198354294523355e+01 1.106701591375120941e+01
2.316706377894907476e+01 1.108194515125483548e+01
2.303301019602888289e+01 1.109719436148682270e+01
2.289981491060525798e+01 1.111277055932863966e+01
2.276747007863765049e+01 1.112868090303763680e+01
2.263596789569459844e+01 1.114493269711986656e+01
2.250530059704917107e+01 1.116153339526102961e+01
2.237546045780008441e+01 1.117849060331656119e+01
2.224643979301899677e+01 1.119581208236185432e+01
2.211823095792443183e+01 1.121350575180361631e+01
2.199082634808279835e+01 1.123157969255332844e+01
2.186421839963690772e+01 1.125004215026375398e+01
2.173839958956245866e+01 1.126890153862941979e+01
2.161336243595285822e+01 1.128816644275194925e+01
2.148909949833276301e+01 1.130784562257112391e+01
2.136560337800072773e+01 1.132794801636245730e+01
2.124286671840125251e+01 1.134848274430207837e+01
2.112088220552657347e+01 1.136945911209961224e+01
2.099964256834847021e+01 1.139088661469973118e+01
2.087914057928031397e+01 1.141277494005295345e+01
2.075936905466960170e+01 1.143513397295621559e+01
2.064032085532113925e+01 1.145797379896364809e+01
2.052198888705100899e+01 1.148130470836790629e+01
2.040436610127142814e+01 1.150513720025230135e+01
2.028744549560655486e+01 1.152948198661388268e+01
2.017122011453923847e+01 1.155434999655749984e+01
2.005568305008868535e+01 1.157975238056074296e+01
1.994082744251892692e+01 1.160570051480952891e+01
1.982664648107796168e+01 1.163220600560395646e+01
1.971313340476735121e+01 1.165928069383388355e+01
1.960028150314200701e+01 1.168693665952352490e+01
1.948808411713982025e+01 1.171518622644415686e+01
1.937653463994076120e+01 1.174404196679385137e+01
1.926562651785495461e+01 1.177351670594291555e+01
1.915535325123919819e+01 1.180362352724350927e+01
1.904570839544130578e+01 1.183437577690166265e+01
1.893668556177157569e+01 1.186578706890964519e+01
1.882827841850059514e+01 1.189787129003638810e+01
1.872048069188252839e+01 1.193064260487333250e+01
1.861328616720293994e+01 1.196411546093280087e+01
1.850668868985009041e+01 1.199830459379563763e+01
1.840068216640858267e+01 1.203322503230450913e+01
1.829526056577413229e+01 1.206889210379890542e+01
1.819041792028811955e+01 1.210532143938748817e+01
1.808614832689050544e+01 1.214252897925300090e+01
1.798244594828958753e+01 1.218053097798455475e+01
1.787930501414692941e+01 1.221934400993162129e+01
1.777671982227577629e+01 1.225898497457360214e+01
1.767468473985105604e+01 1.229947110189834802e+01
1.757319420462906123e+01 1.234081995778246821e+01
1.747224272617471641e+01 1.238304944936571417e+01
1.737182488709427375e+01 1.242617783041118784e+01
1.727193534427116717e+01 1.247022370664249458e+01
1.717256883010261603e+01 1.251520604104834966e+01
1.707372015373449869e+01 1.256114415914453453e+01
1.697538420229189882e+01 1.260805775418239350e+01
1.687755594210259957e+01 1.265596689229240823e+01
1.678023041991073683e+01 1.270489201755065700e+01
1.668340276407768386e+01 1.275485395695523927e+01
1.658706818576718689e+01 1.280587392529900370e+01
1.649122198011161089e+01 1.285797352992412712e+01
1.639585952735616203e+01 1.291117477534330327e+01
1.630097629397776871e+01 1.296550006771151509e+01
1.620656783377529564e+01 1.302097221913149738e+01
1.611262978892766640e+01 1.307761445177518311e+01
1.601915789101641252e+01 1.313545040180258283e+01
1.592614796200908245e+01 1.319450412305864084e+01
1.583359591519996279e+01 1.325480009052779629e+01
1.574149775610444202e+01 1.331636320352506608e+01
1.564984958330337506e+01 1.337921878860158920e+01
1.555864758923376812e+01 1.344339260214172782e+01
1.546788806092209612e+01 1.350891083262790815e+01
1.537756738065656492e+01 1.357580010254856617e+01
1.528768202659466446e+01 1.364408746992368116e+01
1.519822857330236587e+01 1.371380042942157651e+01
1.510920369222138149e+01 1.378496691303984711e+01
1.502060415206094390e+01 1.385761529032250827e+01
1.493242681911066327e+01 1.393177436808470837e+01
1.484466865747107356e+01 1.400747338961566157e+01
1.475732672919862054e+01 1.408474203332977304e+01
1.467039819436194747e+01 1.416361041083536243e+01
1.458388031100646920e+01 1.424410906438982316e+01
1.449777043502439788e+01 1.432626896370959990e+01
1.441206601992753988e+01 1.441012150210293896e+01
1.432676461652038569e+01 1.449569849189307469e+01
1.424186387247121743e+01 1.458303215909928419e+01
1.415736153177918055e+01 1.467215513734308985e+01
1.407325543413550939e+01 1.476310046094688566e+01
1.398954351417735786e+01 1.485590155719235561e+01
1.390622380063294905e+01 1.495059223770624435e+01
1.382329441535706671e+01 1.504720668894141156e+01
1.374075357225617999e+01 1.514577946172155265e+01
1.365859957610285136e+01 1.524634545981863454e+01
1.357683082123937446e+01 1.534893992753284309e+01
1.349544579017093326e+01 1.545359843624581409e+01
1.341444305204894860e+01 1.556035686991902445e+01
1.333382126104559440e+01 1.566925140951050111e+01
1.325357915462087810e+01 1.578031851628452031e+01
1.317371555168400832e+01 1.589359491399057411e+01
1.309422935065118132e+01 1.600911756988979917e+01
1.301511952740226619e+01 1.612692367460907406e+01
1.293638513313926808e+01 1.624705062080526119e+01
1.285802529214980083e+01 1.636953598062454063e+01
1.278003919947917844e+01 1.649441748194441715e+01
1.270242611851510439e+01 1.662173298338887761e+01
1.262518537848927025e+01 1.675152044811022733e+01
1.254831637190053861e+01 1.688381791633440798e+01
1.247181855186468979e+01 1.701866347667009194e+01
1.239569142939604696e+01 1.715609523618545040e+01
1.231993457062657882e+01 1.729615128926043610e+01
1.224454759396833481e+01 1.743886968522632230e+01
1.216953016722536773e+01 1.758428839480854577e+01
1.209488200466146424e+01 1.773244527539317161e+01
1.202060286403027334e+01 1.788337803514182411e+01
1.194669254357453703e+01 1.803712419598452144e+01
1.187315087900132404e+01 1.819372105552460539e+01
1.179997774044025505e+01 1.835320564789475739e+01
1.172717302939179973e+01 1.851561470360799078e+01
1.165473667567279570e+01 1.868098460845247999e+01
1.158266863436634253e+01 1.884935136148401114e+01
1.151096888278321195e+01 1.902075053217489398e+01
1.143963741744189733e+01 1.919521721678306037e+01
1.136867425107431551e+01 1.937278599401004797e+01
1.129807940966407998e+01 1.955349088002140334e+01
1.122785292952412739e+01 1.973736528290773151e+01
1.115799485442030026e+01 1.992444195666929474e+01
1.108850523274726463e+01 2.011475295481148251e+01
1.101938411476295698e+01 2.030832958364273111e+01
1.095063154988744891e+01 2.050520235537051761e+01
1.088224758407184467e+01 2.070540094109486517e+01
1.081423225724253356e+01 2.090895412380228180e+01
1.074658560082576919e+01 2.111588975146628400e+01
1.067930763535720473e+01 2.132623469036354535e+01
1.061239836818063687e+01 2.154001477871719317e+01
1.054585779123984857e+01 2.175725478078094355e+01
1.047968587896701287e+01 2.197797834147945295e+01
1.041388258627075558e+01 2.220220794172162826e+01
1.034844784662652728e+01 2.242996485450438371e+01
1.028338157027153343e+01 2.266126910192481958e+01
1.021868364250607719e+01 2.289613941321862001e+01
1.015435392210269683e+01 2.313459318394193787e+01
1.009039223982413525e+01 2.337664643641290141e+01
1.002679839705071352e+01 2.362231378152731409e+01
9.963572164517326968e+00 2.387160838206098035e+01
9.900713281159854162e+00 2.412454191756853206e+01
9.838221453070428169e+00 2.438112455098545084e+01
9.776096352560633918e+00 2.464136489703642141e+01
9.714337617331374020e+00 2.490526999254900531e+01
9.652944849747775891e+00 2.517284526876709094e+01
9.591917616217266129e+00 2.544409452575352404e+01
9.531255446668582820e+00 2.571901990896585133e+01
9.470957834129281494e+00 2.599762188808323771e+01
9.411024234399020472e+00 2.627989923815638917e+01
9.351454065815680394e+00 2.656584902314561702e+01
9.292246709111207537e+00 2.685546658190531133e+01
9.233401507353834248e+00 2.714874551666579450e+01
9.174917765973248152e+00 2.744567768405608632e+01
9.116794752865082785e+00 2.774625318870332791e+01
9.059031698571029523e+00 2.805046037943680659e+01
9.001627796530790704e+00 2.835828584811644859e+01
8.944582203401985510e+00 2.866971443109749984e+01
8.887894039444125482e+00 2.898472921333502939e+01
8.831562388962710841e+00 2.930331153512358000e+01
8.775586300809523621e+00 2.962544100145925086e+01
8.719964788935174127e+00 2.995109549400332583e+01
8.664696832990010478e+00 3.028025118561864204e+01
8.609781378969536547e+00 3.061288255744207021e+01
8.555217339900529794e+00 3.094896241844882923e+01
8.501003596564135734e+00 3.128846192745702126e+01
8.447138998252304631e+00 3.163135061751360055e+01
8.393622363554005261e+00 3.197759642259621060e+01
8.340452481167778487e+00 3.232716570655880162e+01
8.287628110737298215e+00 3.268002329424282237e+01
8.235147983706712083e+00 3.303613250467009976e+01
8.183010804192695886e+00 3.339545518622802689e+01
8.131215249870232142e+00 3.375795175375301227e+01
8.079759972869315021e+00 3.412358122741343891e+01
8.028643600679883363e+00 3.449230127328959838e+01
7.977864737062428269e+00 3.486406824554441641e+01
7.927421962961878954e+00 3.523883723007578084e+01
7.877313837422492249e+00 3.561656208953873204e+01
7.827538898501621212e+00 3.599719550962368686e+01
7.778095664180378677e+00 3.638068904647530388e+01
7.728982633269339431e+00 3.676699317513543264e+01
7.680198286307573952e+00 3.715605733889304929e+01
7.631741086453422085e+00 3.754782999942377586e+01
7.583609480365561595e+00 3.794225868760197073e+01
7.535801899073036658e+00 3.833929005486902497e+01
7.488316758833039266e+00 3.873886992504266402e+01
7.441152461975359067e+00 3.914094334645351836e+01
7.394307397732510445e+00 3.954545464429725143e+01
7.347779943054682406e+00 3.995234747309265799e+01
7.301568463408727894e+00 4.036156486913888131e+01
7.255671313560529967e+00 4.077304930286771878e+01
7.210086838340167503e+00 4.118674273099022543e+01
7.164813373389387507e+00 4.160258664834025666e+01
7.119849245890976341e+00 4.202052213932134350e+01
7.075192775279706581e+00 4.244048992886714444e+01
7.030842273934591269e+00 4.286243043282976828e+01
6.986796047852273261e+00 4.328628380771461792e+01
6.943052397301407552e+00 4.371198999968463994e+01
6.899609617457979738e+00 4.413948879276146187e+01
6.856465999021549962e+00 4.456871985615536147e+01
6.813619828812450763e+00 4.499962279066067339e+01
6.771069390350032080e+00 4.543213717405784990e+01
6.728812964412070663e+00 4.586620260546808936e+01
6.686848829575513520e+00 4.630175874861109264e+01
6.645175262738749034e+00 4.673874537392102013e+01
6.603790539625633116e+00 4.717710239948051765e+01
6.562692935271531525e+00 4.761676993073687214e+01
6.521880724491653680e+00 4.805768829896911853e+01
6.481352182331981737e+00 4.849979809847896206e+01
6.441105584503115544e+00 4.894304022248280006e+01
6.401139207797374553e+00 4.938735589768606360e+01
6.361451330489501288e+00 4.983268671752525592e+01
6.322040232721332309e+00 5.027897467406668142e+01
6.282904196870808811e+00 5.072616218855469583e+01
6.244041507905709665e+00 5.117419214060575428e+01
6.205450453722483495e+00 5.162300789604790907e+01
6.167129325470581236e+00 5.207255333340861370e+01
6.129076417862673765e+00 5.252277286905668063e+01
6.091290029471149836e+00 5.297361148100711858e+01
6.053768463011291345e+00 5.342501473140030299e+01
6.016510025611514045e+00 5.387692878766932125e+01
5.979513029071069852e+00 5.432930044241175693e+01
5.942775790105592648e+00 5.478207713198433737e+01
5.906296630580878393e+00 5.523520695384082302e+01
5.870073877735269896e+00 5.568863868263536432e+01
5.834105864391028184e+00 5.614232178511521454e+01
5.798390929155056384e+00 5.659620643382817207e+01
5.762927416609335829e+00 5.705024351967148988e+01
5.727713677491431454e+00 5.750438466331021203e+01
5.692748068865413735e+00 5.795858222549386340e+01
5.658028954283539136e+00 5.841278931630140647e+01
5.623554703939021238e+00 5.886695980334513223e+01
5.589323694810216736e+00 5.932104831896479169e+01
5.555334310796545161e+00 5.977501026644378612e+01
5.521584942846450517e+00 6.022880182527969595e+01
5.488073989077702386e+00 6.068237995554160591e+01
5.454799854890335808e+00 6.113570240134703937e+01
5.421760953072509714e+00 6.158872769349126486e+01
5.388955703899555694e+00 6.204141515126180906e+01
5.356382535226494213e+00 6.249372488347091092e+01
5.324039882574268745e+00 6.294561778873849534e+01
5.291926189209956277e+00 6.339705555505798884e+01
5.260039906221189554e+00 6.384800065867699459e+01
5.228379492585035315e+00 6.429841636232450242e+01
5.196943415231547903e+00 6.474826671281581980e+01
5.165730149102223834e+00 6.519751653806601155e+01
5.134738177203566956e+00 6.564613144354208885e+01
5.103965990655968454e+00 6.609407780818347078e+01
5.073412088738103343e+00 6.654132277981995003e+01
5.043074978927030827e+00 6.698783427011544234e+01
5.012953176934182409e+00 6.743358094906525935e+01
4.983045206737419797e+00 6.787853223907403333e+01
4.953349600609322501e+00 6.832265830864059808e+01
4.923864899141886298e+00 6.876593006567532029e+01
4.894589651267772901e+00 6.920831915047492089e+01
4.865522414278275143e+00 6.964979792837878847e+01
4.836661753838143341e+00 7.009033948213009069e+01
4.808006243997405171e+00 7.052991760396434984e+01
4.779554467200325618e+00 7.096850678744722529e+01
4.751305014291628659e+00 7.140608221908254905e+01
4.723256484520111265e+00 7.184261976971087904e+01
4.695407485539766945e+00 7.227809598571808181e+01
4.667756633408536082e+00 7.271248808007261744e+01
4.640302552584790519e+00 7.314577392320967419e+01
4.613043875921666093e+00 7.357793203377914892e+01
4.585979244659334597e+00 7.400894156927428469e+01
4.559107308415326187e+00 7.443878231655651234e+01
4.532426725172980397e+00 7.486743468229174425e+01
4.505936161268135010e+00 7.529487968331240211e+01
4.479634291374119393e+00 7.572109893691902016e+01
4.453519798485152670e+00 7.614607465113437001e+01
4.427591373898213334e+00 7.656978961492256985e+01
4.401847717193466458e+00 7.699222718838494472e+01
4.376287536213313345e+00 7.741337129294377917e+01
4.350909547040139103e+00 7.783320640152456349e+01
4.325712473972822103e+00 7.825171752874669551e+01
4.300695049502075484e+00 7.866889022113208796e+01
4.275856014284671325e+00 7.908471054734047812e+01
4.251194117116618543e+00 7.949916508843995189e+01
4.226708114905346036e+00 7.991224092822034208e+01
4.202396772640939027e+00 8.032392564355698994e+01
4.178258863366492548e+00 8.073420729483170533e+01
4.154293168147623838e+00 8.114307441641734897e+01
4.130498476041191580e+00 8.155051600723201943e+01
4.106873584063269078e+00 8.195652152136840130e+01
4.083417297156417547e+00 8.236108085880350416e+01
4.060128428156295044e+00 8.276418435619345360e+01
4.037005797757644565e+00 8.316582277775782472e+01
4.014048234479702160e+00 8.356598730625752580e+01
3.991254574631054375e+00 8.396466953406995515e+01
3.968623662273988995e+00 8.436186145436479933e+01
3.946154349188364385e+00 8.475755545238349953e+01
3.923845494835033421e+00 8.515174429682527091e+01
3.901695966318854403e+00 8.554442113134203396e+01
3.879704638351312518e+00 8.593557946614457421e+01
3.857870393212785132e+00 8.632521316972187719e+01
3.836192120714476683e+00 8.671331646067531551e+01
3.814668718160044936e+00 8.709988389966926547e+01
3.793299090306949672e+00 8.748491038149931853e+01
3.772082149327540268e+00 8.786839112727933809e+01
3.751016814769910113e+00 8.825032167674801542e+01
3.730102013518534765e+00 8.863069788069579147e+01
3.709336679754719146e+00 8.900951589351254256e+01
3.688719754916867988e+00 8.938677216585654151e+01
3.668250187660602624e+00 8.976246343744466571e+01
3.647926933818737893e+00 9.013658672996413657e+01
3.627748956361141808e+00 9.050913934010556261e+01
3.607715225354486410e+00 9.088011883271711611e+01
3.587824717921913376e+00 9.124952303407955867e+01
3.568076418202623667e+00 9.161735002530159022e+01
3.548469317311407689e+00 9.198359813583506650e+01
3.529002413298128804e+00 9.234826593710938880e+01
3.509674711107172218e+00 9.271135223628434119e+01
3.490485222536875654e+00 9.307285607012063622e+01
3.471432966198946257e+00 9.343277669896711757e+01
3.452516967477882393e+00 9.379111360086382376e+01
3.433736258490406534e+00 9.414786646575979034e+01
3.415089878044919036e+00 9.450303518984452467e+01
3.396576871600986980e+00 9.485661986999204487e+01
3.378196291228872106e+00 9.520862079831618985e+01
3.359947195569109368e+00 9.555903845683610598e+01
3.341828649792144557e+00 9.590787351225048951e+01
3.323839725558037195e+00 9.625512681081934829e+01
3.305979500976239382e+00 9.660079937335193279e+01
3.288247060565453683e+00 9.694489239029938688e+01
3.270641495213581162e+00 9.728740721695079685e+01
3.253161902137761796e+00 9.762834536873113223e+01
3.235807384844518353e+00 9.796770851659971413e+01
3.218577053090005524e+00 9.830549848254766232e+01
3.201470022840371410e+00 9.864171723519288548e+01
3.184485416232237576e+00 9.897636688547109429e+01
3.167622361533300790e+00 9.930944968242137350e+01
3.150879993103062660e+00 9.964096800906482088e+01
3.134257451353691604e+00 9.997092437837466150e+01
3.117753882711021607e+00 1.002993214293363735e+02
3.101368439575689528e+00 1.006261619230963476e+02
3.085100280284419405e+00 1.009514487391975308e+02
3.068948569071452415e+00 1.012751848719004926e+02
3.052912476030128275e+00 1.015973734265885327e+02
3.036991177074622517e+00 1.019180176162552272e+02
3.021183853901841410e+00 1.022371207580729617e+02
3.005489693953475427e+00 1.025546862700409747e+02
2.989907890378217470e+00 1.028707176677114035e+02
2.974437641994146730e+00 1.031852185609919275e+02
2.959078153251280430e+00 1.034981926510235013e+02
2.943828634194296523e+00 1.038096437271317996e+02
2.928688300425426938e+00 1.041195756638508669e+02
2.913656373067528005e+00 1.044279924180176380e+02
2.898732078727324968e+00 1.047348980259359053e+02
2.883914649458835466e+00 1.050402966006083716e+02
2.869203322726972427e+00 1.053441923290353657e+02
2.854597341371327701e+00 1.056465894695789132e+02
2.840095953570138221e+00 1.059474923493908989e+02
2.825698412804436011e+00 1.062469053619038846e+02
2.811403977822382938e+00 1.065448329643833318e+02
2.797211912603789763e+00 1.068412796755400223e+02
2.783121486324825256e+00 1.071362500732012961e+02
2.769131973322909168e+00 1.074297487920399732e+02
2.755242653061796609e+00 1.077217805213597046e+02
2.741452810096850268e+00 1.080123500029354631e+02
2.727761734040501373e+00 1.083014620289081336e+02
2.714168719527903395e+00 1.085891214397319686e+02
2.700673066182774917e+00 1.088753331221737000e+02
2.687274078583433923e+00 1.091601020073622976e+02
2.673971066229023474e+00 1.094434330688881971e+02
2.660763343505930134e+00 1.097253313209509145e+02
2.647650229654393339e+00 1.100058018165539835e+02
2.634631048735307957e+00 1.102848496457461209e+02
2.621705129597218242e+00 1.105624799339077526e+02
2.608871805843504532e+00 1.108386978400816076e+02
2.596130415799763558e+00 1.111135085553466553e+02
2.583480302481378388e+00 1.113869173012342486e+02
2.570920813561283325e+00 1.116589293281855788e+02
2.558451301337920647e+00 1.119295499140494599e+02
2.546071122703386980e+00 1.121987843626195627e+02
2.533779639111774618e+00 1.124666380022101890e+02
2.521576216547702032e+00 1.127331161842696616e+02
2.509460225495036667e+00 1.129982242820305061e+02
2.497431040905808253e+00 1.132619676891955294e+02
2.485488042169313516e+00 1.135243518186590421e+02
2.473630613081410523e+00 1.137853821012622859e+02
2.461858141814001755e+00 1.140450639845823559e+02
2.450170020884709032e+00 1.143034029317538369e+02
2.438565647126734515e+00 1.145604044203222713e+02
2.427044421658912210e+00 1.148160739411289057e+02
2.415605749855946005e+00 1.150704169972257915e+02
2.404249041318836433e+00 1.153234391028205863e+02
2.392973709845492625e+00 1.155751457822504022e+02
2.381779173401531224e+00 1.158255425689839342e+02
2.370664854091260931e+00 1.160746350046512418e+02
2.359630178128850897e+00 1.163224286381004760e+02
2.348674575809686083e+00 1.165689290244809797e+02
2.337797481481902473e+00 1.168141417243520266e+02
2.326998333518108808e+00 1.170580723028167114e+02
2.316276574287288170e+00 1.173007263286802129e+02
2.305631650126881649e+00 1.175421093736320302e+02
2.295063011315054080e+00 1.177822270114514680e+02
2.284570112043137868e+00 1.180210848172358453e+02
2.274152410388257550e+00 1.182586883666509294e+02
2.263809368286132440e+00 1.184950432352029992e+02
2.253540451504057351e+00 1.187301549975319830e+02
2.243345129614059630e+00 1.189640292267252164e+02
2.233222875966233367e+00 1.191966714936513227e+02
2.223173167662248151e+00 1.194280873663136333e+02
2.213195485529032780e+00 1.196582824092227355e+02
2.203289314092633067e+00 1.198872621827877225e+02
2.193454141552242387e+00 1.201150322427255190e+02
2.183689459754404538e+00 1.203415981394880419e+02
2.173994764167386684e+00 1.205669654177066121e+02
2.164369553855724604e+00 1.207911396156532220e+02
2.154813331454935810e+00 1.210141262647182288e+02
2.145325603146403193e+00 1.212359308889041785e+02
2.135905878632425203e+00 1.214565590043351193e+02
2.126553671111433008e+00 1.216760161187813196e+02
2.117268497253374626e+00 1.218943077311986940e+02
2.108049877175262932e+00 1.221114393312828668e+02
2.098897334416891081e+00 1.223274163990372188e+02
2.089810395916706476e+00 1.225422444043548467e+02
2.080788591987852598e+00 1.227559288066138379e+02
2.071831456294368934e+00 1.229684750542856762e+02
2.062938525827553882e+00 1.231798885845564229e+02
2.054109340882485313e+00 1.233901748229602759e+02
2.045343445034702778e+00 1.235993391830253216e+02
2.036640385117046481e+00 1.238073870659310245e+02
2.027999711196653898e+00 1.240143238601772566e+02
2.019420976552111835e+00 1.242201549412645818e+02
2.010903737650766132e+00 1.244248856713853826e+02
2.002447554126183693e+00 1.246285213991257450e+02
1.994051988755769500e+00 1.248310674591776461e+02
1.985716607438535952e+00 1.250325291720612881e+02
1.977440979173024527e+00 1.252329118438572664e+02
1.969224676035377986e+00 1.254322207659483723e+02
1.961067273157563129e+00 1.256304612147707189e+02
1.952968348705742763e+00 1.258276384515739892e+02
1.944927483858795325e+00 1.260237577221905809e+02
1.936944262786983062e+00 1.262188242568133489e+02
1.929018272630766084e+00 1.264128432697818454e+02
1.921149103479762310e+00 1.266058199593767029e+02
1.913336348351852179e+00 1.267977595076220467e+02
1.905579603172427250e+00 1.269886670800956665e+02
1.897878466753781579e+00 1.271785478257467901e+02
1.890232540774646086e+00 1.273674068767212191e+02
1.882641429759863483e+00 1.275552493481936693e+02
1.875104741060203750e+00 1.277420803382071313e+02
1.867622084832319285e+00 1.279279049275190090e+02
1.860193074018838377e+00 1.281127281794539101e+02
1.852817324328597470e+00 1.282965551397629440e+02
1.845494454217008640e+00 1.284793908364891877e+02
1.838224084866564967e+00 1.286612402798394612e+02
1.831005840167480248e+00 1.288421084620619297e+02
1.823839346698462593e+00 1.290220003573295173e+02
1.816724233707622815e+00 1.292009209216290628e+02
1.809660133093514256e+00 1.293788750926559032e+02
1.802646679386305406e+00 1.295558677897137727e+02
1.795683509729082195e+00 1.297319039136200161e+02
1.788770263859282394e+00 1.299069883466158331e+02
1.781906584090257262e+00 1.300811259522814112e+02
1.775092115292962847e+00 1.302543215754558332e+02
1.768326504877778982e+00 1.304265800421618735e+02
1.761609402776453948e+00 1.305979061595350004e+02
1.754940461424176812e+00 1.307683047157570684e+02
1.748319335741773450e+00 1.309377804799942453e+02
1.741745683118027799e+00 1.311063382023390034e+02
1.735219163392126340e+00 1.312739826137563739e+02
1.728739438836225162e+00 1.314407184260339534e+02
1.722306174138139134e+00 1.316065503317359742e+02
1.715919036384152552e+00 1.317714830041608991e+02
1.709577695041949452e+00 1.319355210973028534e+02
1.703281821943663621e+00 1.320986692458164100e+02
1.697031091269048053e+00 1.322609320649849849e+02
1.690825179528761213e+00 1.324223141506924435e+02
1.684663765547771641e+00 1.325828200793980329e+02
1.678546530448877805e+00 1.327424544081144688e+02
1.672473157636344743e+00 1.329012216743890349e+02
1.666443332779654840e+00 1.330591263962877235e+02
1.660456743797372736e+00 1.332161730723822473e+02
1.654513080841123696e+00 1.333723661817398920e+02
1.648612036279685000e+00 1.335277101839160423e+02
1.642753304683188365e+00 1.336822095189494917e+02
1.636936582807433593e+00 1.338358686073601973e+02
1.631161569578313264e+00 1.339886918501495359e+02
1.625427966076346209e+00 1.341406836288032025e+02
1.619735475521320467e+00 1.342918483052961847e+02
1.614083803257043259e+00 1.344421902221002085e+02
1.608472656736199990e+00 1.345917137021934309e+02
1.602901745505318720e+00 1.347404230490721488e+02
1.597370781189840994e+00 1.348883225467647264e+02
1.591879477479297256e+00 1.350354164598475393e+02
1.586427550112588403e+00 1.351817090334628233e+02
1.581014716863369030e+00 1.353272044933385416e+02
1.575640697525535261e+00 1.354719070458100134e+02
1.570305213898814722e+00 1.356158208778433902e+02
1.565007989774457764e+00 1.357589501570608945e+02
1.559748750921029936e+00 1.359012990317677350e+02
1.554527225070305052e+00 1.360428716309805850e+02
1.549343141903257282e+00 1.361836720644577952e+02
1.544196233036152721e+00 1.363237044227310548e+02
1.539086232006739552e+00 1.364629727771385319e+02
1.534012874260534565e+00 1.366014811798595190e+02
1.528975897137207829e+00 1.367392336639504151e+02
1.523975039857063285e+00 1.368762342433821004e+02
1.519010043507614371e+00 1.370124869130786180e+02
1.514080651030256019e+00 1.371479956489571066e+02
1.509186607207029018e+00 1.372827644079689833e+02
1.504327658647479860e+00 1.374167971281422922e+02
1.499503553775612508e+00 1.375500977286251896e+02
1.494714042816932986e+00 1.376826701097305659e+02
1.489958877785585001e+00 1.378145181529817478e+02
1.485237812471578378e+00 1.379456457211591385e+02
1.480550602428105433e+00 1.380760566583480511e+02
1.475897004958949932e+00 1.382057547899872532e+02
1.471276779105982868e+00 1.383347439229187046e+02
1.466689685636748841e+00 1.384630278454379777e+02
1.462135487032138803e+00 1.385906103273456154e+02
1.457613947474151184e+00 1.387174951199994553e+02
1.453124832833739832e+00 1.388436859563675227e+02
1.448667910658747671e+00 1.389691865510818616e+02
1.444242950161925831e+00 1.390940006004930751e+02
1.439849722209038507e+00 1.392181317827256350e+02
1.435487999307051732e+00 1.393415837577337015e+02
1.431157555592405872e+00 1.394643601673577962e+02
1.426858166819371609e+00 1.395864646353821001e+02
1.422589610348488520e+00 1.397079007675922639e+02
1.418351665135086037e+00 1.398286721518338140e+02
1.414144111717885011e+00 1.399487823580712416e+02
1.409966732207681206e+00 1.400682349384475174e+02
1.405819310276108736e+00 1.401870334273441756e+02
1.401701631144483207e+00 1.403051813414419087e+02
1.397613481572724581e+00 1.404226821797815603e+02
1.393554649848358418e+00 1.405395394238256586e+02
1.389524925775595054e+00 1.406557565375203467e+02
1.385524100664487168e+00 1.407713369673576835e+02
1.381551967320163277e+00 1.408862841424384840e+02
1.377608320032139178e+00 1.410006014745353013e+02
1.373692954563703994e+00 1.411142923581560353e+02
1.369805668141382604e+00 1.412273601706076249e+02
1.365946259444473121e+00 1.413398082720602531e+02
1.362114528594657648e+00 1.414516400056117789e+02
1.358310277145688527e+00 1.415628586973523966e+02
1.354533308073146314e+00 1.416734676564297217e+02
1.350783425764272128e+00 1.417834701751139903e+02
1.347060436007871509e+00 1.418928695288635424e+02
1.343364145984290214e+00 1.420016689763905902e+02
1.339694364255461290e+00 1.421098717597270991e+02
1.336050900755023418e+00 1.422174811042909823e+02
1.332433566778509437e+00 1.423245002189523518e+02
1.328842174973604129e+00 1.424309322960999964e+02
1.325276539330472181e+00 1.425367805117081161e+02
1.321736475172154535e+00 1.426420480254029997e+02
1.318221799145033790e+00 1.427467379805300141e+02
1.314732329209366224e+00 1.428508535042206233e+02
1.311267884629882641e+00 1.429543977074595489e+02
1.307828285966455395e+00 1.430573736851519868e+02
1.304413355064832025e+00 1.431597845161910243e+02
1.301022915047434836e+00 1.432616332635249705e+02
1.297656790304226648e+00 1.433629229742248867e+02
1.294314806483640501e+00 1.434636566795521162e+02
1.290996790483575074e+00 1.435638373950258426e+02
1.287702570442454064e+00 1.436634681204907338e+02
1.284431975730348618e+00 1.437625518401845852e+02
1.281184836940163496e+00 1.438610915228060207e+02
1.277960985878886513e+00 1.439590901215820793e+02
1.274760255558899935e+00 1.440565505743360291e+02
1.271582480189353159e+00 1.441534758035548975e+02
1.268427495167598451e+00 1.442498687164572573e+02
1.265295137070686415e+00 1.443457322050607559e+02
1.262185243646922528e+00 1.444410691462497880e+02
1.259097653807484063e+00 1.445358824018430823e+02
1.256032207618096974e+00 1.446301748186611178e+02
1.252988746290771394e+00 1.447239492285937104e+02
1.249967112175596862e+00 1.448172084486673725e+02
1.246967148752595733e+00 1.449099552811127012e+02
1.243988700623634758e+00 1.450021925134315950e+02
1.241031613504394171e+00 1.450939229184645001e+02
1.238095734216394739e+00 1.451851492544575422e+02
1.235180910679080979e+00 1.452758742651295165e+02
1.232286991901961226e+00 1.453661006797388495e+02
1.229413827976803431e+00 1.454558312131504465e+02
1.226561270069887133e+00 1.455450685659023691e+02
1.223729170414310952e+00 1.456338154242725125e+02
1.220917382302354248e+00 1.457220744603451124e+02
1.218125760077893416e+00 1.458098483320770526e+02
1.215354159128872569e+00 1.458971396833642302e+02
1.212602435879828633e+00 1.459839511441076070e+02
1.209870447784468617e+00 1.460702853302792619e+02
1.207158053318300173e+00 1.461561448439882156e+02
1.204465111971315228e+00 1.462415322735461416e+02
1.201791484240726238e+00 1.463264501935329918e+02
1.199137031623752625e+00 1.464109011648623664e+02
1.196501616610460506e+00 1.464948877348468272e+02
1.193885102676653043e+00 1.465784124372629549e+02
1.191287354276810762e+00 1.466614777924163491e+02
1.188708236837083598e+00 1.467440863072063735e+02
1.186147616748331579e+00 1.468262404751908718e+02
1.183605361359217012e+00 1.469079427766504864e+02
1.181081338969343975e+00 1.469891956786530329e+02
1.178575418822448428e+00 1.470700016351175918e+02
1.176087471099636295e+00 1.471503630868783716e+02
1.173617366912669713e+00 1.472302824617485157e+02
1.171164978297301928e+00 1.473097621745836534e+02
1.168730178206659254e+00 1.473888046273452233e+02
1.166312840504669879e+00 1.474674122091637116e+02
1.163912839959540868e+00 1.475455872964016351e+02
1.161530052237281119e+00 1.476233322527162954e+02
1.159164353895270061e+00 1.477006494291224215e+02
1.156815622375873209e+00 1.477775411640545542e+02
1.154483736000102789e+00 1.478540097834292908e+02
1.152168573961324549e+00 1.479300576007072152e+02
1.149870016319008093e+00 1.480056869169547724e+02
1.147587943992522730e+00 1.480809000209057729e+02
1.145322238754978406e+00 1.481556991890228971e+02
1.143072783227108813e+00 1.482300866855587458e+02
1.140839460871200250e+00 1.483040647626169175e+02
1.138622155985062223e+00 1.483776356602126896e+02
1.136420753696042452e+00 1.484508016063335845e+02
1.134235139955083627e+00 1.485235648169997091e+02
1.132065201530823462e+00 1.485959274963238386e+02
1.129910826003736046e+00 1.486678918365713571e+02
1.127771901760316497e+00 1.487394600182199156e+02
1.125648317987305580e+00 1.488106342100188328e+02
1.123539964665956514e+00 1.488814165690484117e+02
1.121446732566343085e+00 1.489518092407789140e+02
1.119368513241707719e+00 1.490218143591293938e+02
1.117305199022849971e+00 1.490914340465261887e+02
1.115256683012556094e+00 1.491606704139613555e+02
1.113222859080067240e+00 1.492295255610507354e+02
1.111203621855588075e+00 1.492980015760918491e+02
1.109198866724834476e+00 1.493661005361216212e+02
1.107208489823620079e+00 1.494338245069737354e+02
1.105232388032481472e+00 1.495011755433359610e+02
1.103270458971342238e+00 1.495681556888070531e+02
1.101322600994214751e+00 1.496347669759535108e+02
1.099388713183939936e+00 1.497010114263661649e+02
1.097468695346965228e+00 1.497668910507164242e+02
1.095562448008158718e+00 1.498324078488123803e+02
1.093669872405661714e+00 1.498975638096546277e+02
1.091790870485777054e+00 1.499623609114918850e+02
1.089925344897895165e+00 1.500268011218763888e+02
1.088073198989454982e+00 1.500908863977189753e+02
1.086234336800942168e+00 1.501546186853440759e+02
1.084408663060922207e+00 1.502179999205443437e+02
1.082596083181109892e+00 1.502810320286351384e+02
1.080796503251473251e+00 1.503437169245087262e+02
1.079009830035373207e+00 1.504060565126883091e+02
1.077235970964737666e+00 1.504680526873817143e+02
1.075474834135270008e+00 1.505297073325349686e+02
1.073726328301692456e+00 1.505910223218856174e+02
1.071990362873022740e+00 1.506519995190156749e+02
1.070266847907884955e+00 1.507126407774045731e+02
1.068555694109854182e+00 1.507729479404817141e+02
1.066856812822833955e+00 1.508329228416788226e+02
1.065170116026467051e+00 1.508925673044820428e+02
1.063495516331579571e+00 1.509518831424839505e+02
1.061832926975656344e+00 1.510108721594351380e+02
1.060182261818350513e+00 1.510695361492956295e+02
1.058543435337023553e+00 1.511278768962862102e+02
1.056916362622318362e+00 1.511858961749392449e+02
1.055300959373763670e+00 1.512435957501495807e+02
1.053697141895409528e+00 1.513009773772249389e+02
1.052104827091494998e+00 1.513580428019362500e+02
1.050523932462145593e+00 1.514147937605677612e+02
1.048954376099102692e+00 1.514712319799667739e+02
1.047396076681482935e+00 1.515273591775932971e+02
1.045848953471568032e+00 1.515831770615694154e+02
1.044312926310624778e+00 1.516386873307284020e+02
1.042787915614754812e+00 1.516938916746636608e+02
1.041273842370774361e+00 1.517487917737774126e+02
1.039770628132123509e+00 1.518033892993291545e+02
1.038278195014804561e+00 1.518576859134838628e+02
1.036796465693349267e+00 1.519116832693600543e+02
1.035325363396815801e+00 1.519653830110775345e+02
1.033864811904813275e+00 1.520187867738049761e+02
1.032414735543555562e+00 1.520718961838071834e+02
1.030975059181942655e+00 1.521247128584923018e+02
1.029545708227670886e+00 1.521772384064586277e+02
1.028126608623370686e+00 1.522294744275413052e+02
1.026717686842771871e+00 1.522814225128587680e+02
1.025318869886895801e+00 1.523330842448589237e+02
1.023930085280276403e+00 1.523844611973651979e+02
1.022551261067206951e+00 1.524355549356222923e+02
1.021182325808013713e+00 1.524863670163416884e+02
1.019823208575357354e+00 1.525368989877470369e+02
1.018473838950559429e+00 1.525871523896192912e+02
1.017134147019956192e+00 1.526371287533415568e+02
1.015804063371278598e+00 1.526868296019437992e+02
1.014483519090056962e+00 1.527362564501473230e+02
1.013172445756053142e+00 1.527854108044089685e+02
1.011870775439716930e+00 1.528342941629651648e+02
1.010578440698668423e+00 1.528829080158757847e+02
1.009295374574205262e+00 1.529312538450676868e+02
1.008021510587835179e+00 1.529793331243781438e+02
1.006756782737833422e+00 1.530271473195979866e+02
1.005501125495824377e+00 1.530746978885146063e+02
1.004254473803388503e+00 1.531219862809546726e+02
1.003016763068692585e+00 1.531690139388266800e+02
1.001787929163144852e+00 1.532157822961632974e+02
1.000567908418073415e+00 1.532622927791634311e+02
9.993566376214295666e-01 1.533085468062342045e+02
9.981540540145135143e-01 1.533545457880325955e+02
9.969600952887240908e-01 1.534002911275070176e+02
9.957746995823321123e-01 1.534457842199384743e+02
9.945978054772759425e-01 1.534910264529817709e+02
9.934293519959810359e-01 1.535360192067063565e+02
9.922692785982014652e-01 1.535807638536369097e+02
9.911175251778844286e-01 1.536252617587939255e+02
9.899740320600572963e-01 1.536695142797339315e+02
9.888387399977368597e-01 1.537135227665895059e+02
9.877115901688603428e-01 1.537572885621091814e+02
9.865925241732392825e-01 1.538008130016971506e+02
9.854814840295343936e-01 1.538440974134526300e+02
9.843784121722524150e-01 1.538871431182091953e+02
9.832832514487647169e-01 1.539299514295737765e+02
9.821959451163467802e-01 1.539725236539655953e+02
9.811164368392393254e-01 1.540148610906547617e+02
9.800446706857302015e-01 1.540569650318008144e+02
9.789805911252574822e-01 1.540988367624909188e+02
9.779241430255327661e-01 1.541404775607780095e+02
9.768752716496859057e-01 1.541818886977186764e+02
9.758339226534294975e-01 1.542230714374107663e+02
9.748000420822440226e-01 1.542640270370310134e+02
9.737735763685829715e-01 1.543047567468722718e+02
9.727544723290982853e-01 1.543452618103806344e+02
9.717426771618852266e-01 1.543855434641923807e+02
9.707381384437476779e-01 1.544256029381706981e+02
9.697408041274822033e-01 1.544654414554422601e+02
9.687506225391823156e-01 1.545050602324335500e+02
9.677675423755613959e-01 1.545444604789070411e+02
9.667915127012953747e-01 1.545836433979972639e+02
9.658224829463842864e-01 1.546226101862465043e+02
9.648604029035324769e-01 1.546613620336404438e+02
9.639052227255477945e-01 1.546999001236436584e+02
9.629568929227594332e-01 1.547382256332348049e+02
9.620153643604543170e-01 1.547763397329417216e+02
9.610805882563318026e-01 1.548142435868763300e+02
9.601525161779763673e-01 1.548519383527692810e+02
9.592311000403488386e-01 1.548894251820045440e+02
9.583162921032953863e-01 1.549267052196537406e+02
9.574080449690745009e-01 1.549637796045102789e+02
9.565063115799012916e-01 1.550006494691234593e+02
9.556110452155099910e-01 1.550373159398321263e+02
9.547221994907334475e-01 1.550737801367984332e+02
9.538397283531000470e-01 1.551100431740412375e+02
9.529635860804482883e-01 1.551461061594694684e+02
9.520937272785576777e-01 1.551819701949151522e+02
9.512301068787974989e-01 1.552176363761664390e+02
9.503726801357915699e-01 1.552531057930003158e+02
9.495214026251003192e-01 1.552883795292152058e+02
9.486762302409192937e-01 1.553234586626634837e+02
9.478371191937943196e-01 1.553583442652836197e+02
9.470040260083525396e-01 1.553930374031323538e+02
9.461769075210503255e-01 1.554275391364165557e+02
9.453557208779370669e-01 1.554618505195250862e+02
9.445404235324348363e-01 1.554959726010602594e+02
9.437309732431343745e-01 1.555299064238693347e+02
9.429273280716062855e-01 1.555636530250758085e+02
9.421294463802284413e-01 1.555972134361104224e+02
9.413372868300289298e-01 1.556305886827421432e+02
9.405508083785441009e-01 1.556637797851089431e+02
9.397699702776921571e-01 1.556967877577483819e+02
9.389947320716621748e-01 1.557296136096280463e+02
9.382250535948180037e-01 1.557622583441758763e+02
9.374608949696172644e-01 1.557947229593102350e+02
9.367022166045452236e-01 1.558270084474698933e+02
9.359489791920637680e-01 1.558591157956438451e+02
9.352011437065744781e-01 1.558910459854010071e+02
9.344586714023970231e-01 1.559227999929195789e+02
9.337215238117614335e-01 1.559543787890165163e+02
9.329896627428152511e-01 1.559857833391766349e+02
9.322630502776445560e-01 1.560170146035816572e+02
9.315416487703094273e-01 1.560480735371390892e+02
9.308254208448935030e-01 1.560789610895109263e+02
9.301143293935674183e-01 1.561096782051422736e+02
9.294083375746660103e-01 1.561402258232897111e+02
9.287074088107796221e-01 1.561706048780495451e+02
9.280115067868588419e-01 1.562008162983859734e+02
9.273205954483330071e-01 1.562308610081590245e+02
9.266346389992419219e-01 1.562607399261523824e+02
9.259536019003812291e-01 1.562904539661010404e+02
9.252774488674611053e-01 1.563200040367188421e+02
9.246061448692778351e-01 1.563493910417258235e+02
9.239396551258987067e-01 1.563786158798755253e+02
9.232779451068602317e-01 1.564076794449819943e+02
9.226209805293786870e-01 1.564365826259467553e+02
9.219687273565736474e-01 1.564653263067856130e+02
9.213211517957047292e-01 1.564939113666552828e+02
9.206782202964203243e-01 1.565223386798799368e+02
9.200398995490194354e-01 1.565506091159775224e+02
9.194061564827255006e-01 1.565787235396860808e+02
9.187769582639727650e-01 1.566066828109897529e+02
9.181522722947053072e-01 1.566344877851447279e+02
9.175320662106877245e-01 1.566621393127051363e+02
9.169163078798281408e-01 1.566896382395486569e+02
9.163049654005132050e-01 1.567169854069020687e+02
9.156980070999551913e-01 1.567441816513666595e+02
9.150954015325507562e-01 1.567712278049434360e+02
9.144971174782516865e-01 1.567981246950583341e+02
9.139031239409468599e-01 1.568248731445871726e+02
9.133133901468563076e-01 1.568514739718804947e+02
9.127278855429367121e-01 1.568779279907883506e+02
9.121465797952980070e-01 1.569042360106847980e+02
9.115694427876317452e-01 1.569303988364924862e+02
9.109964446196504584e-01 1.569564172687068719e+02
9.104275556055382301e-01 1.569822921034204626e+02
9.098627462724124815e-01 1.570080241323469465e+02
9.093019873587968593e-01 1.570336141428450105e+02
9.087452498131047829e-01 1.570590629179422706e+02
9.081925047921342031e-01 1.570843712363588907e+02
9.076437236595729097e-01 1.571095398725311441e+02
9.070988779845144956e-01 1.571345695966348615e+02
9.065579395399854246e-01 1.571594611746087367e+02
9.060208803014822010e-01 1.571842153681774903e+02
9.054876724455189763e-01 1.572088329348749198e+02
9.049582883481860351e-01 1.572333146280668643e+02
9.044327005837181632e-01 1.572576611969739417e+02
9.039108819230735614e-01 1.572818733866943148e+02
9.033928053325228635e-01 1.573059519382261726e+02
9.028784439722481459e-01 1.573298975884902688e+02
9.023677711949521507e-01 1.573537110703521478e+02
9.018607605444776132e-01 1.573773931126443699e+02
9.013573857544360246e-01 1.574009444401886242e+02
9.008576207468464991e-01 1.574243657738176410e+02
9.003614396307847434e-01 1.574476578303970484e+02
8.998688167010410188e-01 1.574708213228471152e+02
8.993797264367883182e-01 1.574938569601643508e+02
8.988941435002596458e-01 1.575167654474429924e+02
8.984120427354352900e-01 1.575395474858963212e+02
8.979333991667389769e-01 1.575622037728780356e+02
8.974581879977436838e-01 1.575847350019032831e+02
8.969863846098866667e-01 1.576071418626697493e+02
8.965179645611938142e-01 1.576294250410785764e+02
8.960529035850127721e-01 1.576515852192551108e+02
8.955911775887557269e-01 1.576736230755696511e+02
8.951327626526506265e-01 1.576955392846579969e+02
8.946776350285018387e-01 1.577173345174419126e+02
8.942257711384592467e-01 1.577390094411495056e+02
8.937771475737966709e-01 1.577605647193354343e+02
8.933317410936986169e-01 1.577820010119010874e+02
8.928895286240559059e-01 1.578033189751145926e+02
8.924504872562699642e-01 1.578245192616307122e+02
8.920145942460657729e-01 1.578456025205106812e+02
8.915818270123128109e-01 1.578665693972418751e+02
8.911521631358554352e-01 1.578874205337574779e+02
8.907255803583504772e-01 1.579081565684558655e+02
8.903020565811142761e-01 1.579287781362200747e+02
8.898815698639770400e-01 1.579492858684370731e+02
8.894640984241461990e-01 1.579696803930168869e+02
8.890496206350774200e-01 1.579899623344117288e+02
8.886381150253537253e-01 1.580101323136349265e+02
8.882295602775730492e-01 1.580301909482797669e+02
8.878239352272432328e-01 1.580501388525383106e+02
8.874212188616854569e-01 1.580699766372200372e+02
8.870213903189452243e-01 1.580897049097703757e+02
8.866244288867111134e-01 1.581093242742891789e+02
8.862303140012416369e-01 1.581288353315490838e+02
8.858390252462992054e-01 1.581482386790137866e+02
8.854505423520925289e-01 1.581675349108561477e+02
8.850648451942257910e-01 1.581867246179763242e+02
8.846819137926559273e-01 1.582058083880196762e+02
8.843017283106571202e-01 1.582247868053946149e+02
8.839242690537928437e-01 1.582436604512904808e+02
8.835495164688952352e-01 1.582624299036950504e+02
8.831774511430517949e-01 1.582810957374122154e+02
8.828080538025990798e-01 1.582996585240794900e+02
8.824413053121242800e-01 1.583181188321852915e+02
8.820771866734731237e-01 1.583364772270863057e+02
8.817156790247657749e-01 1.583547342710246539e+02
8.813567636394189497e-01 1.583728905231450028e+02
8.810004219251755808e-01 1.583909465395115603e+02
8.806466354231412552e-01 1.584089028731249869e+02
8.802953858068276460e-01 1.584267600739392776e+02
8.799466548812028277e-01 1.584445186888783894e+02
8.796004245817481415e-01 1.584621792618529810e+02
8.792566769735220555e-01 1.584797423337768976e+02
8.789153942502309080e-01 1.584972084425836840e+02
8.785765587333058679e-01 1.585145781232429272e+02
8.782401528709867788e-01 1.585318519077764847e+02
8.779061592374126644e-01 1.585490303252747992e+02
8.775745605317185616e-01 1.585661139019128711e+02
8.772453395771389051e-01 1.585831031609663739e+02
8.769184793201174610e-01 1.585999986228275418e+02
8.765939628294233676e-01 1.586168008050210005e+02
8.762717732952737260e-01 1.586335102222195417e+02
8.759518940284624078e-01 1.586501273862598111e+02
8.756343084594954140e-01 1.586666528061578276e+02
8.753190001377317842e-01 1.586830869881245860e+02
8.750059527305311668e-01 1.586994304355813483e+02
8.746951500224074971e-01 1.587156836491750767e+02
8.743865759141885574e-01 1.587318471267936388e+02
8.740802144221815340e-01 1.587479213635809856e+02
8.737760496773447905e-01 1.587639068519521857e+02
8.734740659244655259e-01 1.587798040816084892e+02
8.731742475213429833e-01 1.587956135395521926e+02
8.728765789379780982e-01 1.588113357101015310e+02
8.725810447557684757e-01 1.588269710749053729e+02
8.722876296667093632e-01 1.588425201129579136e+02
8.719963184726002847e-01 1.588579833006133128e+02
8.717070960842573379e-01 1.588733611116001612e+02
8.714199475207313750e-01 1.588886540170358899e+02
8.711348579085314014e-01 1.589038624854411808e+02
8.708518124808539707e-01 1.589189869827542623e+02
8.705707965768176848e-01 1.589340279723450351e+02
8.702917956407035804e-01 1.589489859150292261e+02
8.700147952212005098e-01 1.589638612690824289e+02
8.697397809706564065e-01 1.589786544902541436e+02
8.694667386443346579e-01 1.589933660317815338e+02
8.691956540996759184e-01 1.590079963444033808e+02
8.689265132955650284e-01 1.590225458763736981e+02
8.686593022916034856e-01 1.590370150734754588e+02
8.683940072473868010e-01 1.590514043790342384e+02
8.681306144217874055e-01 1.590657142339316295e+02
8.678691101722423307e-01 1.590799450766187420e+02
8.676094809540463304e-01 1.590940973431295618e+02
8.673517133196497753e-01 1.591081714670942517e+02
8.670957939179618768e-01 1.591221678797523396e+02
8.668417094936586853e-01 1.591360870099659337e+02
8.665894468864959732e-01 1.591499292842327122e+02
8.663389930306274467e-01 1.591636951266990536e+02
8.660903349539276208e-01 1.591773849591728265e+02
8.658434597773191355e-01 1.591909992011363784e+02
8.655983547141057333e-01 1.592045382697592402e+02
8.653550070693093454e-01 1.592180025799109160e+02
8.651134042390122847e-01 1.592313925441735307e+02
8.648735337097039899e-01 1.592447085728543641e+02
8.646353830576323229e-01 1.592579510739984130e+02
8.643989399481600833e-01 1.592711204534008118e+02
8.641641921351255196e-01 1.592842171146192527e+02
8.639311274602076152e-01 1.592972414589862638e+02
8.636997338522960366e-01 1.593101938856214588e+02
8.634699993268656337e-01 1.593230747914437018e+02
8.632419119853551592e-01 1.593358845711832998e+02
8.630154600145507615e-01 1.593486236173939119e+02
8.627906316859738078e-01 1.593612923204646279e+02
8.625674153552727041e-01 1.593738910686318491e+02
8.623457994616199329e-01 1.593864202479911398e+02
8.621257725271125327e-01 1.593988802425090228e+02
8.619073231561773518e-01 1.594112714340346884e+02
8.616904400349804094e-01 1.594235942023116195e+02
8.614751119308405869e-01 1.594358489249892159e+02
8.612613276916476490e-01 1.594480359776343334e+02
8.610490762452841507e-01 1.594601557337426812e+02
8.608383465990513406e-01 1.594722085647503320e+02
8.606291278390999500e-01 1.594841948400449496e+02
8.604214091298643119e-01 1.594961149269771283e+02
8.602151797135009215e-01 1.595079691908715915e+02
8.600104289093305487e-01 1.595197579950383613e+02
8.598071461132852367e-01 1.595314817007837860e+02
8.596053207973582966e-01 1.595431406674216532e+02
8.594049425090590777e-01 1.595547352522841322e+02
8.592060008708708452e-01 1.595662658107326592e+02
8.590084855797133212e-01 1.595777326961687947e+02
8.588123864064084456e-01 1.595891362600450520e+02
8.586176931951505775e-01 1.596004768518755839e+02
8.584243958629796944e-01 1.596117548192468973e+02
8.582324843992593655e-01 1.596229705078284269e+02
8.580419488651575000e-01 1.596341242613830786e+02
8.578527793931315371e-01 1.596452164217778318e+02
8.576649661864168550e-01 1.596562473289940272e+02
8.574784995185193992e-01 1.596672173211378833e+02
8.572933697327110858e-01 1.596781267344507285e+02
8.571095672415298683e-01 1.596889759033193457e+02
8.569270825262824687e-01 1.596997651602861481e+02
8.567459061365513273e-01 1.597104948360593255e+02
8.565660286897046616e-01 1.597211652595229339e+02
8.563874408704101882e-01 1.597317767577470136e+02
8.562101334301526201e-01 1.597423296559975086e+02
8.560340971867540505e-01 1.597528242777462424e+02
8.558593230238982219e-01 1.597632609446807521e+02
8.556858018906582375e-01 1.597736399767141791e+02
8.555135248010270477e-01 1.597839616919949890e+02
8.553424828334522667e-01 1.597942264069167493e+02
8.551726671303734317e-01 1.598044344361277354e+02
8.550040688977631476e-01 1.598145860925405657e+02
8.548366794046713402e-01 1.598246816873417799e+02
8.546704899827726187e-01 1.598347215300013318e+02
8.545054920259171904e-01 1.598447059282820248e+02
8.543416769896848839e-01 1.598546351882489773e+02
8.541790363909422812e-01 1.598645096142788873e+02
8.540175618074028474e-01 1.598743295090694119e+02
8.538572448771909462e-01 1.598840951736483760e+02
8.536980772984079646e-01 1.598938069073830093e+02
8.535400508287024346e-01 1.599034650079890127e+02
8.533831572848428193e-01 1.599130697715397389e+02
8.532273885422931858e-01 1.599226214924752298e+02
8.530727365347924307e-01 1.599321204636111702e+02
8.529191932539360588e-01 1.599415669761478966e+02
8.527667507487612930e-01 1.599509613196792372e+02
8.526154011253349596e-01 1.599603037822013789e+02
8.524651365463444819e-01 1.599695946501217350e+02
8.523159492306915386e-01 1.599788342082675854e+02
8.521678314530888310e-01 1.599880227398948875e+02
8.520207755436598474e-01 1.599971605266968879e+02
8.518747738875414033e-01 1.600062478488127056e+02
8.517298189244889572e-01 1.600152849848359722e+02
8.515859031484847019e-01 1.600242722118232450e+02
8.514430191073486531e-01 1.600332098053025618e+02
8.513011594023524031e-01 1.600420980392818535e+02
8.511603166878358717e-01 1.600509371862572721e+02
8.510204836708263887e-01 1.600597275172215745e+02
8.508816531106609959e-01 1.600684693016723656e+02
8.507438178186108590e-01 1.600771628076203399e+02
8.506069706575090095e-01 1.600858083015975240e+02
8.504711045413803072e-01 1.600944060486654053e+02
8.503362124350744011e-01 1.601029563124229753e+02
8.502022873539010206e-01 1.601114593550148868e+02
8.500693223632680429e-01 1.601199154371393831e+02
8.499373105783220028e-01 1.601283248180563419e+02
8.498062451635913783e-01 1.601366877555951191e+02
8.496761193326324291e-01 1.601450045061625360e+02
8.495469263476774779e-01 1.601532753247506093e+02
8.494186595192856348e-01 1.601615004649444529e+02
8.492913122059960740e-01 1.601696801789299514e+02
8.491648778139841980e-01 1.601778147175015192e+02
8.490393497967194669e-01 1.601859043300697465e+02
8.489147216546264474e-01 1.601939492646690155e+02
8.487909869347479708e-01 1.602019497679651465e+02
8.486681392304106231e-01 1.602099060852629009e+02
8.485461721808926772e-01 1.602178184605134277e+02
8.484250794710946897e-01 1.602256871363218238e+02
8.483048548312118742e-01 1.602335123539544952e+02
8.481854920364095829e-01 1.602412943533465466e+02
8.480669849065005650e-01 1.602490333731091425e+02
8.479493273056244451e-01 1.602567296505367551e+02
8.478325131419301997e-01 1.602643834216144967e+02
8.477165363672601872e-01 1.602719949210252253e+02
8.476013909768366217e-01 1.602795643821568774e+02
8.474870710089507098e-01 1.602870920371094314e+02
8.473735705446533428e-01 1.602945781167021835e+02
8.472608837074487864e-01 1.603020228504806539e+02
8.471490046629897019e-01 1.603094264667237212e+02
8.470379276187750550e-01 1.603167891924505284e+02
8.469276468238498001e-01 1.603241112534274748e+02
8.468181565685072298e-01 1.603313928741750942e+02
8.467094511839924342e-01 1.603386342779749612e+02
8.466015250422092020e-01 1.603458356868764554e+02
8.464943725554278098e-01 1.603529973217036400e+02
8.463879881759959201e-01 1.603601194020619687e+02
8.462823663960508114e-01 1.603672021463449653e+02
8.461775017472339400e-01 1.603742457717410161e+02
8.460733888004077219e-01 1.603812504942398789e+02
8.459700221653740915e-01 1.603882165286393899e+02
8.458673964905951692e-01 1.603951440885520299e+02
8.457655064629160391e-01 1.604020333864113752e+02
8.456643468072891912e-01 1.604088846334787206e+02
8.455639122865015178e-01 1.604156980398494454e+02
8.454641977009025311e-01 1.604224738144594937e+02
8.453651978881352447e-01 1.604292121650917124e+02
8.452669077228682770e-01 1.604359132983823031e+02
8.451693221165307301e-01 1.604425774198270460e+02
8.450724360170480676e-01 1.604492047337876386e+02
8.449762444085805457e-01 1.604557954434979479e+02
8.448807423112631998e-01 1.604623497510702066e+02
8.447859247809479388e-01 1.604688678575012659e+02
8.446917869089470843e-01 1.604753499626786208e+02
8.445983238217792399e-01 1.604817962653866346e+02
8.445055306809164941e-01 1.604882069633125923e+02
8.444134026825339534e-01 1.604945822530527266e+02
8.443219350572607196e-01 1.605009223301182715e+02
8.442311230699326430e-01 1.605072273889414305e+02
8.441409620193469632e-01 1.605134976228813173e+02
8.440514472380189481e-01 1.605197332242298671e+02
8.439625740919395325e-01 1.605259343842177202e+02
8.438743379803357314e-01 1.605321012930201334e+02
8.437867343354318317e-01 1.605382341397627215e+02
8.436997586222129142e-01 1.605443331125273119e+02
8.436134063381897086e-01 1.605503983983576290e+02
8.435276730131653355e-01 1.605564301832650642e+02
8.434425542090037142e-01 1.605624286522343880e+02
8.433580455193996350e-01 1.605683939892293779e+02
8.432741425696501647e-01 1.605743263771984459e+02
8.431908410164281609e-01 1.605802259980802660e+02
8.431081365475573408e-01 1.605860930328093161e+02
8.430260248817883495e-01 1.605919276613214208e+02
8.429445017685774921e-01 1.605977300625592932e+02
8.428635629878661328e-01 1.606035004144779634e+02
8.427832043498619807e-01 1.606092388940502360e+02
8.427034216948222634e-01 1.606149456772721464e+02
8.426242108928377883e-01 1.606206209391683331e+02
8.425455678436194473e-01 1.606262648537973234e+02
8.424674884762851645e-01 1.606318775942569914e+02
8.423899687491492871e-01 1.606374593326897298e+02
8.423130046495133083e-01 1.606430102402877935e+02
8.422365921934575894e-01 1.606485304872985296e+02
8.421607274256350806e-01 1.606540202430295778e+02
8.420854064190662625e-01 1.606594796758540724e+02
8.420106252749359754e-01 1.606649089532157575e+02
8.419363801223910260e-01 1.606703082416341601e+02
8.418626671183396803e-01 1.606756777067096778e+02
8.417894824472527127e-01 1.606810175131285803e+02
8.417168223209655631e-01 1.606863278246681546e+02
8.416446829784820505e-01 1.606916088042016497e+02
8.415730606857795282e-01 1.606968606137033078e+02
8.415019517356152612e-01 1.607020834142532806e+02
8.414313524473345796e-01 1.607072773660426037e+02
8.413612591666799201e-01 1.607124426283780565e+02
8.412916682656016443e-01 1.607175793596870790e+02
8.412225761420699666e-01 1.607226877175226036e+02
8.411539792198882148e-01 1.607277678585678586e+02
8.410858739485077562e-01 1.607328199386412280e+02
8.410182568028438110e-01 1.607378441127009410e+02
8.409511242830930433e-01 1.607428405348498757e+02
8.408844729145518171e-01 1.607478093583402767e+02
8.408182992474365625e-01 1.607527507355784167e+02
8.407525998567046965e-01 1.607576648181292569e+02
8.406873713418774319e-01 1.607625517567211375e+02
8.406226103268634731e-01 1.607674117012503530e+02
8.405583134597839345e-01 1.607722448007857565e+02
8.404944774127989238e-01 1.607770512035733077e+02
8.404310988819347905e-01 1.607818310570406481e+02
8.403681745869132635e-01 1.607865845078015923e+02
8.403057012709813645e-01 1.607913117016605895e+02
8.402436757007424317e-01 1.607960127836172433e+02
8.401820946659890321e-01 1.608006878978707164e+02
8.401209549795362053e-01 1.608053371878241364e+02
8.400602534770564844e-01 1.608099607960890580e+02
8.399999870169160276e-01 1.608145588644897259e+02
8.399401524800117480e-01 1.608191315340675089e+02
8.398807467696095541e-01 1.608236789450851347e+02
8.398217668111842560e-01 1.608282012370310952e+02
8.397632095522599149e-01 1.608326985486238243e+02
8.397050719622518589e-01 1.608371710178159617e+02
8.396473510323095857e-01 1.608416187817986156e+02
8.395900437751608880e-01 1.608460419770055125e+02
8.395331472249570881e-01 1.608504407391172322e+02
8.394766584371194940e-01 1.608548152030653569e+02
8.394205744881865217e-01 1.608591655030365359e+02
8.393648924756623719e-01 1.608634917724766638e+02
8.393096095178668170e-01 1.608677941440949155e+02
8.392547227537855425e-01 1.608720727498678968e+02
8.392002293429223769e-01 1.608763277210435945e+02
8.391461264651516316e-01 1.608805591881454404e+02
8.390924113205722179e-01 1.608847672809762912e+02
8.390390811293626516e-01 1.608889521286224351e+02
8.389861331316368354e-01 1.608931138594575145e+02
8.389335645873011726e-01 1.608972526011464481e+02
8.388813727759126815e-01 1.609013684806493814e+02
8.388295549965378850e-01 1.609054616242255520e+02
8.387781085676128123e-01 1.609095321574371553e+02
8.387270308268044428e-01 1.609135802051532096e+02
8.386763191308722609e-01 1.609176058915533645e+02
8.386259708555315884e-01 1.609216093401316812e+02
8.385759833953176923e-01 1.609255906737004693e+02
8.385263541634505602e-01 1.609295500143939819e+02
8.384770805917010073e-01 1.609334874836722520e+02
8.384281601302577824e-01 1.609374032023247025e+02
8.383795902475950079e-01 1.609412972904739263e+02
8.383313684303413948e-01 1.609451698675793239e+02
8.382834921831499031e-01 1.609490210524407985e+02
8.382359590285686224e-01 1.609528509632023372e+02
8.381887665069119864e-01 1.609566597173557341e+02
8.381419121761338742e-01 1.609604474317440577e+02
8.380953936117006009e-01 1.609642142225653174e+02
8.380492084064656844e-01 1.609679602053759879e+02
8.380033541705449451e-01 1.609716854950945901e+02
8.379578285311926056e-01 1.609753902060051871e+02
8.379126291326786102e-01 1.609790744517608516e+02
8.378677536361663902e-01 1.609827383453871903e+02
8.378231997195917380e-01 1.609863819992857827e+02
8.377789650775423480e-01 1.609900055252376490e+02
8.377350474211388009e-01 1.609936090344066599e+02
8.376914444779154367e-01 1.609971926373429483e+02
8.376481539917031149e-01 1.610007564439862904e+02
8.376051737225119753e-01 1.610043005636694318e+02
8.375625014464154194e-01 1.610078251051215545e+02
8.375201349554352026e-01 1.610113301764714890e+02
8.374780720574267479e-01 1.610148158852510676e+02
8.374363105759654591e-01 1.610182823383984498e+02
8.373948483502344775e-01 1.610217296422613344e+02
8.373536832349121051e-01 1.610251579026002844e+02
8.373128131000612262e-01 1.610285672245919386e+02
8.372722358310185076e-01 1.610319577128322237e+02
8.372319493282851521e-01 1.610353294713395371e+02
8.371919515074178753e-01 1.610386826035580157e+02
8.371522402989213241e-01 1.610420172123606335e+02
8.371128136481402748e-01 1.610453334000523853e+02
8.370736695151537177e-01 1.610486312683733843e+02
8.370348058746688302e-01 1.610519109185020170e+02
8.369962207159163947e-01 1.610551724510580414e+02
8.369579120425461038e-01 1.610584159661056560e+02
8.369198778725237542e-01 1.610616415631565701e+02
8.368821162380281065e-01 1.610648493411730726e+02
8.368446251853490780e-01 1.610680393985709884e+02
8.368074027747866017e-01 1.610712118332228044e+02
8.367704470805501504e-01 1.610743667424605974e+02
8.367337561906588173e-01 1.610775042230790177e+02
8.366973282068422835e-01 1.610806243713383026e+02
8.366611612444426749e-01 1.610837272829671463e+02
8.366252534323167511e-01 1.610868130531657130e+02
8.365896029127388722e-01 1.610898817766085358e+02
8.365542078413051863e-01 1.610929335474473589e+02
8.365190663868375953e-01 1.610959684593141219e+02
8.364841767312891641e-01 1.610989866053237165e+02
8.364495370696498622e-01 1.611019880780769427e+02
8.364151456098529724e-01 1.611049729696632937e+02
8.363810005726824981e-01 1.611079413716637703e+02
8.363471001916806813e-01 1.611108933751536938e+02
8.363134427130567428e-01 1.611138290707055205e+02
8.362800263955958435e-01 1.611167485483916266e+02
8.362468495105691568e-01 1.611196518977869800e+02
8.362139103416439401e-01 1.611225392079720109e+02
8.361812071847949390e-01 1.611254105675352548e+02
8.361487383482159030e-01 1.611282660645760814e+02
8.361165021522320995e-01 1.611311057867074226e+02
8.360844969292131612e-01 1.611339298210584445e+02
8.360527210234868223e-01 1.611367382542771907e+02
8.360211727912530977e-01 1.611395311725332533e+02
8.359898506004990182e-01 1.611423086615204738e+02
8.359587528309143645e-01 1.611450708064594437e+02
8.359278778738075122e-01 1.611478176921002330e+02
8.358972241320221652e-01 1.611505494027249483e+02
8.358667900198545331e-01 1.611532660221502908e+02
8.358365739629712854e-01 1.611559676337301426e+02
8.358065743983280615e-01 1.611586543203581243e+02
8.357767897740883134e-01 1.611613261644701538e+02
8.357472185495431471e-01 1.611639832480469181e+02
8.357178591950312763e-01 1.611666256526164602e+02
8.356887101918598626e-01 1.611692534592565949e+02
8.356597700322260236e-01 1.611718667485974663e+02
8.356310372191384506e-01 1.611744656008239929e+02
8.356025102663401372e-01 1.611770500956782826e+02
