0.000000000000000000e+00 3.610995757463832945e-01
2.462979329547421159e-03 3.594368886727379309e-01
4.909810084968269095e-03 3.577796666597922171e-01
7.340606639856028792e-03 3.561279164143690279e-01
9.755482450398034189e-03 3.544816442957978708e-01
1.215455006418675321e-02 3.528408563194755931e-01
1.453792112892671184e-02 3.512055581604196508e-01
1.690570640104249733e-02 3.495757551568129395e-01
1.925801575418428779e-02 3.479514523135394111e-01
2.159495818763546016e-02 3.463326543057096973e-01
2.391664183462360871e-02 3.447193654821785191e-01
2.622317397053386401e-02 3.431115898690493271e-01
2.851466102102828692e-02 3.415093311731698389e-01
3.079120857007100476e-02 3.399125927856152529e-01
3.305292136786164292e-02 3.383213777851602488e-01
3.529990333867694119e-02 3.367356889417385535e-01
3.753225758862266392e-02 3.351555287198896282e-01
3.975008641329647041e-02 3.335808992821931440e-01
4.195349130536352167e-02 3.320118024926891342e-01
4.414257296204604497e-02 3.304482399202852694e-01
4.631743129252585689e-02 3.288902128421493654e-01
4.847816542526495187e-02 3.273377222470875703e-01
5.062487371524171387e-02 3.257907688389081180e-01
5.275765375110474942e-02 3.242493530397698720e-01
5.487660236224756183e-02 3.227134749935145486e-01
5.698181562580140191e-02 3.211831345689850625e-01
5.907338887355084722e-02 3.196583313633258872e-01
6.115141669877077746e-02 3.181390647052680931e-01
6.321599296298752169e-02 3.166253336583981781e-01
6.526721080266306707e-02 3.151171370244087999e-01
6.730516263580577085e-02 3.136144733463338552e-01
6.932994016850657637e-02 3.121173409117649067e-01
7.134163440140284251e-02 3.106257377560510680e-01
7.334033563607067485e-02 3.091396616654806806e-01
7.532613348134520326e-02 3.076591101804446726e-01
7.729911685957258083e-02 3.061840805985822644e-01
7.925937401279181671e-02 3.047145699779076899e-01
8.120699250884855225e-02 3.032505751399193761e-01
8.314205924744266785e-02 3.017920926726883613e-01
8.506466046610827725e-02 3.003391189339301715e-01
8.697488174612866274e-02 2.988916500540557131e-01
8.887280801838715050e-02 2.974496819392032920e-01
9.075852356915337094e-02 2.960132102742525362e-01
9.263211204580734659e-02 2.945822305258163354e-01
9.449365646250074136e-02 2.931567379452155730e-01
9.634323920575704747e-02 2.917367275714320973e-01
9.818094204001148739e-02 2.903221942340431516e-01
1.000068461130911857e-01 2.889131325561342667e-01
1.018210319616358328e-01 2.875095369571938342e-01
1.036235795164602846e-01 2.861114016559858086e-01
1.054145681078603181e-01 2.847187206734029807e-01
1.071940764708610994e-01 2.833314878352991562e-01
1.089621827504094753e-01 2.819496967753016836e-01
1.107189645065114192e-01 2.805733409376025556e-01
1.124644987193148538e-01 2.792024135797290807e-01
1.141988617941388506e-01 2.778369077752942395e-01
1.159221295664484286e-01 2.764768164167259457e-01
1.176343773067783927e-01 2.751221322179754347e-01
1.193356797256046598e-01 2.737728477172046704e-01
1.210261109781642919e-01 2.724289552794533220e-01
1.227057446692251252e-01 2.710904470992845372e-01
1.243746538578056615e-01 2.697573152034095090e-01
1.260329110618453319e-01 2.684295514532917259e-01
1.276805882628269107e-01 2.671071475477290180e-01
1.293177569103499680e-01 2.657900950254160621e-01
1.309444879266575823e-01 2.644783852674850166e-01
1.325608517111156459e-01 2.631720095000249504e-01
1.341669181446468739e-01 2.618709587965807328e-01
1.357627565941182946e-01 2.605752240806304965e-01
1.373484359166841084e-01 2.592847961280425606e-01
1.389240244640839173e-01 2.579996655695111496e-01
1.404895900868970982e-01 2.567198228929702397e-01
1.420452001387534358e-01 2.554452584459884212e-01
1.435909214805016765e-01 2.541759624381406679e-01
1.451268204843347842e-01 2.529119249433605665e-01
1.466529630378740068e-01 2.516531359022710079e-01
1.481694145482118641e-01 2.503995851244944504e-01
1.496762399459132808e-01 2.491512622909423103e-01
1.511735036889778616e-01 2.479081569560827036e-01
1.526612697667616425e-01 2.466702585501893141e-01
1.541396017038592081e-01 2.454375563815675010e-01
1.556085625639479497e-01 2.442100396387608674e-01
1.570682149535929106e-01 2.429876973927378447e-01
1.585186210260149942e-01 2.417705185990560723e-01
1.599598424848205358e-01 2.405584921000081255e-01
1.613919405876950153e-01 2.393516066267450393e-01
1.628149761500594650e-01 2.381498508013817350e-01
1.642290095486910184e-01 2.369532131390796881e-01
1.656341007253084863e-01 2.357616820501111654e-01
1.670303091901218506e-01 2.345752458419029240e-01
1.684176940253472310e-01 2.333938927210593706e-01
1.697963138886883216e-01 2.322176107953662916e-01
1.711662270167825239e-01 2.310463880757747113e-01
1.725274912286144380e-01 2.298802124783643208e-01
1.738801639288966028e-01 2.287190718262877009e-01
1.752243021114162635e-01 2.275629538516947825e-01
1.765599623623511638e-01 2.264118461976381003e-01
1.778872008635520308e-01 2.252657364199576184e-01
1.792060733957949736e-01 2.241246119891470157e-01
1.805166353420011305e-01 2.229884602922007630e-01
1.818189416904268940e-01 2.218572686344411071e-01
1.831130470378230513e-01 2.207310242413268453e-01
1.843990055925629479e-01 2.196097142602425611e-01
1.856768711777430081e-01 2.184933257622695413e-01
1.869466972342515021e-01 2.173818457439371521e-01
1.882085368238098910e-01 2.162752611289557869e-01
1.894624426319850841e-01 2.151735587699314944e-01
1.907084669711723857e-01 2.140767254500619554e-01
1.919466617835519084e-01 2.129847478848133635e-01
1.931770786440158982e-01 2.118976127235805418e-01
1.943997687630694138e-01 2.108153065513271862e-01
1.956147829897039170e-01 2.097378158902089007e-01
1.968221718142434407e-01 2.086651272011784686e-01
1.980219853711648881e-01 2.075972268855726943e-01
1.992142734418920202e-01 2.065341012866818149e-01
2.003990854575633529e-01 2.054757366913008143e-01
2.015764705017746294e-01 2.044221193312639739e-01
2.027464773132960918e-01 2.033732353849615482e-01
2.039091542887647712e-01 2.023290709788387876e-01
2.050645494853515771e-01 2.012896121888785306e-01
2.062127106234042939e-01 2.002548450420659210e-01
2.073536850890669303e-01 1.992247555178369156e-01
2.084875199368741994e-01 1.981993295495092511e-01
2.096142618923229062e-01 1.971785530256970898e-01
2.107339573544197986e-01 1.961624117917090127e-01
2.118466523982067695e-01 1.951508916509293590e-01
2.129523927772624114e-01 1.941439783661830232e-01
2.140512239261818106e-01 1.931416576610847091e-01
2.151431909630331374e-01 1.921439152213707535e-01
2.162283386917930317e-01 1.911507366962162946e-01
2.173067116047597835e-01 1.901621076995353432e-01
2.183783538849443095e-01 1.891780138112663101e-01
2.194433094084407010e-01 1.881984405786401027e-01
2.205016217467751227e-01 1.872233735174346769e-01
2.215533341692337288e-01 1.862527981132126031e-01
2.225984896451707051e-01 1.852866998225435324e-01
2.236371308462942187e-01 1.843250640742125634e-01
2.246693001489339370e-01 1.833678762704118448e-01
2.256950396362874534e-01 1.824151217879186326e-01
2.267143911006470614e-01 1.814667859792572502e-01
2.277273960456073221e-01 1.805228541738481685e-01
2.287340956882527587e-01 1.795833116791395456e-01
2.297345309613268993e-01 1.786481437817273310e-01
2.307287425153818905e-01 1.777173357484591598e-01
2.317167707209096816e-01 1.767908728275243702e-01
2.326986556704544462e-01 1.758687402495299201e-01
2.336744371807065734e-01 1.749509232285624272e-01
2.346441547945791184e-01 1.740374069632362186e-01
2.356078477832649343e-01 1.731281766377271714e-01
2.365655551482780394e-01 1.722232174227935619e-01
2.375173156234750005e-01 1.713225144767830388e-01
2.384631676770611053e-01 1.704260529466258278e-01
2.394031495135777732e-01 1.695338179688152813e-01
2.403372990758735339e-01 1.686457946703743271e-01
2.412656540470581312e-01 1.677619681698100385e-01
2.421882518524397510e-01 1.668823235780535486e-01
2.431051296614458179e-01 1.660068459993891965e-01
2.440163243895278056e-01 1.651355205323690178e-01
2.449218727000488371e-01 1.642683322707153559e-01
2.458218110061565209e-01 1.634052663042114828e-01
2.467161754726385769e-01 1.625463077195787864e-01
2.476050020177645861e-01 1.616914416013424116e-01
2.484883263151099753e-01 1.608406530326842443e-01
2.493661837953669025e-01 1.599939270962842386e-01
2.502386096481377109e-01 1.591512488751497534e-01
2.511056388237151715e-01 1.583126034534323434e-01
2.519673060348467386e-01 1.574779759172337812e-01
2.528236457584842611e-01 1.566473513553996444e-01
2.536746922375198166e-01 1.558207148603022452e-01
2.545204794825054462e-01 1.549980515286113469e-01
2.553610412733602342e-01 1.541793464620538900e-01
2.561964111610622874e-01 1.533645847681621710e-01
2.570266224693271706e-01 1.525537515610121408e-01
2.578517082962716866e-01 1.517468319619491579e-01
2.586717015160648891e-01 1.509438111003040817e-01
2.594866347805648843e-01 1.501446741140973762e-01
2.602965405209419769e-01 1.493494061507341097e-01
2.611014509492890490e-01 1.485579923676874081e-01
2.619013980602180602e-01 1.477704179331709167e-01
2.626964136324440036e-01 1.469866680268024917e-01
2.634865292303557593e-01 1.462067278402565673e-01
2.642717762055739605e-01 1.454305825779064198e-01
2.650521856984957569e-01 1.446582174574566615e-01
2.658277886398282552e-01 1.438896177105658536e-01
2.665986157521079702e-01 1.431247685834589056e-01
2.673646975512087298e-01 1.423636553375301483e-01
2.681260643478377004e-01 1.416062632499370810e-01
2.688827462490185338e-01 1.408525776141827945e-01
2.696347731595624131e-01 1.401025837406918439e-01
2.703821747835284395e-01 1.393562669573745749e-01
2.711249806256708084e-01 1.386136126101824573e-01
2.718632199928754378e-01 1.378746060636550919e-01
2.725969219955840517e-01 1.371392327014580026e-01
2.733261155492079375e-01 1.364074779269106585e-01
2.740508293755291591e-01 1.356793271635069464e-01
2.747710920040918881e-01 1.349547658554253182e-01
2.754869317735814116e-01 1.342337794680313889e-01
2.761983768331927047e-01 1.335163534883724301e-01
2.769054551439882328e-01 1.328024734256613160e-01
2.776081944802446522e-01 1.320921248117544744e-01
2.783066224307889636e-01 1.313852932016195130e-01
2.790007664003237853e-01 1.306819641737965165e-01
2.796906536107427454e-01 1.299821233308497970e-01
2.803763111024345500e-01 1.292857562998116494e-01
2.810577657355777248e-01 1.285928487326194469e-01
2.817350441914246995e-01 1.279033863065434096e-01
2.824081729735751223e-01 1.272173547246074898e-01
2.830771784092406262e-01 1.265347397160019316e-01
2.837420866504982708e-01 1.258555270364895007e-01
2.844029236755346579e-01 1.251797024688022786e-01
2.850597152898806108e-01 1.245072518230324610e-01
2.857124871276358613e-01 1.238381609370156067e-01
2.863612646526839667e-01 1.231724156767060041e-01
2.870060731598981230e-01 1.225100019365455983e-01
2.876469377763374302e-01 1.218509056398254797e-01
2.882838834624338320e-01 1.211951127390400451e-01
2.889169350131698399e-01 1.205426092162351637e-01
2.895461170592468214e-01 1.198933810833482383e-01
2.901714540682449606e-01 1.192474143825424937e-01
2.907929703457733384e-01 1.186046951865340482e-01
2.914106900366117969e-01 1.179652095989124350e-01
2.920246371258437001e-01 1.173289437544549063e-01
2.926348354399795904e-01 1.166958838194339654e-01
2.932413086480729625e-01 1.160660159919181256e-01
2.938440802628268234e-01 1.154393265020677850e-01
2.944431736416922574e-01 1.148158016124225522e-01
2.950386119879574442e-01 1.141954276181846861e-01
2.956304183518302375e-01 1.135781908474952084e-01
2.962186156315100849e-01 1.129640776617042430e-01
2.968032265742540643e-01 1.123530744556352490e-01
2.973842737774327061e-01 1.117451676578438136e-01
2.979617796895793758e-01 1.111403437308701170e-01
2.985357666114309971e-01 1.105385891714864011e-01
2.991062566969600045e-01 1.099398905109376656e-01
2.996732719544001888e-01 1.093442343151777019e-01
3.002368342472633289e-01 1.087516071850993526e-01
3.007969652953486062e-01 1.081619957567589996e-01
3.013536866757444699e-01 1.075753867015962761e-01
3.019070198238225089e-01 1.069917667266477856e-01
3.024569860342242178e-01 1.064111225747556011e-01
3.030036064618399916e-01 1.058334410247716573e-01
3.035469021227809039e-01 1.052587088917552594e-01
3.040868938953433798e-01 1.046869130271668169e-01
3.046236025209657639e-01 1.041180403190562487e-01
3.051570486051786713e-01 1.035520776922463915e-01
3.056872526185471228e-01 1.029890121085114130e-01
3.062142348976070183e-01 1.024288305667505616e-01
3.067380156457932827e-01 1.018715201031570317e-01
3.072586149343615736e-01 1.013170677913823869e-01
3.077760527033028826e-01 1.007654607426962112e-01
3.082903487622518091e-01 1.002166861061409842e-01
3.088015227913873950e-01 9.967073106868273857e-02
3.093095943423275207e-01 9.912758285535672176e-02
3.098145828390165279e-01 9.858722872941017012e-02
3.103165075786066263e-01 9.804965599243820051e-02
3.108153877323318603e-01 9.751485198451814718e-02
3.113112423463764156e-01 9.698280408433745947e-02
3.118040903427361510e-01 9.645349970931849093e-02
3.122939505200735821e-01 9.592692631573995765e-02
3.127808415545670906e-01 9.540307139885206844e-02
3.132647820007523620e-01 9.488192249298943448e-02
3.137457902923598274e-01 9.436346717168031528e-02
3.142238847431438886e-01 9.384769304774986942e-02
3.146990835477072590e-01 9.333458777342251711e-02
3.151714047823183096e-01 9.282413904041719732e-02
3.156408664057234192e-01 9.231633458004140369e-02
3.161074862599523305e-01 9.181116216328089052e-02
3.165712820711179543e-01 9.130860960088515998e-02
3.170322714502105121e-01 9.080866474344961858e-02
3.174904718938856840e-01 9.031131548149451405e-02
3.179459007852464270e-01 8.981654974553998638e-02
3.183985753946203534e-01 8.932435550617789932e-02
3.188485128803296709e-01 8.883472077414045209e-02
3.192957302894569027e-01 8.834763360036423929e-02
3.197402445586045028e-01 8.786308207605308951e-02
3.201820725146484747e-01 8.738105433273568590e-02
3.206212308754875506e-01 8.690153854232129937e-02
3.210577362507854859e-01 8.642452291715108093e-02
3.214916051427090249e-01 8.594999571004768857e-02
3.219228539466599814e-01 8.547794521436091753e-02
3.223514989520025464e-01 8.500835976401044380e-02
3.227775563427842664e-01 8.454122773352512610e-02
3.232010421984525816e-01 8.407653753808075336e-02
3.236219724945660348e-01 8.361427763353324050e-02
3.240403631035002618e-01 8.315443651644993661e-02
3.244562297951486540e-01 8.269700272413804676e-02
3.248695882376181343e-01 8.224196483466961194e-02
3.252804539979193832e-01 8.178931146690471277e-02
3.256888425426537337e-01 8.133903128051123144e-02
3.260947692386922947e-01 8.089111297598206018e-02
3.264982493538529651e-01 8.044554529465008930e-02
3.268992980575707863e-01 8.000231701870008649e-02
3.272979304215638541e-01 7.956141697117835587e-02
3.276941614204947895e-01 7.912283401600017640e-02
3.280880059326273246e-01 7.868655705795390976e-02
3.284794787404774485e-01 7.825257504270322073e-02
3.288685945314611114e-01 7.782087695678741035e-02
3.292553678985359333e-01 7.739145182761786312e-02
3.296398133408395825e-01 7.696428872347416128e-02
3.300219452643224916e-01 7.653937675349642422e-02
3.304017779823764656e-01 7.611670506767576061e-02
3.307793257164590717e-01 7.569626285684261102e-02
3.311546025967128104e-01 7.527803935265353630e-02
3.315276226625805123e-01 7.486202382757423113e-02
3.318983998634162935e-01 7.444820559486231559e-02
3.322669480590914048e-01 7.403657400854679604e-02
3.326332810205967494e-01 7.362711846340552757e-02
3.329974124306404049e-01 7.321982839494145523e-02
3.333593558842408155e-01 7.281469327935619074e-02
3.337191248893168760e-01 7.241170263352214587e-02
3.340767328672716863e-01 7.201084601495166826e-02
3.344321931535744197e-01 7.161211302176617721e-02
3.347855189983365287e-01 7.121549329266130268e-02
3.351367235668842870e-01 7.082097650687180224e-02
3.354858199403276675e-01 7.042855238413370245e-02
3.358328211161243360e-01 7.003821068464588517e-02
3.361777400086405354e-01 6.964994120902789909e-02
3.365205894497070860e-01 6.926373379827843735e-02
3.368613821891722759e-01 6.887957833373048455e-02
3.372001308954500898e-01 6.849746473700524252e-02
3.375368481560653278e-01 6.811738296996461273e-02
3.378715464781939515e-01 6.773932303466190241e-02
3.382042382892007648e-01 6.736327497329175351e-02
3.385349359371714328e-01 6.698922886813651889e-02
3.388636516914433905e-01 6.661717484151363777e-02
3.391903977431302009e-01 6.624710305571956948e-02
3.395151862056443592e-01 6.587900371297339408e-02
3.398380291152152122e-01 6.551286705535841470e-02
3.401589384314033238e-01 6.514868336476264954e-02
3.404779260376119554e-01 6.478644296281776960e-02
3.407950037415944378e-01 6.442613621083725928e-02
3.411101832759572128e-01 6.406775350975146832e-02
3.414234762986609883e-01 6.371128530004388502e-02
3.417348943935170080e-01 6.335672206168396769e-02
3.420444490706799900e-01 6.300405431406053136e-02
3.423521517671387349e-01 6.265327261591191466e-02
3.426580138472016257e-01 6.230436756525670194e-02
3.429620466029797976e-01 6.195732979932222495e-02
3.432642612548668648e-01 6.161214999447239826e-02
3.435646689520145403e-01 6.126881886613422257e-02
3.438632807728061458e-01 6.092732716872251153e-02
3.441601077253252372e-01 6.058766569556517378e-02
3.444551607478226751e-01 6.024982527882583039e-02
3.447484507091786998e-01 5.991379678942576614e-02
3.450399884093634517e-01 5.957957113696554785e-02
3.453297845798928289e-01 5.924713926964442212e-02
3.456178498842819025e-01 5.891649217418026829e-02
3.459041949184954445e-01 5.858762087572699784e-02
3.461888302113939053e-01 5.826051643779173173e-02
3.464717662251785013e-01 5.793516996215108961e-02
3.467530133558311967e-01 5.761157258876703491e-02
3.470325819335523532e-01 5.728971549570038846e-02
3.473104822231956046e-01 5.696958989902478621e-02
3.475867244246994003e-01 5.665118705273908262e-02
3.478613186735158846e-01 5.633449824867975408e-02
3.481342750410355569e-01 5.601951481643108188e-02
3.484056035350109326e-01 5.570622812323555717e-02
3.486753140999759859e-01 5.539462957390373088e-02
3.489434166176622609e-01 5.508471061072217623e-02
3.492099209074139843e-01 5.477646271336200634e-02
3.494748367265979594e-01 5.446987739878528245e-02
3.497381737710122396e-01 5.416494622115197721e-02
3.499999416752915815e-01 5.386166077172560573e-02
3.502601500133095680e-01 5.356001267877785743e-02
3.505188082985786213e-01 5.325999360749311684e-02
3.507759259846469080e-01 5.296159525987254035e-02
3.510315124654926899e-01 5.266480937463657863e-02
3.512855770759153451e-01 5.236962772712805414e-02
3.515381290919246116e-01 5.207604212921324027e-02
3.517891777311267232e-01 5.178404442918327355e-02
3.520387321531072145e-01 5.149362651165567684e-02
3.522868014598126152e-01 5.120478029747288495e-02
3.525333946959275933e-01 5.091749774360332381e-02
3.527785208492514313e-01 5.063177084303982500e-02
3.530221888510699513e-01 5.034759162469770732e-02
3.532644075765272174e-01 5.006495215331352444e-02
3.535051858449919093e-01 4.978384452934170312e-02
3.537445324204235853e-01 4.950426088885295783e-02
3.539824560117351693e-01 4.922619340342926364e-02
3.542189652731529970e-01 4.894963428006116057e-02
3.544540688045749732e-01 4.867457576104272654e-02
3.546877751519258437e-01 4.840101012386743839e-02
3.549200928075099126e-01 4.812892968112258973e-02
3.551510302103612071e-01 4.785832678038370869e-02
3.553805957465924203e-01 4.758919380410897570e-02
3.556087977497398578e-01 4.732152316953286419e-02
3.558356445011068292e-01 4.705530732855911502e-02
3.560611442301048202e-01 4.679053876765426612e-02
3.562853051145919991e-01 4.652721000773962778e-02
3.565081352812093929e-01 4.626531360408447924e-02
3.567296428057148416e-01 4.600484214619726675e-02
3.569498357133150668e-01 4.574578825771780100e-02
3.571687219789945189e-01 4.548814459630867724e-02
3.573863095278431157e-01 4.523190385354580734e-02
3.576026062353805379e-01 4.497705875481017301e-02
3.578176199278795266e-01 4.472360205917813580e-02
3.580313583826862933e-01 4.447152655931130294e-02
3.582438293285382658e-01 4.422082508134761447e-02
3.584550404458811679e-01 4.397149048478987687e-02
3.586649993671819914e-01 4.372351566239685017e-02
3.588737136772417458e-01 4.347689354007200357e-02
3.590811909135045443e-01 4.323161707675260423e-02
3.592874385663654691e-01 4.298767926429936104e-02
3.594924640794758819e-01 4.274507312738506926e-02
3.596962748500471818e-01 4.250379172338347722e-02
3.598988782291520083e-01 4.226382814225726481e-02
3.601002815220234465e-01 4.202517550644746525e-02
3.603004919883521229e-01 4.178782697076088848e-02
3.604995168425821905e-01 4.155177572225887683e-02
3.606973632542036512e-01 4.131701498014472840e-02
3.608940383480444547e-01 4.108353799565223063e-02
3.610895492045588240e-01 4.085133805193308376e-02
3.612839028601156910e-01 4.062040846394476823e-02
3.614771063072831359e-01 4.039074257833774606e-02
3.616691664951120488e-01 4.016233377334399446e-02
3.618600903294179050e-01 3.993517545866331897e-02
3.620498846730602072e-01 3.970926107535122096e-02
3.622385563462200420e-01 3.948458409570654304e-02
3.624261121266758590e-01 3.926113802315800427e-02
3.626125587500776959e-01 3.903891639215217868e-02
3.627979029102194053e-01 3.881791276804025248e-02
3.629821512593082167e-01 3.859812074696533646e-02
3.631653104082337435e-01 3.837953395574966731e-02
3.633473869268345480e-01 3.816214605178136487e-02
3.635283873441627067e-01 3.794595072290218862e-02
3.637083181487470451e-01 3.773094168729407283e-02
3.638871857888541506e-01 3.751711269336666099e-02
3.640649966727481646e-01 3.730445751964417411e-02
3.642417571689482436e-01 3.709296997465227896e-02
3.644174736064846876e-01 3.688264389680639965e-02
3.645921522751531807e-01 3.667347315429736465e-02
3.647657994257673675e-01 3.646545164497960734e-02
3.649384212704094299e-01 3.625857329625881142e-02
3.651100239826798877e-01 3.605283206497811310e-02
3.652806136979442897e-01 3.584822193730630158e-02
3.654501965135796837e-01 3.564473692862490939e-02
3.656187784892183101e-01 3.544237108341607989e-02
3.657863656469904079e-01 3.524111847514976859e-02
3.659529639717649108e-01 3.504097320617172162e-02
3.661185794113889225e-01 3.484192940759101020e-02
3.662832178769253044e-01 3.464398123916789807e-02
3.664468852428884871e-01 3.444712288920181997e-02
3.666095873474795042e-01 3.425134857441913816e-02
3.667713299928183623e-01 3.405665253986212004e-02
3.669321189451755227e-01 3.386302905877602853e-02
3.670919599352018281e-01 3.367047243249843280e-02
3.672508586581568757e-01 3.347897699034696473e-02
3.674088207741351697e-01 3.328853708950818557e-02
3.675658519082921627e-01 3.309914711492667472e-02
3.677219576510670773e-01 3.291080147919334120e-02
3.678771435584058391e-01 3.272349462243451246e-02
3.680314151519813448e-01 3.253722101220135610e-02
3.681847779194126202e-01 3.235197514335885760e-02
3.683372373144833123e-01 3.216775153797546416e-02
3.684887987573570722e-01 3.198454474521217339e-02
3.686394676347928279e-01 3.180234934121328738e-02
3.687892493003582794e-01 3.162115992899516836e-02
3.689381490746420633e-01 3.144097113833699275e-02
3.690861722454638061e-01 3.126177762567061702e-02
3.692333240680837347e-01 3.108357407397144279e-02
3.693796097654106214e-01 3.090635519264872677e-02
3.695250345282075077e-01 3.073011571743600179e-02
3.696696035152974291e-01 3.055485041028260795e-02
3.698133218537666966e-01 3.038055405924455776e-02
3.699561946391672906e-01 3.020722147837584526e-02
3.700982269357179222e-01 3.003484750762008826e-02
3.702394237765035401e-01 2.986342701270217059e-02
3.703797901636736167e-01 2.969295488502021740e-02
3.705193310686391017e-01 2.952342604153745942e-02
3.706580514322682651e-01 2.935483542467498541e-02
3.707959561650807645e-01 2.918717800220416159e-02
3.709330501474410458e-01 2.902044876713916199e-02
3.710693382297498566e-01 2.885464273763005405e-02
3.712048252326348718e-01 2.868975495685621713e-02
3.713395159471399865e-01 2.852578049291965012e-02
3.714734151349131652e-01 2.836271443873827902e-02
3.716065275283934044e-01 2.820055191194026367e-02
3.717388578309960279e-01 2.803928805475797148e-02
3.718704107172968731e-01 2.787891803392250623e-02
3.720011908332160333e-01 2.771943704055757074e-02
3.721312027961987123e-01 2.756084029007510594e-02
3.722604511953963025e-01 2.740312302206993067e-02
3.723889405918462403e-01 2.724628050021538073e-02
3.725166755186496426e-01 2.709030801215805973e-02
3.726436604811486086e-01 2.693520086941447733e-02
3.727698999571021909e-01 2.678095440726668830e-02
3.728953983968610331e-01 2.662756398465881968e-02
3.730201602235412306e-01 2.647502498409326499e-02
3.731441898331960827e-01 2.632333281152754445e-02
3.732674915949880656e-01 2.617248289627183144e-02
3.733900698513590299e-01 2.602247069088581277e-02
3.735119289181986213e-01 2.587329167107632610e-02
3.736330730850127013e-01 2.572494133559533047e-02
3.737535066150901031e-01 2.557741520613787678e-02
3.738732337456682764e-01 2.543070882724085546e-02
3.739922586880978228e-01 2.528481776618096699e-02
3.741105856280062536e-01 2.513973761287446873e-02
3.742282187254603043e-01 2.499546397977547851e-02
3.743451621151273612e-01 2.485199250177627661e-02
3.744614199064358884e-01 2.470931883610683055e-02
3.745769961837346340e-01 2.456743866223409789e-02
3.746918950064505038e-01 2.442634768176332738e-02
3.748061204092466570e-01 2.428604161833836095e-02
3.749196764021776040e-01 2.414651621754204669e-02
3.750325669708450826e-01 2.400776724679787311e-02
3.751447960765517120e-01 2.386979049527104824e-02
3.752563676564544259e-01 2.373258177377080003e-02
3.753672856237163513e-01 2.359613691465167751e-02
3.754775538676582425e-01 2.346045177171629526e-02
3.755871762539076952e-01 2.332552222011774479e-02
3.756961566245493600e-01 2.319134415626278312e-02
3.758044987982724905e-01 2.305791349771413312e-02
3.759122065705182703e-01 2.292522618309522642e-02
3.760192837136255850e-01 2.279327817199328088e-02
3.761257339769771280e-01 2.266206544486271124e-02
3.762315610871428406e-01 2.253158400293098218e-02
3.763367687480237977e-01 2.240182986810179688e-02
3.764413606409943158e-01 2.227279908286083909e-02
3.765453404250436176e-01 2.214448771018096007e-02
3.766487117369161641e-01 2.201689183342769862e-02
3.767514781912516542e-01 2.189000755626480110e-02
3.768536433807234687e-01 2.176383100256062963e-02
3.769552108761764497e-01 2.163835831629479234e-02
3.770561842267637909e-01 2.151358566146455154e-02
3.771565669600833726e-01 2.138950922199200910e-02
3.772563625823125433e-01 2.126612520163173592e-02
3.773555745783424564e-01 2.114342982387762415e-02
3.774542064119116302e-01 2.102141933187195999e-02
3.775522615257381753e-01 2.090008998831305309e-02
3.776497433416516891e-01 2.077943807536375420e-02
3.777466552607238182e-01 2.065945989456063892e-02
3.778430006633981542e-01 2.054015176672341347e-02
3.779387829096195750e-01 2.042151003186354341e-02
3.780340053389622534e-01 2.030353104909499162e-02
3.781286712707571107e-01 2.018621119654384621e-02
3.782227840042184930e-01 2.006954687125894754e-02
3.783163468185698486e-01 1.995353448912284833e-02
3.784093629731686281e-01 1.983817048476210765e-02
3.785018357076304074e-01 1.972345131145980535e-02
3.785937682419521222e-01 1.960937344106583602e-02
3.786851637766349699e-01 1.949593336391008958e-02
3.787760254928055348e-01 1.938312758871429953e-02
3.788663565523372467e-01 1.927095264250477946e-02
3.789561600979699518e-01 1.915940507052504849e-02
3.790454392534301498e-01 1.904848143614923384e-02
3.791341971235484554e-01 1.893817832079547347e-02
3.792224367943783925e-01 1.882849232384042892e-02
3.793101613333128563e-01 1.871942006253257684e-02
3.793973737892005760e-01 1.861095817190738799e-02
3.794840771924617995e-01 1.850310330470184006e-02
3.795702745552029800e-01 1.839585213126915253e-02
3.796559688713305736e-01 1.828920133949485383e-02
3.797411631166647261e-01 1.818314763471218232e-02
3.798258602490517388e-01 1.807768773961837550e-02
3.799100632084756457e-01 1.797281839419084815e-02
3.799937749171699020e-01 1.786853635560370357e-02
3.800769982797270741e-01 1.776483839814513299e-02
3.801597361832093069e-01 1.766172131313414884e-02
3.802419914972564596e-01 1.755918190883909435e-02
3.803237670741950183e-01 1.745721701039437690e-02
3.804050657491456766e-01 1.735582345972019880e-02
3.804858903401296955e-01 1.725499811543940165e-02
3.805662436481753730e-01 1.715473785279797436e-02
3.806461284574239601e-01 1.705503956358289663e-02
3.807255475352339102e-01 1.695590015604242495e-02
3.808045036322850185e-01 1.685731655480571245e-02
3.808829994826825605e-01 1.675928570080287283e-02
3.809610378040593215e-01 1.666180455118515535e-02
3.810386212976781817e-01 1.656487007924623001e-02
3.811157526485334790e-01 1.646847927434269554e-02
3.811924345254520397e-01 1.637262914181580875e-02
3.812686695811929871e-01 1.627731670291299171e-02
3.813444604525475512e-01 1.618253899470989410e-02
3.814198097604382109e-01 1.608829307003256659e-02
3.814947201100160612e-01 1.599457599737985625e-02
3.815691940907597335e-01 1.590138486084691216e-02
3.816432342765710972e-01 1.580871676004791393e-02
3.817168432258728483e-01 1.571656881003968831e-02
3.817900234817032112e-01 1.562493814124532587e-02
3.818627775718118622e-01 1.553382189937890789e-02
3.819351080087540762e-01 1.544321724536956708e-02
3.820070172899847627e-01 1.535312135528621447e-02
3.820785078979518357e-01 1.526353142026237730e-02
3.821495823001886949e-01 1.517444464642214719e-02
3.822202429494068188e-01 1.508585825480501796e-02
3.822904922835869135e-01 1.499776948129305509e-02
3.823603327260699514e-01 1.491017557653606662e-02
3.824297666856478761e-01 1.482307380587866152e-02
3.824987965566526427e-01 1.473646144928675294e-02
3.825674247190463673e-01 1.465033580127539370e-02
3.826356535385093682e-01 1.456469417083594564e-02
3.827034853665283176e-01 1.447953388136347108e-02
3.827709225404837268e-01 1.439485227058534544e-02
3.828379673837374320e-01 1.431064669048964788e-02
3.829046222057181925e-01 1.422691450725344087e-02
3.829708893020081772e-01 1.414365310117193797e-02
3.830367709544277854e-01 1.406085986658800469e-02
3.831022694311209120e-01 1.397853221182154826e-02
3.831673869866386584e-01 1.389666755909946261e-02
3.832321258620233762e-01 1.381526334448568427e-02
3.832964882848916011e-01 1.373431701781191450e-02
3.833604764695167644e-01 1.365382604260800825e-02
3.834240926169111274e-01 1.357378789603325142e-02
3.834873389149077161e-01 1.349420006880808209e-02
3.835502175382409229e-01 1.341506006514525673e-02
3.836127306486271094e-01 1.333636540268179349e-02
3.836748803948450970e-01 1.325811361241158171e-02
3.837366689128148822e-01 1.318030223861765826e-02
3.837980983256773504e-01 1.310292883880492809e-02
3.838591707438722134e-01 1.302599098363366181e-02
3.839198882652165024e-01 1.294948625685254928e-02
3.839802529749815063e-01 1.287341225523241928e-02
3.840402669459704876e-01 1.279776658850073634e-02
3.840999322385943993e-01 1.272254687927498740e-02
3.841592509009484901e-01 1.264775076299795575e-02
3.842182249688876894e-01 1.257337588787243998e-02
3.842768564661015462e-01 1.249941991479586179e-02
3.843351474041890592e-01 1.242588051729665022e-02
3.843930997827323948e-01 1.235275538146918262e-02
3.844507155893709394e-01 1.228004220590972473e-02
3.845079967998743520e-01 1.220773870165325903e-02
3.845649453782150617e-01 1.213584259210986893e-02
3.846215632766409875e-01 1.206435161300078995e-02
3.846778524357467033e-01 1.199326351229712539e-02
3.847338147845452694e-01 1.192257605015556443e-02
3.847894522405389539e-01 1.185228699885698678e-02
3.848447667097896208e-01 1.178239414274417918e-02
3.848997600869886737e-01 1.171289527816010700e-02
3.849544342555270005e-01 1.164378821338662995e-02
3.850087910875634734e-01 1.157507076858277362e-02
3.850628324440938943e-01 1.150674077572400034e-02
3.851165601750193845e-01 1.143879607854192404e-02
3.851699761192141080e-01 1.137123453246347005e-02
3.852230821045922182e-01 1.130405400455070097e-02
3.852758799481756924e-01 1.123725237344141981e-02
3.853283714561599460e-01 1.117082752928921785e-02
3.853805584239803350e-01 1.110477737370429985e-02
3.854324426363781031e-01 1.103909981969419807e-02
3.854840258674651077e-01 1.097379279160581866e-02
3.855353098807889900e-01 1.090885422506560065e-02
3.855862964293976791e-01 1.084428206692278351e-02
3.856369872559033407e-01 1.078007427518989925e-02
3.856873840925457708e-01 1.071622881898659507e-02
3.857374886612561227e-01 1.065274367848101367e-02
3.857873026737195232e-01 1.058961684483317178e-02
3.858368278314373567e-01 1.052684632013800581e-02
3.858860658257893261e-01 1.046443011736863937e-02
3.859350183380954036e-01 1.040236626031998401e-02
3.859836870396771147e-01 1.034065278355289497e-02
3.860320735919178237e-01 1.027928773233766080e-02
3.860801796463239066e-01 1.021826916259915841e-02
3.861280068445845925e-01 1.015759514086100879e-02
3.861755568186315823e-01 1.009726374419050998e-02
3.862228311906985567e-01 1.003727306014434717e-02
3.862698315733804622e-01 9.977621186713303558e-03
3.863165595696915755e-01 9.918306232268081502e-03
3.863630167731239018e-01 9.859326315505789751e-03
3.864092047677053499e-01 9.800679565395431503e-03
3.864551251280572419e-01 9.742364121124613696e-03
3.865007794194510460e-01 9.684378132046367327e-03
3.865461691978655523e-01 9.626719757625856744e-03
3.865912960100432727e-01 9.569387167387977122e-03
3.866361613935465069e-01 9.512378540864174781e-03
3.866807668768127426e-01 9.455692067540599766e-03
3.867251139792107217e-01 9.399325946805925369e-03
3.867692042110949524e-01 9.343278387899167647e-03
3.868130390738606650e-01 9.287547609858948228e-03
3.868566200599981020e-01 9.232131841471424849e-03
3.868999486531463639e-01 9.177029321219332125e-03
3.869430263281473659e-01 9.122238297231133330e-03
3.869858545510991288e-01 9.067757027230727296e-03
3.870284347794084034e-01 9.013583778486711218e-03
3.870707684618438504e-01 8.959716827762864710e-03
3.871128570385884426e-01 8.906154461267301592e-03
3.871547019412906465e-01 8.852894974603287004e-03
3.871963045931173797e-01 8.799936672720387598e-03
3.872376664088041931e-01 8.747277869864289457e-03
3.872787887947070073e-01 8.694916889528725434e-03
3.873196731488526279e-01 8.642852064406514323e-03
3.873603208609892601e-01 8.591081736340488995e-03
3.874007333126364694e-01 8.539604256276089878e-03
3.874409118771352523e-01 8.488417984213181278e-03
3.874808579196969971e-01 8.437521289158200766e-03
3.875205727974531111e-01 8.386912549075975498e-03
3.875600578595036483e-01 8.336590150843647962e-03
3.875993144469661589e-01 8.286552490202603316e-03
3.876383438930235403e-01 8.236797971712395139e-03
3.876771475229722208e-01 8.187325008703116858e-03
3.877157266542696767e-01 8.138132023230104650e-03
3.877540825965820614e-01 8.089217446026752967e-03
3.877922166518308345e-01 8.040579716459661519e-03
3.878301301142401680e-01 7.992217282481894891e-03
3.878678242703825774e-01 7.944128600587907485e-03
3.879053003992259940e-01 7.896312135768579488e-03
3.879425597721788410e-01 7.848766361465253638e-03
3.879796036531363290e-01 7.801489759526103462e-03
3.880164332985254205e-01 7.754480820160503107e-03
3.880530499573500158e-01 7.707738041895062509e-03
3.880894548712354730e-01 7.661259931529440514e-03
3.881256492744733499e-01 7.615045004092491077e-03
3.881616343940658131e-01 7.569091782797965351e-03
3.881974114497691586e-01 7.523398799001546067e-03
3.882329816541375545e-01 7.477964592157659851e-03
3.882683462125666729e-01 7.432787709775623419e-03
3.883035063233365447e-01 7.387866707377233055e-03
3.883384631776548579e-01 7.343200148454132048e-03
3.883732179596987022e-01 7.298786604425511193e-03
3.884077718466579787e-01 7.254624654594921118e-03
3.884421260087765893e-01 7.210712886109305053e-03
3.884762816093947357e-01 7.167049893916699332e-03
3.885102398049902206e-01 7.123634280724489010e-03
3.885440017452199690e-01 7.080464656958107561e-03
3.885775685729606632e-01 7.037539640719736589e-03
3.886109414243499316e-01 6.994857857747671659e-03
3.886441214288268720e-01 6.952417941374577914e-03
3.886771097091719085e-01 6.910218532488188181e-03
3.887099073815473149e-01 6.868258279489669604e-03
3.887425155555365164e-01 6.826535838253988686e-03
3.887749353341841685e-01 6.785049872090165302e-03
3.888071678140349041e-01 6.743799051700527514e-03
3.888392140851727463e-01 6.702782055142297857e-03
3.888710752312597441e-01 6.661997567787292240e-03
3.889027523295746080e-01 6.621444282282951121e-03
3.889342464510511244e-01 6.581120898513703743e-03
3.889655586603159021e-01 6.541026123561333172e-03
3.889966900157267871e-01 6.501158671667228717e-03
3.890276415694097212e-01 6.461517264193417098e-03
3.890584143672970452e-01 6.422100629584481801e-03
3.890890094491638029e-01 6.382907503329149357e-03
3.891194278486651559e-01 6.343936627923207894e-03
3.891496705933731315e-01 6.305186752831093422e-03
3.891797387048128165e-01 6.266656634448919405e-03
3.892096331984986612e-01 6.228345036066951224e-03
3.892393550839706728e-01 6.190250727832524724e-03
3.892689053648301645e-01 6.152372486712964772e-03
3.892982850387751714e-01 6.114709096459280957e-03
3.893274950976360893e-01 6.077259347569197168e-03
3.893565365274105350e-01 6.040022037251291387e-03
3.893854103082985407e-01 6.002995969388025266e-03
3.894141174147370821e-01 5.966179954500772098e-03
3.894426588154347169e-01 5.929572809713068438e-03
3.894710354734056690e-01 5.893173358715753096e-03
3.894992483460041344e-01 5.856980431730995917e-03
3.895272983849581427e-01 5.820992865477325751e-03
3.895551865364029753e-01 5.785209503134325359e-03
3.895829137409149157e-01 5.749629194307881441e-03
3.896104809335443342e-01 5.714250794995323623e-03
3.896378890438486620e-01 5.679073167551451640e-03
3.896651389959253642e-01 5.644095180653008192e-03
3.896922317084446918e-01 5.609315709265705330e-03
3.897191680946818781e-01 5.574733634609474464e-03
3.897459490625495571e-01 5.540347844124604570e-03
3.897725755146295157e-01 5.506157231438657540e-03
3.897990483482051127e-01 5.472160696332051266e-03
3.898253684552921428e-01 5.438357144705863178e-03
3.898515367226711437e-01 5.404745488547635368e-03
3.898775540319179278e-01 5.371324645898845063e-03
3.899034212594351123e-01 5.338093540822042016e-03
3.899291392764829833e-01 5.305051103368541021e-03
3.899547089492098051e-01 5.272196269544893177e-03
3.899801311386825731e-01 5.239527981282132707e-03
3.900054067009176562e-01 5.207045186402026182e-03
3.900305364869104396e-01 5.174746838586097297e-03
3.900555213426654122e-01 5.142631897343652447e-03
3.900803621092260309e-01 5.110699327979806306e-03
3.901050596227041423e-01 5.078948101564173534e-03
3.901296147143095139e-01 5.047377194899782538e-03
3.901540282103792556e-01 5.015985590491434110e-03
3.901783009324063523e-01 4.984772276514837230e-03
3.902024336970688623e-01 4.953736246786188957e-03
3.902264273162587838e-01 4.922876500730977156e-03
3.902502825971100320e-01 4.892192043353227326e-03
3.902740003420271941e-01 4.861681885206414755e-03
3.902975813487137291e-01 4.831345042361379072e-03
3.903210264101997229e-01 4.801180536377791519e-03
3.903443363148698664e-01 4.771187394273734839e-03
3.903675118464909888e-01 4.741364648495727252e-03
3.903905537842397022e-01 4.711711336889190527e-03
3.904134629027296022e-01 4.682226502669695201e-03
3.904362399720383570e-01 4.652909194392429448e-03
3.904588857577349081e-01 4.623758465924332484e-03
3.904814010209061159e-01 4.594773376414229560e-03
3.905037865181835155e-01 4.565952990264299238e-03
3.905260430017696294e-01 4.537296377101651679e-03
3.905481712194648347e-01 4.508802611749351819e-03
3.905701719146925655e-01 4.480470774198330730e-03
3.905920458265265127e-01 4.452299949578963911e-03
3.906137936897153828e-01 4.424289228133204688e-03
3.906354162347093206e-01 4.396437705186384548e-03
3.906569141876853335e-01 4.368744481119790635e-03
3.906782882705721605e-01 4.341208661342355057e-03
3.906995392010763624e-01 4.313829356264120563e-03
3.907206676927066358e-01 4.286605681268151891e-03
3.907416744547992371e-01 4.259536756683002245e-03
3.907625601925425185e-01 4.232621707756956120e-03
3.907833256070014638e-01 4.205859664629607586e-03
3.908039713951424465e-01 4.179249762305992100e-03
3.908244982498575437e-01 4.152791140629830124e-03
3.908449068599882947e-01 4.126482944256770757e-03
3.908651979103501262e-01 4.100324322627968421e-03
3.908853720817563326e-01 4.074314429944214666e-03
3.909054300510415025e-01 4.048452425139514865e-03
3.909253724910849437e-01 4.022737471855553082e-03
3.909452000708347752e-01 3.997168738414935696e-03
3.909649134553307981e-01 3.971745397796544452e-03
3.909845133057276989e-01 3.946466627609779287e-03
3.910040002793181424e-01 3.921331610068579110e-03
3.910233750295556421e-01 3.896339531966552805e-03
3.910426382060775419e-01 3.871489584651777172e-03
3.910617904547269985e-01 3.846780964002038949e-03
3.910808324175761852e-01 3.822212870399299689e-03
3.910997647329481630e-01 3.797784508705825957e-03
3.911185880354394184e-01 3.773495088238654205e-03
3.911373029559414016e-01 3.749343822745720978e-03
3.911559101216630641e-01 3.725329930381326982e-03
3.911744101561525078e-01 3.701452633681934223e-03
3.911928036793183017e-01 3.677711159541852126e-03
3.912110913074514640e-01 3.654104739189589779e-03
3.912292736532465565e-01 3.630632608163653074e-03
3.912473513258231117e-01 3.607294006289119004e-03
3.912653249307468384e-01 3.584088177654098928e-03
3.912831950700507155e-01 3.561014370585979805e-03
3.913009623422553096e-01 3.538071837628109506e-03
3.913186273423904238e-01 3.515259835516593157e-03
3.913361906620148600e-01 3.492577625157311516e-03
3.913536528892380684e-01 3.470024471603383454e-03
3.913710146087391317e-01 3.447599644030963084e-03
3.913882764017880822e-01 3.425302415718034510e-03
3.914054388462657741e-01 3.403132064020653047e-03
3.914225025166838678e-01 3.381087870351406899e-03
3.914394679842047031e-01 3.359169120155991450e-03
3.914563358166610607e-01 3.337375102892226053e-03
3.914731065785758135e-01 3.315705112006739341e-03
3.914897808311819105e-01 3.294158444913319883e-03
3.915063591324412506e-01 3.272734402971599899e-03
3.915228420370641116e-01 3.251432291464517732e-03
3.915392300965284678e-01 3.230251419576779526e-03
3.915555238590993081e-01 3.209191100373764982e-03
3.915717238698469549e-01 3.188250650779766993e-03
3.915878306706666034e-01 3.167429391556453311e-03
3.916038448002965300e-01 3.146726647282216405e-03
3.916197667943372984e-01 3.126141746330413085e-03
3.916355971852695239e-01 3.105674020848936401e-03
3.916513365024729687e-01 3.085322806739232426e-03
3.916669852722444167e-01 3.065087443635206021e-03
3.916825440178161033e-01 3.044967274883125796e-03
3.916980132593735897e-01 3.024961647520418850e-03
3.917133935140737488e-01 3.005069912255908804e-03
3.917286852960626398e-01 2.985291423449054626e-03
3.917438891164936043e-01 2.965625539090077645e-03
3.917590054835443647e-01 2.946071620779422418e-03
3.917740349024346758e-01 2.926629033708105787e-03
3.917889778754443109e-01 2.907297146637732865e-03
3.918038349019293820e-01 2.888075331880957108e-03
3.918186064783407696e-01 2.868962965281274258e-03
3.918332930982399986e-01 2.849959426193926504e-03
3.918478952523173353e-01 2.831064097466362561e-03
3.918624134284079963e-01 2.812276365418364676e-03
3.918768481115091351e-01 2.793595619823840970e-03
3.918911997837967176e-01 2.775021253890841422e-03
3.919054689246421752e-01 2.756552664242684081e-03
3.919196560106285032e-01 2.738189250898970251e-03
3.919337615155669141e-01 2.719930417257154787e-03
3.919477859105134909e-01 2.701775570073339239e-03
3.919617296637848414e-01 2.683724119443731126e-03
3.919755932409744181e-01 2.665775478786325259e-03
3.919893771049687281e-01 2.647929064822251988e-03
3.920030817159629866e-01 2.630184297557347506e-03
3.920167075314771044e-01 2.612540600264390278e-03
3.920302550063715641e-01 2.594997399464449295e-03
3.920437245928624082e-01 2.577554124909120503e-03
3.920571167405378921e-01 2.560210209562319150e-03
3.920704318963729174e-01 2.542965089582738258e-03
3.920836705047447968e-01 2.525818204306085057e-03
3.920968330074486863e-01 2.508768996227095371e-03
3.921099198437124622e-01 2.491816910982325162e-03
3.921229314502118202e-01 2.474961397332497981e-03
3.921358682610857072e-01 2.458201907145296516e-03
3.921487307079507545e-01 2.441537895377821066e-03
3.921615192199161548e-01 2.424968820059603125e-03
3.921742342235984280e-01 2.408494142275396932e-03
3.921868761431364092e-01 2.392113326148526120e-03
3.921994454002052377e-01 2.375825838823453218e-03
3.922119424140313448e-01 2.359631150449570391e-03
3.922243676014063318e-01 2.343528734163546901e-03
3.922367213767017358e-01 2.327518066073785974e-03
3.922490041518827963e-01 2.311598625243105332e-03
3.922612163365232218e-01 2.295769893672972017e-03
3.922733583378182898e-01 2.280031356286071897e-03
3.922854305605997238e-01 2.264382500911321650e-03
3.922974334073489056e-01 2.248822818266660306e-03
3.923093672782110852e-01 2.233351801943617154e-03
3.923212325710089265e-01 2.217968948390769413e-03
3.923330296812561624e-01 2.202673756898088087e-03
3.923447590021708065e-01 2.187465729581505869e-03
3.923564209246894752e-01 2.172344371366374816e-03
3.923680158374798221e-01 2.157309189972256291e-03
3.923795441269541939e-01 2.142359695897377847e-03
3.923910061772831748e-01 2.127495402402868052e-03
3.924024023704082431e-01 2.112715825497657463e-03
3.924137330860552053e-01 2.098020483922935497e-03
3.924249987017467411e-01 2.083408899137051407e-03
3.924361995928159486e-01 2.068880595300193193e-03
3.924473361324187781e-01 2.054435099259621644e-03
3.924584086915466896e-01 2.040071940533905170e-03
3.924694176390393086e-01 2.025790651299486100e-03
3.924803633415977488e-01 2.011590766373916317e-03
3.924912461637961592e-01 1.997471823202756624e-03
3.925020664680948235e-01 1.983433361844033627e-03
3.925128246148522626e-01 1.969474924954139894e-03
3.925235209623377797e-01 1.955596057772512886e-03
3.925341558667431174e-01 1.941796308108312274e-03
3.925447296821956700e-01 1.928075226325320912e-03
3.925552427607694739e-01 1.914432365327733976e-03
3.925656954524979758e-01 1.900867280546281179e-03
3.925760881053854678e-01 1.887379529923793875e-03
3.925864210654194109e-01 1.873968673901327264e-03
3.925966946765819809e-01 1.860634275403949545e-03
3.926069092808616157e-01 1.847375899827641277e-03
3.926170652182651155e-01 1.834193115024418397e-03
3.926271628268293012e-01 1.821085491289120561e-03
3.926372024426316720e-01 1.808052601345755406e-03
3.926471843998030620e-01 1.795094020333953821e-03
3.926571090305379652e-01 1.782209325795314214e-03
3.926669766651066373e-01 1.769398097660079827e-03
3.926767876318659756e-01 1.756659918233705042e-03
3.926865422572706210e-01 1.743994372183532704e-03
3.926962408658846160e-01 1.731401046525582466e-03
3.927058837803916180e-01 1.718879530611561179e-03
3.927154713216066684e-01 1.706429416115651243e-03
3.927250038084866279e-01 1.694050297021520990e-03
3.927344815581413906e-01 1.681741769609335080e-03
3.927439048858442083e-01 1.669503432442986934e-03
3.927532741050430154e-01 1.657334886357553216e-03
3.927625895273706425e-01 1.645235734445749110e-03
3.927718514626555857e-01 1.633205582046381998e-03
3.927810602189324429e-01 1.621244036731028793e-03
3.927902161024527938e-01 1.609350708291823473e-03
3.927993194176949698e-01 1.597525208728800550e-03
3.928083704673748233e-01 1.585767152237460564e-03
3.928173695524561637e-01 1.574076155197223770e-03
3.928263169721606385e-01 1.562451836157996432e-03
3.928352130239778361e-01 1.550893815828957578e-03
3.928440580036759444e-01 1.539401717066235520e-03
3.928528522053112981e-01 1.527975164860251311e-03
3.928615959212383713e-01 1.516613786324838564e-03
3.928702894421202130e-01 1.505317210684475882e-03
3.928789330569378846e-01 1.494085069262740539e-03
3.928875270530000074e-01 1.482916995470651145e-03
3.928960717159534211e-01 1.471812624794455182e-03
3.929045673297919539e-01 1.460771594784859850e-03
3.929130141768667484e-01 1.449793545044819609e-03
3.929214125378955869e-01 1.438878117217656794e-03
3.929297626919718844e-01 1.428024954976958583e-03
3.929380649165752359e-01 1.417233704013587392e-03
3.929463194875801868e-01 1.406504012025355799e-03
3.929545266792653369e-01 1.395835528705813289e-03
3.929626867643233323e-01 1.385227905732477893e-03
3.929708000138695256e-01 1.374680796755733958e-03
3.929788666974517453e-01 1.364193857388285025e-03
3.929868870830586225e-01 1.353766745193829557e-03
3.929948614371295834e-01 1.343399119675958708e-03
3.930027900245633976e-01 1.333090642267609205e-03
3.930106731087270600e-01 1.322840976319739070e-03
3.930185109514648945e-01 1.312649787091113573e-03
3.930263038131076581e-01 1.302516741736980954e-03
3.930340519524807563e-01 1.292441509299080415e-03
3.930417556269137913e-01 1.282423760694539894e-03
3.930494150922485552e-01 1.272463168705550984e-03
3.930570306028480232e-01 1.262559407968932845e-03
3.930646024116052351e-01 1.252712154965252012e-03
3.930721307699512890e-01 1.242921088009274477e-03
3.930796159278642232e-01 1.233185887238974487e-03
3.930870581338774539e-01 1.223506234605542531e-03
3.930944576350881015e-01 1.213881813863060266e-03
3.931018146771654287e-01 1.204312310558730559e-03
3.931091295043591671e-01 1.194797412022219341e-03
3.931164023595076218e-01 1.185336807356107691e-03
3.931236334840461089e-01 1.175930187425677786e-03
3.931308231180148383e-01 1.166577244849142936e-03
3.931379715000674624e-01 1.157277673987655575e-03
3.931450788674787367e-01 1.148031170935648326e-03
3.931521454561527351e-01 1.138837433510730968e-03
3.931591715006309551e-01 1.129696161244586605e-03
3.931661572340997557e-01 1.120607055372757621e-03
3.931731028883990176e-01 1.111569818825319800e-03
3.931800086940290262e-01 1.102584156217334410e-03
3.931868748801593538e-01 1.093649773839522332e-03
3.931937016746356317e-01 1.084766379648494095e-03
3.932004893039877658e-01 1.075933683257424001e-03
3.932072379934375972e-01 1.067151395927168345e-03
3.932139479669062299e-01 1.058419230556273405e-03
3.932206194470218019e-01 1.049736901672093659e-03
3.932272526551269243e-01 1.041104125422132043e-03
3.932338478112863411e-01 1.032520619564158970e-03
3.932404051342940354e-01 1.023986103457219521e-03
3.932469248416808894e-01 1.015500298053195749e-03
3.932534071497221229e-01 1.007062925886925697e-03
3.932598522734439550e-01 9.986737110686538799e-04
3.932662604266317086e-01 9.903323792733731423e-04
3.932726318218363604e-01 9.820386577333861666e-04
3.932789666703823128e-01 9.737922752294236872e-04
3.932852651823740553e-01 9.655929620809855507e-04
3.932915275667031585e-01 9.574404501386801769e-04
3.932977540310558240e-01 9.493344727747876632e-04
3.933039447819196566e-01 9.412747648754882235e-04
3.933101000245905476e-01 9.332610628316473367e-04
3.933162199631795586e-01 9.252931045308221414e-04
3.933223048006198042e-01 9.173706293483796514e-04
3.933283547386737800e-01 9.094933781392811056e-04
3.933343699779394687e-01 9.016610932301993842e-04
3.933403507178574454e-01 8.938735184103041576e-04
3.933462971567175392e-01 8.861303989239344148e-04
3.933522094916658274e-01 8.784314814617166789e-04
3.933580879187105195e-01 8.707765141525714014e-04
3.933639326327295072e-01 8.631652465560524234e-04
3.933697438274760261e-01 8.555974296535762136e-04
3.933755216955859835e-01 8.480728158409833739e-04
3.933812664285839533e-01 8.405911589199899225e-04
3.933869782168897267e-01 8.331522140909708440e-04
3.933926572498246399e-01 8.257557379445223944e-04
3.933983037156182361e-01 8.184014884536905399e-04
3.934039178014144822e-01 8.110892249661993958e-04
3.934094996932778754e-01 8.038187081967906877e-04
3.934150495761998823e-01 7.965897002196742349e-04
3.934205676341051561e-01 7.894019644603122998e-04
3.934260540498578651e-01 7.822552656883141609e-04
3.934315090052674657e-01 7.751493700094425066e-04
3.934369326810950307e-01 7.680840448587300529e-04
3.934423252570595775e-01 7.610590589918198035e-04
3.934476869118437303e-01 7.540741824787478009e-04
3.934530178230998265e-01 7.471291866958384986e-04
3.934583181674561336e-01 7.402238443183772887e-04
3.934635881205225116e-01 7.333579293133940524e-04
3.934688278568962971e-01 7.265312169323356883e-04
3.934740375501686316e-01 7.197434837040717071e-04
3.934792173729297904e-01 7.129945074270116478e-04
3.934843674967750671e-01 7.062840671626657851e-04
3.934894880923105465e-01 6.996119432277625450e-04
3.934945793291592109e-01 6.929779171879202337e-04
3.934996413759663803e-01 6.863817718502085441e-04
3.935046744004050412e-01 6.798232912561541497e-04
3.935096785691820642e-01 6.733022606747463001e-04
3.935146540480435329e-01 6.668184665953313939e-04
3.935196010017800727e-01 6.603716967215067513e-04
3.935245195942329577e-01 6.539617399629049643e-04
3.935294099882992169e-01 6.475883864296427816e-04
3.935342723459369640e-01 6.412514274249936364e-04
3.935391068281715032e-01 6.349506554383932411e-04
3.935439135950997702e-01 6.286858641394443836e-04
3.935486928058966605e-01 6.224568483703674104e-04
3.935534446188196922e-01 6.162634041401160445e-04
3.935581691912148905e-01 6.101053286173829804e-04
3.935628666795212283e-01 6.039824201242716128e-04
3.935675372392769544e-01 5.978944781294126543e-04
3.935721810251238129e-01 5.918413032417468855e-04
3.935767981908131485e-01 5.858226972043079073e-04
3.935813888892102375e-01 5.798384628873387570e-04
3.935859532722999488e-01 5.738884042821856823e-04
3.935904914911915187e-01 5.679723264948588479e-04
3.935950036961242127e-01 5.620900357394820190e-04
3.935994900364714333e-01 5.562413393328524691e-04
3.936039506607463823e-01 5.504260456872245300e-04
3.936083857166071676e-01 5.446439643045364321e-04
3.936127953508611332e-01 5.388949057707481671e-04
3.936171797094702995e-01 5.331786817484029939e-04
3.936215389375562479e-01 5.274951049717424567e-04
3.936258731794043397e-01 5.218439892406001590e-04
3.936301825784697117e-01 5.162251494131853136e-04
3.936344672773810505e-01 5.106384014016418504e-04
3.936387274179455886e-01 5.050835621650540119e-04
3.936429631411544339e-01 4.995604497036731928e-04
3.936471745871865657e-01 4.940688830533668252e-04
3.936513618954139426e-01 4.886086822794011297e-04
3.936555252044060538e-01 4.831796684708900003e-04
3.936596646519346931e-01 4.777816637349108220e-04
3.936637803749784004e-01 4.724144911906202893e-04
3.936678725097271236e-01 4.670779749633702238e-04
3.936719411915866607e-01 4.617719401797115708e-04
3.936759865551834325e-01 4.564962129609551056e-04
3.936800087343690357e-01 4.512506204180644076e-04
3.936840078622241279e-01 4.460349906455496338e-04
3.936879840710637568e-01 4.408491527161384482e-04
3.936919374924412462e-01 4.356929366756689959e-04
3.936958682571524148e-01 4.305661735368726539e-04
3.936997764952407941e-01 4.254686952742670059e-04
3.937036623360009591e-01 4.204003348184937039e-04
3.937075259079835243e-01 4.153609260515445101e-04
3.937113673389992519e-01 4.103503038003220027e-04
3.937151867561234919e-01 4.053683038319766396e-04
3.937189842856998467e-01 4.004147628485776877e-04
3.937227600533454996e-01 3.954895184817841525e-04
3.937265141839541016e-01 3.905924092870716180e-04
3.937302468017011003e-01 3.857232747394023775e-04
3.937339580300470709e-01 3.808819552270081843e-04
3.937376479917423788e-01 3.760682920470603818e-04
3.937413168088309545e-01 3.712821274000077665e-04
3.937449646026545125e-01 3.665233043848026284e-04
3.937485914938568810e-01 3.617916669934606588e-04
3.937521976023872217e-01 3.570870601063980132e-04
3.937557830475052478e-01 3.524093294866581516e-04
3.937593479477839997e-01 3.477583217761370804e-04
3.937628924211145076e-01 3.431338844891440587e-04
3.937664165847098996e-01 3.385358660085158178e-04
3.937699205551083992e-01 3.339641155807315798e-04
3.937734044481784323e-01 3.294184833099178533e-04
3.937768683791216251e-01 3.248988201542957199e-04
3.937803124624768003e-01 3.204049779206297188e-04
3.937837368121241965e-01 3.159368092592318433e-04
3.937871415412889098e-01 3.114941676598537157e-04
3.937905267625446681e-01 3.070769074464685389e-04
3.937938925878179397e-01 3.026848837726081598e-04
3.937972391283910412e-01 2.983179526164780881e-04
3.938005664949068008e-01 2.939759707769606933e-04
3.938038747973713338e-01 2.896587958681751118e-04
3.938071641451580396e-01 2.853662863149253326e-04
3.938104346470115980e-01 2.810983013489254390e-04
3.938136864110511892e-01 2.768547010031374711e-04
3.938169195447740467e-01 2.726353461077746232e-04
3.938201341550595647e-01 2.684400982861934182e-04
3.938233303481722958e-01 2.642688199492315704e-04
3.938265082297658370e-01 2.601213742918773164e-04
3.938296679048861604e-01 2.559976252882734116e-04
3.938328094779754984e-01 2.518974376876093046e-04
3.938359330528750091e-01 2.478206770089030897e-04
3.938390387328294384e-01 2.437672095380039039e-04
3.938421266204894522e-01 2.397369023219297901e-04
3.938451968179157436e-01 2.357296231650929386e-04
3.938482494265821421e-01 2.317452406256359509e-04
3.938512845473790547e-01 2.277836240098807252e-04
3.938543022806170191e-01 2.238446433687757420e-04
3.938573027260297010e-01 2.199281694936772169e-04
3.938602859827775582e-01 2.160340739123522980e-04
3.938632521494509486e-01 2.121622288842051063e-04
3.938662013240734616e-01 2.083125073968350449e-04
3.938691336041051372e-01 2.044847831608187505e-04
3.938720490864461299e-01 2.006789306071565804e-04
3.938749478674391513e-01 1.968948248817214974e-04
3.938778300428733559e-01 1.931323418419284010e-04
3.938806957079873383e-01 1.893913580527373242e-04
3.938835449574723535e-01 1.856717507822125413e-04
3.938863778854749809e-01 1.819733979981918992e-04
3.938891945856013432e-01 1.782961783636238806e-04
3.938919951509188833e-01 1.746399712325708009e-04
3.938947796739609153e-01 1.710046566472112062e-04
3.938975482467281797e-01 1.673901153333989811e-04
3.939003009606932837e-01 1.637962286958893898e-04
3.939030379068028109e-01 1.602228788162296524e-04
3.939057591754809851e-01 1.566699484475408966e-04
3.939084648566320013e-01 1.531373210111874883e-04
3.939111550396438011e-01 1.496248805930022741e-04
3.939138298133905147e-01 1.461325119395118222e-04
3.939164892662354589e-01 1.426601004541616646e-04
3.939191334860344673e-01 1.392075321933194942e-04
3.939217625601382222e-01 1.357746938630555178e-04
3.939243765753958071e-01 1.323614728150346309e-04
3.939269756181572602e-01 1.289677570430747267e-04
3.939295597742761279e-01 1.255934351797050041e-04
3.939321291291131288e-01 1.222383964917250765e-04
3.939346837675383739e-01 1.189025308774294132e-04
3.939372237739343641e-01 1.155857288629436042e-04
3.939397492321986549e-01 1.122878815981165346e-04
3.939422602257470762e-01 1.090088808535227827e-04
3.939447568375160635e-01 1.057486190163547946e-04
3.939472391499656556e-01 1.025069890878693712e-04
3.939497072450821591e-01 9.928388467883575430e-05
3.939521612043809240e-01 9.607920000653802362e-05
3.939546011089091193e-01 9.289282989166647297e-05
3.939570270392480644e-01 8.972466975443182946e-05
3.939594390755165598e-01 8.657461561112356208e-05
3.939618372973728855e-01 8.344256407111227958e-05
3.939642217840180205e-01 8.032841233307497220e-05
3.939665926141977526e-01 7.723205818166434256e-05
3.939689498662058975e-01 7.415339998484427042e-05
3.939712936178861868e-01 7.109233668955994290e-05
3.939736239466355983e-01 6.804876781918434148e-05
3.939759409294064652e-01 6.502259346985450605e-05
3.939782446427089191e-01 6.201371430769597737e-05
3.939805351626138874e-01 5.902203156460394950e-05
3.939828125647555357e-01 5.604744703624486846e-05
3.939850769243334883e-01 5.308986307828167384e-05
3.939873283161156037e-01 5.014918260282108520e-05
3.939895668144400842e-01 4.722530907586008908e-05
3.939917924932184734e-01 4.431814651384424764e-05
3.939940054259379876e-01 4.142759948033702955e-05
3.939962056856636252e-01 3.855357308357731938e-05
3.939983933450408315e-01 3.569597297292670390e-05
3.940005684762980520e-01 3.285470533531675841e-05
3.940027311512486197e-01 3.002967689313962296e-05
3.940048814412938638e-01 2.722079490058426643e-05
3.940070194174251084e-01 2.442796714097195121e-05
3.940091451502260034e-01 2.165110192353658647e-05
3.940112587098746344e-01 1.889010808020508136e-05
3.940133601661466312e-01 1.614489496304383209e-05
3.940154495884166108e-01 1.341537244115009742e-05
3.940175270456610646e-01 1.070145089765439650e-05
3.940195926064603560e-01 8.003041226833929045e-06
3.940216463390012747e-01 5.320054831337017731e-06
3.940236883110790345e-01 2.652403618852439138e-06
3.940257185900996051e-01 0.000000000000000000e+00
