9.531076050712286030e-01 1.000000000000000000e+00
9.531624560806728486e-01 9.995541409928373477e-01
9.532184547071209657e-01 9.991122025001759610e-01
9.532755814340275746e-01 9.986741459435110047e-01
9.533338169955470898e-01 9.982399331437524781e-01
9.533931423734101074e-01 9.978095263169645124e-01
9.534535387938414264e-01 9.973828880701490762e-01
9.535149877245170380e-01 9.969599813970783098e-01
9.535774708715611947e-01 9.965407696741720445e-01
9.536409701765807823e-01 9.961252166564211752e-01
9.537054678137392161e-01 9.957132864733557742e-01
9.537709461868670857e-01 9.953049436250573923e-01
9.538373879266101030e-01 9.949001529782162123e-01
9.539047758876146865e-01 9.944988797622308363e-01
9.539730931457474084e-01 9.941010895653511481e-01
9.540423229953524098e-01 9.937067483308635873e-01
9.541124489465429015e-01 9.933158223533190556e-01
9.541834547225271912e-01 9.929282782748003466e-01
9.542553242569693506e-01 9.925440830812330972e-01
9.543280416913831887e-01 9.921632040987352630e-01
9.544015913725605316e-01 9.917856089900072281e-01
9.544759578500310315e-01 9.914112657507616611e-01
9.545511258735551730e-01 9.910401427061924506e-01
9.546270803906489189e-01 9.906722085074817219e-01
9.547038065441403321e-01 9.903074321283454884e-01
9.547812896697570606e-01 9.899457828616173849e-01
9.548595152937440211e-01 9.895872303158690375e-01
9.549384691305125017e-01 9.892317444120675152e-01
9.550181370803179082e-01 9.888792953802695296e-01
9.550985052269679310e-01 9.885298537563512733e-01
9.551795598355592443e-01 9.881833903787743401e-01
9.552612873502431823e-01 9.878398763853865061e-01
9.553436743920197260e-01 9.874992832102575946e-01
9.554267077565589128e-01 9.871615825805493127e-01
9.555103744120505560e-01 9.868267465134196170e-01
9.555946614970809438e-01 9.864947473129608291e-01
9.556795563185358500e-01 9.861655575671699481e-01
9.557650463495305226e-01 9.858391501449532690e-01
9.558511192273657642e-01 9.855154981931625313e-01
9.559377627515095455e-01 9.851945751336639301e-01
9.560249648816040446e-01 9.848763546604376584e-01
9.561127137354981098e-01 9.845608107367104234e-01
9.562009975873042578e-01 9.842479175921180490e-01
9.562898048654795424e-01 9.839376497198987215e-01
9.563791241509318475e-01 9.836299818741173207e-01
9.564689441751484944e-01 9.833248890669192832e-01
9.565592538183492755e-01 9.830223465658136650e-01
9.566500421076621352e-01 9.827223298909866234e-01
9.567412982153219447e-01 9.824248148126429880e-01
9.568330114568921463e-01 9.821297773483772531e-01
9.569251712895074924e-01 9.818371937605721023e-01
9.570177673101399884e-01 9.815470405538255783e-01
9.571107892538859296e-01 9.812592944724061184e-01
9.572042269922742541e-01 9.809739324977340136e-01
9.572980705315959904e-01 9.806909318458915115e-01
9.573923100112549101e-01 9.804102699651584540e-01
9.574869357021383864e-01 9.801319245335746722e-01
9.575819380050080154e-01 9.798558734565290251e-01
9.576773074489115523e-01 9.795820948643744197e-01
9.577730346896133895e-01 9.793105671100671428e-01
9.578691105080447965e-01 9.790412687668338387e-01
9.579655258087735881e-01 9.787741786258609133e-01
9.580622716184933330e-01 9.785092756940112491e-01
9.581593390845299929e-01 9.782465391915633468e-01
9.582567194733672133e-01 9.779859485499758920e-01
9.583544041691917093e-01 9.777274834096761902e-01
9.584523846724539720e-01 9.774711236178714735e-01
9.585506525984490711e-01 9.772168492263849648e-01
9.586491996759129997e-01 9.769646404895140357e-01
9.587480177456380037e-01 9.767144778619112344e-01
9.588470987591038996e-01 9.764663419964891844e-01
9.589464347771264885e-01 9.762202137423466874e-01
9.590460179685234010e-01 9.759760741427171427e-01
9.591458406087950417e-01 9.757339044329396138e-01
9.592458950788226302e-01 9.754936860384511021e-01
9.593461738635821190e-01 9.752554005727995801e-01
9.594466695508733212e-01 9.750190298356795626e-01
9.595473748300659134e-01 9.747845558109881070e-01
9.596482824908592058e-01 9.745519606649010180e-01
9.597493854220585652e-01 9.743212267439698149e-01
9.598506766103656052e-01 9.740923365732400141e-01
9.599521491391841410e-01 9.738652728543876202e-01
9.600537961874403559e-01 9.736400184638771549e-01
9.601556110284171774e-01 9.734165564511385593e-01
9.602575870286031989e-01 9.731948700367628602e-01
9.603597176465556995e-01 9.729749426107187071e-01
9.604619964317768765e-01 9.727567577305862301e-01
9.605644170236052881e-01 9.725402991198107694e-01
9.606669731501188414e-01 9.723255506659745917e-01
9.607696586270525474e-01 9.721124964190869244e-01
9.608724673567290431e-01 9.719011205898928640e-01
9.609753933270019921e-01 9.716914075481997148e-01
9.610784306102125862e-01 9.714833418212208693e-01
9.611815733621583702e-01 9.712769080919378961e-01
9.612848158210748339e-01 9.710720911974792813e-01
9.613881523066295509e-01 9.708688761275172663e-01
9.614915772189279730e-01 9.706672480226813393e-01
9.615950850375318826e-01 9.704671921729876027e-01
9.616986703204890574e-01 9.702686940162864593e-01
9.618023277033754814e-01 9.700717391367257303e-01
9.619060518983486574e-01 9.698763132632298722e-01
9.620098376932122441e-01 9.696824022679960686e-01
9.621136799504922399e-01 9.694899921650056429e-01
9.622175736065244900e-01 9.692990691085517918e-01
9.623215136705528527e-01 9.691096193917821955e-01
9.624254952238385785e-01 9.689216294452576150e-01
9.625295134187799029e-01 9.687350858355255889e-01
9.626335634780431860e-01 9.685499752637091175e-01
9.627376406937032671e-01 9.683662845641103356e-01
9.628417404263954760e-01 9.681840007028288397e-01
9.629458581044768595e-01 9.680031107763948928e-01
9.630499892231979553e-01 9.678236020104171722e-01
9.631541293438848905e-01 9.676454617582438411e-01
9.632582740931298071e-01 9.674686774996392735e-01
9.633624191619931665e-01 9.672932368394733249e-01
9.634665603052138261e-01 9.671191275064254800e-01
9.635706933404301067e-01 9.669463373517019900e-01
9.636748141474081875e-01 9.667748543477669987e-01
9.637789186672822694e-01 9.666046665870868804e-01
9.638830029018016221e-01 9.664357622808877890e-01
9.639870629125879553e-01 9.662681297579260864e-01
9.640910948204015618e-01 9.661017574632726479e-01
9.641950948044154535e-01 9.659366339571087146e-01
9.642990591014990454e-01 9.657727479135354010e-01
9.644029840055100555e-01 9.656100881193951935e-01
9.645068658665949535e-01 9.654486434731063271e-01
9.646107010904972912e-01 9.652884029835089308e-01
9.647144861378755820e-01 9.651293557687239399e-01
9.648182175236276192e-01 9.649714910550230007e-01
9.649218918162241199e-01 9.648147981757118075e-01
9.650255056370498075e-01 9.646592665700237657e-01
9.651290556597524883e-01 9.645048857820257560e-01
9.652325386095996773e-01 9.643516454595359999e-01
9.653359512628434391e-01 9.641995353530524726e-01
9.654392904460918912e-01 9.640485453146929729e-01
9.655425530356892549e-01 9.638986652971464064e-01
9.656457359571022359e-01 9.637498853526349496e-01
9.657488361843146185e-01 9.636021956318870929e-01
9.658518507392288566e-01 9.634555863831212319e-01
9.659547766910736577e-01 9.633100479510412484e-01
9.660576111558203394e-01 9.631655707758404183e-01
9.661603512956052908e-01 9.630221453922177544e-01
9.662629943181588743e-01 9.628797624284037848e-01
9.663655374762422090e-01 9.627384126051966584e-01
9.664679780670891729e-01 9.625980867350083514e-01
9.665703134318565093e-01 9.624587757209209782e-01
9.666725409550795955e-01 9.623204705557532046e-01
9.667746580641349841e-01 9.621831623211357654e-01
9.668766622287084944e-01 9.620468421865976394e-01
9.669785509602716322e-01 9.619115014086609960e-01
9.670803218115613387e-01 9.617771313299458003e-01
9.671819723760689547e-01 9.616437233782847427e-01
9.672835002875326271e-01 9.615112690658456085e-01
9.673849032194373754e-01 9.613797599882647482e-01
9.674861788845204869e-01 9.612491878237883203e-01
9.675873250342827969e-01 9.611195443324228593e-01
9.676883394585052978e-01 9.609908213550957257e-01
9.677892199847729637e-01 9.608630108128223268e-01
9.678899644780024625e-01 9.607361047058839976e-01
9.679905708399760833e-01 9.606100951130139842e-01
9.680910370088816608e-01 9.604849741905906457e-01
9.681913609588576053e-01 9.603607341718409796e-01
9.682915406995424856e-01 9.602373673660515863e-01
9.683915742756318279e-01 9.601148661577877386e-01
9.684914597664380231e-01 9.599932230061208882e-01
9.685911952854570073e-01 9.598724304438643884e-01
9.686907789799393820e-01 9.597524810768168768e-01
9.687902090304664204e-01 9.596333675830134302e-01
9.688894836505315133e-01 9.595150827119858228e-01
9.689886010861267218e-01 9.593976192840284467e-01
9.690875596153329941e-01 9.592809701894736696e-01
9.691863575479173765e-01 9.591651283879737422e-01
9.692849932249324452e-01 9.590500869077910329e-01
9.693834650183223989e-01 9.589358388450947013e-01
9.694817713305331486e-01 9.588223773632658098e-01
9.695799105941264040e-01 9.587096956922083191e-01
9.696778812713997553e-01 9.585977871276689655e-01
9.697756818540091972e-01 9.584866450305629115e-01
9.698733108625984256e-01 9.583762628263072791e-01
9.699707668464306876e-01 9.582666340041602338e-01
9.700680483830256273e-01 9.581577521165693945e-01
9.701651540778004623e-01 9.580496107785247961e-01
9.702620825637152668e-01 9.579422036669196228e-01
9.703588325009229187e-01 9.578355245199173806e-01
9.704554025764220437e-01 9.577295671363258434e-01
9.705517915037152887e-01 9.576243253749776585e-01
9.706479980224707038e-01 9.575197931541168384e-01
9.707440208981876761e-01 9.574159644507919120e-01
9.708398589218666386e-01 9.573128333002558499e-01
9.709355109096824421e-01 9.572103937953717612e-01
9.710309757026619470e-01 9.571086400860248089e-01
9.711262521663651670e-01 9.570075663785403419e-01
9.712213391905701876e-01 9.569071669351084664e-01
9.713162356889616378e-01 9.568074360732139461e-01
9.714109405988234913e-01 9.567083681650722093e-01
9.715054528807348655e-01 9.566099576370717950e-01
9.715997715182688177e-01 9.565121989692221272e-01
9.716938955176966930e-01 9.564150866946067309e-01
9.717878239076938041e-01 9.563186153988427751e-01
9.718815557390496629e-01 9.562227797195462786e-01
9.719750900843812103e-01 9.561275743458023113e-01
9.720684260378501529e-01 9.560329940176408581e-01
9.721615627148826322e-01 9.559390335255184556e-01
9.722544992518927787e-01 9.558456877098052695e-01
9.723472348060093751e-01 9.557529514602769449e-01
9.724397685548059611e-01 9.556608197156123419e-01
9.725320996960338249e-01 9.555692874628962663e-01
9.726242274473578808e-01 9.554783497371268641e-01
9.727161510460965443e-01 9.553880016207295656e-01
9.728078697489638271e-01 9.552982382430743602e-01
9.728993828318148740e-01 9.552090547799992892e-01
9.729906895893942753e-01 9.551204464533382676e-01
9.730817893350877101e-01 9.550324085304541244e-01
9.731726814006761428e-01 9.549449363237768607e-01
9.732633651360930171e-01 9.548580251903454608e-01
9.733538399091841153e-01 9.547716705313560315e-01
9.734441051054710803e-01 9.546858677917131608e-01
9.735341601279164925e-01 9.546006124595872722e-01
9.736240043966927216e-01 9.545159000659758641e-01
9.737136373489532204e-01 9.544317261842691913e-01
9.738030584386057065e-01 9.543480864298207189e-01
9.738922671360896732e-01 9.542649764595222406e-01
9.739812629281550116e-01 9.541823919713828817e-01
9.740700453176437401e-01 9.541003287041129877e-01
9.741586138232748437e-01 9.540187824367116765e-01
9.742469679794310000e-01 9.539377489880601635e-01
9.743351073359474146e-01 9.538572242165166415e-01
9.744230314579047647e-01 9.537772040195184875e-01
9.745107399254231417e-01 9.536976843331863574e-01
9.745982323334582142e-01 9.536186611319330542e-01
9.746855082916014990e-01 9.535401304280767265e-01
9.747725674238812976e-01 9.534620882714580636e-01
9.748594093685668538e-01 9.533845307490610432e-01
9.749460337779742858e-01 9.533074539846376760e-01
9.750324403182754063e-01 9.532308541383368583e-01
9.751186286693086513e-01 9.531547274063376651e-01
9.752045985243916748e-01 9.530790700204850863e-01
9.752903495901366071e-01 9.530038782479302029e-01
9.753758815862680898e-01 9.529291483907749161e-01
9.754611942454424200e-01 9.528548767857187851e-01
9.755462873130688051e-01 9.527810598037108614e-01
9.756311605471343906e-01 9.527076938496042979e-01
9.757158137180288460e-01 9.526347753618152892e-01
9.758002466083733895e-01 9.525623008119842305e-01
9.758844590128502583e-01 9.524902667046423188e-01
9.759684507380349539e-01 9.524186695768799282e-01
9.760522216022301523e-01 9.523475059980189839e-01
9.761357714353017245e-01 9.522767725692892204e-01
9.762191000785166439e-01 9.522064659235068840e-01
9.763022073843832249e-01 9.521365827247576519e-01
9.763850932164923613e-01 9.520671196680821069e-01
9.764677574493612067e-01 9.519980734791648747e-01
9.765501999682792977e-01 9.519294409140270918e-01
9.766324206691548993e-01 9.518612187587217610e-01
9.767144194583655681e-01 9.517934038290318810e-01
9.767961962526073849e-01 9.517259929701729071e-01
9.768777509787488489e-01 9.516589830564969876e-01
9.769590835736852164e-01 9.515923709912010864e-01
9.770401939841945049e-01 9.515261537060378805e-01
9.771210821667954960e-01 9.514603281610295449e-01
9.772017480876068474e-01 9.513948913441844235e-01
9.772821917222096477e-01 9.513298402712172530e-01
9.773624130555089717e-01 9.512651719852710519e-01
9.774424120815990991e-01 9.512008835566436726e-01
9.775221888036299545e-01 9.511369720825153529e-01
9.776017432336744362e-01 9.510734346866798194e-01
9.776810753925976316e-01 9.510102685192788341e-01
9.777601853099288087e-01 9.509474707565386264e-01
9.778390730237325190e-01 9.508850386005089916e-01
9.779177385804834755e-01 9.508229692788059406e-01
9.779961820349419854e-01 9.507612600443561268e-01
9.780744034500306050e-01 9.506999081751441594e-01
9.781524028967127915e-01 9.506389109739628029e-01
9.782301804538729995e-01 9.505782657681655090e-01
9.783077362081978867e-01 9.505179699094217227e-01
9.783850702540588529e-01 9.504580207734744102e-01
9.784621826933970201e-01 9.503984157598999172e-01
9.785390736356078811e-01 9.503391522918713807e-01
9.786157431974291665e-01 9.502802278159229177e-01
9.786921915028283792e-01 9.502216398017179211e-01
9.787684186828927713e-01 9.501633857418186890e-01
9.788444248757207644e-01 9.501054631514584958e-01
9.789202102263137029e-01 9.500478695683165498e-01
9.789957748864693832e-01 9.499906025522946162e-01
9.790711190146775822e-01 9.499336596852968606e-01
9.791462427760155851e-01 9.498770385710108011e-01
9.792211463420462669e-01 9.498207368346912594e-01
9.792958298907159520e-01 9.497647521229466427e-01
9.793702936062548270e-01 9.497090821035266694e-01
9.794445376790779090e-01 9.496537244651132026e-01
9.795185623056874569e-01 9.495986769171128605e-01
9.795923676885761600e-01 9.495439371894512925e-01
9.796659540361318808e-01 9.494895030323701191e-01
9.797393215625438412e-01 9.494353722162263143e-01
9.798124704877088087e-01 9.493815425312924772e-01
9.798854010371398360e-01 9.493280117875604329e-01
9.799581134418751116e-01 9.492747778145458337e-01
9.800306079383884761e-01 9.492218384610954240e-01
9.801028847685006040e-01 9.491691915951963043e-01
9.801749441792915185e-01 9.491168351037866380e-01
9.802467864230142158e-01 9.490647668925684677e-01
9.803184117570091782e-01 9.490129848858229744e-01
9.803898204436199970e-01 9.489614870262270685e-01
9.804610127501099948e-01 9.489102712746720902e-01
9.805319889485800688e-01 9.488593356100843978e-01
9.806027493158872010e-01 9.488086780292472877e-01
9.806732941335640774e-01 9.487582965466260232e-01
9.807436236877402624e-01 9.487081891941929745e-01
9.808137382690630401e-01 9.486583540212560894e-01
9.808836381726204756e-01 9.486087890942880296e-01
9.809533236978652537e-01 9.485594924967576391e-01
9.810227951485384068e-01 9.485104623289630776e-01
9.810920528325952628e-01 9.484616967078662864e-01
9.811610970621320593e-01 9.484131937669296741e-01
9.812299281533121142e-01 9.483649516559541359e-01
9.812985464262953261e-01 9.483169685409191807e-01
9.813669522051661209e-01 9.482692426038237254e-01
9.814351458178638410e-01 9.482217720425297758e-01
9.815031275961134671e-01 9.481745550706067727e-01
9.815708978753573399e-01 9.481275899171778265e-01
9.816384569946873251e-01 9.480808748267678387e-01
9.817058052967785331e-01 9.480344080591524003e-01
9.817729431278230390e-01 9.479881878892096880e-01
9.818398708374651562e-01 9.479422126067714727e-01
9.819065887787371549e-01 9.478964805164787899e-01
9.819730973079957570e-01 9.478509899376358350e-01
9.820393967848596306e-01 9.478057392040681872e-01
9.821054875721469957e-01 9.477607266639803685e-01
9.821713700358155608e-01 9.477159506798163990e-01
9.822370445449009058e-01 9.476714096281204647e-01
9.823025114714583061e-01 9.476271018994000261e-01
9.823677711905027810e-01 9.475830258979901499e-01
9.824328240799514722e-01 9.475391800419181720e-01
9.824976705205665795e-01 9.474955627627718036e-01
9.825623108958978502e-01 9.474521725055664589e-01
9.826267455922277350e-01 9.474090077286152489e-01
9.826909749985153208e-01 9.473660669033998616e-01
9.827549995063421528e-01 9.473233485144427757e-01
9.828188195098584989e-01 9.472808510591810283e-01
9.828824354057298374e-01 9.472385730478406485e-01
9.829458475930848982e-01 9.471965130033133118e-01
9.830090564734633718e-01 9.471546694610333272e-01
9.830720624507649497e-01 9.471130409688568452e-01
9.831348659311988092e-01 9.470716260869407321e-01
9.831974673232337647e-01 9.470304233876247757e-01
9.832598670375489736e-01 9.469894314553135573e-01
9.833220654869853083e-01 9.469486488863597673e-01
9.833840630864973953e-01 9.469080742889495195e-01
9.834458602531064297e-01 9.468677062829875535e-01
9.835074574058529917e-01 9.468275434999847695e-01
9.835688549657514157e-01 9.467875845829465398e-01
9.836300533557434944e-01 9.467478281862613532e-01
9.836910530006544029e-01 9.467082729755922355e-01
9.837518543271475124e-01 9.466689176277677253e-01
9.838124577636808699e-01 9.466297608306747380e-01
9.838728637404638988e-01 9.465908012831524276e-01
9.839330726894145451e-01 9.465520376948869385e-01
9.839930850441175325e-01 9.465134687863073770e-01
9.840529012397822850e-01 9.464750932884831158e-01
9.841125217132019598e-01 9.464369099430213206e-01
9.841719469027129241e-01 9.463989175019664746e-01
9.842311772481546761e-01 9.463611147277002367e-01
9.842902131908308760e-01 9.463235003928428535e-01
9.843490551734693783e-01 9.462860732801550157e-01
9.844077036401845948e-01 9.462488321824410464e-01
9.844661590364393033e-01 9.462117759024534225e-01
9.845244218090067889e-01 9.461749032527971837e-01
9.845824924059344285e-01 9.461382130558364523e-01
9.846403712765067207e-01 9.461017041436011743e-01
9.846980588712097582e-01 9.460653753576956371e-01
9.847555556416951461e-01 9.460292255492066538e-01
9.848128620407453626e-01 9.459932535786138574e-01
9.848699785222391201e-01 9.459574583157001060e-01
9.849269055411167262e-01 9.459218386394635525e-01
9.849836435533471102e-01 9.458863934380293825e-01
9.850401930158938502e-01 9.458511216085644380e-01
9.850965543866830876e-01 9.458160220571903976e-01
9.851527281245705536e-01 9.457810936988993999e-01
9.852087146893102609e-01 9.457463354574703329e-01
9.852645145415220851e-01 9.457117462653851225e-01
9.853201281426616776e-01 9.456773250637470207e-01
9.853755559549890464e-01 9.456430708021986709e-01
9.854307984415386912e-01 9.456089824388420606e-01
9.854858560660897382e-01 9.455750589401580308e-01
9.855407292931362973e-01 9.455412992809278938e-01
9.855954185878588181e-01 9.455077024441547184e-01
9.856499244160947804e-01 9.454742674209861697e-01
9.857042472443110492e-01 9.454409932106380143e-01
9.857583875395757866e-01 9.454078788203182926e-01
9.858123457695309177e-01 9.453749232651517120e-01
9.858661224023647085e-01 9.453421255681059288e-01
9.859197179067858974e-01 9.453094847599176065e-01
9.859731327519962729e-01 9.452769998790198080e-01
9.860263674076656937e-01 9.452446699714696088e-01
9.860794223439053319e-01 9.452124940908771533e-01
9.861322980312430264e-01 9.451804712983346013e-01
9.861849949405984139e-01 9.451486006623462943e-01
9.862375135432580597e-01 9.451168812587597001e-01
9.862898543108511440e-01 9.450853121706969118e-01
9.863420177153257029e-01 9.450538924884862579e-01
9.863940042289249810e-01 9.450226213095956895e-01
9.864458143241642274e-01 9.449914977385662773e-01
9.864974484738076033e-01 9.449605208869462647e-01
9.865489071508457553e-01 9.449296898732255645e-01
9.866001908284732780e-01 9.448990038227720323e-01
9.866512999800670647e-01 9.448684618677670732e-01
9.867022350791642138e-01 9.448380631471423596e-01
9.867529965994411567e-01 9.448078068065176582e-01
9.868035850146922305e-01 9.447776919981386579e-01
9.868540007988091389e-01 9.447477178808155740e-01
9.869042444257601909e-01 9.447178836198627527e-01
9.869543163695705390e-01 9.446881883870381635e-01
9.870042171043019730e-01 9.446586313604841134e-01
9.870539471040336021e-01 9.446292117246687381e-01
9.871035068428424264e-01 9.445999286703268272e-01
9.871528967947841293e-01 9.445707813944028697e-01
9.872021174338745375e-01 9.445417690999935445e-01
9.872511692340709688e-01 9.445128909962915431e-01
9.873000526692546908e-01 9.444841462985287261e-01
9.873487682132119359e-01 9.444555342279218335e-01
9.873973163396168040e-01 9.444270540116167512e-01
9.874456975220139432e-01 9.443987048826344433e-01
9.874939122338012298e-01 9.443704860798168843e-01
9.875419609482127825e-01 9.443423968477746566e-01
9.875898441383023085e-01 9.443144364368331045e-01
9.876375622769271168e-01 9.442866041029812640e-01
9.876851158367312422e-01 9.442588991078189053e-01
9.877325052901302360e-01 9.442313207185066837e-01
9.877797311092950672e-01 9.442038682077144029e-01
9.878267937661368014e-01 9.441765408535718329e-01
9.878736937322915024e-01 9.441493379396184160e-01
9.879204314791049102e-01 9.441222587547540845e-01
9.879670074776180089e-01 9.440953025931912990e-01
9.880134221985525933e-01 9.440684687544060871e-01
9.880596761122968363e-01 9.440417565430907487e-01
9.881057696888909669e-01 9.440151652691065598e-01
9.881517033980138365e-01 9.439886942474372544e-01
9.881974777089691520e-01 9.439623427981420623e-01
9.882430930906717093e-01 9.439361102463109665e-01
9.882885500116347366e-01 9.439099959220184077e-01
9.883338489399565718e-01 9.438839991602786528e-01
9.883789903433076729e-01 9.438581193010014969e-01
9.884239746889184053e-01 9.438323556889481880e-01
9.884688024435663856e-01 9.438067076736876837e-01
9.885134740735643799e-01 9.437811746095534637e-01
9.885579900447482027e-01 9.437557558556012305e-01
9.886023508224650591e-01 9.437304507755663874e-01
9.886465568715619989e-01 9.437052587378215174e-01
9.886906086563738150e-01 9.436801791153360819e-01
9.887345066407126071e-01 9.436552112856344543e-01
9.887782512878565688e-01 9.436303546307556189e-01
9.888218430605384413e-01 9.436056085372128699e-01
9.888652824209356318e-01 9.435809723959540651e-01
9.889085698306593342e-01 9.435564456023218805e-01
9.889517057507442033e-01 9.435320275560155068e-01
9.889946906416378081e-01 9.435077176610506822e-01
9.890375249631915278e-01 9.434835153257227214e-01
9.890802091746496716e-01 9.434594199625674360e-01
9.891227437346404860e-01 9.434354309883246081e-01
9.891651291011664959e-01 9.434115478239003538e-01
9.892073657315950674e-01 9.433877698943300416e-01
9.892494540826491933e-01 9.433640966287424323e-01
9.892913946103986111e-01 9.433405274603231527e-01
9.893331877702510324e-01 9.433170618262790574e-01
9.893748340169427058e-01 9.432936991678029237e-01
9.894163338045312006e-01 9.432704389300385905e-01
9.894576875863855259e-01 9.432472805620458756e-01
9.894988958151788028e-01 9.432242235167664912e-01
9.895399589428798270e-01 9.432012672509901829e-01
9.895808774207455194e-01 9.431784112253206454e-01
9.896216516993123768e-01 9.431556549041422155e-01
9.896622822283892562e-01 9.431329977555875654e-01
9.897027694570494916e-01 9.431104392515040624e-01
9.897431138336243439e-01 9.430879788674219055e-01
9.897833158056946745e-01 9.430656160825221512e-01
9.898233758200843946e-01 9.430433503796046280e-01
9.898632943228534709e-01 9.430211812450568498e-01
9.899030717592905981e-01 9.429991081688225973e-01
9.899427085739072041e-01 9.429771306443713863e-01
9.899822052104302328e-01 9.429552481686674925e-01
9.900215621117960385e-01 9.429334602421405309e-01
9.900607797201437243e-01 9.429117663686549244e-01
9.900998584768090360e-01 9.428901660554798170e-01
9.901387988223183667e-01 9.428686588132612068e-01
9.901776011963827617e-01 9.428472441559915262e-01
9.902162660378918124e-01 9.428259216009812205e-01
9.902547937849081050e-01 9.428046906688307693e-01
9.902931848746616694e-01 9.427835508834017109e-01
9.903314397435442062e-01 9.427625017717894407e-01
9.903695588271040906e-01 9.427415428642949013e-01
9.904075425600404881e-01 9.427206736943976040e-01
9.904453913761986916e-01 9.426998937987282057e-01
9.904831057085647927e-01 9.426792027170420862e-01
9.905206859892609073e-01 9.426585999921922587e-01
9.905581326495399574e-01 9.426380851701031682e-01
9.905954461197813421e-01 9.426176577997447126e-01
9.906326268294859405e-01 9.425973174331063742e-01
9.906696752072721157e-01 9.425770636251715739e-01
9.907065916808702744e-01 9.425568959338923580e-01
9.907433766771198691e-01 9.425368139201640849e-01
9.907800306219636255e-01 9.425168171478010004e-01
9.908165539404447664e-01 9.424969051835110356e-01
9.908529470567021269e-01 9.424770775968723813e-01
9.908892103939666018e-01 9.424573339603082855e-01
9.909253443745568157e-01 9.424376738490636285e-01
9.909613494198761252e-01 9.424180968411813852e-01
9.909972259504079561e-01 9.423986025174789782e-01
9.910329743857132501e-01 9.423791904615249626e-01
9.910685951444262454e-01 9.423598602596163776e-01
9.911040886442509246e-01 9.423406115007554318e-01
9.911394553019585718e-01 9.423214437766276319e-01
9.911746955333835540e-01 9.423023566815786900e-01
9.912098097534209895e-01 9.422833498125928742e-01
9.912447983760229731e-01 9.422644227692710261e-01
9.912796618141959115e-01 9.422455751538089119e-01
9.913144004799979703e-01 9.422268065709754614e-01
9.913490147845355205e-01 9.422081166280916742e-01
9.913835051379605856e-01 9.421895049350096363e-01
9.914178719494688430e-01 9.421709711040910928e-01
9.914521156272961822e-01 9.421525147501876862e-01
9.914862365787164844e-01 9.421341354906196397e-01
9.915202352100396244e-01 9.421158329451554403e-01
9.915541119266080283e-01 9.420976067359927431e-01
9.915878671327955640e-01 9.420794564877372768e-01
9.916215012320045430e-01 9.420613818273838591e-01
9.916550146266640553e-01 9.420433823842966348e-01
9.916884077182271939e-01 9.420254577901895354e-01
9.917216809071701666e-01 9.420076076791072950e-01
9.917548345929889653e-01 9.419898316874069089e-01
9.917878691741985886e-01 9.419721294537380940e-01
9.918207850483310439e-01 9.419545006190248593e-01
9.918535826119327936e-01 9.419369448264475198e-01
9.918862622605643109e-01 9.419194617214237120e-01
9.919188243887973044e-01 9.419020509515911854e-01
9.919512693902142741e-01 9.418847121667890399e-01
9.919835976574057357e-01 9.418674450190404057e-01
9.920158095819701094e-01 9.418502491625346806e-01
9.920479055545114999e-01 9.418331242536103209e-01
9.920798859646384749e-01 9.418160699507374112e-01
9.921117512009632877e-01 9.417990859145006777e-01
9.921435016511001015e-01 9.417821718075822801e-01
9.921751377016641005e-01 9.417653272947454912e-01
9.922066597382707132e-01 9.417485520428179324e-01
9.922380681455340579e-01 9.417318457206745874e-01
9.922693633070661656e-01 9.417152079992223701e-01
9.923005456054762030e-01 9.416986385513835822e-01
9.923316154223695840e-01 9.416821370520794821e-01
9.923625731383470816e-01 9.416657031782150744e-01
9.923934191330039400e-01 9.416493366086632344e-01
9.924241537849295414e-01 9.416330370242490533e-01
9.924547774717064064e-01 9.416168041077345174e-01
9.924852905699096395e-01 9.416006375438029652e-01
9.925156934551067067e-01 9.415845370190443209e-01
9.925459865018563255e-01 9.415685022219401068e-01
9.925761700837086865e-01 9.415525328428485663e-01
9.926062445732046768e-01 9.415366285739895647e-01
9.926362103418753247e-01 9.415207891094306003e-01
9.926660677602419103e-01 9.415050141450721499e-01
9.926958171978153000e-01 9.414893033786331245e-01
9.927254590230960574e-01 9.414736565096372134e-01
9.927549936035739986e-01 9.414580732393983409e-01
9.927844213057283040e-01 9.414425532710072320e-01
9.928137424950271850e-01 9.414270963093170907e-01
9.928429575359278836e-01 9.414117020609306108e-01
9.928720667918767839e-01 9.413963702341858752e-01
9.929010706253093010e-01 9.413811005391435893e-01
9.929299693976499919e-01 9.413658926875730915e-01
9.929587634693124443e-01 9.413507463929394747e-01
9.929874531996999432e-01 9.413356613703911524e-01
9.930160389472052485e-01 9.413206373367458690e-01
9.930445210692108171e-01 9.413056740104788211e-01
9.930728999220891362e-01 9.412907711117097787e-01
9.931011758612032780e-01 9.412759283621900952e-01
9.931293492409065671e-01 9.412611454852908288e-01
9.931574204145438012e-01 9.412464222059901964e-01
9.931853897344508075e-01 9.412317582508611391e-01
9.932132575519556639e-01 9.412171533480596652e-01
9.932410242173785875e-01 9.412026072273126376e-01
9.932686900800326013e-01 9.411881196199057831e-01
9.932962554882243111e-01 9.411736902586721465e-01
9.933237207892541276e-01 9.411593188779803221e-01
9.933510863294170434e-01 9.411450052137229072e-01
9.933783524540034104e-01 9.411307490033051781e-01
9.934055195072990507e-01 9.411165499856333216e-01
9.934325878325868109e-01 9.411024079011037768e-01
9.934595577721462289e-01 9.410883224915920220e-01
9.934864296672556438e-01 9.410742935004408061e-01
9.935132038581916403e-01 9.410603206724499348e-01
9.935398806842307140e-01 9.410464037538657234e-01
9.935664604836494940e-01 9.410325424923690063e-01
9.935929435937265186e-01 9.410187366370659223e-01
9.936193303507421248e-01 9.410049859384763682e-01
9.936456210899798913e-01 9.409912901485240067e-01
9.936718161457277487e-01 9.409776490205257193e-01
9.936979158512784238e-01 9.409640623091817258e-01
9.937239205389311048e-01 9.409505297705645921e-01
9.937498305399915521e-01 9.409370511621102384e-01
9.937756461847744305e-01 9.409236262426070585e-01
9.938013678026031972e-01 9.409102547721862608e-01
9.938269957218117678e-01 9.408969365123124318e-01
9.938525302697457375e-01 9.408836712257734325e-01
9.938779717727629359e-01 9.408704586766708511e-01
9.939033205562355366e-01 9.408572986304103436e-01
9.939285769445503904e-01 9.408441908536925302e-01
9.939537412611106904e-01 9.408311351145033363e-01
9.939788138283370822e-01 9.408181311821045556e-01
9.940037949676687745e-01 9.408051788270249682e-01
9.940286849995655372e-01 9.407922778210512371e-01
9.940534842435078122e-01 9.407794279372183599e-01
9.940781930179993786e-01 9.407666289498013423e-01
9.941028116405672410e-01 9.407538806343056503e-01
9.941273404277642944e-01 9.407411827674592164e-01
9.941517796951698793e-01 9.407285351272028917e-01
9.941761297573917799e-01 9.407159374926824524e-01
9.942003909280671126e-01 9.407033896442393850e-01
9.942245635198642129e-01 9.406908913634027813e-01
9.942486478444835241e-01 9.406784424328811234e-01
9.942726442126598174e-01 9.406660426365534011e-01
9.942965529341629694e-01 9.406536917594611191e-01
9.943203743178001819e-01 9.406413895878001918e-01
9.943441086714166488e-01 9.406291359089123949e-01
9.943677563018979981e-01 9.406169305112780377e-01
9.943913175151711803e-01 9.406047731845073034e-01
9.944147926162062445e-01 9.405926637193321449e-01
9.944381819090182262e-01 9.405806019075996227e-01
9.944614856966683680e-01 9.405685875422626907e-01
9.944847042812658966e-01 9.405566204173734235e-01
9.945078379639696875e-01 9.405447003280748008e-01
9.945308870449897087e-01 9.405328270705937133e-01
9.945538518235890191e-01 9.405210004422329684e-01
9.945767325980852114e-01 9.405092202413640745e-01
9.945995296658522999e-01 9.404974862674196912e-01
9.946222433233220528e-01 9.404857983208863015e-01
9.946448738659861011e-01 9.404741562032972180e-01
9.946674215883976045e-01 9.404625597172251439e-01
9.946898867841728054e-01 9.404510086662750679e-01
9.947122697459928053e-01 9.404395028550773805e-01
9.947345707656057856e-01 9.404280420892804360e-01
9.947567901338280061e-01 9.404166261755442235e-01
9.947789281405463591e-01 9.404052549215329293e-01
9.948009850747197014e-01 9.403939281359081637e-01
9.948229612243808528e-01 9.403826456283227442e-01
9.948448568766381506e-01 9.403714072094131460e-01
9.948666723176780025e-01 9.403602126907936176e-01
9.948884078327657754e-01 9.403490618850489646e-01
9.949100637062484598e-01 9.403379546057283322e-01
9.949316402215558908e-01 9.403268906673387661e-01
9.949531376612031908e-01 9.403158698853386621e-01
9.949745563067925458e-01 9.403048920761311047e-01
9.949958964390145377e-01 9.402939570570584271e-01
9.950171583376509199e-01 9.402830646463947728e-01
9.950383422815756163e-01 9.402722146633405442e-01
9.950594485487574969e-01 9.402614069280164077e-01
9.950804774162619326e-01 9.402506412614567433e-01
9.951014291602525708e-01 9.402399174856038711e-01
9.951223040559934452e-01 9.402292354233018346e-01
9.951431023778509743e-01 9.402185948982905161e-01
9.951638243992960708e-01 9.402079957351997530e-01
9.951844703929056957e-01 9.401974377595435639e-01
9.952050406303653007e-01 9.401869207977142651e-01
9.952255353824703832e-01 9.401764446769764749e-01
9.952459549191287058e-01 9.401660092254618961e-01
9.952662995093625176e-01 9.401556142721630982e-01
9.952865694213101078e-01 9.401452596469284106e-01
9.953067649222280266e-01 9.401349451804560386e-01
9.953268862784930837e-01 9.401246707042887341e-01
9.953469337556047902e-01 9.401144360508078002e-01
9.953669076181865805e-01 9.401042410532286508e-01
9.953868081299883652e-01 9.400940855455942602e-01
9.954066355538886413e-01 9.400839693627706106e-01
9.954263901518962676e-01 9.400738923404413638e-01
9.954460721851527971e-01 9.400638543151019766e-01
9.954656819139340307e-01 9.400538551240553709e-01
9.954852195976527929e-01 9.400438946054062717e-01
9.955046854948604862e-01 9.400339725980556560e-01
9.955240798632494226e-01 9.400240889416967560e-01
9.955434029596545997e-01 9.400142434768089528e-01
9.955626550400562547e-01 9.400044360446532243e-01
9.955818363595814180e-01 9.399946664872675939e-01
9.956009471725062454e-01 9.399849346474613565e-01
9.956199877322585712e-01 9.399752403688109714e-01
9.956389582914191294e-01 9.399655834956546219e-01
9.956578591017241076e-01 9.399559638730877742e-01
9.956766904140675889e-01 9.399463813469582929e-01
9.956954524785029959e-01 9.399368357638621108e-01
9.957141455442456435e-01 9.399273269711373446e-01
9.957327698596748489e-01 9.399178548168614089e-01
9.957513256723355966e-01 9.399084191498449092e-01
9.957698132289415360e-01 9.398990198196280899e-01
9.957882327753758700e-01 9.398896566764752825e-01
9.958065845566950181e-01 9.398803295713713535e-01
9.958248688171292828e-01 9.398710383560168191e-01
9.958430858000858477e-01 9.398617828828236265e-01
9.958612357481505528e-01 9.398525630049101576e-01
9.958793189030903381e-01 9.398433785760976766e-01
9.958973355058552412e-01 9.398342294509055561e-01
9.959152857965801742e-01 9.398251154845471689e-01
9.959331700145875876e-01 9.398160365329255583e-01
9.959509883983895806e-01 9.398069924526289975e-01
9.959687411856895656e-01 9.397979831009269924e-01
9.959864286133849332e-01 9.397890083357666180e-01
9.960040509175690504e-01 9.397800680157675224e-01
9.960216083335331483e-01 9.397711620002182631e-01
9.960391010957688751e-01 9.397622901490724212e-01
9.960565294379700729e-01 9.397534523229444936e-01
9.960738935930353311e-01 9.397446483831055630e-01
9.960911937930696514e-01 9.397358781914796344e-01
9.961084302693872239e-01 9.397271416106396380e-01
9.961256032525129811e-01 9.397184385038038767e-01
9.961427129721850404e-01 9.397097687348314743e-01
9.961597596573568136e-01 9.397011321682190443e-01
9.961767435361993384e-01 9.396925286690968049e-01
9.961936648361030544e-01 9.396839581032244704e-01
9.962105237836802463e-01 9.396754203369881431e-01
9.962273206047672636e-01 9.396669152373959832e-01
9.962440555244262974e-01 9.396584426720748784e-01
9.962607287669480449e-01 9.396500025092666686e-01
9.962773405558534856e-01 9.396415946178243717e-01
9.962938911138959908e-01 9.396332188672086305e-01
9.963103806630639880e-01 9.396248751274847155e-01
9.963268094245825157e-01 9.396165632693181946e-01
9.963431776189157763e-01 9.396082831639713806e-01
9.963594854657690236e-01 9.396000346833007777e-01
9.963757331840910059e-01 9.395918176997523075e-01
9.963919209920757414e-01 9.395836320863591995e-01
9.964080491071650725e-01 9.395754777167375504e-01
9.964241177460505527e-01 9.395673544650834375e-01
9.964401271246756675e-01 9.395592622061692545e-01
9.964560774582381653e-01 9.395512008153408257e-01
9.964719689611917230e-01 9.395431701685136305e-01
9.964878018472485000e-01 9.395351701421698065e-01
9.965035763293814686e-01 9.395272006133545961e-01
9.965192926198258583e-01 9.395192614596735714e-01
9.965349509300820419e-01 9.395113525592888593e-01
9.965505514709172008e-01 9.395034737909165878e-01
9.965660944523676568e-01 9.394956250338230008e-01
9.965815800837409810e-01 9.394878061678219039e-01
9.965970085736181039e-01 9.394800170732711120e-01
9.966123801298553131e-01 9.394722576310700068e-01
9.966276949595866963e-01 9.394645277226555402e-01
9.966429532692264726e-01 9.394568272299999023e-01
9.966581552644698805e-01 9.394491560356073023e-01
9.966733011502970641e-01 9.394415140225108596e-01
9.966883911309738497e-01 9.394339010742698282e-01
9.967034254100544111e-01 9.394263170749661551e-01
9.967184041903834890e-01 9.394187619092022601e-01
9.967333276740981685e-01 9.394112354620974825e-01
9.967481960626303206e-01 9.394037376192857502e-01
9.967630095567084902e-01 9.393962682669121378e-01
9.967777683563598945e-01 9.393888272916303128e-01
9.967924726609133090e-01 9.393814145805998717e-01
9.968071226689999564e-01 9.393740300214831196e-01
9.968217185785566148e-01 9.393666735024425174e-01
9.968362605868272830e-01 9.393593449121382388e-01
9.968507488903652902e-01 9.393520441397246179e-01
9.968651836850355163e-01 9.393447710748480395e-01
9.968795651660165014e-01 9.393375256076442747e-01
9.968938935278022218e-01 9.393303076287352615e-01
9.969081689642047550e-01 9.393231170292268839e-01
9.969223916683557229e-01 9.393159537007061965e-01
9.969365618327087342e-01 9.393088175352387603e-01
9.969506796490417155e-01 9.393017084253661997e-01
9.969647453084583555e-01 9.392946262641034272e-01
9.969787590013907685e-01 9.392875709449358679e-01
9.969927209176010496e-01 9.392805423618174610e-01
9.970066312461840496e-01 9.392735404091675511e-01
9.970204901755682636e-01 9.392665649818687790e-01
9.970342978935193834e-01 9.392596159752645280e-01
9.970480545871410749e-01 9.392526932851558152e-01
9.970617604428779757e-01 9.392457968077999597e-01
9.970754156465170270e-01 9.392389264399072513e-01
9.970890203831900278e-01 9.392320820786385083e-01
9.971025748373752995e-01 9.392252636216035233e-01
9.971160791928999068e-01 9.392184709668576215e-01
9.971295336329421000e-01 9.392117040128997729e-01
9.971429383400325364e-01 9.392049626586703726e-01
9.971562934960568336e-01 9.391982468035486864e-01
9.971695992822576793e-01 9.391915563473501871e-01
9.971828558792361630e-01 9.391848911903248887e-01
9.971960634669551071e-01 9.391782512331549038e-01
9.972092222247397331e-01 9.391716363769517795e-01
9.972223323312802146e-01 9.391650465232542766e-01
9.972353939646341203e-01 9.391584815740267045e-01
9.972484073022276352e-01 9.391519414316560344e-01
9.972613725208581137e-01 9.391454259989499009e-01
9.972742897966957454e-01 9.391389351791344930e-01
9.972871593052858863e-01 9.391324688758522221e-01
9.972999812215508353e-01 9.391260269931598348e-01
9.973127557197919435e-01 9.391196094355257484e-01
9.973254829736912797e-01 9.391132161078280527e-01
9.973381631563139615e-01 9.391068469153530662e-01
9.973507964401101544e-01 9.391005017637922281e-01
9.973633829969170694e-01 9.390941805592404323e-01
9.973759229979602958e-01 9.390878832081942518e-01
9.973884166138564655e-01 9.390816096175493843e-01
9.974008640146152516e-01 9.390753596945985437e-01
9.974132653696408113e-01 9.390691333470300162e-01
9.974256208477338959e-01 9.390629304829248847e-01
9.974379306170944037e-01 9.390567510107556970e-01
9.974501948453222688e-01 9.390505948393839120e-01
9.974624136994202361e-01 9.390444618780582342e-01
9.974745873457956380e-01 9.390383520364126158e-01
9.974867159502621705e-01 9.390322652244639245e-01
9.974987996780415589e-01 9.390262013526105012e-01
9.975108386937662219e-01 9.390201603316300494e-01
9.975228331614806043e-01 9.390141420726774157e-01
9.975347832446430640e-01 9.390081464872832573e-01
9.975466891061283148e-01 9.390021734873514880e-01
9.975585509082286473e-01 9.389962229851579467e-01
9.975703688126567048e-01 9.389902948933481763e-01
9.975821429805464824e-01 9.389843891249356478e-01
9.975938735724555473e-01 9.389785055932999835e-01
9.976055607483671483e-01 9.389726442121849592e-01
9.976172046676918814e-01 9.389668048956970603e-01
9.976288054892697987e-01 9.389609875583030396e-01
9.976403633713718522e-01 9.389551921148288072e-01
9.976518784717022248e-01 9.389494184804570986e-01
9.976633509474002182e-01 9.389436665707258101e-01
9.976747809550412516e-01 9.389379363015264435e-01
9.976861686506401927e-01 9.389322275891023306e-01
9.976975141896518018e-01 9.389265403500467455e-01
9.977088177269736180e-01 9.389208745013010171e-01
9.977200794169470699e-01 9.389152299601531970e-01
9.977312994133598067e-01 9.389096066442361721e-01
9.977424778694472529e-01 9.389040044715256661e-01
9.977536149378948283e-01 9.388984233603392404e-01
9.977647107708390584e-01 9.388928632293338516e-01
9.977757655198702391e-01 9.388873239975048524e-01
9.977867793360336579e-01 9.388818055841834376e-01
9.977977523698318141e-01 9.388763079090364227e-01
9.978086847712257512e-01 9.388708308920631351e-01
9.978195766896373886e-01 9.388653744535947476e-01
9.978304282739509645e-01 9.388599385142920584e-01
9.978412396725151456e-01 9.388545229951443805e-01
9.978520110331443593e-01 9.388491278174675436e-01
9.978627425031212361e-01 9.388437529029025619e-01
9.978734342291976089e-01 9.388383981734141903e-01
9.978840863575969555e-01 9.388330635512888156e-01
9.978946990340157308e-01 9.388277489591335678e-01
9.979052724036256983e-01 9.388224543198741001e-01
9.979158066110749292e-01 9.388171795567539224e-01
9.979263018004903563e-01 9.388119245933317369e-01
9.979367581154786615e-01 9.388066893534809942e-01
9.979471756991290521e-01 9.388014737613878946e-01
9.979575546940142594e-01 9.387962777415496118e-01
9.979678952421924265e-01 9.387911012187732940e-01
9.979781974852088844e-01 9.387859441181745090e-01
9.979884615640979284e-01 9.387808063651756907e-01
9.979986876193848166e-01 9.387756878855044729e-01
9.980088757910869912e-01 9.387705886051925797e-01
9.980190262187160766e-01 9.387655084505740488e-01
9.980291390412795449e-01 9.387604473482842327e-01
9.980392143972824925e-01 9.387554052252580217e-01
9.980492524247290831e-01 9.387503820087284012e-01
9.980592532611249901e-01 9.387453776262251193e-01
9.980692170434779520e-01 9.387403920055734652e-01
9.980791439083004368e-01 9.387354250748929374e-01
9.980890339916109744e-01 9.387304767625952451e-01
9.980988874289358215e-01 9.387255469973836419e-01
9.981087043553104055e-01 9.387206357082510388e-01
9.981184849052816555e-01 9.387157428244790047e-01
9.981282292129091127e-01 9.387108682756364342e-01
9.981379374117668180e-01 9.387060119915778822e-01
9.981476096349448657e-01 9.387011739024423429e-01
9.981572460150509585e-01 9.386963539386520283e-01
9.981668466842127385e-01 9.386915520309112582e-01
9.981764117740783426e-01 9.386867681102045724e-01
9.981859414158189558e-01 9.386820021077956211e-01
9.981954357401298106e-01 9.386772539552267203e-01
9.982048948772326291e-01 9.386725235843158544e-01
9.982143189568762898e-01 9.386678109271572312e-01
9.982237081083392694e-01 9.386631159161186178e-01
9.982330624604306424e-01 9.386584384838411177e-01
9.982423821414921905e-01 9.386537785632369513e-01
9.982516672793994017e-01 9.386491360874887890e-01
9.982609180015639128e-01 9.386445109900484196e-01
9.982701344349345085e-01 9.386399032046356394e-01
9.982793167059987871e-01 9.386353126652366985e-01
9.982884649407850475e-01 9.386307393061034121e-01
9.982975792648632885e-01 9.386261830617514956e-01
9.983066598033475403e-01 9.386216438669601203e-01
9.983157066808969748e-01 9.386171216567695819e-01
9.983247200217175710e-01 9.386126163664813005e-01
9.983336999495636688e-01 9.386081279316558224e-01
9.983426465877397460e-01 9.386036562881120426e-01
9.983515600591016392e-01 9.385992013719260951e-01
9.983604404860580983e-01 9.385947631194295759e-01
9.983692879905728956e-01 9.385903414672089884e-01
9.983781026941658254e-01 9.385859363521044108e-01
9.983868847179142580e-01 9.385815477112086080e-01
9.983956341824550274e-01 9.385771754818650336e-01
9.984043512079854299e-01 9.385728196016679403e-01
9.984130359142655564e-01 9.385684800084602708e-01
9.984216884206188469e-01 9.385641566403326586e-01
9.984303088459347553e-01 9.385598494356230947e-01
9.984388973086689711e-01 9.385555583329148188e-01
9.984474539268457516e-01 9.385512832710357634e-01
9.984559788180596973e-01 9.385470241890573329e-01
9.984644720994763079e-01 9.385427810262934045e-01
9.984729338878339799e-01 9.385385537222989960e-01
9.984813642994458949e-01 9.385343422168694882e-01
9.984897634502009067e-01 9.385301464500394042e-01
9.984981314555649856e-01 9.385259663620815207e-01
9.985064684305834382e-01 9.385218018935053141e-01
9.985147744898814626e-01 9.385176529850565164e-01
9.985230497476662581e-01 9.385135195777158934e-01
9.985312943177284684e-01 9.385094016126976912e-01
9.985395083134430694e-01 9.385052990314493027e-01
9.985476918477715902e-01 9.385012117756497130e-01
9.985558450332628899e-01 9.384971397872092780e-01
9.985639679820549341e-01 9.384930830082673925e-01
9.985720608058763492e-01 9.384890413811929344e-01
9.985801236160478656e-01 9.384850148485819332e-01
9.985881565234833168e-01 9.384810033532575702e-01
9.985961596386915273e-01 9.384770068382686237e-01
9.986041330717775333e-01 9.384730252468886924e-01
9.986120769324440261e-01 9.384690585226150850e-01
9.986199913299926845e-01 9.384651066091681537e-01
9.986278763733259511e-01 9.384611694504897406e-01
9.986357321709482537e-01 9.384572469907427328e-01
9.986435588309670042e-01 9.384533391743099529e-01
9.986513564610944860e-01 9.384494459457931592e-01
9.986591251686490756e-01 9.384455672500118251e-01
9.986668650605567965e-01 9.384417030320028053e-01
9.986745762433523188e-01 9.384378532370187820e-01
9.986822588231809572e-01 9.384340178105279318e-01
9.986899129057992264e-01 9.384301966982121490e-01
9.986975385965770613e-01 9.384263898459670461e-01
9.987051360004985945e-01 9.384225971999003990e-01
9.987127052221639323e-01 9.384188187063311481e-01
9.987202463657899321e-01 9.384150543117893983e-01
9.987277595352120896e-01 9.384113039630144204e-01
9.987352448338859823e-01 9.384075676069542071e-01
9.987427023648881574e-01 9.384038451907644740e-01
9.987501322309177976e-01 9.384001366618083262e-01
9.987575345342977196e-01 9.383964419676543711e-01
9.987649093769760400e-01 9.383927610560764965e-01
9.987722568605276185e-01 9.383890938750529820e-01
9.987795770861549460e-01 9.383854403727655002e-01
9.987868701546898098e-01 9.383818004975980065e-01
9.987941361665945150e-01 9.383781741981361835e-01
9.988013752219628838e-01 9.383745614231665533e-01
9.988085874205222536e-01 9.383709621216754782e-01
9.988157728616341435e-01 9.383673762428483833e-01
9.988229316442960304e-01 9.383638037360689799e-01
9.988300638671421261e-01 9.383602445509182655e-01
9.988371696284451540e-01 9.383566986371737473e-01
9.988442490261174589e-01 9.383531659448087758e-01
9.988513021577121176e-01 9.383496464239913237e-01
9.988583291204243819e-01 9.383461400250834306e-01
9.988653300110933442e-01 9.383426466986404257e-01
9.988723049262022702e-01 9.383391663954101514e-01
9.988792539618808197e-01 9.383356990663316299e-01
9.988861772139054906e-01 9.383322446625349533e-01
9.988930747777019503e-01 9.383288031353400616e-01
9.988999467483449246e-01 9.383253744362559656e-01
9.989067932205606404e-01 9.383219585169801924e-01
9.989136142887272696e-01 9.383185553293977854e-01
9.989204100468768166e-01 9.383151648255803057e-01
9.989271805886957845e-01 9.383117869577854986e-01
9.989339260075267291e-01 9.383084216784562948e-01
9.989406463963694804e-01 9.383050689402200328e-01
9.989473418478821420e-01 9.383017286958873493e-01
9.989540124543827559e-01 9.382984008984522895e-01
9.989606583078500801e-01 9.382950855010906421e-01
9.989672794999249206e-01 9.382917824571597176e-01
9.989738761219116858e-01 9.382884917201971264e-01
9.989804482647788308e-01 9.382852132439204462e-01
9.989869960191608556e-01 9.382819469822265557e-01
9.989935194753590819e-01 9.382786928891901912e-01
9.990000187233432083e-01 9.382754509190637249e-01
9.990064938527516425e-01 9.382722210262769424e-01
9.990129449528938332e-01 9.382690031654350449e-01
9.990193721127507143e-01 9.382657972913188704e-01
9.990257754209760366e-01 9.382626033588836734e-01
9.990321549658977007e-01 9.382594213232589020e-01
9.990385108355187560e-01 9.382562511397470884e-01
9.990448431175186217e-01 9.382530927638231821e-01
9.990511518992540863e-01 9.382499461511337735e-01
9.990574372677608617e-01 9.382468112574966490e-01
9.990636993097546936e-01 9.382436880388997924e-01
9.990699381116316946e-01 9.382405764515008295e-01
9.990761537594705644e-01 9.382374764516263621e-01
9.990823463390333670e-01 9.382343879957709687e-01
9.990885159357665302e-01 9.382313110405970935e-01
9.990946626348017334e-01 9.382282455429340473e-01
9.991007865209577954e-01 9.382251914597766751e-01
9.991068876787412290e-01 9.382221487482859112e-01
9.991129661923472405e-01 9.382191173657871142e-01
9.991190221456616172e-01 9.382160972697697332e-01
9.991250556222609491e-01 9.382130884178870867e-01
9.991310667054142947e-01 9.382100907679544743e-01
9.991370554780840685e-01 9.382071042779499548e-01
9.991430220229272630e-01 9.382041289060126799e-01
9.991489664222965583e-01 9.382011646104424507e-01
9.991548887582413219e-01 9.381982113496994957e-01
9.991607891125084961e-01 9.381952690824030272e-01
9.991666675665443753e-01 9.381923377673314635e-01
9.991725242014949382e-01 9.381894173634209855e-01
9.991783590982074026e-01 9.381865078297656479e-01
9.991841723372312245e-01 9.381836091256159360e-01
9.991899639988187642e-01 9.381807212103788762e-01
9.991957341629272848e-01 9.381778440436167044e-01
9.992014829092187300e-01 9.381749775850470874e-01
9.992072103170621666e-01 9.381721217945414582e-01
9.992129164655335627e-01 9.381692766321252375e-01
9.992186014334180078e-01 9.381664420579767238e-01
9.992242652992098240e-01 9.381636180324266494e-01
9.992299081411143424e-01 9.381608045159577358e-01
9.992355300370483473e-01 9.381580014692035840e-01
9.992411310646415190e-01 9.381552088529486744e-01
9.992467113012373225e-01 9.381524266281270341e-01
9.992522708238942286e-01 9.381496547558225707e-01
9.992578097093862688e-01 9.381468931972674064e-01
9.992633280342047009e-01 9.381441419138421001e-01
9.992688258745585639e-01 9.381414008670747595e-01
9.992743033063760105e-01 9.381386700186403749e-01
9.992797604053049731e-01 9.381359493303602637e-01
9.992851972467143851e-01 9.381332387642014048e-01
9.992906139056954018e-01 9.381305382822763272e-01
9.992960104570620672e-01 9.381278478468415560e-01
9.993013869753525347e-01 9.381251674202980562e-01
9.993067435348298444e-01 9.381224969651900114e-01
9.993120802094831445e-01 9.381198364442046023e-01
9.993173970730285793e-01 9.381171858201712288e-01
9.993226941989105105e-01 9.381145450560609556e-01
9.993279716603017393e-01 9.381119141149858454e-01
9.993332295301058377e-01 9.381092929601986263e-01
9.993384678809567045e-01 9.381066815550920257e-01
9.993436867852205641e-01 9.381040798631983257e-01
9.993488863149964097e-01 9.381014878481883645e-01
9.993540665421168923e-01 9.380989054738716471e-01
9.993592275381499856e-01 9.380963327041952349e-01
9.993643693743992085e-01 9.380937695032434132e-01
9.993694921219049565e-01 9.380912158352371355e-01
9.993745958514452798e-01 9.380886716645333578e-01
9.993796806335371041e-01 9.380861369556249274e-01
9.993847465384367856e-01 9.380836116731393615e-01
9.993897936361414436e-01 9.380810957818387363e-01
9.993948219963897373e-01 9.380785892466191322e-01
9.993998316886625322e-01 9.380760920325100782e-01
9.994048227821844543e-01 9.380736041046739970e-01
9.994097953459243344e-01 9.380711254284056499e-01
9.994147494485964289e-01 9.380686559691315818e-01
9.994196851586609753e-01 9.380661956924094547e-01
9.994246025443254133e-01 9.380637445639281591e-01
9.994295016735453840e-01 9.380613025495064816e-01
9.994343826140255072e-01 9.380588696150928829e-01
9.994392454332200471e-01 9.380564457267652756e-01
9.994440901983344672e-01 9.380540308507301361e-01
9.994489169763256520e-01 9.380516249533223938e-01
9.994537258339030172e-01 9.380492280010043205e-01
9.994585168375297313e-01 9.380468399603656415e-01
9.994632900534234921e-01 9.380444607981224259e-01
9.994680455475569714e-01 9.380420904811173077e-01
9.994727833856593691e-01 9.380397289763182656e-01
9.994775036332168572e-01 9.380373762508188440e-01
9.994822063554734681e-01 9.380350322718368217e-01
9.994868916174323159e-01 9.380326970067142112e-01
9.994915594838561512e-01 9.380303704229172590e-01
9.994962100192685828e-01 9.380280524880348914e-01
9.995008432879544102e-01 9.380257431697787140e-01
9.995054593539608456e-01 9.380234424359831236e-01
9.995100582810987344e-01 9.380211502546036417e-01
9.995146401329424446e-01 9.380188665937174708e-01
9.995192049728318651e-01 9.380165914215222722e-01
9.995237528638722946e-01 9.380143247063363887e-01
9.995282838689359961e-01 9.380120664165978450e-01
9.995327980506627519e-01 9.380098165208639038e-01
9.995372954714605296e-01 9.380075749878109548e-01
9.995417761935068146e-01 9.380053417862338483e-01
9.995462402787489431e-01 9.380031168850451184e-01
9.995506877889053232e-01 9.380009002532750939e-01
9.995551187854661013e-01 9.379986918600708989e-01
9.995595333296939389e-01 9.379964916746964532e-01
9.995639314826251232e-01 9.379942996665318056e-01
9.995683133050698999e-01 9.379921158050723573e-01
9.995726788576139166e-01 9.379899400599293058e-01
9.995770282006184448e-01 9.379877724008278683e-01
9.995813613942217124e-01 9.379856127976082814e-01
9.995856784983395693e-01 9.379834612202242461e-01
9.995899795726657100e-01 9.379813176387429285e-01
9.995942646766736717e-01 9.379791820233447375e-01
9.995985338696165012e-01 9.379770543443223252e-01
9.996027872105281986e-01 9.379749345720803655e-01
9.996070247582244939e-01 9.379728226771354427e-01
9.996112465713034023e-01 9.379707186301152744e-01
9.996154527081461127e-01 9.379686224017584895e-01
9.996196432269176535e-01 9.379665339629136289e-01
9.996238181855680027e-01 9.379644532845398119e-01
9.996279776418327545e-01 9.379623803377050706e-01
9.996321216532336740e-01 9.379603150935867939e-01
9.996362502770800296e-01 9.379582575234710617e-01
9.996403635704682600e-01 9.379562075987519787e-01
9.996444615902845277e-01 9.379541652909314520e-01
9.996485443932036086e-01 9.379521305716189694e-01
9.996526120356908907e-01 9.379501034125307113e-01
9.996566645740025958e-01 9.379480837854896613e-01
9.996607020641871122e-01 9.379460716624248295e-01
9.996647245620849942e-01 9.379440670153708082e-01
9.996687321233302947e-01 9.379420698164676606e-01
9.996727248033508983e-01 9.379400800379602554e-01
9.996767026573696313e-01 9.379380976521980440e-01
9.996806657404051499e-01 9.379361226316343947e-01
9.996846141072720515e-01 9.379341549488263707e-01
9.996885478125820956e-01 9.379321945764345081e-01
9.996924669107449812e-01 9.379302414872221494e-01
9.996963714559690128e-01 9.379282956540548888e-01
9.997002615022616556e-01 9.379263570499005720e-01
9.997041371034302015e-01 9.379244256478287411e-01
9.997079983130832126e-01 9.379225014210103017e-01
9.997118451846305209e-01 9.379205843427168565e-01
9.997156777712840059e-01 9.379186743863205944e-01
9.997194961260587043e-01 9.379167715252937354e-01
9.997233003017732544e-01 9.379148757332085307e-01
9.997270903510507845e-01 9.379129869837361522e-01
9.997308663263195783e-01 9.379111052506470259e-01
9.997346282798135197e-01 9.379092305078100544e-01
9.997383762635734250e-01 9.379073627291922843e-01
9.997421103294469313e-01 9.379055018888586837e-01
9.997458305290898295e-01 9.379036479609716981e-01
9.997495369139668409e-01 9.379018009197905847e-01
9.997532295353517284e-01 9.378999607396714122e-01
9.997569084443285181e-01 9.378981273950666164e-01
9.997605736917919428e-01 9.378963008605246676e-01
9.997642253284483305e-01 9.378944811106891821e-01
9.997678634048159374e-01 9.378926681202995885e-01
9.997714879712261693e-01 9.378908618641896844e-01
9.997750990778238034e-01 9.378890623172878582e-01
9.997786967745679876e-01 9.378872694546166455e-01
9.997822811112325736e-01 9.378854832512923956e-01
9.997858521374072271e-01 9.378837036825247164e-01
9.997894099024976500e-01 9.378819307236162528e-01
9.997929544557269121e-01 9.378801643499623530e-01
9.997964858461353410e-01 9.378784045370506250e-01
9.998000041225817425e-01 9.378766512604607142e-01
9.998035093337438450e-01 9.378749044958638592e-01
9.998070015281189660e-01 9.378731642190223372e-01
9.998104807540247885e-01 9.378714304057897966e-01
9.998139470595999168e-01 9.378697030321098138e-01
9.998174004928046532e-01 9.378679820740164486e-01
9.998208411014214425e-01 9.378662675076339106e-01
9.998242689330558708e-01 9.378645593091755606e-01
9.998276840351368877e-01 9.378628574549437991e-01
9.998310864549179167e-01 9.378611619213301775e-01
9.998344762394770768e-01 9.378594726848147323e-01
9.998378534357179603e-01 9.378577897219653181e-01
9.998412180903705204e-01 9.378561130094381637e-01
9.998445702499915155e-01 9.378544425239762061e-01
9.998479099609651755e-01 9.378527782424100900e-01
9.998512372695035344e-01 9.378511201416570575e-01
9.998545522216475412e-01 9.378494681987208370e-01
9.998578548632676144e-01 9.378478223906911992e-01
9.998611452400638644e-01 9.378461826947440683e-01
9.998644233975674256e-01 9.378445490881405222e-01
9.998676893811401234e-01 9.378429215482267933e-01
9.998709432359763616e-01 9.378413000524339349e-01
9.998741850071022341e-01 9.378396845782778213e-01
9.998774147393773015e-01 9.378380751033579266e-01
9.998806324774949239e-01 9.378364716053583239e-01
9.998838382659827051e-01 9.378348740620460200e-01
9.998870321492029367e-01 9.378332824512712884e-01
9.998902141713539304e-01 9.378316967509677804e-01
9.998933843764697960e-01 9.378301169391510816e-01
9.998965428084213292e-01 9.378285429939194895e-01
9.998996895109170113e-01 9.378269748934532357e-01
9.999028245275030091e-01 9.378254126160138204e-01
9.999059479015639518e-01 9.378238561399446782e-01
9.999090596763241523e-01 9.378223054436697348e-01
9.999121598948470524e-01 9.378207605056937401e-01
9.999152486000366657e-01 9.378192213046019354e-01
9.999183258346381331e-01 9.378176878190597199e-01
9.999213916412376113e-01 9.378161600278123178e-01
9.999244460622638275e-01 9.378146379096842233e-01
9.999274891399879683e-01 9.378131214435790897e-01
9.999305209165245678e-01 9.378116106084797288e-01
9.999335414338317296e-01 9.378101053834473344e-01
9.999365507337125702e-01 9.378086057476215931e-01
9.999395488578143310e-01 9.378071116802197960e-01
9.999425358476305981e-01 9.378056231605372828e-01
9.999455117445006369e-01 9.378041401679464428e-01
9.999484765896106131e-01 9.378026626818972700e-01
9.999514304239939255e-01 9.378011906819161414e-01
9.999543732885315395e-01 9.377997241476059287e-01
9.999573052239533189e-01 9.377982630586458868e-01
9.999602262708375822e-01 9.377968073947914318e-01
9.999631364696125457e-01 9.377953571358731422e-01
9.999660358605561017e-01 9.377939122617973133e-01
9.999689244837971502e-01 9.377924727525450699e-01
9.999718023793153776e-01 9.377910385881724764e-01
9.999746695869424773e-01 9.377896097488100935e-01
9.999775261463622611e-01 9.377881862146625336e-01
9.999803720971115473e-01 9.377867679660086830e-01
9.999832074785801606e-01 9.377853549832007030e-01
9.999860323300121534e-01 9.377839472466644732e-01
9.999888466905058060e-01 9.377825447368987044e-01
9.999916505990144033e-01 9.377811474344749376e-01
9.999944440943470125e-01 9.377797553200374336e-01
9.999972272151683717e-01 9.377783683743026177e-01
1.000000000000000000e+00 9.377769865780589686e-01
