1.486810456337079034e-01 1.000000000000000000e+00
1.486622201233576968e-01 9.956353309983705380e-01
1.486553216327172744e-01 9.912965797525056244e-01
1.486603525579022200e-01 9.869834099650017789e-01
1.486773157797007527e-01 9.826954872714331879e-01
1.487062146701484400e-01 9.784324793261420794e-01
1.487470530990694095e-01 9.741940558874098155e-01
1.487998354405633550e-01 9.699798889019080050e-01
1.488645665794180728e-01 9.657896525883383765e-01
1.489412519174266591e-01 9.616230235201647103e-01
1.490298973795880222e-01 9.574796807073475691e-01
1.491305094201698656e-01 9.533593056769901208e-01
1.492430950286124380e-01 9.492615825528077922e-01
1.493676617352520386e-01 9.451861981333353757e-01
1.495042176168422110e-01 9.411328419687879920e-01
1.496527713018514505e-01 9.371012064364944161e-01
1.498133319755156345e-01 9.330909868148230535e-01
1.499859093846235003e-01 9.291018813555250722e-01
1.501705138420135477e-01 9.251335913544194156e-01
1.503671562307611898e-01 9.211858212203486440e-01
1.505758480080339468e-01 9.172582785423369911e-01
1.507966012085942553e-01 9.133506741548852448e-01
1.510294284479277438e-01 9.094627222013382806e-01
1.512743429249767679e-01 9.055941401952664060e-01
1.515313584244576128e-01 9.017446490798026737e-01
1.518004893187411830e-01 8.979139732848820943e-01
1.520817505692765303e-01 8.941018407823325687e-01
1.523751577275370972e-01 8.903079831387681331e-01
1.526807269354698848e-01 8.865321355662416636e-01
1.529984749254278686e-01 8.827740369706141843e-01
1.533284190195664809e-01 8.790334299976023669e-01
1.536705771286852873e-01 8.753100610764702472e-01
1.540249677504964554e-01 8.716036804613307432e-01
1.543916099673017239e-01 8.679140422700317714e-01
1.547705234430604426e-01 8.642409045205970974e-01
1.551617284198313351e-01 8.605840291652032681e-01
1.555652457135713873e-01 8.569431821216711986e-01
1.559810967092753742e-01 8.533181333024558723e-01
1.564093033554406487e-01 8.497086566411242714e-01
1.568498881578418158e-01 8.461145301163077725e-01
1.573028741726005542e-01 8.425355357731242334e-01
1.577682849985367342e-01 8.389714597420675490e-01
1.582461447687874279e-01 8.354220922553596829e-01
1.587364781416808202e-01 8.318872276607721661e-01
1.592393102908528368e-01 8.283666644329190643e-01
1.597546668945951653e-01 8.248602051820307368e-01
1.602825741244235935e-01 8.213676566602188256e-01
1.608230586328567857e-01 8.178888297652465722e-01
1.613761475403958090e-01 8.144235395418203405e-01
1.619418684216959725e-01 8.109716051804216619e-01
1.625202492909227914e-01 8.075328500137014531e-01
1.631113185862854142e-01 8.041071015104604980e-01
1.637151051537406032e-01 8.006941912672417283e-01
1.643316382298620482e-01 7.972939549975657236e-01
1.649609474238704077e-01 7.939062325188384062e-01
1.656030626988201637e-01 7.905308677369657921e-01
1.662580143519400699e-01 7.871677086287103275e-01
1.669258329941256114e-01 7.838166072218286651e-01
1.676065495285819773e-01 7.804774195730286301e-01
1.683001951286172138e-01 7.771500057437882303e-01
1.690068012145866383e-01 7.738342297740802289e-01
1.697263994299898771e-01 7.705299596540483575e-01
1.704590216167231609e-01 7.672370672936799085e-01
1.712046997894906553e-01 7.639554284905274439e-01
1.719634661093791816e-01 7.606849228955256947e-01
1.727353528566023810e-01 7.574254339769588285e-01
1.735203924024203703e-01 7.541768489826286004e-01
1.743186171802433015e-01 7.509390589002791216e-01
1.751300596559268452e-01 7.477119584163341992e-01
1.759547522972701450e-01 7.444954458730019820e-01
1.767927275427264577e-01 7.412894232238068648e-01
1.776440177693391076e-01 7.380937959876053833e-01
1.785086552599151888e-01 7.349084732011463839e-01
1.793866721694518662e-01 7.317333673702360874e-01
1.802781004908297902e-01 7.285683944195679995e-01
1.811829720197908611e-01 7.254134736412785056e-01
1.821013183192172480e-01 7.222685276422925460e-01
1.830331706827304228e-01 7.191334822905188773e-01
1.839785600976301116e-01 7.160082666599592027e-01
1.849375172071940077e-01 7.128928129747933440e-01
1.859100722723601162e-01 7.097870565525037367e-01
1.868962551328149646e-01 7.066909357461025332e-01
1.878960951675116842e-01 7.036043918855235946e-01
1.889096212546437503e-01 7.005273692182436562e-01
1.899368617311001650e-01 6.974598148491940597e-01
1.909778443514300872e-01 6.944016786800263352e-01
1.920325962463452774e-01 6.913529133477943622e-01
1.931011438807899994e-01 6.883134741631137254e-01
1.941835130116090768e-01 6.852833190478608838e-01
1.952797286448457181e-01 6.822624084724719928e-01
1.963898149927020831e-01 6.792507053929023320e-01
1.975137954301958154e-01 6.762481751873051783e-01
1.986516924515475679e-01 6.732547855924901903e-01
1.998035276263350202e-01 6.702705066402174783e-01
2.009693215554496648e-01 6.672953105933856488e-01
2.021490938268939719e-01 6.643291718821706660e-01
2.033428629714569003e-01 6.613720670401680435e-01
2.045506464183068085e-01 6.584239746405969873e-01
2.057724604505415944e-01 6.554848752326141170e-01
2.070083201607362533e-01 6.525547512777934989e-01
2.082582394065296549e-01 6.496335870868211737e-01
2.095222307662913397e-01 6.467213687564542512e-01
2.108003054949116328e-01 6.438180841067927540e-01
2.120924734797576816e-01 6.409237226189115066e-01
2.133987431968383808e-01 6.380382753728972567e-01
2.147191216672230951e-01 6.351617349863352135e-01
2.160536144137572001e-01 6.322940955532885265e-01
2.174022254181200708e-01 6.294353525838107810e-01
2.187649570782697062e-01 6.265855029440320356e-01
2.201418101663193683e-01 6.237445447968575918e-01
2.215327837868913685e-01 6.209124775433150223e-01
2.229378753359932963e-01 6.180893017645848753e-01
2.243570804604621827e-01 6.152750191647506917e-01
2.257903930180216179e-01 6.124696325142979791e-01
2.272378050379971759e-01 6.096731455943945610e-01
2.286993066827353871e-01 6.068855631419812768e-01
2.301748862097706405e-01 6.041068907956996803e-01
2.316645299347845632e-01 6.013371350426836015e-01
2.331682221954024248e-01 5.985763031662385547e-01
2.346859453158695041e-01 5.958244031944323060e-01
2.362176795726510237e-01 5.930814438496165852e-01
2.377634031609981990e-01 5.903474344989018130e-01
2.393230921625217333e-01 5.876223851056003866e-01
2.408967205138146384e-01 5.849063061816579534e-01
2.424842599761642958e-01 5.821992087410853278e-01
2.440856801063929771e-01 5.795011042544064850e-01
2.457009482288659563e-01 5.768120046041338433e-01
2.473300294087043272e-01 5.741319220412818281e-01
2.489728864262389929e-01 5.714608691429280407e-01
2.506294797527410800e-01 5.687988587708296961e-01
2.522997675274630258e-01 5.661459040311027646e-01
2.539837055360232854e-01 5.635020182349671503e-01
2.556812471901656059e-01 5.608672148605637897e-01
2.573923435089235379e-01 5.582415075158447815e-01
2.591169431012183000e-01 5.556249099025384330e-01
2.608549921499180302e-01 5.530174357811894481e-01
2.626064343973828485e-01 5.504190989372730325e-01
2.643712111325206560e-01 5.478299131483802542e-01
2.661492611793757068e-01 5.452498921524715492e-01
2.679405208872705502e-01 5.426790496171948197e-01
2.697449241225198802e-01 5.401173991102610206e-01
2.715624022617347810e-01 5.375649540708722363e-01
2.733928841867307447e-01 5.350217277821942563e-01
2.752362962810547264e-01 5.324877333448645444e-01
2.770925624281416755e-01 5.299629836515281633e-01
2.789616040111105866e-01 5.274474913623898864e-01
2.808433399142085118e-01 5.249412688817730599e-01
2.827376865259071392e-01 5.224443283356718926e-01
2.846445577436568786e-01 5.199566815502871808e-01
2.865638649803000093e-01 5.174783400315301485e-01
2.884955171721428901e-01 5.150093149454826325e-01
2.904394207886850654e-01 5.125496170997978496e-01
2.923954798440018266e-01 5.100992569260287546e-01
2.943635959097733457e-01 5.076582444628667812e-01
2.963436681299536635e-01 5.052265893402767549e-01
2.983355932370683194e-01 5.028043007645104367e-01
3.003392655701305203e-01 5.003913875039840420e-01
3.023545770941600819e-01 4.979878578760006946e-01
3.043814174212913226e-01 4.955937197343009415e-01
3.064196738334519221e-01 4.932089804574255609e-01
3.084692313065923175e-01 4.908336469378704603e-01
3.105299725364467633e-01 4.884677255720167310e-01
3.126017779658007978e-01 4.861112222508178204e-01
3.146845258132422996e-01 4.837641423512247796e-01
3.167780921033690467e-01 4.814264907283311579e-01
3.188823506984245770e-01 4.790982717082197251e-01
3.209971733313341513e-01 4.767794890814905373e-01
3.231224296401078999e-01 4.744701460974537488e-01
3.252579872035802899e-01 4.721702454589668529e-01
3.274037115784512175e-01 4.698797893178974783e-01
3.295594663375930322e-01 4.675987792711949753e-01
3.317251131095880212e-01 4.653272163575490894e-01
3.339005116194571077e-01 4.630651010546199542e-01
3.360855197305422370e-01 4.608124332768190334e-01
3.382799934875004300e-01 4.585692123736236914e-01
3.404837871603707544e-01 4.563354371284064626e-01
3.426967532896693092e-01 4.541111057577614241e-01
3.449187427324714728e-01 4.518962159113097954e-01
3.471496047094363435e-01 4.496907646719664475e-01
3.493891868527290723e-01 4.474947485566507233e-01
3.516373352547954578e-01 4.453081635174236941e-01
3.538938945179435080e-01 4.431310049430348674e-01
3.561587078046847266e-01 4.409632676608619128e-01
3.584316168887891063e-01 4.388049459392266982e-01
3.607124622070054243e-01 4.366560334900710938e-01
3.630010829114003745e-01 4.345165234719770564e-01
3.652973169222676342e-01 4.323864084935153951e-01
3.676010009815598445e-01 4.302656806169069537e-01
3.699119707067943796e-01 4.281543313619822766e-01
3.722300606453854965e-01 4.260523517104243818e-01
3.745551043293545157e-01 4.239597321102799854e-01
3.768869343303700159e-01 4.218764624807259667e-01
3.792253823150705805e-01 4.198025322170759743e-01
3.815702791006215788e-01 4.177379301960151281e-01
3.839214547104602970e-01 4.156826447810481606e-01
3.862787384301809568e-01 4.136366638281498420e-01
3.886419588635146027e-01 4.115999746916036983e-01
3.910109439883567850e-01 4.095725642300179770e-01
3.933855212127984613e-01 4.075544188125061473e-01
3.957655174311150437e-01 4.055455243250216668e-01
3.981507590796693474e-01 4.035458661768343003e-01
4.005410721926858097e-01 4.015554293071388337e-01
4.029362824578520130e-01 3.995741981917845798e-01
4.053362152717073230e-01 3.976021568501157399e-01
4.077406957947762867e-01 3.956392888519129625e-01
4.101495490064077654e-01 3.936855773244270496e-01
4.125625997592798355e-01 3.917410049594947097e-01
4.149796728335331530e-01 3.898055540207279734e-01
4.174005929904949230e-01 3.878792063507689458e-01
4.198251850259575590e-01 3.859619433786011244e-01
4.222532738229775040e-01 3.840537461269101227e-01
4.246846844041591296e-01 3.821545952194849716e-01
4.271192419833921838e-01 3.802644708886539493e-01
4.295567720170100912e-01 3.783833529827471676e-01
4.319971002543390726e-01 3.765112209735789195e-01
4.344400527876084994e-01 3.746480539639442386e-01
4.368854561011940585e-01 3.727938306951223413e-01
4.393331371201677493e-01 3.709485295543816785e-01
4.417829232581273469e-01 3.691121285824807141e-01
4.442346424642819036e-01 3.672846054811591543e-01
4.466881232697699211e-01 3.654659376206142452e-01
4.491431948331874313e-01 3.636561020469569749e-01
4.515996869853055040e-01 3.618550754896440180e-01
4.540574302729574740e-01 3.600628343688805355e-01
4.565162560020772364e-01 3.582793548029898356e-01
4.589759962798715121e-01 3.565046126157455642e-01
4.614364840561102632e-01 3.547385833436627611e-01
4.638975531635196603e-01 3.529812422432445085e-01
4.663590383572649989e-01 3.512325642981798390e-01
4.688207753535100220e-01 3.494925242264907972e-01
4.712826008670418787e-01 3.477610964876251542e-01
4.737443526479518385e-01 3.460382552894910591e-01
4.762058695173619349e-01 3.443239745954329023e-01
4.786669914021899896e-01 3.426182281311439537e-01
4.811275593689464669e-01 3.409209893915147727e-01
4.835874156565569404e-01 3.392322316474142285e-01
4.860464037082053435e-01 3.375519279524021865e-01
4.885043682021948386e-01 3.358800511493707508e-01
4.909611550818231418e-01 3.342165738771137318e-01
4.934166115842708034e-01 3.325614685768213397e-01
4.958705862685018895e-01 3.309147074984999382e-01
4.983229290421758995e-01 3.292762627073144155e-01
5.007734911875747486e-01 3.276461060898528954e-01
5.032221253865435395e-01 3.260242093603122893e-01
5.056686857444501193e-01 3.244105440666034679e-01
5.081130278131661404e-01 3.228050815963757758e-01
5.105550086130749010e-01 3.212077931829598887e-01
5.129944866541088500e-01 3.196186499112280699e-01
5.154313219558266379e-01 3.180376227233716602e-01
5.178653760665317130e-01 3.164646824245953560e-01
5.202965120814436739e-01 3.148997996887276662e-01
5.227245946599273774e-01 3.133429450637472136e-01
5.251494900417911227e-01 3.117940889772249924e-01
5.275710660626600212e-01 3.102532017416821941e-01
5.299891921684376506e-01 3.087202535598636555e-01
5.324037394288627656e-01 3.071952145299268189e-01
5.348145805501746120e-01 3.056780546505466489e-01
5.372215898868968331e-01 3.041687438259357279e-01
5.396246434527520730e-01 3.026672518707810289e-01
5.420236189307185981e-01 3.011735485150966452e-01
5.444183956822427062e-01 2.996876034089927532e-01
5.468088547556188006e-01 2.982093861273621971e-01
5.491948788935516745e-01 2.967388661744836953e-01
5.515763525399119960e-01 2.952760129885431128e-01
5.539531618457024242e-01 2.938207959460730212e-01
5.563251946742453491e-01 2.923731843663106567e-01
5.586923406056084618e-01 2.909331475154758317e-01
5.610544909402819247e-01 2.895006546109678003e-01
5.634115387021225718e-01 2.880756748254839072e-01
5.657633786405793508e-01 2.866581772910583026e-01
5.681099072322162158e-01 2.852481311030230504e-01
5.704510226815462381e-01 2.838455053238919668e-01
5.727866249211941430e-01 2.824502689871674632e-01
5.751166156114008166e-01 2.810623911010715625e-01
5.774408981388875484e-01 2.796818406522019740e-01
5.797593776150933298e-01 2.783085866091135618e-01
5.820719608738025297e-01 2.769425979258265391e-01
5.843785564681778233e-01 2.755838435452616642e-01
5.866790746672146950e-01 2.742322924026038278e-01
5.889734274516321699e-01 2.728879134285945307e-01
5.912615285092168715e-01 2.715506755527541394e-01
5.935432932296340613e-01 2.702205477065353079e-01
5.958186386987233130e-01 2.688974988264070110e-01
5.980874836922931426e-01 2.675814978568725744e-01
6.003497486694295837e-01 2.662725137534194264e-01
6.026053557653358039e-01 2.649705154854047895e-01
6.048542287837147535e-01 2.636754720388752027e-01
6.070962931887144975e-01 2.623873524193229834e-01
6.093314760964461119e-01 2.611061256543795728e-01
6.115597062660937944e-01 2.598317607964464315e-01
6.137809140906274052e-01 2.585642269252654835e-01
6.159950315871359772e-01 2.573034931504284972e-01
6.182019923867928535e-01 2.560495286138279036e-01
6.204017317244699958e-01 2.548023024920486601e-01
6.225941864280133409e-01 2.535617839987029387e-01
6.247792949071928614e-01 2.523279423867079152e-01
6.269569971423426535e-01 2.511007469505083245e-01
6.291272346727033726e-01 2.498801670282433662e-01
6.312899505844798975e-01 2.486661720038607915e-01
6.334450894986275449e-01 2.474587313091770879e-01
6.355925975583809340e-01 2.462578144258858182e-01
6.377324224165357158e-01 2.450633908875148315e-01
6.398645132224971555e-01 2.438754302813327668e-01
6.419888206091077798e-01 2.426939022502062338e-01
6.441052966792647494e-01 2.415187764944083382e-01
6.462138949923401654e-01 2.403500227733790795e-01
6.483145705504144152e-01 2.391876109074391188e-01
6.504072797843349907e-01 2.380315107794570562e-01
6.524919805396109940e-01 2.368816923364716054e-01
6.545686320621538767e-01 2.357381255912689988e-01
6.566371949838758493e-01 2.346007806239169546e-01
6.586976313081560619e-01 2.334696275832554568e-01
6.607499043951831075e-01 2.323446366883455405e-01
6.627939789471866128e-01 2.312257782298767217e-01
6.648298209935638026e-01 2.301130225715337096e-01
6.668573978759141374e-01 2.290063401513234009e-01
6.688766782329882421e-01 2.279057014828629324e-01
6.708876319855611170e-01 2.268110771566290429e-01
6.728902303212390690e-01 2.257224378411701038e-01
6.748844456792075786e-01 2.246397542842812622e-01
6.768702517349283188e-01 2.235629973141434190e-01
6.788476233847939856e-01 2.224921378404264849e-01
6.808165367307491556e-01 2.214271468553583033e-01
6.827769690648820555e-01 2.203679954347591563e-01
6.847288988539990129e-01 2.193146547390429635e-01
6.866723057241832517e-01 2.182670960141857852e-01
6.886071704453501363e-01 2.172252905926621014e-01
6.905334749158011931e-01 2.161892098943499207e-01
6.924512021467869038e-01 2.151588254274046375e-01
6.943603362470818219e-01 2.141341087891031891e-01
6.962608624075786734e-01 2.131150316666581557e-01
6.981527668859094371e-01 2.121015658380034086e-01
7.000360369910952896e-01 2.110936831725509222e-01
7.019106610682337433e-01 2.100913556319200237e-01
7.037766284832278618e-01 2.090945552706394706e-01
7.056339296075606615e-01 2.081032542368227989e-01
7.074825558031222483e-01 2.071174247728176654e-01
7.093224994070917999e-01 2.061370392158294595e-01
7.111537537168821643e-01 2.051620699985202412e-01
7.129763129751465200e-01 2.041924896495828923e-01
7.147901723548569786e-01 2.032282707942915656e-01
7.165953279444543522e-01 2.022693861550286243e-01
7.183917767330758597e-01 2.013158085517885720e-01
7.201795165958626566e-01 2.003675109026596957e-01
7.219585462793519648e-01 1.994244662242836141e-01
7.237288653869566879e-01 1.984866476322934836e-01
7.254904743645347320e-01 1.975540283417311360e-01
7.272433744860531402e-01 1.966265816674437894e-01
7.289875678393474834e-01 1.957042810244604136e-01
7.307230573119821715e-01 1.947870999283488058e-01
7.324498465772106837e-01 1.938750119955530149e-01
7.341679400800417143e-01 1.929679909437126695e-01
7.358773430234113455e-01 1.920660105919630711e-01
7.375780613544641318e-01 1.911690448612181903e-01
7.392701017509458739e-01 1.902770677744354266e-01
7.409534716077077476e-01 1.893900534568637717e-01
7.426281790233278945e-01 1.885079761362748740e-01
7.442942327868468100e-01 1.876308101431778119e-01
7.459516423646227468e-01 1.867585299110180175e-01
7.476004178873062456e-01 1.858911099763604080e-01
7.492405701369359017e-01 1.850285249790572517e-01
7.508721105341563673e-01 1.841707496624013229e-01
7.524950511255600327e-01 1.833177588732641250e-01
7.541094045711537186e-01 1.824695275622204016e-01
7.557151841319507124e-01 1.816260307836582433e-01
7.573124036576900364e-01 1.807872436958759266e-01
7.589010775746822812e-01 1.799531415611655416e-01
7.604812208737844470e-01 1.791236997458835190e-01
7.620528490985035708e-01 1.782988937205086388e-01
7.636159783332298057e-01 1.774786990596877723e-01
7.651706251915991741e-01 1.766630914422694654e-01
7.667168068049866614e-01 1.758520466513259772e-01
7.682545408111312035e-01 1.750455405741637716e-01
7.697838453428897942e-01 1.742435492023227950e-01
7.713047390171248185e-01 1.734460486315649863e-01
7.728172409237212825e-01 1.726530150618522108e-01
7.743213706147360487e-01 1.718644247973135919e-01
7.758171480936790765e-01 1.710802542462030451e-01
7.773045938049254477e-01 1.703004799208467090e-01
7.787837286232586198e-01 1.695250784375810227e-01
7.802545738435459066e-01 1.687540265166812270e-01
7.817171511705440778e-01 1.679873009822809293e-01
7.831714827088356312e-01 1.672248787622826194e-01
7.846175909528966264e-01 1.664667368882596921e-01
7.860554987772933044e-01 1.657128524953499493e-01
7.874852294270092701e-01 1.649632028221407753e-01
7.889068065079019032e-01 1.642177652105466790e-01
7.903202539772873347e-01 1.634765171056784816e-01
7.917255961346538751e-01 1.627394360557055664e-01
7.931228576125030072e-01 1.620064997117101890e-01
7.945120633673181665e-01 1.612776858275349057e-01
7.958932386706591977e-01 1.605529722596229503e-01
7.972664091003833775e-01 1.598323369668517013e-01
7.986316005319914479e-01 1.591157580103598201e-01
7.999888391300976620e-01 1.584032135533674501e-01
8.013381513400246181e-01 1.576946818609906986e-01
8.026795638795198862e-01 1.569901413000496238e-01
8.040131037305959794e-01 1.562895703388705870e-01
8.053387981314905630e-01 1.555929475470826107e-01
8.066566745687480111e-01 1.549002515954083781e-01
8.079667607694202003e-01 1.542114612554495168e-01
8.092690846933859872e-01 1.535265553994670240e-01
8.105636745257893683e-01 1.528455130001561135e-01
8.118505586695929921e-01 1.521683131304163994e-01
8.131297657382494659e-01 1.514949349631171671e-01
8.144013245484863495e-01 1.508253577708579540e-01
8.156652641132057235e-01 1.501595609257245223e-01
8.169216136344972234e-01 1.494975238990405852e-01
8.181704024967624278e-01 1.488392262611151207e-01
8.194116602599508248e-01 1.481846476809856594e-01
8.206454166529056904e-01 1.475337679261573276e-01
8.218717015668189907e-01 1.468865668623383913e-01
8.230905450487943087e-01 1.462430244531717771e-01
8.243019772955169078e-01 1.456031207599628452e-01
8.255060286470292663e-01 1.449668359414039154e-01
8.267027295806116394e-01 1.443341502532952958e-01
8.278921107047668704e-01 1.437050440482628699e-01
8.290742027533068992e-01 1.430794977754726305e-01
8.302490365795420768e-01 1.424574919803421880e-01
8.314166431505700672e-01 1.418390073042491706e-01
8.325770535416643359e-01 1.412240244842367098e-01
8.337302989307620038e-01 1.406125243527164559e-01
8.348764105930475132e-01 1.400044878371685952e-01
8.360154198956334382e-01 1.393998959598393983e-01
8.371473582923362189e-01 1.387987298374364353e-01
8.382722573185460435e-01 1.382009706808212113e-01
8.393901485861889888e-01 1.376065997946994413e-01
8.405010637787820871e-01 1.370155985773094387e-01
8.416050346465779874e-01 1.364279485201081721e-01
8.427020930018005451e-01 1.358436312074552121e-01
8.437922707139675627e-01 1.352626283162948195e-01
8.448755997053022382e-01 1.346849216158361451e-01
8.459521119462304339e-01 1.341104929672317647e-01
8.470218394509634319e-01 1.335393243232541882e-01
8.480848142731648442e-01 1.329713977279709525e-01
8.491410685017009019e-01 1.324066953164181604e-01
8.501906342564728991e-01 1.318451993142724099e-01
8.512335436843303516e-01 1.312868920375213078e-01
8.522698289550649786e-01 1.307317558921326506e-01
8.532995222574825123e-01 1.301797733737223572e-01
8.543226557955532208e-01 1.296309270672210967e-01
8.553392617846398149e-01 1.290851996465398055e-01
8.563493724477995173e-01 1.285425738742341228e-01
8.573530200121629585e-01 1.280030326011675768e-01
8.583502367053852389e-01 1.274665587661742150e-01
8.593410547521709297e-01 1.269331353957198483e-01
8.603255063708703521e-01 1.264027456035627661e-01
8.613036237701466868e-01 1.258753725904134813e-01
8.622754391457128076e-01 1.253509996435936968e-01
8.632409846771375017e-01 1.248296101366948019e-01
8.642002925247186385e-01 1.243111875292353674e-01
8.651533948264240603e-01 1.237957153663183374e-01
8.661003236948975337e-01 1.232831772782875396e-01
8.670411112145308685e-01 1.227735569803837107e-01
8.679757894385984329e-01 1.222668382724000913e-01
8.689043903864562823e-01 1.217630050383375490e-01
8.698269460408024623e-01 1.212620412460594654e-01
8.707434883449988172e-01 1.207639309469461936e-01
8.716540492004534180e-01 1.202686582755492645e-01
8.725586604640618305e-01 1.197762074492454143e-01
8.734573539457072267e-01 1.192865627678903057e-01
8.743501614058182270e-01 1.187997086134722630e-01
8.752371145529831420e-01 1.183156294497657440e-01
8.761182450416202805e-01 1.178343098219847562e-01
8.769935844697033245e-01 1.173557343564363836e-01
8.778631643765407722e-01 1.168798877601740921e-01
8.787270162406091156e-01 1.164067548206512287e-01
8.795851714774371999e-01 1.159363204053745072e-01
8.804376614375442056e-01 1.154685694615576463e-01
8.812845174044267038e-01 1.150034870157750910e-01
8.821257705925966697e-01 1.145410581736159561e-01
8.829614521456685683e-01 1.140812681193381084e-01
8.837915931344948461e-01 1.136241021155224989e-01
8.846162245553489401e-01 1.131695455027278002e-01
8.854353773281555817e-01 1.127175836991452240e-01
8.862490822947665103e-01 1.122682022002537416e-01
8.870573702172823705e-01 1.118213865784756511e-01
8.878602717764187968e-01 1.113771224828323941e-01
8.886578175699162419e-01 1.109353956386009005e-01
8.894500381109934350e-01 1.104961918469703347e-01
8.902369638268429197e-01 1.100594969846991761e-01
8.910186250571683342e-01 1.096252970037728675e-01
8.917950520527627711e-01 1.091935779310619498e-01
8.925662749741276603e-01 1.087643258679806268e-01
8.933323238901310637e-01 1.083375269901460242e-01
8.940932287767051623e-01 1.079131675470378221e-01
8.948490195155817117e-01 1.074912338616585972e-01
8.955997258930651350e-01 1.070717123301946905e-01
8.963453775988434735e-01 1.066545894216777007e-01
8.970860042248344213e-01 1.062398516776466850e-01
8.978216352640678855e-01 1.058274857118109563e-01
8.985523001096035189e-01 1.054174782097135055e-01
8.992780280534826698e-01 1.050098159283952420e-01
8.999988482857140815e-01 1.046044856960598318e-01
9.007147898932931218e-01 1.042014744117393255e-01
9.014258818592530975e-01 1.038007690449605086e-01
9.021321530617498752e-01 1.034023566354119877e-01
9.028336322731763675e-01 1.030062242926121224e-01
9.035303481593096597e-01 1.026123591955775960e-01
9.042223292784871136e-01 1.022207485924930132e-01
9.049096040808128905e-01 1.018313798003810944e-01
9.055922009073940071e-01 1.014442402047738279e-01
9.062701479896048129e-01 1.010593172593844957e-01
9.069434734483796667e-01 1.006765984857803387e-01
9.076122052935334805e-01 1.002960714730564140e-01
9.082763714231093521e-01 9.991772387751005069e-02
9.089359996227527327e-01 9.954154342231638641e-02
9.095911175651120173e-01 9.916751789720468224e-02
9.102417528092646704e-01 9.879563515813560848e-02
9.108879328001686648e-01 9.842588312697948816e-02
9.115296848681381237e-01 9.805824979119541485e-02
9.121670362283441635e-01 9.769272320351132799e-02
9.128000139803388313e-01 9.732929148160505972e-02
9.134286451076019109e-01 9.696794280778638087e-02
9.140529564771119331e-01 9.660866542867992124e-02
9.146729748389383907e-01 9.625144765490915855e-02
9.152887268258564912e-01 9.589627786078135097e-02
9.159002389529833366e-01 9.554314448397355219e-02
9.165075376174350863e-01 9.519203602521944529e-02
9.171106490980053261e-01 9.484294104799743941e-02
9.177095995548628649e-01 9.449584817821957139e-02
9.183044150292704044e-01 9.415074610392151766e-02
9.188951214433220827e-01 9.380762357495371628e-02
9.194817445996996685e-01 9.346646940267339110e-02
9.200643101814491853e-01 9.312727245963765832e-02
9.206428437517736318e-01 9.279002167929781275e-02
9.212173707538452438e-01 9.245470605569447442e-02
9.217879165106348527e-01 9.212131464315395646e-02
9.223545062247578974e-01 9.178983655598559055e-02
9.229171649783386444e-01 9.146026096818021811e-02
9.234759177328892843e-01 9.113257711310966680e-02
9.240307893292065700e-01 9.080677428322742051e-02
9.245818044872833319e-01 9.048284182977023304e-02
9.251289878062359806e-01 9.016076916246099082e-02
9.256723637642468860e-01 8.984054574921250536e-02
9.262119567185218560e-01 8.952216111583258251e-02
9.267477909052618257e-01 8.920560484573002158e-02
9.272798904396487574e-01 8.889086657962182170e-02
9.278082793158457520e-01 8.857793601524148464e-02
9.283329814070103714e-01 8.826680290704838616e-02
9.288540204653215060e-01 8.795745706593831315e-02
9.293714201220188986e-01 8.764988835895508312e-02
9.298852038874556580e-01 8.734408670900323246e-02
9.303953951511630960e-01 8.704004209456202290e-02
9.309020171819273326e-01 8.673774454940026690e-02
9.314050931278787804e-01 8.643718416229256851e-02
9.319046460165917312e-01 8.613835107673645242e-02
9.324006987551961556e-01 8.584123549067082526e-02
9.328932741305009380e-01 8.554582765619542228e-02
9.333823948091268807e-01 8.525211787929143359e-02
9.338680833376507007e-01 8.496009651954326836e-02
9.343503621427596828e-01 8.466975398986142931e-02
9.348292535314158824e-01 8.438108075620658066e-02
9.353047796910299860e-01 8.409406733731461525e-02
9.357769626896457194e-01 8.380870430442306784e-02
9.362458244761323600e-01 8.352498228099841659e-02
9.367113868803867982e-01 8.324289194246474455e-02
9.371736716135450340e-01 8.296242401593334481e-02
9.376327002682016687e-01 8.268356927993368577e-02
9.380884943186379443e-01 8.240631856414520895e-02
9.385410751210581104e-01 8.213066274913055631e-02
9.389904639138341169e-01 8.185659276606981061e-02
9.394366818177574130e-01 8.158409959649580434e-02
9.398797498362988501e-01 8.131317427203064996e-02
9.403196888558761346e-01 8.104380787412343579e-02
9.407565196461279422e-01 8.077599153378896280e-02
9.411902628601955811e-01 8.050971643134766098e-02
9.416209390350114283e-01 8.024497379616661596e-02
9.420485685915931384e-01 7.998175490640180296e-02
9.424731718353460685e-01 7.972005108874134771e-02
9.428947689563703660e-01 7.945985371814996701e-02
9.433133800297750504e-01 7.920115421761453334e-02
9.437290250159973137e-01 7.894394405789077751e-02
9.441417237611287039e-01 7.868821475725112924e-02
9.445514959972458602e-01 7.843395788123357082e-02
9.449583613427475770e-01 7.818116504239182307e-02
9.453623393026956423e-01 7.792982790004644722e-02
9.457634492691633366e-01 7.767993816003718188e-02
9.461617105215862633e-01 7.743148757447632091e-02
9.465571422271193969e-01 7.718446794150334023e-02
9.469497634409991260e-01 7.693887110504052385e-02
9.473395931069085174e-01 7.669468895454964463e-02
9.477266500573484631e-01 7.645191342478994956e-02
9.481109530140117148e-01 7.621053649557713028e-02
9.484925205881621357e-01 7.597055019154334843e-02
9.488713712810169509e-01 7.573194658189850992e-02
9.492475234841337706e-01 7.549471778019255230e-02
9.496209954798009445e-01 7.525885594407877299e-02
9.499918054414308033e-01 7.502435327507844809e-02
9.503599714339577842e-01 7.479120201834631165e-02
9.507255114142385555e-01 7.455939446243733948e-02
9.510884432314564707e-01 7.432892293907443493e-02
9.514487846275277994e-01 7.409977982291736376e-02
9.518065532375126203e-01 7.387195753133270204e-02
9.521617665900267147e-01 7.364544852416481102e-02
9.525144421076580104e-01 7.342024530350800549e-02
9.528645971073840260e-01 7.319634041347974907e-02
9.532122488009937555e-01 7.297372643999491815e-02
9.535574142955101085e-01 7.275239601054105110e-02
9.539001105936153468e-01 7.253234179395494363e-02
9.542403545940792986e-01 7.231355650019992420e-02
9.545781630921895689e-01 7.209603288014453104e-02
9.549135527801826395e-01 7.187976372534206349e-02
9.552465402476787437e-01 7.166474186781121580e-02
9.555771419821167401e-01 7.145096017981786285e-02
9.559053743691924288e-01 7.123841157365773391e-02
9.562312536932972007e-01 7.102708900144030779e-02
9.565547961379592401e-01 7.081698545487362384e-02
9.568760177862852823e-01 7.060809396505018931e-02
9.571949346214045917e-01 7.040040760223394145e-02
9.575115625269143838e-01 7.019391947564820877e-02
9.578259172873251348e-01 6.998862273326474093e-02
9.581380145885086685e-01 6.978451056159372390e-02
9.584478700181467969e-01 6.958157618547486378e-02
9.587554990661804055e-01 6.937981286786949753e-02
9.590609171252604259e-01 6.917921390965364736e-02
9.593641394911984754e-01 6.897977264941222708e-02
9.596651813634198280e-01 6.878148246323415038e-02
9.599640578454158302e-01 6.858433676450843841e-02
9.602607839451973160e-01 6.838832900372145140e-02
9.605553745757492434e-01 6.819345266825503626e-02
9.608478445554851088e-01 6.799970128218564558e-02
9.611382086087016940e-01 6.780706840608456687e-02
9.614264813660352571e-01 6.761554763681901226e-02
9.617126773649168348e-01 6.742513260735430447e-02
9.619968110500290992e-01 6.723581698655700656e-02
9.622788967737621046e-01 6.704759447899900915e-02
9.625589487966702551e-01 6.686045882476264468e-02
9.628369812879286060e-01 6.667440379924677307e-02
9.631130083257897212e-01 6.648942321297374169e-02
9.633870438980408624e-01 6.630551091139749720e-02
9.636591019024598470e-01 6.612266077471251613e-02
9.639291961472724601e-01 6.594086671766374863e-02
9.641973403516080898e-01 6.576012268935750582e-02
9.644635481459566950e-01 6.558042267307330475e-02
9.647278330726242190e-01 6.540176068607668480e-02
9.649902085861890022e-01 6.522413077943295390e-02
9.652506880539561962e-01 6.504752703782189227e-02
9.655092847564135106e-01 6.487194357935334443e-02
9.657660118876854050e-01 6.469737455538385196e-02
9.660208825559875034e-01 6.452381415033409118e-02
9.662739097840797875e-01 6.435125658150735173e-02
9.665251065097196781e-01 6.417969609890887550e-02
9.667744855861152287e-01 6.400912698506613929e-02
9.670220597823755426e-01 6.383954355485006726e-02
9.672678417839634113e-01 6.367094015529710382e-02
9.675118441931448432e-01 6.350331116543228571e-02
9.677540795294390374e-01 6.333665099609316063e-02
9.679945602300673579e-01 6.317095408975459403e-02
9.682332986504018635e-01 6.300621492035457516e-02
9.684703070644119505e-01 6.284242799312073080e-02
9.687055976651113287e-01 6.267958784439800479e-02
9.689391825650032208e-01 6.251768904147692041e-02
9.691710737965253397e-01 6.235672618242300153e-02
9.694012833124929784e-01 6.219669389590690156e-02
9.696298229865427665e-01 6.203758684103545529e-02
9.698567046135732062e-01 6.187939970718362576e-02
9.700819399101858753e-01 6.172212721382733247e-02
9.703055405151247426e-01 6.156576411037709140e-02
9.705275179897150384e-01 6.141030517601256400e-02
9.707478838183000169e-01 6.125574521951796664e-02
9.709666494086773847e-01 6.110207907911831965e-02
9.711838260925345079e-01 6.094930162231652210e-02
9.713994251258818435e-01 6.079740774573136330e-02
9.716134576894861485e-01 6.064639237493626295e-02
9.718259348893014682e-01 6.049625046429895486e-02
9.720368677568989035e-01 6.034697699682194799e-02
9.722462672498959346e-01 6.019856698398386163e-02
9.724541442523843005e-01 6.005101546558153092e-02
9.726605095753553254e-01 5.990431750957300738e-02
9.728653739571254677e-01 5.975846821192134367e-02
9.730687480637595366e-01 5.961346269643922474e-02
9.732706424894930208e-01 5.946929611463437626e-02
9.734710677571530857e-01 5.932596364555581259e-02
9.736700343185769047e-01 5.918346049564091049e-02
9.738675525550312129e-01 5.904178189856322534e-02
9.740636327776276415e-01 5.890092311508120237e-02
9.742582852277380523e-01 5.876087943288758192e-02
9.744515200774080954e-01 5.862164616645969273e-02
9.746433474297698796e-01 5.848321865691046006e-02
9.748337773194515332e-01 5.834559227184027419e-02
9.750228197129872099e-01 5.820876240518957356e-02
9.752104845092243179e-01 5.807272447709223989e-02
9.753967815397295293e-01 5.793747393372979809e-02
9.755817205691937888e-01 5.780300624718631014e-02
9.757653112958345476e-01 5.766931691530414322e-02
9.759475633517976645e-01 5.753640146154041096e-02
9.761284863035570858e-01 5.740425543482422649e-02
9.763080896523129715e-01 5.727287440941470492e-02
9.764863828343887109e-01 5.714225398475972217e-02
9.766633752216257180e-01 5.701238978535540236e-02
9.768390761217763396e-01 5.688327746060640316e-02
9.770134947788970958e-01 5.675491268468690204e-02
9.771866403737372586e-01 5.662729115640233180e-02
9.773585220241284288e-01 5.650040859905187257e-02
9.775291487853713379e-01 5.637426076029167232e-02
9.776985296506203182e-01 5.624884341199876819e-02
9.778666735512681063e-01 5.612415235013578502e-02
9.780335893573269823e-01 5.600018339461630690e-02
9.781992858778091326e-01 5.587693238917103289e-02
9.783637718611055689e-01 5.575439520121457798e-02
9.785270559953626046e-01 5.563256772171303044e-02
9.786891469088576656e-01 5.551144586505223771e-02
9.788500531703719920e-01 5.539102556890673074e-02
9.790097832895636731e-01 5.527130279410941843e-02
9.791683457173366856e-01 5.515227352452196224e-02
9.793257488462098204e-01 5.503393376690583760e-02
9.794820010106839447e-01 5.491627955079408929e-02
9.796371104876062663e-01 5.479930692836379458e-02
9.797910854965335981e-01 5.468301197430919247e-02
9.799439342000948461e-01 5.456739078571551382e-02
9.800956647043503889e-01 5.445243948193346367e-02
9.802462850591501242e-01 5.433815420445443217e-02
9.803958032584902949e-01 5.422453111678632309e-02
9.805442272408683158e-01 5.411156640433010395e-02
9.806915648896352700e-01 5.399925627425694596e-02
9.808378240333478493e-01 5.388759695538613420e-02
9.809830124461174083e-01 5.377658469806354674e-02
9.811271378479582417e-01 5.366621577404084853e-02
9.812702079051337511e-01 5.355648647635529586e-02
9.814122302305005041e-01 5.344739311921024166e-02
9.815532123838509593e-01 5.333893203785623066e-02
9.816931618722550823e-01 5.323109958847279527e-02
9.818320861503988528e-01 5.312389214805083443e-02
9.819699926209219942e-01 5.301730611427570711e-02
9.821068886347541493e-01 5.291133790541088094e-02
9.822427814914480582e-01 5.280598396018225393e-02
9.823776784395130690e-01 5.270124073766311451e-02
9.825115866767446526e-01 5.259710471715969143e-02
9.826445133505543605e-01 5.249357239809736286e-02
9.827764655582963416e-01 5.239064029990746219e-02
9.829074503475929703e-01 5.228830496191470140e-02
9.830374747166584770e-01 5.218656294322521899e-02
9.831665456146214677e-01 5.208541082261523153e-02
9.832946699418446679e-01 5.198484519842028889e-02
9.834218545502441122e-01 5.188486268842512628e-02
9.835481062436057798e-01 5.178545992975416151e-02
9.836734317779005643e-01 5.168663357876251280e-02
9.837978378615986896e-01 5.158838031092768950e-02
9.839213311559802388e-01 5.149069682074181031e-02
9.840439182754464609e-01 5.139357982160447369e-02
9.841656057878277464e-01 5.129702604571616947e-02
9.842864002146902713e-01 5.120103224397225261e-02
9.844063080316414194e-01 5.110559518585757605e-02
9.845253356686324286e-01 5.101071165934162321e-02
9.846434895102613716e-01 5.091637847077426504e-02
9.847607758960719160e-01 5.082259244478204430e-02
9.848772011208525301e-01 5.072935042416507057e-02
9.849927714349329122e-01 5.063664926979446340e-02
9.851074930444787547e-01 5.054448586051033671e-02
9.852213721117858425e-01 5.045285709302039373e-02
9.853344147555708199e-01 5.036175988179901475e-02
9.854466270512624027e-01 5.027119115898695534e-02
9.855580150312889254e-01 5.018114787429155815e-02
9.856685846853653343e-01 5.009162699488754755e-02
9.857783419607786257e-01 5.000262550531830302e-02
9.858872927626712857e-01 4.991414040739777791e-02
9.859954429543230647e-01 4.982616872011288306e-02
9.861027983574313094e-01 4.973870747952637700e-02
9.862093647523896278e-01 4.965175373868041531e-02
9.863151478785650017e-01 4.956530456750050939e-02
9.864201534345731215e-01 4.947935705270005424e-02
9.865243870785523894e-01 4.939390829768542518e-02
9.866278544284361463e-01 4.930895542246151869e-02
9.867305610622232326e-01 4.922449556353788308e-02
9.868325125182472179e-01 4.914052587383532789e-02
9.869337142954432984e-01 4.905704352259306761e-02
9.870341718536155273e-01 4.897404569527635115e-02
9.871338906136997160e-01 4.889152959348465333e-02
9.872328759580268898e-01 4.880949243486030348e-02
9.873311332305847454e-01 4.872793145299768314e-02
9.874286677372767773e-01 4.864684389735288161e-02
9.875254847461809593e-01 4.856622703315387896e-02
9.876215894878054291e-01 4.848607814131121463e-02
9.877169871553447278e-01 4.840639451832912110e-02
9.878116829049327086e-01 4.832717347621721948e-02
9.879056818558942243e-01 4.824841234240263843e-02
9.879989890909960382e-01 4.817010845964263960e-02
9.880916096566958462e-01 4.809225918593774268e-02
9.881835485633891913e-01 4.801486189444530844e-02
9.882748107856560438e-01 4.793791397339362825e-02
9.883654012625050500e-01 4.786141282599644386e-02
9.884553248976161166e-01 4.778535587036800147e-02
9.885445865595826609e-01 4.770974053943851517e-02
9.886331910821508639e-01 4.763456428087015082e-02
9.887211432644585907e-01 4.755982455697347483e-02
9.888084478712725334e-01 4.748551884462427070e-02
9.888951096332233570e-01 4.741164463518098698e-02
9.889811332470408445e-01 4.733819943440247674e-02
9.890665233757854891e-01 4.726518076236631283e-02
9.891512846490804201e-01 4.719258615338748492e-02
9.892354216633413300e-01 4.712041315593758911e-02
9.893189389820041812e-01 4.704865933256443394e-02
9.894018411357532461e-01 4.697732225981214593e-02
9.894841326227458156e-01 4.690639952814164293e-02
9.895658179088371309e-01 4.683588874185161399e-02
9.896469014278023169e-01 4.676578751899992947e-02
9.897273875815585376e-01 4.669609349132543968e-02
9.898072807403845985e-01 4.662680430417029398e-02
9.898865852431396606e-01 4.655791761640258597e-02
9.899653053974806216e-01 4.648943110033953996e-02
9.900434454800776107e-01 4.642134244167104434e-02
9.901210097368290386e-01 4.635364933938362908e-02
9.901980023830743161e-01 4.628634950568492196e-02
9.902744276038057958e-01 4.621944066592843792e-02
9.903502895538793815e-01 4.615292055853883330e-02
9.904255923582232501e-01 4.608678693493760414e-02
9.905003401120460182e-01 4.602103755946914537e-02
9.905745368810436879e-01 4.595567020932724012e-02
9.906481867016033727e-01 4.589068267448201399e-02
9.907212935810089105e-01 4.582607275760717386e-02
9.907938614976417036e-01 4.576183827400778781e-02
9.908658944011834446e-01 4.569797705154839823e-02
9.909373962128152913e-01 4.563448693058150957e-02
9.910083708254164847e-01 4.557136576387657567e-02
9.910788221037620804e-01 4.550861141654927167e-02
9.911487538847190137e-01 4.544622176599121682e-02
9.912181699774408328e-01 4.538419470180010684e-02
9.912870741635610994e-01 4.532252812571020695e-02
9.913554701973863459e-01 4.526121995152321276e-02
9.914233618060865894e-01 4.520026810503957604e-02
9.914907526898858459e-01 4.513967052399013580e-02
9.915576465222498692e-01 4.507942515796814487e-02
9.916240469500743338e-01 4.501952996836174059e-02
9.916899575938707967e-01 4.495998292828669307e-02
9.917553820479513282e-01 4.490078202251962525e-02
9.918203238806130306e-01 4.484192524743156605e-02
9.918847866343195596e-01 4.478341061092182968e-02
9.919487738258836451e-01 4.472523613235235285e-02
9.920122889466466143e-01 4.466739984248235817e-02
9.920753354626573595e-01 4.460989978340335060e-02
9.921379168148505290e-01 4.455273400847455101e-02
9.922000364192226085e-01 4.449590058225861428e-02
9.922616976670085576e-01 4.443939758045778454e-02
9.923229039248546712e-01 4.438322308985033493e-02
9.923836585349932182e-01 4.432737520822743055e-02
9.924439648154129712e-01 4.427185204433028987e-02
9.925038260600319573e-01 4.421665171778773468e-02
9.925632455388655462e-01 4.416177235905406617e-02
9.926222264981963139e-01 4.410721210934732961e-02
9.926807721607406876e-01 4.405296912058787734e-02
9.927388857258162558e-01 4.399904155533729960e-02
9.927965703695064148e-01 4.394542758673769534e-02
9.928538292448250147e-01 4.389212539845131072e-02
9.929106654818791178e-01 4.383913318460045533e-02
9.929670821880315357e-01 4.378644914970783453e-02
9.930230824480617002e-01 4.373407150863713178e-02
9.930786693243248697e-01 4.368199848653400025e-02
9.931338458569121119e-01 4.363022831876735286e-02
9.931886150638074007e-01 4.357875925087095759e-02
9.932429799410441573e-01 4.352758953848543527e-02
9.932969434628615701e-01 4.347671744730049331e-02
9.933505085818584712e-01 4.342614125299755490e-02
9.934036782291476575e-01 4.337585924119266578e-02
9.934564553145079913e-01 4.332586970737976884e-02
9.935088427265358346e-01 4.327617095687424226e-02
9.935608433327962619e-01 4.322676130475680556e-02
9.936124599799716073e-01 4.317763907581769617e-02
9.936636954940104571e-01 4.312880260450119296e-02
9.937145526802755313e-01 4.308025023485047983e-02
9.937650343236892336e-01 4.303198032045271043e-02
9.938151431888799792e-01 4.298399122438452402e-02
9.938648820203263012e-01 4.293628131915776247e-02
9.939142535425007363e-01 4.288884898666556200e-02
9.939632604600118215e-01 4.284169261812867391e-02
9.940119054577464253e-01 4.279481061404216691e-02
9.940601912010096353e-01 4.274820138412238624e-02
9.941081203356652018e-01 4.270186334725421806e-02
9.941556954882739827e-01 4.265579493143864531e-02
9.942029192662311665e-01 4.260999457374062965e-02
9.942497942579040515e-01 4.256446072023725019e-02
9.942963230327676039e-01 4.251919182596616137e-02
9.943425081415393496e-01 4.247418635487431454e-02
9.943883521163133787e-01 4.242944277976700568e-02
9.944338574706939049e-01 4.238495958225717980e-02
9.944790266999269379e-01 4.234073525271503380e-02
9.945238622810324003e-01 4.229676829021791068e-02
9.945683666729341343e-01 4.225305720250044361e-02
9.946125423165891322e-01 4.220960050590506080e-02
9.946563916351170986e-01 4.216639672533264299e-02
9.946999170339273499e-01 4.212344439419359737e-02
9.947431209008461561e-01 4.208074205435911874e-02
9.947860056062426404e-01 4.203828825611274217e-02
9.948285735031546784e-01 4.199608155810218707e-02
9.948708269274119109e-01 4.195412052729147190e-02
9.949127681977599780e-01 4.191240373891329252e-02
9.949543996159836423e-01 4.187092977642165037e-02
9.949957234670271378e-01 4.182969723144479984e-02
9.950367420191166268e-01 4.178870470373839685e-02
9.950774575238793274e-01 4.174795080113896661e-02
9.951178722164629731e-01 4.170743413951763512e-02
9.951579883156542738e-01 4.166715334273404792e-02
9.951978080239971547e-01 4.162710704259064282e-02
9.952373335279085520e-01 4.158729387878713768e-02
9.952765669977948759e-01 4.154771249887526802e-02
9.953155105881674736e-01 4.150836155821381601e-02
9.953541664377569820e-01 4.146923971992382690e-02
9.953925366696262378e-01 4.143034565484417925e-02
9.954306233912840751e-01 4.139167804148731478e-02
9.954684286947963479e-01 4.135323556599524580e-02
9.955059546568986173e-01 4.131501692209587490e-02
9.955432033391050650e-01 4.127702081105945331e-02
9.955801767878192932e-01 4.123924594165536556e-02
9.956168770344427932e-01 4.120169103010911521e-02
9.956533060954835257e-01 4.116435480005962988e-02
9.956894659726628349e-01 4.112723598251666335e-02
9.957253586530226963e-01 4.109033331581861404e-02
9.957609861090312986e-01 4.105364554559045448e-02
9.957963502986884041e-01 4.101717142470193839e-02
9.958314531656299318e-01 4.098090971322604359e-02
9.958662966392313187e-01 4.094485917839771338e-02
9.959008826347114374e-01 4.090901859457268114e-02
9.959352130532334035e-01 4.087338674318671122e-02
9.959692897820080493e-01 4.083796241271490240e-02
9.960031146943930658e-01 4.080274439863137287e-02
9.960366896499943667e-01 4.076773150336903545e-02
9.960700164947651203e-01 4.073292253627973369e-02
9.961030970611044477e-01 4.069831631359447505e-02
9.961359331679554563e-01 4.066391165838400407e-02
9.961685266209033829e-01 4.062970740051951440e-02
9.962008792122712952e-01 4.059570237663364528e-02
9.962329927212164593e-01 4.056189543008163756e-02
9.962648689138262625e-01 4.052828541090279513e-02
9.962965095432121387e-01 4.049487117578206424e-02
9.963279163496040480e-01 4.046165158801189737e-02
9.963590910604435136e-01 4.042862551745435296e-02
9.963900353904769913e-01 4.039579184050334087e-02
9.964207510418469083e-01 4.036314944004709693e-02
9.964512397041839220e-01 4.033069720543095565e-02
9.964815030546976260e-01 4.029843403242021338e-02
9.965115427582661445e-01 4.026635882316329657e-02
9.965413604675257275e-01 4.023447048615506200e-02
9.965709578229603460e-01 4.020276793620038841e-02
9.966003364529891773e-01 4.017125009437792077e-02
9.966294979740542015e-01 4.013991588800400190e-02
9.966584439907077986e-01 4.010876425059688166e-02
9.966871760956982351e-01 4.007779412184107881e-02
9.967156958700565950e-01 4.004700444755192323e-02
9.967440048831807120e-01 4.001639417964036188e-02
9.967721046929207684e-01 3.998596227607795206e-02
9.967999968456621174e-01 3.995570770086197959e-02
9.968276828764099928e-01 3.992562942398088927e-02
9.968551643088712222e-01 3.989572642137981240e-02
9.968824426555370488e-01 3.986599767492636504e-02
9.969095194177639563e-01 3.983644217237658491e-02
9.969363960858558249e-01 3.980705890734111130e-02
9.969630741391432016e-01 3.977784687925148971e-02
9.969895550460642353e-01 3.974880509332678197e-02
9.970158402642433915e-01 3.971993256054021787e-02
9.970419312405699452e-01 3.969122829758617299e-02
9.970678294112766960e-01 3.966269132684722976e-02
9.970935362020177939e-01 3.963432067636152994e-02
9.971190530279450126e-01 3.960611537979018965e-02
9.971443812937849094e-01 3.957807447638501952e-02
9.971695223939145425e-01 3.955019701095633528e-02
9.971944777124370773e-01 3.952248203384103875e-02
9.972192486232563935e-01 3.949492860087078921e-02
9.972438364901521357e-01 3.946753577334041752e-02
9.972682426668528777e-01 3.944030261797650677e-02
9.972924684971093967e-01 3.941322820690614653e-02
9.973165153147683926e-01 3.938631161762585348e-02
9.973403844438433197e-01 3.935955193297072108e-02
9.973640771985875508e-01 3.933294824108366644e-02
9.973875948835648764e-01 3.930649963538490610e-02
9.974109387937201143e-01 3.928020521454159836e-02
9.974341102144500537e-01 3.925406408243767298e-02
9.974571104216723993e-01 3.922807534814375108e-02
9.974799406818954939e-01 3.920223812588737727e-02
9.975026022522870406e-01 3.917655153502327958e-02
9.975250963807422711e-01 3.915101470000389994e-02
9.975474243059512247e-01 3.912562675035004267e-02
9.975695872574668055e-01 3.910038682062171034e-02
9.975915864557712842e-01 3.907529405038909914e-02
9.976134231123422458e-01 3.905034758420371926e-02
9.976350984297190916e-01 3.902554657156979967e-02
9.976566136015678765e-01 3.900089016691570681e-02
9.976779698127463680e-01 3.897637752956562701e-02
9.976991682393687721e-01 3.895200782371137371e-02
9.977202100488690162e-01 3.892778021838437519e-02
9.977410964000649196e-01 3.890369388742778017e-02
9.977618284432208107e-01 3.887974800946878556e-02
9.977824073201105870e-01 3.885594176789106124e-02
9.978028341640795551e-01 3.883227435080736922e-02
9.978231101001059367e-01 3.880874495103234234e-02
9.978432362448628190e-01 3.878535276605537402e-02
9.978632137067779961e-01 3.876209699801373004e-02
9.978830435860952530e-01 3.873897685366575749e-02
9.979027269749339846e-01 3.871599154436425327e-02
9.979222649573485926e-01 3.869314028603003386e-02
9.979416586093876607e-01 3.867042229912560913e-02
9.979609089991529070e-01 3.864783680862898807e-02
9.979800171868569159e-01 3.862538304400772726e-02
9.979989842248809806e-01 3.860306023919298640e-02
9.980178111578331679e-01 3.858086763255387519e-02
9.980364990226047173e-01 3.855880446687185575e-02
9.980550488484268845e-01 3.853686998931531854e-02
9.980734616569267859e-01 3.851506345141431781e-02
9.980917384621839084e-01 3.849338410903539731e-02
9.981098802707841777e-01 3.847183122235665886e-02
9.981278880818765797e-01 3.845040405584285864e-02
9.981457628872264509e-01 3.842910187822072554e-02
9.981635056712701015e-01 3.840792396245441831e-02
9.981811174111686613e-01 3.838686958572105901e-02
9.981985990768614814e-01 3.836593802938647463e-02
9.982159516311188696e-01 3.834512857898102894e-02
9.982331760295950485e-01 3.832444052417566249e-02
9.982502732208803353e-01 3.830387315875796728e-02
9.982672441465531010e-01 3.828342578060848350e-02
9.982840897412309511e-01 3.826309769167708652e-02
9.983008109326217960e-01 3.824288819795953337e-02
9.983174086415751436e-01 3.822279660947415503e-02
9.983338837821321698e-01 3.820282224023861112e-02
9.983502372615756792e-01 3.818296440824687360e-02
9.983664699804799536e-01 3.816322243544626597e-02
9.983825828327598240e-01 3.814359564771468980e-02
9.983985767057197425e-01 3.812408337483794152e-02
9.984144524801022991e-01 3.810468495048716098e-02
9.984302110301367383e-01 3.808539971219646048e-02
9.984458532235863659e-01 3.806622700134058151e-02
9.984613799217965102e-01 3.804716616311282218e-02
9.984767919797415958e-01 3.802821654650294370e-02
9.984920902460719949e-01 3.800937750427528516e-02
9.985072755631603236e-01 3.799064839294701013e-02
9.985223487671479603e-01 3.797202857276643639e-02
9.985373106879905647e-01 3.795351740769151161e-02
9.985521621495039302e-01 3.793511426536841369e-02
9.985669039694089477e-01 3.791681851711025536e-02
9.985815369593765700e-01 3.789862953787596217e-02
9.985960619250719983e-01 3.788054670624919906e-02
9.986104796661995353e-01 3.786256940441745655e-02
9.986247909765457731e-01 3.784469701815127568e-02
9.986389966440234467e-01 3.782692893678354235e-02
9.986530974507147329e-01 3.780926455318896207e-02
9.986670941729144380e-01 3.779170326376357636e-02
9.986809875811719639e-01 3.777424446840447342e-02
9.986947784403340522e-01 3.775688757048954736e-02
9.987084675095867503e-01 3.773963197685744481e-02
9.987220555424971558e-01 3.772247709778755315e-02
9.987355432870546057e-01 3.770542234698016915e-02
9.987489314857116440e-01 3.768846714153670924e-02
9.987622208754255437e-01 3.767161090194011408e-02
9.987754121876978308e-01 3.765485305203530170e-02
9.987885061486151406e-01 3.763819301900977327e-02
9.988015034788888524e-01 3.762163023337430218e-02
9.988144048938949471e-01 3.760516412894373411e-02
9.988272111037131973e-01 3.758879414281792591e-02
9.988399228131658036e-01 3.757251971536278851e-02
9.988525407218571406e-01 3.755634029019139231e-02
9.988650655242110599e-01 3.754025531414522526e-02
9.988774979095099704e-01 3.752426423727558275e-02
9.988898385619323639e-01 3.750836651282496437e-02
9.989020881605903401e-01 3.749256159720869980e-02
9.989142473795673549e-01 3.747684894999659538e-02
9.989263168879550792e-01 3.746122803389472650e-02
9.989382973498900364e-01 3.744569831472730620e-02
9.989501894245907954e-01 3.743025926141868576e-02
9.989619937663934968e-01 3.741491034597544535e-02
9.989737110247881580e-01 3.739965104346857500e-02
9.989853418444545330e-01 3.738448083201578037e-02
9.989968868652976397e-01 3.736939919276389965e-02
9.990083467224828428e-01 3.735440560987134118e-02
9.990197220464707151e-01 3.733949957049076396e-02
9.990310134630522310e-01 3.732468056475172352e-02
9.990422215933828509e-01 3.730994808574348426e-02
9.990533470540168270e-01 3.729530162949790117e-02
9.990643904569411760e-01 3.728074069497244736e-02
9.990753524096090965e-01 3.726626478403329001e-02
9.990862335149740536e-01 3.725187340143847059e-02
9.990970343715228630e-01 3.723756605482120979e-02
9.991077555733082205e-01 3.722334225467327506e-02
9.991183977099814539e-01 3.720920151432847295e-02
9.991289613668260516e-01 3.719514334994620391e-02
9.991394471247885267e-01 3.718116728049514902e-02
9.991498555605112797e-01 3.716727282773701901e-02
9.991601872463644618e-01 3.715345951621041448e-02
9.991704427504769503e-01 3.713972687321476923e-02
9.991806226367683230e-01 3.712607442879438391e-02
9.991907274649793891e-01 3.711250171572257062e-02
9.992007577907034976e-01 3.709900826948587388e-02
9.992107141654169578e-01 3.708559362826836792e-02
9.992205971365094586e-01 3.707225733293607883e-02
9.992304072473143783e-01 3.705899892702146231e-02
9.992401450371390936e-01 3.704581795670799232e-02
9.992498110412936230e-01 3.703271397081484007e-02
9.992594057911216021e-01 3.701968652078160837e-02
9.992689298140284837e-01 3.700673516065321189e-02
9.992783836335111802e-01 3.699385944706477802e-02
9.992877677691870408e-01 3.698105893922667975e-02
9.992970827368220510e-01 3.696833319890965863e-02
9.993063290483600314e-01 3.695568179042997559e-02
9.993155072119499494e-01 3.694310428063473511e-02
9.993246177319751178e-01 3.693060023888720261e-02
9.993336611090799515e-01 3.691816923705228820e-02
9.993426378401982779e-01 3.690581084948205137e-02
9.993515484185806486e-01 3.689352465300132361e-02
9.993603933338215395e-01 3.688131022689339344e-02
9.993691730718863298e-01 3.686916715288580254e-02
9.993778881151383908e-01 3.685709501513619035e-02
9.993865389423650658e-01 3.684509340021822899e-02
9.993951260288053140e-01 3.683316189710766214e-02
9.994036498461748019e-01 3.682130009716840652e-02
9.994121108626924377e-01 3.680950759413870871e-02
9.994205095431064612e-01 3.679778398411744089e-02
9.994288463487197571e-01 3.678612886555040346e-02
9.994371217374155014e-01 3.677454183921678721e-02
9.994453361636825850e-01 3.676302250821562867e-02
9.994534900786405940e-01 3.675157047795242493e-02
9.994615839300643456e-01 3.674018535612574854e-02
9.994696181624096454e-01 3.672886675271398726e-02
9.994775932168370458e-01 3.671761427996216715e-02
9.994855095312363824e-01 3.670642755236883104e-02
9.994933675402513096e-01 3.669530618667295185e-02
9.995011676753029484e-01 3.668424980184103318e-02
9.995089103646136452e-01 3.667325801905416127e-02
9.995165960332313970e-01 3.666233046169520282e-02
9.995242251030522773e-01 3.665146675533607207e-02
9.995317979928447505e-01 3.664066652772504651e-02
9.995393151182723201e-01 3.662992940877415893e-02
9.995467768919168439e-01 3.661925503054667963e-02
9.995541837233006266e-01 3.660864302724468194e-02
9.995615360189098464e-01 3.659809303519661466e-02
9.995688341822172029e-01 3.658760469284504102e-02
9.995760786137032339e-01 3.657717764073434297e-02
9.995832697108792964e-01 3.656681152149861280e-02
9.995904078683092164e-01 3.655650597984948930e-02
9.995974934776313825e-01 3.654626066256418115e-02
9.996045269275800615e-01 3.653607521847347661e-02
9.996115086040076037e-01 3.652594929844985711e-02
9.996184388899045370e-01 3.651588255539566646e-02
9.996253181654222164e-01 3.650587464423137724e-02
9.996321468078926964e-01 3.649592522188387089e-02
9.996389251918504915e-01 3.648603394727486376e-02
9.996456536890525602e-01 3.647620048130928438e-02
9.996523326684993993e-01 3.646642448686385901e-02
9.996589624964554721e-01 3.645670562877564164e-02
9.996655435364690812e-01 3.644704357383067583e-02
9.996720761493925744e-01 3.643743799075271211e-02
9.996785606934029955e-01 3.642788855019195998e-02
9.996849975240210684e-01 3.641839492471396489e-02
9.996913869941311814e-01 3.640895678878845743e-02
9.996977294540010384e-01 3.639957381877839682e-02
9.997040252513008651e-01 3.639024569292893113e-02
9.997102747311229498e-01 3.638097209135652405e-02
9.997164782360005164e-01 3.637175269603812322e-02
9.997226361059269317e-01 3.636258719080035645e-02
9.997287486783738020e-01 3.635347526130883189e-02
9.997348162883108458e-01 3.634441659505746602e-02
9.997408392682232137e-01 3.633541088135791575e-02
9.997468179481311390e-01 3.632645781132901042e-02
9.997527526556071464e-01 3.631755707788631576e-02
9.997586437157947037e-01 3.630870837573169085e-02
9.997644914514260961e-01 3.629991140134295607e-02
9.997702961828406343e-01 3.629116585296358194e-02
9.997760582280020847e-01 3.628247143059248891e-02
9.997817779025161000e-01 3.627382783597381949e-02
9.997874555196479829e-01 3.626523477258689759e-02
9.997930913903400052e-01 3.625669194563608394e-02
9.997986858232288387e-01 3.624819906204085340e-02
9.998042391246624305e-01 3.623975583042581688e-02
9.998097515987165451e-01 3.623136196111083340e-02
9.998152235472125282e-01 3.622301716610119154e-02
9.998206552697335159e-01 3.621472115907785339e-02
9.998260470636406438e-01 3.620647365538771922e-02
9.998313992240905890e-01 3.619827437203396864e-02
9.998367120440507794e-01 3.619012302766648481e-02
9.998419858143163808e-01 3.618201934257228580e-02
9.998472208235260617e-01 3.617396303866602519e-02
9.998524173581779806e-01 3.616595383948056214e-02
9.998575757026461064e-01 3.615799147015760773e-02
9.998626961391957613e-01 3.615007565743835055e-02
9.998677789479986089e-01 3.614220612965421409e-02
9.998728244071493076e-01 3.613438261671762103e-02
9.998778327926799436e-01 3.612660485011282008e-02
9.998828043785757957e-01 3.611887256288680986e-02
9.998877394367906568e-01 3.611118548964021430e-02
9.998926382372613775e-01 3.610354336651831753e-02
9.998975010479235204e-01 3.609594593120209888e-02
9.999023281347257930e-01 3.608839292289930945e-02
9.999071197616445916e-01 3.608088408233563193e-02
9.999118761906993225e-01 3.607341915174587521e-02
9.999165976819657242e-01 3.606599787486522435e-02
9.999212844935921884e-01 3.605861999692053232e-02
9.999259368818119720e-01 3.605128526462166028e-02
9.999305551009588511e-01 3.604399342615288021e-02
9.999351394034804441e-01 3.603674423116434711e-02
9.999396900399527555e-01 3.602953743076355020e-02
9.999442072590938313e-01 3.602237277750689609e-02
9.999486913077773043e-01 3.601525002539128495e-02
9.999531424310466043e-01 3.600816892984574913e-02
9.999575608721278375e-01 3.600112924772317508e-02
9.999619468724441074e-01 3.599413073729201135e-02
9.999663006716279501e-01 3.598717315822805990e-02
9.999706225075358779e-01 3.598025627160631595e-02
9.999749126162600366e-01 3.597337983989287030e-02
9.999791712321426385e-01 3.596654362693678386e-02
9.999833985877885079e-01 3.595974739796212877e-02
9.999875949140771825e-01 3.595299091955995313e-02
9.999917604401770133e-01 3.594627395968039846e-02
9.999958953935570438e-01 3.593959628762476155e-02
1.000000000000000000e+00 3.593295767403769519e-02
