0.000000000000000000e+00 9.019699813315205095e-01
7.758619383835707595e-03 9.004166097096880650e-01
1.545066844473041989e-02 8.988727516978052279e-01
2.307671004171896190e-02 8.973382629528757759e-01
3.063730268249220678e-02 8.958129990145040633e-01
3.813300054934321004e-02 8.942968152872000642e-01
4.556435352526833071e-02 8.927895670227947722e-01
5.293190722020835182e-02 8.912911093029762810e-01
6.023620299741494488e-02 8.898012970219575379e-01
6.747777799993315284e-02 8.883199848692870937e-01
7.465716517718190559e-02 8.868470273128120640e-01
8.177489331162646202e-02 8.853822785818086238e-01
8.883148704552623620e-02 8.839255926502884719e-01
9.582746690775045817e-02 8.824768232204980301e-01
1.027633493406494569e-01 8.810358237066189258e-01
1.096396467269714625e-01 8.796024472186880772e-01
1.164568674168157125e-01 8.781765465467481491e-01
1.232155157546116486e-01 8.767579741452439235e-01
1.299160921061163210e-01 8.753465821176801276e-01
1.365590928854196751e-01 8.739422222015558184e-01
1.431450105819515040e-01 8.725447457535908669e-01
1.496743337874797408e-01 8.711540037352616395e-01
1.561475472230940964e-01 8.697698466986626409e-01
1.625651317661664930e-01 8.683921247727109938e-01
1.689275644772818552e-01 8.670206876497126292e-01
1.752353186271319307e-01 8.656553845723070628e-01
1.814888637233658120e-01 8.642960643208119631e-01
1.876886655373901647e-01 8.629425752009832751e-01
1.938351861311142788e-01 8.615947650322146600e-01
1.999288838836315030e-01 8.602524811361932366e-01
2.059702135178347326e-01 8.589155703260339392e-01
2.119596261269574011e-01 8.575838788959132541e-01
2.178975692010365339e-01 8.562572526112242066e-01
2.237844866532908705e-01 8.549355366992735794e-01
2.296208188464119448e-01 8.536185758405451240e-01
2.354070026187602416e-01 8.523062141605505238e-01
2.411434713104639860e-01 8.509982952222917563e-01
2.468306547894141278e-01 8.496946620193586153e-01
2.524689794771534102e-01 8.483951569696850381e-01
2.580588683746535272e-01 8.470996219099881097e-01
2.636007410879778190e-01 8.458078980909159439e-01
2.690950138538229508e-01 8.445198261729269795e-01
2.745420995649398010e-01 8.432352462229281143e-01
2.799424077954257850e-01 8.419539977116955454e-01
2.852963448258880597e-01 8.406759195121050743e-01
2.906043136684725026e-01 8.394008498981966326e-01
2.958667140917556893e-01 8.381286265451006745e-01
3.010839426454965384e-01 8.368590865298501935e-01
3.062563926852448493e-01 8.355920663331072307e-01
3.113844543968025125e-01 8.343274018418284088e-01
3.164685148205362841e-01 8.330649283528966942e-01
3.215089578755377930e-01 8.318044805777452533e-01
3.265061643836282279e-01 8.305458926480000503e-01
3.314605120932059279e-01 8.292889981221671647e-01
3.363723757029331018e-01 8.280336299933910293e-01
3.412421268852601219e-01 8.267796206983093477e-01
3.460701343097841720e-01 8.255268021270301126e-01
3.508567636664404743e-01 8.242750056342562637e-01
3.556023776885236520e-01 8.230240620515832939e-01
3.603073361755370074e-01 8.217738017009936780e-01
3.649719960158673837e-01 8.205240544095723232e-01
3.695967112092839457e-01 8.192746495254673578e-01
3.741818328892589918e-01 8.180254159351184606e-01
3.787277093451077992e-01 8.167761820817753815e-01
3.832346860439473923e-01 8.155267759853280785e-01
3.877031056524714581e-01 8.142770252634703443e-01
3.921333080585394093e-01 8.130267571542153515e-01
3.965256303925789316e-01 8.117757985397833220e-01
4.008804070487999027e-01 8.105239759718791959e-01
4.051979697062183527e-01 8.092711156983782850e-01
4.094786473494892443e-01 8.080170436914329013e-01
4.137227662895462954e-01 8.067615856770194993e-01
4.179306501840488464e-01 8.055045671659353257e-01
4.221026200576327714e-01 8.042458134862588981e-01
4.262389943219658806e-01 8.029851498172855262e-01
4.303400887956065901e-01 8.017224012249455356e-01
4.344062167236644179e-01 8.004573926987144095e-01
4.384376887972620818e-01 7.991899491900192887e-01
4.424348131727983136e-01 7.979198956521480479e-01
4.463978954910101660e-01 7.966470570816615027e-01
4.503272388958358130e-01 7.953712585613113006e-01
4.542231440530760667e-01 7.940923253044602781e-01
4.580859091688540552e-01 7.928100827010042817e-01
4.619158300078747281e-01 7.915243563647875735e-01
4.657131999114815235e-01 7.902349721825060458e-01
4.694783098155124179e-01 7.889417563640890307e-01
4.732114482679536938e-01 7.876445354945447175e-01
4.769129014463929783e-01 7.863431365872594059e-01
4.805829531752709993e-01 7.850373871387292812e-01
4.842218849429325012e-01 7.837271151847090556e-01
4.878299759184772100e-01 7.824121493577540498e-01
4.914075029684114027e-01 7.810923189461318472e-01
4.949547406731007460e-01 7.797674539540775385e-01
4.984719613430248497e-01 7.784373851633619168e-01
5.019594350348350886e-01 7.771019441961419805e-01
5.054174295672171358e-01 7.757609635790574387e-01
5.088462105365583188e-01 7.744142768085378048e-01
5.122460413324217976e-01 7.730617184172777767e-01
5.156171831528292282e-01 7.717031240418399385e-01
5.189598950193534677e-01 7.703383304913383745e-01
5.222744337920225410e-01 7.689671758171537919e-01
5.255610541840367578e-01 7.675894993836313018e-01
5.288200087763021973e-01 7.662051419397051255e-01
5.320515480317811186e-01 7.648139456913948253e-01
5.352559203096622920e-01 7.634157543751127761e-01
5.384333718793534729e-01 7.620104133317224804e-01
5.415841469342985715e-01 7.605977695812820016e-01
5.447084876056225156e-01 7.591776718984061256e-01
5.478066339756051395e-01 7.577499708881770824e-01
5.508788240909898715e-01 7.563145190625336634e-01
5.539252939761256656e-01 7.548711709170614625e-01
5.569462776459508380e-01 7.534197830081106328e-01
5.599420071188170311e-01 7.519602140301603344e-01
5.629127124291604112e-01 7.504923248933499380e-01
5.658586216400203206e-01 7.490159788010936071e-01
5.687799608554120478e-01 7.475310413276933241e-01
5.716769542325557119e-01 7.460373804958646549e-01
5.745498239939644813e-01 7.445348668540858750e-01
5.773987904393974580e-01 7.430233735536808659e-01
5.802240719576808869e-01 7.415027764255457399e-01
5.830258850384008040e-01 7.399729540564250474e-01
5.858044442834723364e-01 7.384337878646447528e-01
5.885599624185893219e-01 7.368851621752083858e-01
5.912926503045587978e-01 7.353269642941602235e-01
5.940027169485244674e-01 7.337590845821182484e-01
5.966903695150842513e-01 7.321814165268847319e-01
5.993558133373053654e-01 7.305938568150326384e-01
6.019992519276420317e-01 7.289963054023754774e-01
6.046208869887617077e-01 7.273886655832216830e-01
6.072209184242807201e-01 7.257708440583181542e-01
6.097995443494194090e-01 7.241427510013869195e-01
6.123569611015755587e-01 7.225043001241602258e-01
6.148933632508257752e-01 7.208554087398189036e-01
6.174089436103566975e-01 7.191959978247424168e-01
6.199038932468312613e-01 7.175259920784768930e-01
6.223784014906954543e-01 7.158453199818323176e-01
6.248326559464286722e-01 7.141539138530186293e-01
6.272668425027450034e-01 7.124517099017355637e-01
6.296811453427466621e-01 7.107386482811294259e-01
6.320757469540367879e-01 7.090146731375353006e-01
6.344508281387950532e-01 7.072797326579247645e-01
6.368065680238204074e-01 7.055337791149800530e-01
6.391431440705459543e-01 7.037767689097209622e-01
6.414607320850300720e-01 7.020086626116130990e-01
6.437595062279264368e-01 7.002294249960860917e-01
6.460396390244413922e-01 6.984390250793992561e-01
6.483013013742766617e-01 6.966374361507914337e-01
6.505446625615669554e-01 6.948246358018557167e-01
6.527698902648124690e-01 6.930006059530851026e-01
6.549771505668124938e-01 6.911653328775382299e-01
6.571666079646019121e-01 6.893188072215781226e-01
6.593384253793953542e-01 6.874610240226408653e-01
6.614927641665409030e-01 6.855919827239953523e-01
6.636297841254887864e-01 6.837116871864601375e-01
6.657496435097758347e-01 6.818201456970487406e-01
6.678524990370295900e-01 6.799173709745136573e-01
6.699385058989948405e-01 6.780033801717734177e-01
6.720078177715854695e-01 6.760781948752028203e-01
6.740605868249625043e-01 6.741418411007749079e-01
6.760969637336426974e-01 6.721943492870489090e-01
6.781170976866386368e-01 6.702357542850001515e-01
6.801211363976312763e-01 6.682660953446948326e-01
6.821092261151787683e-01 6.662854160988160857e-01
6.840815116329617140e-01 6.642937645430533333e-01
6.860381363000658261e-01 6.622911930133711378e-01
6.879792420313052270e-01 6.602777581601770862e-01
6.899049693175840492e-01 6.582535209194151360e-01
6.918154572363008903e-01 6.562185464806138402e-01
6.937108434617936803e-01 6.541729042519234261e-01
6.955912642758271813e-01 6.521166678221805846e-01
6.974568545781227868e-01 6.500499149200430482e-01
6.993077478969307315e-01 6.479727273702414747e-01
7.011440763996446002e-01 6.458851910469995961e-01
7.029659709034575821e-01 6.437873958246767003e-01
7.047735608860616896e-01 6.416794355256916216e-01
7.065669744963860577e-01 6.395614078657915202e-01
7.083463385653772093e-01 6.374334143967286259e-01
7.101117786168180679e-01 6.352955604464167738e-01
7.118634188781844951e-01 6.331479550566394554e-01
7.136013822915406868e-01 6.309907109183829910e-01
7.153257905244683190e-01 6.288239443048763144e-01
7.170367639810308891e-01 6.266477750024150861e-01
7.187344218127705853e-01 6.244623262390569529e-01
7.204188819297352442e-01 6.222677246112702232e-01
7.220902610115346176e-01 6.200641000086281052e-01
7.237486745184230630e-01 6.178515855366346621e-01
7.253942367024072135e-01 6.156303174377772969e-01
7.270270606183755202e-01 6.134004350108968051e-01
7.286472581352479994e-01 6.111620805289724734e-01
7.302549399471440772e-01 6.089153991554155931e-01
7.318502155845643120e-01 6.066605388589700887e-01
7.334331934255853280e-01 6.043976503273180700e-01
7.350039807070647413e-01 6.021268868794881213e-01
7.365626835358518587e-01 5.998484043771654672e-01
7.381094069000043723e-01 5.975623611350044939e-01
7.396442546800039430e-01 5.952689178300413220e-01
7.411673296599727845e-01 5.929682374103060205e-01
7.426787335388835842e-01 5.906604850027343812e-01
7.441785669417630977e-01 5.883458278204776182e-01
7.456669294308846396e-01 5.860244350697060289e-01
7.471439195169472525e-01 5.836964778560062017e-01
7.486096346702381110e-01 5.813621290904669170e-01
7.500641713317754977e-01 5.790215633955486663e-01
7.515076249244282414e-01 5.766749570108303802e-01
7.529400898640110640e-01 5.743224876987274019e-01
7.543616595703490635e-01 5.719643346502696346e-01
7.557724264783122203e-01 5.696006783910307902e-01
7.571724820488134888e-01 5.672317006872960032e-01
7.585619167797708062e-01 5.648575844525514089e-01
7.599408202170268023e-01 5.624785136543846154e-01
7.613092809652258763e-01 5.600946732218712310e-01
7.626673866986445338e-01 5.577062489535312695e-01
7.640152241719726511e-01 5.553134274259322600e-01
7.653528792310418938e-01 5.529163959030115594e-01
7.666804368235007328e-01 5.505153422461926960e-01
7.679979810094308412e-01 5.481104548253650233e-01
7.693055949719042053e-01 5.457019224307932959e-01
7.706033610274771739e-01 5.432899341860233378e-01
7.718913606366206714e-01 5.408746794618448650e-01
7.731696744140812427e-01 5.384563477913718588e-01
7.744383821391741529e-01 5.360351287862961112e-01
7.756975627660038786e-01 5.336112120543701209e-01
7.769472944336099918e-01 5.311847871181685221e-01
7.781876544760379932e-01 5.287560433351777833e-01
7.794187194323312085e-01 5.263251698192600303e-01
7.806405650564421927e-01 5.238923553635336239e-01
7.818532663270640892e-01 5.214577883647112388e-01
7.830568974573756114e-01 5.190216567489327470e-01
7.842515319047032030e-01 5.165841478991286539e-01
7.854372423800941583e-01 5.141454485839436206e-01
7.866141008578031446e-01 5.117057448882543769e-01
7.877821785846870206e-01 5.092652221453030092e-01
7.889415460895100596e-01 5.068240648704748219e-01
7.900922731921558029e-01 5.043824566967396450e-01
7.912344290127456548e-01 5.019405803117764631e-01
7.923680819806624420e-01 4.994986173967985721e-01
7.934932998434787166e-01 4.970567485670926988e-01
7.946101496757883575e-01 4.946151533142842949e-01
7.957186978879402517e-01 4.921740099503382204e-01
7.968190102346749404e-01 4.897334955533032552e-01
7.979111518236611245e-01 4.872937859148033235e-01
7.989951871239335812e-01 4.848550554892812059e-01
8.000711799742312724e-01 4.824174773449926290e-01
8.011391935912339779e-01 4.799812231167517318e-01
8.021992905776997862e-01 4.775464629604244671e-01
8.032515329305003338e-01 4.751133655091634989e-01
8.042959820485557909e-01 4.726820978313799326e-01
8.053326987406671522e-01 4.702528253904417754e-01
8.063617432332488288e-01 4.678257120060902441e-01
8.073831751779583232e-01 4.654009198175600437e-01
8.083970536592250955e-01 4.629786092483936244e-01
8.094034372016788437e-01 4.605589389729316530e-01
8.104023837774748662e-01 4.581420658844648219e-01
8.113939508135206147e-01 4.557281450650296772e-01
8.123781951986002170e-01 4.533173297568304783e-01
8.133551732903996356e-01 4.509097713352648862e-01
8.143249409224315727e-01 4.485056192835358280e-01
8.152875534108607880e-01 4.461050211688245559e-01
8.162430655612310515e-01 4.437081226200045858e-01
8.171915316750938407e-01 4.413150673068708674e-01
8.181330055565383397e-01 4.389259969208600953e-01
8.190675405186256253e-01 4.365410511572377361e-01
8.199951893897251542e-01 4.341603676987239036e-01
8.209160045197563260e-01 4.317840822005331036e-01
8.218300377863347883e-01 4.294123282767995375e-01
8.227373406008244849e-01 4.270452374883597635e-01
8.236379639142962228e-01 4.246829393318660717e-01
8.245319582233939792e-01 4.223255612302003748e-01
8.254193735761090611e-01 4.199732285241594143e-01
8.263002595774636694e-01 4.176260644653830845e-01
8.271746653951046468e-01 4.152841902104957850e-01
8.280426397648082970e-01 4.129477248164302727e-01
8.289042309958967181e-01 4.106167852369048132e-01
8.297594869765679837e-01 4.082914863200233224e-01
8.306084551791397264e-01 4.059719408069681901e-01
8.314511826652080106e-01 4.036582593317555867e-01
8.322877160907218297e-01 4.013505504220225006e-01
8.331181017109753340e-01 3.990489205008174167e-01
8.339423853855181257e-01 3.967534738893612190e-01
8.347606125829840629e-01 3.944643128107514496e-01
8.355728283858417926e-01 3.921815373945777283e-01
8.363790774950647933e-01 3.899052456824207979e-01
8.371794042347260323e-01 3.876355336342038882e-01
8.379738525565144647e-01 3.853724951353685313e-01
8.387624660441774793e-01 3.831162220048445199e-01
8.395452879178884054e-01 3.808668040037871405e-01
8.403223610385410769e-01 3.786243288450518163e-01
8.410937279119734544e-01 3.763888822033785164e-01
8.418594306931183047e-01 3.741605477262585078e-01
8.426195111900864898e-01 3.719394070454563606e-01
8.433740108681802017e-01 3.697255397891594519e-01
8.441229708538391385e-01 3.675190235947290995e-01
8.448664319385197352e-01 3.653199341220269014e-01
8.456044345825107778e-01 3.631283450672908586e-01
8.463370189186822934e-01 3.609443281775360779e-01
8.470642247561734894e-01 3.587679532654542980e-01
8.477860915840174094e-01 3.565992882247899232e-01
8.485026585747057482e-01 3.544383990461662526e-01
8.492139645876919385e-01 3.522853498333395894e-01
8.499200481728377277e-01 3.501402028198603578e-01
8.506209475738001347e-01 3.480030183861139159e-01
8.513167007313624524e-01 3.458738550767244124e-01
8.520073452867097386e-01 3.437527696182969272e-01
8.526929185846490178e-01 3.416398169374779137e-01
8.533734576767765256e-01 3.395350501793134024e-01
8.540489993245915512e-01 3.374385207258854269e-01
8.547195800025590984e-01 3.353502782152066874e-01
8.553852359011218098e-01 3.332703705603549116e-01
8.560460029296621531e-01 3.311988439688275943e-01
8.567019167194157570e-01 3.291357429621004638e-01
8.573530126263365636e-01 3.270811103953717991e-01
8.579993257339159074e-01 3.250349874774743908e-01
8.586408908559550746e-01 3.229974137909403797e-01
8.592777425392927881e-01 3.209684273122024312e-01
8.599099150664882840e-01 3.189480644319150349e-01
8.605374424584620874e-01 3.169363599753817207e-01
8.611603584770932684e-01 3.149333472230733122e-01
8.617786966277750649e-01 3.129390579312232301e-01
8.623924901619310912e-01 3.109535223524857450e-01
8.630017720794900260e-01 3.089767692566451895e-01
8.636065751313219963e-01 3.070088259513612527e-01
8.642069318216366591e-01 3.050497183029409198e-01
8.648028744103436471e-01 3.030994707571220692e-01
8.653944349153760429e-01 3.011581063598602892e-01
8.659816451149781047e-01 2.992256467781058138e-01
8.665645365499577979e-01 2.973021123205604743e-01
8.671431405259044656e-01 2.953875219584046752e-01
8.677174881153730812e-01 2.934818933459855117e-01
8.682876101600351948e-01 2.915852428414539288e-01
8.688535372727973494e-01 2.896975855273452582e-01
8.694152998398880783e-01 2.878189352310919213e-01
8.699729280229133721e-01 2.859493045454613025e-01
8.705264517608827246e-01 2.840887048489104671e-01
8.710759007722037595e-01 2.822371463258495083e-01
8.716213045566492124e-01 2.803946379868084149e-01
8.721626923972951584e-01 2.785611876884979132e-01
8.727000933624300405e-01 2.767368021537586209e-01
8.732335363074381629e-01 2.749214869913937376e-01
8.737630498766550957e-01 2.731152467158772801e-01
8.742886625051973226e-01 2.713180847669329765e-01
8.748104024207666862e-01 2.695300035289786011e-01
8.753282976454289654e-01 2.677510043504310877e-01
8.758423759973681388e-01 2.659810875628665361e-01
8.763526650926170003e-01 2.642202525000311164e-01
8.768591923467637939e-01 2.624684975166990952e-01
8.773619849766358669e-01 2.607258200073735432e-01
8.778610700019608970e-01 2.589922164248253944e-01
8.783564742470061359e-01 2.572676822984689693e-01
8.788482243421954498e-01 2.555522122525681894e-01
8.793363467257060417e-01 2.538458000242734824e-01
8.798208676450437471e-01 2.521484384814837165e-01
8.803018131585986783e-01 2.504601196405320529e-01
8.807792091371802190e-01 2.487808346836930529e-01
8.812530812655333667e-01 2.471105739765091514e-01
8.817234550438355356e-01 2.454493270849332776e-01
8.821903557891748182e-01 2.437970827922871786e-01
8.826538086370101510e-01 2.421538291160324485e-01
8.831138385426133830e-01 2.405195533243542627e-01
8.835704702824942469e-01 2.388942419525554861e-01
8.840237284558073450e-01 2.372778808192594902e-01
8.844736374857430361e-01 2.356704550424217892e-01
8.849202216209021143e-01 2.340719490551499415e-01
8.853635049366533893e-01 2.324823466213286061e-01
8.858035113364761681e-01 2.309016308510526416e-01
8.862402645532874157e-01 2.293297842158639188e-01
8.866737881507529284e-01 2.277667885637953971e-01
8.871041055245847406e-01 2.262126251342193584e-01
8.875312399038228772e-01 2.246672745725006859e-01
8.879552143521037832e-01 2.231307169444560756e-01
8.883760517689139879e-01 2.216029317506171825e-01
8.887937748908306679e-01 2.200838979403005879e-01
8.892084062927482213e-01 2.185735939254828120e-01
8.896199683890921861e-01 2.170719975944819247e-01
8.900284834350199459e-01 2.155790863254448686e-01
8.904339735276083356e-01 2.140948369996439338e-01
8.908364606070298120e-01 2.126192260145794988e-01
8.912359664577157448e-01 2.111522292968925907e-01
8.916325127095074965e-01 2.096938223150865976e-01
8.920261208387965102e-01 2.082439800920595774e-01
8.924168121696521849e-01 2.068026772174478278e-01
8.928046078749387604e-01 2.053698878597828292e-01
8.931895289774215430e-01 2.039455857784600035e-01
8.935715963508609194e-01 2.025297443355240645e-01
8.939508307210970450e-01 2.011223365072694058e-01
8.943272526671236511e-01 1.997233348956576338e-01
8.947008826221505284e-01 1.983327117395535799e-01
8.950717408746579062e-01 1.969504389257812349e-01
8.954398475694385073e-01 1.955764880000014916e-01
8.958052227086319430e-01 1.942108301774109202e-01
8.961678861527475615e-01 1.928534363532669049e-01
8.965278576216800799e-01 1.915042771132355881e-01
8.968851566957135590e-01 1.901633227435698403e-01
8.972398028165178285e-01 1.888305432411137019e-01
8.975918152881356971e-01 1.875059083231379597e-01
8.979412132779607258e-01 1.861893874370078583e-01
8.982880158177071195e-01 1.848809497696833892e-01
8.986322418043700688e-01 1.835805642570557117e-01
8.989739100011793216e-01 1.822881995931200372e-01
8.993130390385424278e-01 1.810038242389866436e-01
8.996496474149818789e-01 1.797274064317326836e-01
8.999837534980622555e-01 1.784589141930955636e-01
9.003153755253116008e-01 1.771983153380103371e-01
9.006445316051332473e-01 1.759455774829922214e-01
9.009712397177108700e-01 1.747006680543663482e-01
9.012955177159061027e-01 1.734635542963467447e-01
9.016173833261482695e-01 1.722342032789654365e-01
9.019368541493173463e-01 1.710125819058548879e-01
9.022539476616190379e-01 1.697986569218841169e-01
9.025686812154537497e-01 1.685923949206507011e-01
9.028810720402775658e-01 1.673937623518310103e-01
9.031911372434571206e-01 1.662027255283904381e-01
9.034988938111171430e-01 1.650192506336537468e-01
9.038043586089817838e-01 1.638433037282401861e-01
9.041075483832087256e-01 1.626748507568621660e-01
9.044084797612175208e-01 1.615138575549917022e-01
9.047071692525112674e-01 1.603602898553949663e-01
9.050036332494911795e-01 1.592141132945368298e-01
9.052978880282661622e-01 1.580752934188578429e-01
9.055899497494556138e-01 1.569437956909255361e-01
9.058798344589857887e-01 1.558195854954597115e-01
9.061675580888808312e-01 1.547026281452364982e-01
9.064531364580472594e-01 1.535928888868708375e-01
9.067365852730532305e-01 1.524903329064797308e-01
9.070179201289013671e-01 1.513949253352279145e-01
9.072971565097963653e-01 1.503066312547579608e-01
9.075743097899067191e-01 1.492254157025055816e-01
9.078493952341206708e-01 1.481512436769032437e-01
9.081224279987973880e-01 1.470840801424727617e-01
9.083934231325115904e-01 1.460238900348080904e-01
9.086623955767938465e-01 1.449706382654516457e-01
9.089293601668649858e-01 1.439242897266637122e-01
9.091943316323648494e-01 1.428848092960888216e-01
9.094573245980771548e-01 1.418521618413176588e-01
9.097183535846475877e-01 1.408263122243502696e-01
9.099774330092982311e-01 1.398072253059577941e-01
9.102345771865356649e-01 1.387948659499467219e-01
9.104898003288552921e-01 1.377891990273281131e-01
9.107431165474397794e-01 1.367901894203896740e-01
9.109945398528533911e-01 1.357978020266767949e-01
9.112440841557304383e-01 1.348120017628797740e-01
9.114917632674602865e-01 1.338327535686324454e-01
9.117375909008665902e-01 1.328600224102205463e-01
9.119815806708820860e-01 1.318937732842031529e-01
9.122237460952191679e-01 1.309339712209490747e-01
9.124641005950352435e-01 1.299805812880867606e-01
9.127026574955940941e-01 1.290335685938729382e-01
9.129394300269221274e-01 1.280928982904784297e-01
9.131744313244607447e-01 1.271585355771938097e-01
9.134076744297139339e-01 1.262304457035559047e-01
9.136391722908916435e-01 1.253085939723977971e-01
9.138689377635488276e-01 1.243929457428203378e-01
9.140969836112194935e-01 1.234834664330903831e-01
9.143233225060480862e-01 1.225801215234646468e-01
9.145479670294145436e-01 1.216828765589410555e-01
9.147709296725572425e-01 1.207916971519394922e-01
9.149922228371898392e-01 1.199065489849111543e-01
9.152118588361157769e-01 1.190273978128812971e-01
9.154298498938372441e-01 1.181542094659223663e-01
9.156462081471611336e-01 1.172869498515622944e-01
9.158609456458001175e-01 1.164255849571271817e-01
9.160740743529703911e-01 1.155700808520196965e-01
9.162856061459853096e-01 1.147204036899356350e-01
9.164955528168448051e-01 1.138765197110171989e-01
9.167039260728212513e-01 1.130383952439473205e-01
9.169107375370411095e-01 1.122059967079841458e-01
9.171159987490633547e-01 1.113792906149365658e-01
9.173197211654534611e-01 1.105582435710823486e-01
9.175219161603536122e-01 1.097428222790319818e-01
9.177225950260501364e-01 1.089329935395341176e-01
9.179217689735356123e-01 1.081287242532300574e-01
9.181194491330688656e-01 1.073299814223529491e-01
9.183156465547303027e-01 1.065367321523759125e-01
9.185103722089740241e-01 1.057489436536085403e-01
9.187036369871759423e-01 1.049665832427432166e-01
9.188954517021792334e-01 1.041896183443524748e-01
9.190858270888349058e-01 1.034180164923381717e-01
9.192747738045400352e-01 1.026517453313325889e-01
9.194623024297716718e-01 1.018907726180539042e-01
9.196484234686177484e-01 1.011350662226158104e-01
9.198331473493042143e-01 1.003845941297916156e-01
9.200164844247193940e-01 9.963932444023670953e-02
9.201984449729337934e-01 9.889922537166528915e-02
9.203790391977173524e-01 9.816426525998755981e-02
9.205582772290535898e-01 9.743441256040386023e-02
9.207361691236491952e-01 9.670963584845904126e-02
9.209127248654418452e-01 9.598990382105754282e-02
9.210879543661033564e-01 9.527518529743872477e-02
9.212618674655406181e-01 9.456544922011522747e-02
9.214344739323926392e-01 9.386066465577302953e-02
9.216057834645243751e-01 9.316080079613497933e-02
9.217758056895177798e-01 9.246582695879002056e-02
9.219445501651593045e-01 9.177571258798500331e-02
9.221120263799245098e-01 9.109042725538440965e-02
9.222782437534587929e-01 9.040994066079466318e-02
9.224432116370565593e-01 8.973422263285613099e-02
9.226069393141351771e-01 8.906324312970337331e-02
9.227694360007077101e-01 8.839697223959308570e-02
9.229307108458515430e-01 8.773538018150106588e-02
9.230907729321744526e-01 8.707843730568975982e-02
9.232496312762770163e-01 8.642611409424483249e-02
9.234072948292129102e-01 8.577838116158398307e-02
9.235637724769455437e-01 8.513520925493633928e-02
9.237190730408018080e-01 8.449656925479476222e-02
9.238732052779232706e-01 8.386243217534083971e-02
9.240261778817139282e-01 8.323276916484256827e-02
9.241779994822854061e-01 8.260755150602683283e-02
9.243286786468989380e-01 8.198675061642646256e-02
9.244782238804049035e-01 8.137033804870130727e-02
9.246266436256791454e-01 8.075828549093588826e-02
9.247739462640565122e-01 8.015056476691340137e-02
9.249201401157617353e-01 7.954714783636529507e-02
9.250652334403370869e-01 7.894800679519908826e-02
9.252092344370679289e-01 7.835311387570365049e-02
9.253521512454047082e-01 7.776244144673216674e-02
9.254939919453828434e-01 7.717596201386478505e-02
9.256347645580393912e-01 7.659364821954994795e-02
9.257744770458274930e-01 7.601547284322462961e-02
9.259131373130274900e-01 7.544140880141625427e-02
9.260507532061555969e-01 7.487142914782418668e-02
9.261873325143704649e-01 7.430550707338234862e-02
9.263228829698760824e-01 7.374361590630373886e-02
9.264574122483228980e-01 7.318572911210641241e-02
9.265909279692053913e-01 7.263182029362180714e-02
9.267234376962585340e-01 7.208186319098675021e-02
9.268549489378495876e-01 7.153583168161692374e-02
9.269854691473693453e-01 7.099369978016589755e-02
9.271150057236192676e-01 7.045544163846628738e-02
9.272435660111972844e-01 6.992103154545681321e-02
9.273711573008798226e-01 6.939044392709281528e-02
9.274977868300025019e-01 6.886365334624322543e-02
9.276234617828376106e-01 6.834063450257155115e-02
9.277481892909688055e-01 6.782136223240364803e-02
9.278719764336648135e-01 6.730581150858194750e-02
9.279948302382485803e-01 6.679395744030514059e-02
9.281167576804655317e-01 6.628577527295542726e-02
9.282377656848492808e-01 6.578124038791355321e-02
9.283578611250834500e-01 6.528032830236008000e-02
9.284770508243636034e-01 6.478301466906566386e-02
9.285953415557539614e-01 6.428927527616856707e-02
9.287127400425442270e-01 6.379908604694173313e-02
9.288292529586025248e-01 6.331242303954798256e-02
9.289448869287263433e-01 6.282926244678410654e-02
9.290596485289912554e-01 6.234958059581474643e-02
9.291735442870977524e-01 6.187335394789628129e-02
9.292865806827146358e-01 6.140055909808983525e-02
9.293987641478211881e-01 6.093117277496507000e-02
9.295101010670467900e-01 6.046517184029431835e-02
9.296205977780078733e-01 6.000253328873750291e-02
9.297302605716427637e-01 5.954323424751872817e-02
9.298390956925451922e-01 5.908725197609232538e-02
9.299471093392939203e-01 5.863456386580256918e-02
9.300543076647814766e-01 5.818514743953406843e-02
9.301606967765402301e-01 5.773898035135427431e-02
9.302662827370664633e-01 5.729604038614843908e-02
9.303710715641417828e-01 5.685630545924658108e-02
9.304750692311528626e-01 5.641975361604412154e-02
9.305782816674089686e-01 5.598636303161430572e-02
9.306807147584573725e-01 5.555611201031473989e-02
9.307823743463961019e-01 5.512897898538704489e-02
9.308832662301853578e-01 5.470494251854940426e-02
9.309833961659567114e-01 5.428398129958367235e-02
9.310827698673193042e-01 5.386607414591626508e-02
9.311813930056653810e-01 5.345120000219349965e-02
9.312792712104728254e-01 5.303933793985038392e-02
9.313764100696055870e-01 5.263046715667485387e-02
9.314728151296127745e-01 5.222456697636645995e-02
9.315684918960253080e-01 5.182161684809039048e-02
9.316634458336502389e-01 5.142159634602549989e-02
9.317576823668636266e-01 5.102448516890867314e-02
9.318512068799014170e-01 5.063026313957441626e-02
9.319440247171477676e-01 5.023891020448989497e-02
9.320361411834220400e-01 4.985040643328531029e-02
9.321275615442634610e-01 4.946473201828138766e-02
9.322182910262141187e-01 4.908186727401186999e-02
9.323083348170997375e-01 4.870179263674245806e-02
9.323976980663088998e-01 4.832448866398697529e-02
9.324863858850698239e-01 4.794993603401875859e-02
9.325744033467260330e-01 4.757811554537982879e-02
9.326617554870092475e-01 4.720900811638628625e-02
9.327484473043113899e-01 4.684259478463093096e-02
9.328344837599535921e-01 4.647885670648299605e-02
9.329198697784544247e-01 4.611777515658510573e-02
9.330046102477956849e-01 4.575933152734701359e-02
9.330887100196865180e-01 4.540350732843834169e-02
9.331721739098257640e-01 4.505028418627676778e-02
9.332550066981624148e-01 4.469964384351599040e-02
9.333372131291544083e-01 4.435156815853036338e-02
9.334187979120255330e-01 4.400603910489764292e-02
9.334997657210204469e-01 4.366303877088040242e-02
9.335801211956583634e-01 4.332254935890489378e-02
9.336598689409847385e-01 4.298455318503846545e-02
9.337390135278208492e-01 4.264903267846609225e-02
9.338175594930123724e-01 4.231597038096379659e-02
9.338955113396758545e-01 4.198534894637262482e-02
9.339728735374434043e-01 4.165715114006973696e-02
9.340496505227054991e-01 4.133135983843916339e-02
9.341258466988532350e-01 4.100795802834134030e-02
9.342014664365173582e-01 4.068692880658142386e-02
9.342765140738065188e-01 4.036825537937693831e-02
9.343509939165439704e-01 4.005192106182431377e-02
9.344249102385021599e-01 3.973790927736509104e-02
9.344982672816359859e-01 3.942620355725079406e-02
9.345710692563143906e-01 3.911678754000813552e-02
9.346433203415501767e-01 3.880964497090289012e-02
9.347150246852283795e-01 3.850475970140398996e-02
9.347861864043334190e-01 3.820211568864695373e-02
9.348568095851736981e-01 3.790169699489709387e-02
9.349268982836057562e-01 3.760348778701227968e-02
9.349964565252557591e-01 3.730747233590614442e-02
9.350654883057407663e-01 3.701363501601118156e-02
9.351339975908868896e-01 3.672196030474095263e-02
9.352019883169473413e-01 3.643243278195384960e-02
9.352694643908182615e-01 3.614503712941552482e-02
9.353364296902527686e-01 3.585975813026254233e-02
9.354028880640744559e-01 3.557658066846636213e-02
9.354688433323881114e-01 3.529548972829665843e-02
9.355342992867905494e-01 3.501647039378563697e-02
9.355992596905782221e-01 3.473950784819379578e-02
9.356637282789546095e-01 3.446458737347379842e-02
9.357277087592361653e-01 3.419169434973790000e-02
9.357912048110557102e-01 3.392081425472304179e-02
9.358542200865654914e-01 3.365193266325872123e-02
9.359167582106386885e-01 3.338503524673475109e-02
9.359788227810685868e-01 3.312010777256990668e-02
9.360404173687676410e-01 3.285713610368146131e-02
9.361015455179644285e-01 3.259610619795505482e-02
9.361622107463989373e-01 3.233700410771644940e-02
9.362224165455170777e-01 3.207981597920317451e-02
9.362821663806636385e-01 3.182452805203817015e-02
9.363414636912739120e-01 3.157112665870365209e-02
9.364003118910635415e-01 3.131959822401675364e-02
9.364587143682174819e-01 3.106992926460494520e-02
9.365166744855779601e-01 3.082210638838467354e-02
9.365741955808299934e-01 3.057611629403966802e-02
9.366312809666865746e-01 3.033194577050035701e-02
9.366879339310723029e-01 3.008958169642605984e-02
9.367441577373055717e-01 2.984901103968651270e-02
9.367999556242795345e-01 2.961022085684639205e-02
9.368553308066416285e-01 2.937319829264994908e-02
9.369102864749720982e-01 2.913793057950808674e-02
9.369648257959615201e-01 2.890440503698588071e-02
9.370189519125858846e-01 2.867260907129232095e-02
9.370726679442819007e-01 2.844253017477105239e-02
9.371259769871201906e-01 2.821415592539300299e-02
9.371788821139772629e-01 2.798747398625034410e-02
9.372313863747064877e-01 2.776247210505156104e-02
9.372834927963084040e-01 2.753913811361929920e-02
9.373352043830982527e-01 2.731745992738821016e-02
9.373865241168738427e-01 2.709742554490623956e-02
9.374374549570817505e-01 2.687902304733569281e-02
9.374879998409820780e-01 2.666224059795796464e-02
9.375381616838119880e-01 2.644706644167782450e-02
9.375879433789486850e-01 2.623348890453114368e-02
9.376373477980703974e-01 2.602149639319362162e-02
9.376863777913172493e-01 2.581107739449173266e-02
9.377350361874496887e-01 2.560222047491422792e-02
9.377833257940069167e-01 2.539491428012718988e-02
9.378312493974636510e-01 2.518914753448964206e-02
9.378788097633855569e-01 2.498490904057126816e-02
9.379260096365842347e-01 2.478218767867201855e-02
9.379728517412707633e-01 2.458097240634427028e-02
9.380193387812075789e-01 2.438125225791532014e-02
9.380654734398601313e-01 2.418301634401320843e-02
9.381112583805474303e-01 2.398625385109398600e-02
9.381566962465903714e-01 2.379095404097042454e-02
9.382017896614605057e-01 2.359710625034328046e-02
9.382465412289268114e-01 2.340469989033411302e-02
9.382909535332014661e-01 2.321372444602054497e-02
9.383350291390848419e-01 2.302416947597252239e-02
9.383787705921096123e-01 2.283602461179212728e-02
9.384221804186831939e-01 2.264927955765339007e-02
9.384652611262297439e-01 2.246392408984554390e-02
9.385080152033308254e-01 2.227994805631827724e-02
9.385504451198652953e-01 2.209734137622765271e-02
9.385925533271478605e-01 2.191609403948591162e-02
9.386343422580668561e-01 2.173619610631172261e-02
9.386758143272211363e-01 2.155763770678320590e-02
9.387169719310556326e-01 2.138040904039317791e-02
9.387578174479963566e-01 2.120450037560550616e-02
9.387983532385839602e-01 2.102990204941501684e-02
9.388385816456065180e-01 2.085660446690795755e-02
9.388785049942319771e-01 2.068459810082534656e-02
9.389181255921382752e-01 2.051387349112809844e-02
9.389574457296437915e-01 2.034442124456459222e-02
9.389964676798363552e-01 2.017623203423968281e-02
9.390351936987011428e-01 2.000929659918648795e-02
9.390736260252479095e-01 1.984360574393939647e-02
9.391117668816375552e-01 1.967915033811040715e-02
9.391496184733066910e-01 1.951592131596635582e-02
9.391871829890929835e-01 1.935390967600869594e-02
9.392244626013580566e-01 1.919310648055527757e-02
9.392614594661101712e-01 1.903350285532501296e-02
9.392981757231260165e-01 1.887508998902276414e-02
9.393346134960718352e-01 1.871785913292878245e-02
9.393707748926229950e-01 1.856180160048792604e-02
9.394066620045830041e-01 1.840690876690243005e-02
9.394422769080023050e-01 1.825317206872667519e-02
9.394776216632949595e-01 1.810058300346284454e-02
9.395126983153556655e-01 1.794913312916046610e-02
9.395475088936752206e-01 1.779881406401684352e-02
9.395820554124552082e-01 1.764961748597937419e-02
9.396163398707221281e-01 1.750153513235142011e-02
9.396503642524405286e-01 1.735455879939851176e-02
9.396841305266255828e-01 1.720868034195777163e-02
9.397176406474538890e-01 1.706389167304889209e-02
9.397508965543749371e-01 1.692018476348799982e-02
9.397839001722205765e-01 1.677755164150240841e-02
9.398166534113140402e-01 1.663598439234814652e-02
9.398491581675785245e-01 1.649547515792970653e-02
9.398814163226444363e-01 1.635601613642145846e-02
9.399134297439561969e-01 1.621759958189183948e-02
9.399452002848781573e-01 1.608021780392798750e-02
9.399767297847997360e-01 1.594386316726492669e-02
9.400080200692398913e-01 1.580852809141419790e-02
9.400390729499504827e-01 1.567420505029681888e-02
9.400698902250193001e-01 1.554088657187646660e-02
9.401004736789723149e-01 1.540856523779610132e-02
9.401308250828747104e-01 1.527723368301592277e-02
9.401609461944318014e-01 1.514688459545354693e-02
9.401908387580887316e-01 1.501751071562573703e-02
9.402205045051296173e-01 1.488910483629335424e-02
9.402499451537760233e-01 1.476165980210730755e-02
9.402791624092845524e-01 1.463516850925639101e-02
9.403081579640442111e-01 1.450962390511845168e-02
9.403369334976721117e-01 1.438501898791189060e-02
9.403654906771091726e-01 1.426134680635049445e-02
9.403938311567153763e-01 1.413860045929982157e-02
9.404219565783633605e-01 1.401677309543469807e-02
9.404498685715325657e-01 1.389585791290104400e-02
9.404775687534012718e-01 1.377584815897670012e-02
9.405050587289389696e-01 1.365673712973647369e-02
9.405323400909981757e-01 1.353851816971851640e-02
9.405594144204045826e-01 1.342118467159214568e-02
9.405862832860476530e-01 1.330473007582833045e-02
9.406129482449694379e-01 1.318914787037195335e-02
9.406394108424539491e-01 1.307443159031562718e-02
9.406656726121149781e-01 1.296057481757573182e-02
9.406917350759833596e-01 1.284757118057100467e-02
9.407175997445943461e-01 1.273541435390168619e-02
9.407432681170730948e-01 1.262409805803232921e-02
9.407687416812205994e-01 1.251361605897449714e-02
9.407940219135986215e-01 1.240396216797345907e-02
9.408191102796139571e-01 1.229513024119499587e-02
9.408440082336015919e-01 1.218711417941531483e-02
9.408687172189085235e-01 1.207990792771274080e-02
9.408932386679755844e-01 1.197350547516018437e-02
9.409175740024198209e-01 1.186790085452094079e-02
9.409417246331149842e-01 1.176308814194571006e-02
9.409656919602726877e-01 1.165906145667083837e-02
9.409894773735222318e-01 1.155581496072022318e-02
9.410130822519900962e-01 1.145334285860666323e-02
9.410365079643785435e-01 1.135163939703720537e-02
9.410597558690444453e-01 1.125069886461893542e-02
9.410828273140762201e-01 1.115051559156687855e-02
9.411057236373714385e-01 1.105108394941489713e-02
9.411284461667132062e-01 1.095239835072625567e-02
9.411509962198458812e-01 1.085445324880784934e-02
9.411733751045512353e-01 1.075724313742520977e-02
9.411955841187221727e-01 1.066076255051973121e-02
9.412176245504381145e-01 1.056500606192767311e-02
9.412394976780379396e-01 1.046996828510082800e-02
9.412612047701935936e-01 1.037564387282841061e-02
9.412827470859824741e-01 1.028202751696194461e-02
9.413041258749599294e-01 1.018911394814103755e-02
9.413253423772305339e-01 1.009689793552048798e-02
9.413463978235189211e-01 1.000537428650050131e-02
9.413672934352409483e-01 9.914537846457238679e-03
9.413880304245730857e-01 9.824383498475919296e-03
9.414086099945220276e-01 9.734906163085477182e-03
9.414290333389939702e-01 9.646100797994328069e-03
9.414493016428627792e-01 9.557962397828911882e-03
9.414694160820378244e-01 9.470485993872901354e-03
9.414893778235317034e-01 9.383666653808742097e-03
9.415091880255269663e-01 9.297499481460413939e-03
9.415288478374426173e-01 9.211979616538412685e-03
9.415483584000001738e-01 9.127102234385842117e-03
9.415677208452888358e-01 9.042862545726060297e-03
9.415869362968306566e-01 8.959255796412657347e-03
9.416060058696450463e-01 8.876277267180765485e-03
9.416249306703127209e-01 8.793922273399257250e-03
9.416437117970390958e-01 8.712186164825719281e-03
9.416623503397175687e-01 8.631064325362425294e-03
9.416808473799920254e-01 8.550552172813641327e-03
9.416992039913187895e-01 8.470645158645151440e-03
9.417174212390285737e-01 8.391338767744782601e-03
9.417355001803874304e-01 8.312628518185261051e-03
9.417534418646577032e-01 8.234509960987623778e-03
9.417712473331578682e-01 8.156978679886628392e-03
9.417889176193230405e-01 8.080030291098383444e-03
9.418064537487640386e-01 8.003660443088533860e-03
9.418238567393260041e-01 7.927864816342333754e-03
9.418411276011474653e-01 7.852639123136162524e-03
9.418582673367181801e-01 7.777979107311150386e-03
9.418752769409366454e-01 7.703880544047247980e-03
9.418921574011677178e-01 7.630339239639405413e-03
9.419089096972987907e-01 7.557351031275638675e-03
9.419255348017965268e-01 7.484911786816095258e-03
9.419420336797631466e-01 7.413017404572785907e-03
9.419584072889910509e-01 7.341663813092758062e-03
9.419746565800188876e-01 7.270846970940936238e-03
9.419907824961852860e-01 7.200562866485182845e-03
9.420067859736842575e-01 7.130807517682802299e-03
9.420226679416180415e-01 7.061576971868377406e-03
9.420384293220513960e-01 6.992867305542715961e-03
9.420540710300638887e-01 6.924674624163906778e-03
9.420695939738034097e-01 6.856995061939152869e-03
9.420849990545379082e-01 6.789824781618380989e-03
9.421002871667073508e-01 6.723159974289072416e-03
9.421154591979754578e-01 6.656996859172537029e-03
9.421305160292808845e-01 6.591331683421408627e-03
9.421454585348874033e-01 6.526160721918805585e-03
9.421602875824348633e-01 6.461480277078490708e-03
9.421750040329890385e-01 6.397286678647029490e-03
9.421896087410911447e-01 6.333576283506392457e-03
9.422041025548071325e-01 6.270345475478555919e-03
9.422184863157763157e-01 6.207590665131212937e-03
9.422327608592605541e-01 6.145308289584927586e-03
9.422469270141915487e-01 6.083494812321288414e-03
9.422609856032193587e-01 6.022146722992727241e-03
9.422749374427592528e-01 5.961260537233559198e-03
9.422887833430393378e-01 5.900832796472132991e-03
9.423025241081467440e-01 5.840860067744424455e-03
9.423161605360744764e-01 5.781338943508851358e-03
9.423296934187668228e-01 5.722266041462420461e-03
9.423431235421659835e-01 5.663638004358095834e-03
9.423564516862562579e-01 5.605451499823388417e-03
9.423696786251101187e-01 5.547703220180055794e-03
9.423828051269319550e-01 5.490389882265689359e-03
9.423958319541032580e-01 5.433508227255412493e-03
9.424087598632259200e-01 5.377055020486132264e-03
9.424215896051659769e-01 5.321027051280347031e-03
9.424343219250976844e-01 5.265421132773284718e-03
9.424469575625454842e-01 5.210234101739374957e-03
9.424594972514273028e-01 5.155462818420608606e-03
9.424719417200969618e-01 5.101104166356451586e-03
9.424842916913859225e-01 5.047155052214535864e-03
9.424965478826451415e-01 4.993612405622016581e-03
9.425087110057865925e-01 4.940473178999704729e-03
9.425207817673243449e-01 4.887734347395422674e-03
9.425327608684151981e-01 4.835392908319691152e-03
9.425446490048994264e-01 4.783445881582304438e-03
9.425564468673406360e-01 4.731890309129904715e-03
9.425681551410662884e-01 4.680723254885221785e-03
9.425797745062064470e-01 4.629941804586312770e-03
9.425913056377336341e-01 4.579543065628022269e-03
9.426027492055019108e-01 4.529524166904441707e-03
9.426141058742849577e-01 4.479882258651146643e-03
9.426253763038152655e-01 4.430614512290764750e-03
9.426365611488216611e-01 4.381718120277877659e-03
9.426476610590676097e-01 4.333190295945033021e-03
9.426586766793882965e-01 4.285028273351421113e-03
9.426696086497282634e-01 4.237229307130663258e-03
9.426804576051782680e-01 4.189790672340820699e-03
9.426912241760121436e-01 4.142709664315291640e-03
9.427019089877227698e-01 4.095983598514818524e-03
9.427125126610590433e-01 4.049609810379717345e-03
9.427230358120609610e-01 4.003585655184216385e-03
9.427334790520958130e-01 3.957908507891683136e-03
9.427438429878929327e-01 3.912575763009518148e-03
9.427541282215797791e-01 3.867584834447712616e-03
9.427643353507155766e-01 3.822933155375518588e-03
9.427744649683268419e-01 3.778618178080783707e-03
9.427845176629410240e-01 3.734637373830063112e-03
9.427944940186211431e-01 3.690988232729619511e-03
9.428043946149989862e-01 3.647668263587422466e-03
9.428142200273089690e-01 3.604674993775591751e-03
9.428239708264215535e-01 3.562005969094839131e-03
9.428336475788758886e-01 3.519658753639132165e-03
9.428432508469128948e-01 3.477630929661246206e-03
9.428527811885077936e-01 3.435920097439870702e-03
9.428622391574021933e-01 3.394523875147492653e-03
9.428716253031361738e-01 3.353439898718391099e-03
9.428809401710804838e-01 3.312665821718629999e-03
9.428901843024675156e-01 3.272199315216717252e-03
9.428993582344229463e-01 3.232038067654485758e-03
9.429084624999971576e-01 3.192179784720083902e-03
9.429174976281953224e-01 3.152622189220632976e-03
9.429264641440087136e-01 3.113363020956994021e-03
9.429353625684446794e-01 3.074400036598090580e-03
9.429441934185571750e-01 3.035731009557673943e-03
9.429529572074762944e-01 2.997353729870089190e-03
9.429616544444383575e-01 2.959266004069038836e-03
9.429702856348152196e-01 2.921465655065458300e-03
9.429788512801435818e-01 2.883950522027278751e-03
9.429873518781537456e-01 2.846718460259634043e-03
9.429957879227992557e-01 2.809767341085844805e-03
9.430041599042843226e-01 2.773095051729734806e-03
9.430124683090934656e-01 2.736699495198391396e-03
9.430207136200187135e-01 2.700578590165592097e-03
9.430288963161880256e-01 2.664730270856563443e-03
9.430370168730931590e-01 2.629152486933294952e-03
9.430450757626167579e-01 2.593843203380741258e-03
9.430530734530602199e-01 2.558800400393690389e-03
9.430610104091704526e-01 2.524022073264631238e-03
9.430688870921670741e-01 2.489506232272176156e-03
9.430767039597688361e-01 2.455250902571037841e-03
9.430844614662203806e-01 2.421254124081340109e-03
9.430921600623184409e-01 2.387513951380260124e-03
9.430998001954382648e-01 2.354028453593670633e-03
9.431073823095590392e-01 2.320795714288337308e-03
9.431149068452900908e-01 2.287813831365781425e-03
9.431223742398960885e-01 2.255080916956142545e-03
9.431297849273224676e-01 2.222595097312485279e-03
9.431371393382209645e-01 2.190354512707548551e-03
9.431444378999739309e-01 2.158357317328940539e-03
9.431516810367196468e-01 2.126601679176998161e-03
9.431588691693766346e-01 2.095085779962313488e-03
9.431660027156679726e-01 2.063807815004148338e-03
9.431730820901461643e-01 2.032765993130625226e-03
9.431801077042161197e-01 2.001958536577364001e-03
9.431870799661599136e-01 1.971383680889449153e-03
9.431939992811601003e-01 1.941039674822397920e-03
9.432008660513231391e-01 1.910924780244460663e-03
9.432076806757030418e-01 1.881037272039365327e-03
9.432144435503239110e-01 1.851375438010283148e-03
9.432211550682035872e-01 1.821937578783461298e-03
9.432278156193760754e-01 1.792722007714075971e-03
9.432344255909140829e-01 1.763727050791197293e-03
9.432409853669520006e-01 1.734951046544641606e-03
9.432474953287073305e-01 1.706392345951823764e-03
9.432539558545036673e-01 1.678049312345386568e-03
9.432603673197919036e-01 1.649920321321496353e-03
9.432667300971726565e-01 1.622003760649248782e-03
9.432730445564175836e-01 1.594298030180296699e-03
9.432793110644904777e-01 1.566801541759033078e-03
9.432855299855693598e-01 1.539512719133551144e-03
9.432917016810670185e-01 1.512429997867603682e-03
9.432978265096518822e-01 1.485551825252562352e-03
9.433039048272694460e-01 1.458876660220931321e-03
9.433099369871622564e-01 1.432402973259305767e-03
9.433159233398910049e-01 1.406129246322884718e-03
9.433218642333542903e-01 1.380053972750205915e-03
9.433277600128092688e-01 1.354175657178657843e-03
9.433336110208914160e-01 1.328492815460324827e-03
9.433394175976346219e-01 1.303003974579275415e-03
9.433451800804906195e-01 1.277707672568073605e-03
9.433508988043489696e-01 1.252602458426288479e-03
9.433565741015561557e-01 1.227686892038337696e-03
9.433622063019351245e-01 1.202959544093329392e-03
9.433677957328041597e-01 1.178418996004126917e-03
9.433733427189960885e-01 1.154063839828078919e-03
9.433788475828771558e-01 1.129892678187305322e-03
9.433843106443656756e-01 1.105904124190426607e-03
9.433897322209503500e-01 1.082096801354959226e-03
9.433951126277093646e-01 1.058469343529044870e-03
9.434004521773278196e-01 1.035020394814956113e-03
9.434057511801166029e-01 1.011748609493268170e-03
9.434110099440300434e-01 9.886526519463645357e-04
9.434162287746837849e-01 9.657311965833859091e-04
9.434214079753726612e-01 9.429829277660672915e-04
9.434265478470884592e-01 9.204065397340199794e-04
9.434316486885367947e-01 8.980007365315678669e-04
9.434367107961550980e-01 8.757642319346947701e-04
9.434417344641297110e-01 8.536957493783248196e-04
9.434467199844125407e-01 8.317940218846020528e-04
9.434516676467384899e-01 8.100577919913920510e-04
9.434565777386421104e-01 7.884858116813386886e-04
9.434614505454742561e-01 7.670768423113649703e-04
9.434662863504186259e-01 7.458296545432840929e-04
9.434710854345084163e-01 7.247430282736333496e-04
9.434758480766423094e-01 7.038157525656174585e-04
9.434805745536011257e-01 6.830466255803857578e-04
9.434852651400634782e-01 6.624344545090865566e-04
9.434899201086217602e-01 6.419780555059206861e-04
9.434945397297983538e-01 6.216762536207509626e-04
9.434991242720609517e-01 6.015278827334880063e-04
9.435036740018383217e-01 5.815317854874768599e-04
9.435081891835356283e-01 5.616868132243268974e-04
9.435126700795500865e-01 5.419918259192968435e-04
9.435171169502859501e-01 5.224456921165687717e-04
9.435215300541697214e-01 5.030472888655213026e-04
9.435259096476650287e-01 4.837955016570028022e-04
9.435302559852879467e-01 4.646892243606037809e-04
9.435345693196213190e-01 4.457273591614852037e-04
9.435388499013294128e-01 4.269088164993162238e-04
9.435430979791729067e-01 4.082325150056576035e-04
9.435473138000229909e-01 3.896973814433435379e-04
9.435514976088760219e-01 3.713023506456414324e-04
9.435556496488672895e-01 3.530463654556337261e-04
9.435597701612854493e-01 3.349283766669319817e-04
9.435638593855866230e-01 3.169473429639468876e-04
9.435679175594081647e-01 2.991022308630464366e-04
9.435719449185823171e-01 2.813920146539361511e-04
9.435759416971504221e-01 2.638156763412613515e-04
9.435799081273756883e-01 2.463722055879857820e-04
9.435838444397576241e-01 2.290605996568828573e-04
9.435877508630448052e-01 2.118798633544693999e-04
9.435916276242484191e-01 1.948290089746063103e-04
9.435954749486552551e-01 1.779070562417661705e-04
9.435992930598410267e-01 1.611130322569653828e-04
9.436030821796832502e-01 1.444459714406987061e-04
9.436068425283740124e-01 1.279049154798705956e-04
9.436105743244331823e-01 1.114889132725060961e-04
9.436142777847206231e-01 9.519702087412706959e-05
9.436179531244489604e-01 7.902830144401740142e-05
9.436216005571963494e-01 6.298182519204331697e-05
9.436252202949183543e-01 4.705666932636187738e-05
9.436288125479608269e-01 3.125191800057436353e-05
9.436323775250718970e-01 1.556666226210090542e-05
9.436359154334139632e-01 0.000000000000000000e+00
