6.654234291253315892e-01 0.000000000000000000e+00
6.618523893570925631e-01 2.544863619885928685e-03
6.582944025221517670e-01 5.106716568348157459e-03
6.547493663065666603e-01 7.684978897966932010e-03
6.512171836705953343e-01 1.027907871680333596e-02
6.476977627180857677e-01 1.288845227152257689e-02
6.441910165653217391e-01 1.551254401495538726e-02
6.406968632094911520e-01 1.815080665922874648e-02
6.372152253969366464e-01 2.080270121553451368e-02
6.337460304913400400e-01 2.346769702152795567e-02
6.302892103419851511e-01 2.614527175729863817e-02
6.268447011522376711e-01 2.883491145078420637e-02
6.234124433483765326e-01 3.153611047345294960e-02
6.199923814489014529e-01 3.424837152701987186e-02
6.165844639344393308e-01 3.697120562191757998e-02
6.131886431183639630e-01 3.970413204819234210e-02
6.098048750182401001e-01 4.244667833945303670e-02
6.064331192281966487e-01 4.519838023046107711e-02
6.030733387923288280e-01 4.795878160890554298e-02
5.997255000792234281e-01 5.072743446187799599e-02
5.963895726577003176e-01 5.350389881751915766e-02
5.930655291738518020e-01 5.628774268228420308e-02
5.897533452294635437e-01 5.907854197423989540e-02
5.864529992618934262e-01 6.187588045277558901e-02
5.831644724254784196e-01 6.467934964509158835e-02
5.798877484745398325e-01 6.748854876979326622e-02
5.766228136480492372e-01 7.030308465790446881e-02
5.733696565560153502e-01 7.312257167158586757e-02
5.701282680676464931e-01 7.594663162082793129e-02
5.668986412013410359e-01 7.877489367836554290e-02
5.636807710165547824e-01 8.160699429304540953e-02
5.604746545075864894e-01 8.444257710185865129e-02
5.572802904993243711e-01 8.728129284084051864e-02
5.540976795449904513e-01 9.012279925501520683e-02
5.509268238259137362e-01 9.296676100756051664e-02
5.477677270533651832e-01 9.581284958834712651e-02
5.446203943724781116e-01 9.866074322199769320e-02
5.414848322682794812e-01 1.015101267756012282e-01
5.383610484738516888e-01 1.043606916662056516e-01
5.352490518806397590e-01 1.072121357682022103e-01
5.321488524509211393e-01 1.100641633207094516e-01
5.290604611324470907e-01 1.129164848350502348e-01
5.259838897752640019e-01 1.157688170024137042e-01
5.229191510507202878e-01 1.186208826017822737e-01
5.198662583726623154e-01 1.214724104082005596e-01
5.168252258208179128e-01 1.243231351014522090e-01
5.137960680663666846e-01 1.271727971752107944e-01
5.107788002996916932e-01 1.300211428467198393e-01
5.077734381603048464e-01 1.328679239670560452e-01
5.047799976689388846e-01 1.357128979320216811e-01
5.017984951617914247e-01 1.385558275937115447e-01
4.988289472269104019e-01 1.413964811727923543e-01
4.958713706427037016e-01 1.442346321715305413e-01
4.929257823185572152e-01 1.470700592875996415e-01
4.899921992375406710e-01 1.499025463286980386e-01
4.870706384011821433e-01 1.527318821280004846e-01
4.841611167762877033e-01 1.555578604604672677e-01
4.812636512437835634e-01 1.583802799600316780e-01
4.783782585495541806e-01 1.611989440376822014e-01
4.755049552572516713e-01 1.640136608004577612e-01
4.726437577030468962e-01 1.668242429713651109e-01
4.697946819522946793e-01 1.696305078102356978e-01
4.669577437580821888e-01 1.724322770355258827e-01
4.641329585216315001e-01 1.752293767470732844e-01
4.613203412545212601e-01 1.780216373498129112e-01
4.585199065426980303e-01 1.808088934784602975e-01
4.557316685122425604e-01 1.835909839231633089e-01
4.529556407968556853e-01 1.863677515561278364e-01
4.501918365070323169e-01 1.891390432592161552e-01
4.474402682008848942e-01 1.919047098525212824e-01
4.447009478565829843e-01 1.946646060239143328e-01
4.419738868463721770e-01 1.974185902595643194e-01
4.392590959121354111e-01 2.001665247754299548e-01
4.365565851424619837e-01 2.029082754497174568e-01
4.338663639511842751e-01 2.056437117563028050e-01
4.311884410573486592e-01 2.083727066991141186e-01
4.285228244665810760e-01 2.110951367474683815e-01
4.258695214538109619e-01 2.138108817723579635e-01
4.232285385473173456e-01 2.165198249836801647e-01
4.205998815140584712e-01 2.192218528684047874e-01
4.179835553462492026e-01 2.219168551296718528e-01
4.153795642491489026e-01 2.246047246268128017e-01
4.127879116300240403e-01 2.272853573162879615e-01
4.102086000882484429e-01 2.299586521935313987e-01
4.076416314065051116e-01 2.326245112356974953e-01
4.050870065430546285e-01 2.352828393452980338e-01
4.025447256250341832e-01 2.379335442947234647e-01
4.000147879427529141e-01 2.405765366716391407e-01
3.974971919449473701e-01 2.432117298252464144e-01
3.949919352349658963e-01 2.458390398134014942e-01
3.924990145678446396e-01 2.484583853505814011e-01
3.900184258482454203e-01 2.510696877566882534e-01
3.875501641292197208e-01 2.536728709066822240e-01
3.850942236117698148e-01 2.562678611810343954e-01
3.826505976451720636e-01 2.588545874169885241e-01
3.802192787280338493e-01 2.614329808606239425e-01
3.778002585100529442e-01 2.640029751197069396e-01
3.753935277944482340e-01 2.665645061173251840e-01
3.729990765410345910e-01 2.691175120462908632e-01
3.706168938699112569e-01 2.716619333243059931e-01
3.682469680657370903e-01 2.741977125498783474e-01
3.658892865825638108e-01 2.767247944589790176e-01
3.635438360492020404e-01 2.792431258824318308e-01
3.612106022750919410e-01 2.817526557040234136e-01
3.588895702566553547e-01 2.842533348193269083e-01
3.565807241841012498e-01 2.867451160952266820e-01
3.542840474486639302e-01 2.892279543301355949e-01
3.519995226502470320e-01 2.917018062148961643e-01
3.497271316054521018e-01 2.941666302943537481e-01
3.474668553559688844e-01 2.966223869295946391e-01
3.452186741773055623e-01 2.990690382608370834e-01
3.429825675878375169e-01 3.015065481709674478e-01
3.407585143581544074e-01 3.039348822497126568e-01
3.385464925206860265e-01 3.063540077584366861e-01
3.363464793795863939e-01 3.087638935955554498e-01
3.341584515208586570e-01 3.111645102625579806e-01
3.319823848227021479e-01 3.135558298306269087e-01
3.298182544660638316e-01 3.159378259078480244e-01
3.276660349453783816e-01 3.183104736069993779e-01
3.255257000794786748e-01 3.206737495139129202e-01
3.233972230226622724e-01 3.230276316563988059e-01
3.212805762758990102e-01 3.253720994737225869e-01
3.191757316981632675e-01 3.277071337866290790e-01
3.170826605178781454e-01 3.300327167679021345e-01
3.150013333444585673e-01 3.323488319134535462e-01
3.129317201799378667e-01 3.346554640139308701e-01
3.108737904306676514e-01 3.369525991268383924e-01
3.088275129190772850e-01 3.392402245491604740e-01
3.067928558954825524e-01 3.415183287904810516e-01
3.047697870499315176e-01 3.437869015465906397e-01
3.027582735240766931e-01 3.460459336735727254e-01
3.007582819230649740e-01 3.482954171623616757e-01
2.987697783274331220e-01 3.505353451137661613e-01
2.967927283050019183e-01 3.527657117139473275e-01
2.948270969227576588e-01 3.549865122103471604e-01
2.928728487587148877e-01 3.571977428880580563e-01
2.909299479137507083e-01 3.593994010466271538e-01
2.889983580234026794e-01 3.615914849772866591e-01
2.870780422696248557e-01 3.637739939406055001e-01
2.851689633924925360e-01 3.659469281445530964e-01
2.832710837018511674e-01 3.681102887229690257e-01
2.813843650889020775e-01 3.702640777144325934e-01
2.795087690377192624e-01 3.724082980415237554e-01
2.776442566366915665e-01 3.745429534904710644e-01
2.757907885898852607e-01 3.766680486911774262e-01
2.739483252283217984e-01 3.787835890976199993e-01
2.721168265211661996e-01 3.808895809686150269e-01
2.702962520868215091e-01 3.829860313489447110e-01
2.684865612039245564e-01 3.850729480508353619e-01
2.666877128222412408e-01 3.871503396357860449e-01
2.648996655734550121e-01 3.892182153967371772e-01
2.631223777818473275e-01 3.912765853405757444e-01
2.613558074748651983e-01 3.933254601709709197e-01
2.595999123935751607e-01 3.953648512715328689e-01
2.578546500029986754e-01 3.973947706892915210e-01
2.561199775023279557e-01 3.994152311184878679e-01
2.543958518350193376e-01 4.014262458846725723e-01
2.526822296987629723e-01 4.034278289291075570e-01
2.509790675553248418e-01 4.054199947934639114e-01
2.492863216402634308e-01 4.074027586048118987e-01
2.476039479725143932e-01 4.093761360608971778e-01
2.459319023638462109e-01 4.113401434156988001e-01
2.442701404281839572e-01 4.132947974652635414e-01
2.426186175907990572e-01 4.152401155338123484e-01
2.409772890973670423e-01 4.171761154601124622e-01
2.393461100228889693e-01 4.191028155841128866e-01
2.377250352804795019e-01 4.210202347338362072e-01
2.361140196300183236e-01 4.229283922125242068e-01
2.345130176866661031e-01 4.248273077860303948e-01
2.329219839292444583e-01 4.267170016704576740e-01
2.313408727084798056e-01 4.285974945200349273e-01
2.297696382551106531e-01 4.304688074152284161e-01
2.282082346878588908e-01 4.323309618510845498e-01
2.266566160212658554e-01 4.341839797257998068e-01
2.251147361733916163e-01 4.360278833295120338e-01
2.235825489733804794e-01 4.378626953333121241e-01
2.220600081688898220e-01 4.396884387784687487e-01
2.205470674333865899e-01 4.415051370658653607e-01
2.190436803733090132e-01 4.433128139456432582e-01
2.175498005350958719e-01 4.451114935070484835e-01
2.160653814120828686e-01 4.469012001684778967e-01
2.145903764512684386e-01 4.486819586677212035e-01
2.131247390599485536e-01 4.504537940523963835e-01
2.116684226122216295e-01 4.522167316705719697e-01
2.102213804553656473e-01 4.539707971615771775e-01
2.087835659160867108e-01 4.557160164469923336e-01
2.073549323066410377e-01 4.574524157218186060e-01
2.059354329308321629e-01 4.591800214458237051e-01
2.045250210898836851e-01 4.608988603350590019e-01
2.031236500881876683e-01 4.626089593535466227e-01
2.017312732389326957e-01 4.643103457051316330e-01
2.003478438696104647e-01 4.660030468254984237e-01
1.989733153274020339e-01 4.676870903743457486e-01
1.976076409844479409e-01 4.693625042277197457e-01
1.962507742429999702e-01 4.710293164705009472e-01
1.949026685404575687e-01 4.726875553890423909e-01
1.935632773542901308e-01 4.743372494639565007e-01
1.922325542068475945e-01 4.759784273630477403e-01
1.909104526700580173e-01 4.776111179343883739e-01
1.895969263700164609e-01 4.792353501995344489e-01
1.882919289914644079e-01 4.808511533468805554e-01
1.869954142821629306e-01 4.824585567251489238e-01
1.857073360571598331e-01 4.840575898370116370e-01
1.844276482029516551e-01 4.856482823328440723e-01
1.831563046815444240e-01 4.872306640046051296e-01
1.818932595344122660e-01 4.888047647798436923e-01
1.806384668863558751e-01 4.903706147158284345e-01
1.793918809492631716e-01 4.919282439937987528e-01
1.781534560257724831e-01 4.934776829133338261e-01
1.769231465128402458e-01 4.950189618868390262e-01
1.757009069052156702e-01 4.965521114341459041e-01
1.744866917988205923e-01 4.980771621772255298e-01
1.732804558940403972e-01 4.995941448350114111e-01
1.720821539989245696e-01 5.011030902183297719e-01
1.708917410322977615e-01 5.026040292249376318e-01
1.697091720267861481e-01 5.040969928346639151e-01
1.685344021317559671e-01 5.055820121046530335e-01
1.673673866161703438e-01 5.070591181647090551e-01
1.662080808713619628e-01 5.085283422127375719e-01
1.650564404137250252e-01 5.099897155102853796e-01
1.639124208873279365e-01 5.114432693781738593e-01
1.627759780664463918e-01 5.128890351922260615e-01
1.616470678580202991e-01 5.143270443790848301e-01
1.605256463040352077e-01 5.157573284121206303e-01
1.594116695838284636e-01 5.171799188074275300e-01
1.583050940163232001e-01 5.185948471199047782e-01
1.572058760621901641e-01 5.200021449394238715e-01
1.561139723259392653e-01 5.214018438870782202e-01
1.550293395579424027e-01 5.227939756115147496e-01
1.539519346563876789e-01 5.241785717853447712e-01
1.528817146691681117e-01 5.255556641016343455e-01
1.518186367957045091e-01 5.269252842704712503e-01
1.507626583887037297e-01 5.282874640156067780e-01
1.497137369558556586e-01 5.296422350711735838e-01
1.486718301614674553e-01 5.309896291784741429e-01
1.476368958280372956e-01 5.323296780828421504e-01
1.466088919377697142e-01 5.336624135305737537e-01
1.455877766340327728e-01 5.349878672659269530e-01
1.445735082227572743e-01 5.363060710281887244e-01
1.435660451737817978e-01 5.376170565488090913e-01
1.425653461221424445e-01 5.389208555485991425e-01
1.415713698693081835e-01 5.402174997349928898e-01
1.405840753843657920e-01 5.415070207993727402e-01
1.396034218051512843e-01 5.427894504144546994e-01
1.386293684393329340e-01 5.440648202317351911e-01
1.376618747654437813e-01 5.453331618789962754e-01
1.367009004338667344e-01 5.465945069578685978e-01
1.357464052677720412e-01 5.478488870414518486e-01
1.347983492640086878e-01 5.490963336719908439e-01
1.338566925939510543e-01 5.503368783586055635e-01
1.329213956043010514e-01 5.515705525750757010e-01
1.319924188178468460e-01 5.527973877576780604e-01
1.310697229341792891e-01 5.540174153030748005e-01
1.301532688303674856e-01 5.552306665662529728e-01
1.292430175615937316e-01 5.564371728585136845e-01
1.283389303617482602e-01 5.576369654455100022e-01
1.274409686439864631e-01 5.588300755453324831e-01
1.265490940012472532e-01 5.600165343266425566e-01
1.256632682067349016e-01 5.611963729068506490e-01
1.247834532143650144e-01 5.623696223503407143e-01
1.239096111591748706e-01 5.635363136667379536e-01
1.230417043576996772e-01 5.646964778092218307e-01
1.221796953083149617e-01 5.658501456728790568e-01
1.213235466915455474e-01 5.669973480931010945e-01
1.204732213703438859e-01 5.681381158440210744e-01
1.196286823903353058e-01 5.692724796369916795e-01
1.187898929800337289e-01 5.704004701191016657e-01
1.179568165510277433e-01 5.715221178717329042e-01
1.171294166981365903e-01 5.726374534091530633e-01
1.163076571995386166e-01 5.737465071771474800e-01
1.154915020168711948e-01 5.748493095516867823e-01
1.146809152953042199e-01 5.759458908376302588e-01
1.138758613635870720e-01 5.770362812674647568e-01
1.130763047340697103e-01 5.781205110000777747e-01
1.122822101026985653e-01 5.791986101195648606e-01
1.114935423489881172e-01 5.802706086340692071e-01
1.107102665359694926e-01 5.813365364746547748e-01
1.099323479101136369e-01 5.823964234942113904e-01
1.091597519012342810e-01 5.834502994663900433e-01
1.083924441223675927e-01 5.844981940845694890e-01
1.076303903696302910e-01 5.855401369608534967e-01
1.068735566220577748e-01 5.865761576250967391e-01
1.061219090414204924e-01 5.876062855239601035e-01
1.053754139720219918e-01 5.886305500199945362e-01
1.046340379404765430e-01 5.896489803907515315e-01
1.038977476554691082e-01 5.906616058279228199e-01
1.031665100074955488e-01 5.916684554365050364e-01
1.024402920685868468e-01 5.926695582339919222e-01
1.017190610920146732e-01 5.936649431495911733e-01
1.010027845119809697e-01 5.946546390234672685e-01
1.002914299432906553e-01 5.956386746060090553e-01
9.958496518100956596e-02 5.966170785571204283e-01
9.888335820010552002e-02 5.975898794455365426e-01
9.818657715507572714e-02 5.985571057481616775e-01
9.749459037955909846e-02 5.995187858494313016e-01
9.680736638593423482e-02 6.004749480406954554e-01
9.612487386490453645e-02 6.014256205196240046e-01
9.544708168506965684e-02 6.023708313896353195e-01
9.477395889248318994e-02 6.033106086593428286e-01
9.410547471020047627e-02 6.042449802420253313e-01
9.344159853781053293e-02 6.051739739551158515e-01
9.278229995096043403e-02 6.060976175197101412e-01
9.212754870086492520e-02 6.070159385600961688e-01
9.147731471380704527e-02 6.079289646033011474e-01
9.083156809062731263e-02 6.088367230786578821e-01
9.019027910620314170e-02 6.097392413173894354e-01
8.955341820891782323e-02 6.106365465522116676e-01
8.892095602012017874e-02 6.115286659169536509e-01
8.829286333357533323e-02 6.124156264461939614e-01
8.766911111490527375e-02 6.132974550749163978e-01
8.704967050102196957e-02 6.141741786381795798e-01
8.643451279955194355e-02 6.150458238708045311e-01
8.582360948825240587e-02 6.159124174070772506e-01
8.521693221441928312e-02 6.167739857804670489e-01
8.461445279428914112e-02 6.176305554233603168e-01
8.401614321243222605e-02 6.184821526668091707e-01
8.342197562113995435e-02 6.193288037402944202e-01
8.283192233980452013e-02 6.201705347715027461e-01
8.224595585429339550e-02 6.210073717861187559e-01
8.166404881631639245e-02 6.218393407076301393e-01
8.108617404278783969e-02 6.226664673571458142e-01
8.051230451518209819e-02 6.234887774532282823e-01
7.994241337888463583e-02 6.243062966117378654e-01
7.937647394253743993e-02 6.251190503456908187e-01
7.881445967737898961e-02 6.259270640651282136e-01
7.825634421658056450e-02 6.267303630769983647e-01
7.770210135457678025e-02 6.275289725850499156e-01
7.715170504639268234e-02 6.283229176897375812e-01
7.660512940696662110e-02 6.291122233881385473e-01
7.606234871046835266e-02 6.298969145738804176e-01
7.552333738961480858e-02 6.306770160370793743e-01
7.498807003498109136e-02 6.314525524642897736e-01
7.445652139430836147e-02 6.322235484384637338e-01
7.392866637180950384e-02 6.329900284389207155e-01
7.340448002747057554e-02 6.337520168413280919e-01
7.288393757635003301e-02 6.345095379176894923e-01
7.236701438787518370e-02 6.352626158363451347e-01
7.185368598513608429e-02 6.360112746619797086e-01
7.134392804417766243e-02 6.367555383556398052e-01
7.083771639328861891e-02 6.374954307747607851e-01
7.033502701228944165e-02 6.382309756732020833e-01
6.983583603181775512e-02 6.389621967012908410e-01
6.934011973261244854e-02 6.396891174058736418e-01
6.884785454479558364e-02 6.404117612303779072e-01
6.835901704715430238e-02 6.411301515148791763e-01
6.787358396641907099e-02 6.418443114961775997e-01
6.739153217654358929e-02 6.425542643078820948e-01
6.691283869798092532e-02 6.432600329805006067e-01
6.643748069696098213e-02 6.439616404415395845e-01
6.596543548476629937e-02 6.446591095156091189e-01
6.549668051700607840e-02 6.453524629245355193e-01
6.503119339289176182e-02 6.460417232874806626e-01
6.456895185451061447e-02 6.467269131210680033e-01
6.410993378609974869e-02 6.474080548395155787e-01
6.365411721331970529e-02 6.480851707547741203e-01
6.320148030252747962e-02 6.487582830766720488e-01
6.275200136005032459e-02 6.494274139130674639e-01
6.230565883145933181e-02 6.500925852700040197e-01
6.186243130084279063e-02 6.507538190518742383e-01
6.142229749008065731e-02 6.514111370615875973e-01
6.098523625811824722e-02 6.520645610007442805e-01
6.055122660024170322e-02 6.527141124698148111e-01
6.012024764735313109e-02 6.533598129683237943e-01
5.969227866524640103e-02 6.540016838950393208e-01
5.926729905388417041e-02 6.546397465481681444e-01
5.884528834667523967e-02 6.552740221255544117e-01
5.842622620975279624e-02 6.559045317248830553e-01
5.801009244125410191e-02 6.565312963438896254e-01
5.759686697060062421e-02 6.571543368805725649e-01
5.718652985777938902e-02 6.577736741334103687e-01
5.677906129262588752e-02 6.583893288015837397e-01
5.637444159410764932e-02 6.590013214852012968e-01
5.597265120960914775e-02 6.596096726855295023e-01
5.557367071421892568e-02 6.602144028052258085e-01
5.517748081001705440e-02 6.608155321485771339e-01
5.478406232536459086e-02 6.614130809217404483e-01
5.439339621419425619e-02 6.620070692329880213e-01
5.400546355530377873e-02 6.625975170929557789e-01
5.362024555164879303e-02 6.631844444148953244e-01
5.323772352963995758e-02 6.637678710149289563e-01
5.285787893843929552e-02 6.643478166123080175e-01
5.248069334926075413e-02 6.649243008296745749e-01
5.210614845467087530e-02 6.654973431933264294e-01
5.173422606789179756e-02 6.660669631334836804e-01
5.136490812210681156e-02 6.666331799845603978e-01
5.099817666976724784e-02 6.671960129854368482e-01
5.063401388190114094e-02 6.677554812797364958e-01
5.027240204742489116e-02 6.683116039161034472e-01
4.991332357245636953e-02 6.688643998484844477e-01
4.955676097963046534e-02 6.694138879364120998e-01
4.920269690741618795e-02 6.699600869452912999e-01
4.885111410943721033e-02 6.705030155466866759e-01
4.850199545379318966e-02 6.710426923186144643e-01
4.815532392238441872e-02 6.715791357458338329e-01
4.781108261023836459e-02 6.721123642201425330e-01
4.746925472483898290e-02 6.726423960406736624e-01
4.712982358545780848e-02 6.731692494141945371e-01
4.679277262248726643e-02 6.736929424554070067e-01
4.645808537677775796e-02 6.742134931872503234e-01
4.612574549897574538e-02 6.747309195412054539e-01
4.579573674886472379e-02 6.752452393576005019e-01
4.546804299470941224e-02 6.757564703859192390e-01
4.514264821260138838e-02 6.762646302851095248e-01
4.481953648580794258e-02 6.767697366238945023e-01
4.449869200412359671e-02 6.772718068810842373e-01
4.418009906322328817e-02 6.777708584458898011e-01
4.386374206402010589e-02 6.782669086182376850e-01
4.354960551202280428e-02 6.787599746090863251e-01
4.323767401669875721e-02 6.792500735407432932e-01
4.292793229083768924e-02 6.797372224471838198e-01
4.262036514991929259e-02 6.802214382743707599e-01
4.231495751148273143e-02 6.807027378805750040e-01
4.201169439449881082e-02 6.811811380366975532e-01
4.171056091874592031e-02 6.816566554265917066e-01
4.141154230418753190e-02 6.821293066473878008e-01
4.111462387035291766e-02 6.825991082098165075e-01
4.081979103572075385e-02 6.830660765385351274e-01
4.052702931710516765e-02 6.835302279724532193e-01
4.023632432904500345e-02 6.839915787650598933e-01
3.994766178319542060e-02 6.844501450847508828e-01
3.966102748772259989e-02 6.849059430151572814e-01
3.937640734670122544e-02 6.853589885554742800e-01
3.909378735951452022e-02 6.858092976207901259e-01
3.881315362025772320e-02 6.862568860424167472e-01
3.853449231714312084e-02 6.867017695682197109e-01
3.825778973190996357e-02 6.871439638629491808e-01
3.798303223923493732e-02 6.875834845085713187e-01
3.771020630614729807e-02 6.880203470045999081e-01
3.743929849144567168e-02 6.884545667684282000e-01
3.717029544511851746e-02 6.888861591356614245e-01
3.690318390776703428e-02 6.893151393604490806e-01
3.663795071003073112e-02 6.897415226158182255e-01
3.637458277201632839e-02 6.901653239940057638e-01
3.611306710272943477e-02 6.905865585067922918e-01
3.585339079950877750e-02 6.910052410858347205e-01
3.559554104746365244e-02 6.914213865830002304e-01
3.533950511891381652e-02 6.918350097706995605e-01
3.508527037283293293e-02 6.922461253422202976e-01
3.483282425429423679e-02 6.926547479120608308e-01
3.458215429391919837e-02 6.930608920162630859e-01
3.433324810732951704e-02 6.934645721127468132e-01
3.408609339460144660e-02 6.938658025816424324e-01
3.384067793972289628e-02 6.942645977256246548e-01
3.359698961005430640e-02 6.946609717702451059e-01
3.335501635579107838e-02 6.950549388642659476e-01
3.311474620942989056e-02 6.954465130799919459e-01
3.287616728523745646e-02 6.958357084136039816e-01
3.263926777872228069e-02 6.962225387854905634e-01
3.240403596610907933e-02 6.966070180405803391e-01
3.217046020381586491e-02 6.969891599486741640e-01
3.193852892793458409e-02 6.973689782047762797e-01
3.170823065371408678e-02 6.977464864294251612e-01
3.147955397504587083e-02 6.981216981690256951e-01
3.125248756395260230e-02 6.984946268961782501e-01
3.102702017008018842e-02 6.988652860100095232e-01
3.080314062019151589e-02 6.992336888365022762e-01
3.058083781766363085e-02 6.995998486288244056e-01
3.036010074198824960e-02 6.999637785676579016e-01
3.014091844827404554e-02 7.003254917615273634e-01
2.992328006675226693e-02 7.006850012471275146e-01
2.970717480228501906e-02 7.010423199896509416e-01
2.949259193387632205e-02 7.013974608831150537e-01
2.927952081418638830e-02 7.017504367506879337e-01
2.906795086904800929e-02 7.021012603450145217e-01
2.885787159698549598e-02 7.024499443485419103e-01
2.864927256873761596e-02 7.027965013738436406e-01
2.844214342678208496e-02 7.031409439639441095e-01
2.823647388486283383e-02 7.034832845926417555e-01
2.803225372752127242e-02 7.038235356648316898e-01
2.782947280962866365e-02 7.041617095168282159e-01
2.762812105592205025e-02 7.044978184166861279e-01
2.742818846054284609e-02 7.048318745645213435e-01
2.722966508657775897e-02 7.051638900928314246e-01
2.703254106560293302e-02 7.054938770668144343e-01
2.683680659723075568e-02 7.058218474846883472e-01
2.664245194865810795e-02 7.061478132780083516e-01
2.644946745421905554e-02 7.064717863119842622e-01
2.625784351493931634e-02 7.067937783857973777e-01
2.606757059809305943e-02 7.071138012329158951e-01
2.587863923676281264e-02 7.074318665214094359e-01
2.569104002940192366e-02 7.077479858542643498e-01
2.550476363939935265e-02 7.080621707696956868e-01
2.531980079464790645e-02 7.083744327414609465e-01
2.513614228711358312e-02 7.086847831791711627e-01
2.495377897240891318e-02 7.089932334286017657e-01
2.477270176936818835e-02 7.092997947720033336e-01
2.459290165962535468e-02 7.096044784284099016e-01
2.441436968719434830e-02 7.099072955539480478e-01
2.423709695805253972e-02 7.102082572421442030e-01
2.406107463972573246e-02 7.105073745242311833e-01
2.388629396087638135e-02 7.108046583694539455e-01
2.371274621089425327e-02 7.111001196853747874e-01
2.354042273948953046e-02 7.113937693181771049e-01
2.336931495628835620e-02 7.116856180529682607e-01
2.319941433043049006e-02 7.119756766140820092e-01
2.303071239017040472e-02 7.122639556653800330e-01
2.286320072247949309e-02 7.125504658105514810e-01
2.269687097265238318e-02 7.128352175934133950e-01
2.253171484391403023e-02 7.131182214982080270e-01
2.236772409703013942e-02 7.133994879499014896e-01
2.220489054991992006e-02 7.136790273144792973e-01
2.204320607727150438e-02 7.139568498992427958e-01
2.188266261015836545e-02 7.142329659531034824e-01
2.172325213566039803e-02 7.145073856668763268e-01
2.156496669648499953e-02 7.147801191735733140e-01
2.140779839059270273e-02 7.150511765486944338e-01
2.125173937082314168e-02 7.153205678105186704e-01
2.109678184452490335e-02 7.155883029203939927e-01
2.094291807318682253e-02 7.158543917830260117e-01
2.079014037207171928e-02 7.161188442467651960e-01
2.063844110985313396e-02 7.163816701038948631e-01
2.048781270825317247e-02 7.166428790909156188e-01
2.033824764168368215e-02 7.169024808888311284e-01
2.018973843688898206e-02 7.171604851234314459e-01
2.004227767259114668e-02 7.174169013655757876e-01
1.989585797913784315e-02 7.176717391314741956e-01
1.975047203815194496e-02 7.179250078829684245e-01
1.960611258218314390e-02 7.181767170278116064e-01
1.946277239436244866e-02 7.184268759199468057e-01
1.932044430805890389e-02 7.186754938597847975e-01
1.917912120653719743e-02 7.189225800944800682e-01
1.903879602261970838e-02 7.191681438182075947e-01
1.889946173834822218e-02 7.194121941724360703e-01
1.876111138464975348e-02 7.196547402462022403e-01
1.862373804100336816e-02 7.198957910763827961e-01
1.848733483510978104e-02 7.201353556479661577e-01
1.835189494256284082e-02 7.203734428943229240e-01
1.821741158652279147e-02 7.206100616974746575e-01
1.808387803739242017e-02 7.208452208883624479e-01
1.795128761249420446e-02 7.210789292471144751e-01
1.781963367575101209e-02 7.213111955033115752e-01
1.768890963736713395e-02 7.215420283362523612e-01
1.755910895351264767e-02 7.217714363752179008e-01
1.743022512600989060e-02 7.219994281997341723e-01
1.730225170202048801e-02 7.222260123398340781e-01
1.717518227373615591e-02 7.224511972763185685e-01
1.704901047807039216e-02 7.226749914410164344e-01
1.692372999635327613e-02 7.228974032170425446e-01
1.679933455402637943e-02 7.231184409390563061e-01
1.667581792034156241e-02 7.233381128935180149e-01
1.655317390806088085e-02 7.235564273189444284e-01
1.643139637315849111e-02 7.237733924061633406e-01
1.631047921452444260e-02 7.239890162985669342e-01
1.619041637367057973e-02 7.242033070923645788e-01
1.607120183443822015e-02 7.244162728368337412e-01
1.595282962270816451e-02 7.246279215345705627e-01
1.583529380611181647e-02 7.248382611417392152e-01
1.571858849374474509e-02 7.250472995683199251e-01
1.560270783588213472e-02 7.252550446783558868e-01
1.548764602369590015e-02 7.254615042901999544e-01
1.537339728897391122e-02 7.256666861767588905e-01
1.525995590384077172e-02 7.258705980657380596e-01
1.514731618048037465e-02 7.260732476398841229e-01
1.503547247086067795e-02 7.262746425372264003e-01
1.492441916646014555e-02 7.264747903513185667e-01
1.481415069799585371e-02 7.266736986314776825e-01
1.470466153515315177e-02 7.268713748830228916e-01
1.459594618631832041e-02 7.270678265675141194e-01
1.448799919831078586e-02 7.272630611029871073e-01
1.438081515611966399e-02 7.274570858641900006e-01
1.427438868263997129e-02 7.276499081828180504e-01
1.416871443841183353e-02 7.278415353477459826e-01
1.406378712136102660e-02 7.280319746052615892e-01
1.395960146654084966e-02 7.282212331592964327e-01
1.385615224587632976e-02 7.284093181716564391e-01
1.375343426790986978e-02 7.285962367622509372e-01
1.365144237754867262e-02 7.287819960093215865e-01
1.355017145581349780e-02 7.289666029496686406e-01
1.344961641958986043e-02 7.291500645788779877e-01
1.334977222137956332e-02 7.293323878515457492e-01
1.325063384905544872e-02 7.295135796815028772e-01
1.315219632561670515e-02 7.296936469420378657e-01
1.305445470894628368e-02 7.298725964661190169e-01
1.295740409156953543e-02 7.300504350466154868e-01
1.286103960041518057e-02 7.302271694365172205e-01
1.276535639657672139e-02 7.304028063491542211e-01
1.267034967507685295e-02 7.305773524584141532e-01
1.257601466463253992e-02 7.307508143989596139e-01
1.248234662742142564e-02 7.309231987664439600e-01
1.238934085885068370e-02 7.310945121177264694e-01
1.229699268732709072e-02 7.312647609710858365e-01
1.220529747402798737e-02 7.314339518064336687e-01
1.211425061267490388e-02 7.316020910655258724e-01
1.202384752930751866e-02 7.317691851521740398e-01
1.193408368206050341e-02 7.319352404324550587e-01
1.184495456094059040e-02 7.321002632349199457e-01
1.175645568760552706e-02 7.322642598508024570e-01
1.166858261514491790e-02 7.324272365342252566e-01
1.158133092786262086e-02 7.325891995024060854e-01
1.149469624105936560e-02 7.327501549358628186e-01
1.140867420081836947e-02 7.329101089786176360e-01
1.132326048379173056e-02 7.330690677383997489e-01
1.123845079698804206e-02 7.332270372868470165e-01
1.115424087756178295e-02 7.333840236597078954e-01
1.107062649260415199e-02 7.335400328570409467e-01
1.098760343893501190e-02 7.336950708434140100e-01
1.090516754289660994e-02 7.338491435481020453e-01
1.082331466014829768e-02 7.340022568652848634e-01
1.074204067546302710e-02 7.341544166542430805e-01
1.066134150252506796e-02 7.343056287395529624e-01
1.058121308372905744e-02 7.344558989112812686e-01
1.050165138998004899e-02 7.346052329251780977e-01
1.042265242049600360e-02 7.347536365028697336e-01
1.034421220261017016e-02 7.349011153320498257e-01
1.026632679157601924e-02 7.350476750666694592e-01
1.018899227037306510e-02 7.351933213271275580e-01
1.011220474951368686e-02 7.353380597004586239e-01
1.003596036685161508e-02 7.354818957405209190e-01
9.960255287391972523e-03 7.356248349681828724e-01
9.885085703101759158e-03 7.357668828715091536e-01
9.810447832722446471e-03 7.359080449059453022e-01
9.736337921583682053e-03 7.360483264945016924e-01
9.662752241417882360e-03 7.361877330279368303e-01
9.589687090176268747e-03 7.363262698649388760e-01
9.517138791846679879e-03 7.364639423323071643e-01
9.445103696271606175e-03 7.366007557251328386e-01
9.373578178968444696e-03 7.367367153069775965e-01
9.302558640950309155e-03 7.368718263100521026e-01
9.232041508548616271e-03 7.370060939353941798e-01
9.162023233235894182e-03 7.371395233530450009e-01
9.092500291451810490e-03 7.372721197022247264e-01
9.023469184427312939e-03 7.374038880915075866e-01
8.954926438013210976e-03 7.375348335989959647e-01
8.886868602507758119e-03 7.376649612724932581e-01
8.819292252486121697e-03 7.377942761296758523e-01
8.752193986631184863e-03 7.379227831582650943e-01
8.685570427565347806e-03 7.380504873161972679e-01
8.619418221682995096e-03 7.381773935317927915e-01
8.553734038984850407e-03 7.383035067039260824e-01
8.488514572913774536e-03 7.384288317021918679e-01
8.423756540189897279e-03 7.385533733670734957e-01
8.359456680649302029e-03 7.386771365101082454e-01
8.295611757081156057e-03 7.388001259140526411e-01
8.232218555069170662e-03 7.389223463330470976e-01
8.169273882830729860e-03 7.390438024927793448e-01
8.106774571059682799e-03 7.391644990906470758e-01
8.044717472769025157e-03 7.392844407959197062e-01
7.983099463135134854e-03 7.394036322498995784e-01
7.921917439342118783e-03 7.395220780660818338e-01
7.861168320429157141e-03 7.396397828303140631e-01
7.800849047136959591e-03 7.397567511009548458e-01
7.740956581755886745e-03 7.398729874090306247e-01
7.681487907975736995e-03 7.399884962583936909e-01
7.622440030736199468e-03 7.401032821258775041e-01
7.563809976077306985e-03 7.402173494614519011e-01
7.505594790992997645e-03 7.403307026883776398e-01
7.447791543283566185e-03 7.404433462033599422e-01
7.390397321411001919e-03 7.405552843767015947e-01
7.333409234353660544e-03 7.406665215524541601e-01
7.276824411462823328e-03 7.407770620485698565e-01
7.220640002320477535e-03 7.408869101570511040e-01
7.164853176597429929e-03 7.409960701441011821e-01
7.109461123912530489e-03 7.411045462502723336e-01
7.054461053693339423e-03 7.412123426906134238e-01
6.999850195037460310e-03 7.413194636548179339e-01
6.945625796574317334e-03 7.414259133073697328e-01
6.891785126328708877e-03 7.415316957876892934e-01
6.838325471585027238e-03 7.416368152102780220e-01
6.785244138752366538e-03 7.417412756648624761e-01
6.732538453230074715e-03 7.418450812165379160e-01
6.680205759275414934e-03 7.419482359059106358e-01
6.628243419870893938e-03 7.420507437492400715e-01
6.576648816593255731e-03 7.421526087385793558e-01
6.525419349482919351e-03 7.422538348419157606e-01
6.474552436915192999e-03 7.423544260033105857e-01
6.424045515470822032e-03 7.424543861430374925e-01
6.373896039809201497e-03 7.425537191577208374e-01
6.324101482541255592e-03 7.426524289204726736e-01
6.274659334103538377e-03 7.427505192810295309e-01
6.225567102633222660e-03 7.428479940658883063e-01
6.176822313844421153e-03 7.429448570784409345e-01
6.128422510903952514e-03 7.430411120991091689e-01
6.080365254310104994e-03 7.431367628854781415e-01
6.032648121770178840e-03 7.432318131724289234e-01
5.985268708080027089e-03 7.433262666722714185e-01
5.938224625004040469e-03 7.434201270748749257e-01
5.891513501156575572e-03 7.435133980477995896e-01
5.845132981883049972e-03 7.436060832364261852e-01
5.799080729142813695e-03 7.436981862640853480e-01
5.753354421393019891e-03 7.437897107321865819e-01
5.707951753471718348e-03 7.438806602203458240e-01
5.662870436484057635e-03 7.439710382865130089e-01
5.618108197687377015e-03 7.440608484670980793e-01
5.573662780377741655e-03 7.441500942770974403e-01
5.529531943777810099e-03 7.442387792102189703e-01
5.485713462924923789e-03 7.443269067390062554e-01
5.442205128559307603e-03 7.444144803149626011e-01
5.399004747015045957e-03 7.445015033686741557e-01
5.356110140109282547e-03 7.445879793099321464e-01
5.313519145034417690e-03 7.446739115278551147e-01
5.271229614249528517e-03 7.447593033910094862e-01
5.229239415373343469e-03 7.448441582475304745e-01
5.187546431077993958e-03 7.449284794252417630e-01
5.146148558982654997e-03 7.450122702317739654e-01
5.105043711548962193e-03 7.450955339546843081e-01
5.064229815976428739e-03 7.451782738615735369e-01
5.023704814099305693e-03 7.452604932002033777e-01
4.983466662283331239e-03 7.453421951986130001e-01
4.943513331323590165e-03 7.454233830652347015e-01
4.903842806343150507e-03 7.455040599890099262e-01
4.864453086692366313e-03 7.455842291395027299e-01
4.825342185849179621e-03 7.456638936670145767e-01
4.786508131319311410e-03 7.457430567026975821e-01
4.747948964537784811e-03 7.458217213586666450e-01
4.709662740771003442e-03 7.458998907281121360e-01
4.671647529019384848e-03 7.459775678854112524e-01
4.633901411920993141e-03 7.460547558862385964e-01
4.596422485655615731e-03 7.461314577676766424e-01
4.559208859848951079e-03 7.462076765483252050e-01
4.522258657479016897e-03 7.462834152284103517e-01
4.485570014781337100e-03 7.463586767898933161e-01
4.449141081156349209e-03 7.464334641965776340e-01
4.412970019076034589e-03 7.465077803942166135e-01
4.377055003992547100e-03 7.465816283106199158e-01
4.341394224246952760e-03 7.466550108557595822e-01
4.305985880977969416e-03 7.467279309218753935e-01
4.270828188032371742e-03 7.468003913835796759e-01
4.235919371875396244e-03 7.468723950979616610e-01
4.201257671501923419e-03 7.469439449046907376e-01
4.166841338348326040e-03 7.470150436261198124e-01
4.132668636204983592e-03 7.470856940673882285e-01
4.098737841129018733e-03 7.471558990165223513e-01
4.065047241358366037e-03 7.472256612445387081e-01
4.031595137225618686e-03 7.472949835055429091e-01
3.998379841073096408e-03 7.473638685368315659e-01
3.965399677168357506e-03 7.474323190589903243e-01
3.932652981619821908e-03 7.475003377759942280e-01
3.900138102294281595e-03 7.475679273753055298e-01
3.867853398732967740e-03 7.476350905279720571e-01
3.835797242070060342e-03 7.477018298887240233e-01
3.803968014950864784e-03 7.477681480960716165e-01
3.772364111450654534e-03 7.478340477724008117e-01
3.740983936994402015e-03 7.478995315240695163e-01
3.709825908276509487e-03 7.479646019415022717e-01
3.678888453181428098e-03 7.480292615992852889e-01
3.648170010705498179e-03 7.480935130562609281e-01
3.617669030877568304e-03 7.481573588556206245e-01
3.587383974682389898e-03 7.482208015249984800e-01
3.557313313982457537e-03 7.482838435765635232e-01
3.527455531441958669e-03 7.483464875071121902e-01
3.497809120450390274e-03 7.484087357981590305e-01
3.468372585047285739e-03 7.484705909160288551e-01
3.439144439846830714e-03 7.485320553119461096e-01
3.410123209963367152e-03 7.485931314221253574e-01
3.381307430937674496e-03 7.486538216678608748e-01
3.352695648663250871e-03 7.487141284556154686e-01
3.324286419313371432e-03 7.487740541771085168e-01
3.296078309268590800e-03 7.488336012094044536e-01
3.268069895044911632e-03 7.488927719150000328e-01
3.240259763222175238e-03 7.489515686419112583e-01
3.212646510373340369e-03 7.490099937237595373e-01
3.185228742993873041e-03 7.490680494798582778e-01
3.158005077431691454e-03 7.491257382152975985e-01
3.130974139817999102e-03 7.491830622210298163e-01
3.104134565998006856e-03 7.492400237739538227e-01
3.077485001462543224e-03 7.492966251369987951e-01
3.051024101280108702e-03 7.493528685592081295e-01
3.024750530029263196e-03 7.494087562758223742e-01
2.998662961731457521e-03 7.494642905083614970e-01
2.972760079784753096e-03 7.495194734647073753e-01
2.947040576897430597e-03 7.495743073391851752e-01
2.921503155022264764e-03 7.496287943126445086e-01
2.896146525291465323e-03 7.496829365525403688e-01
2.870969407951839969e-03 7.497367362130131774e-01
2.845970532300734490e-03 7.497901954349681652e-01
2.821148636621972905e-03 7.498433163461555306e-01
2.796502468122352703e-03 7.498961010612485989e-01
2.772030782868917242e-03 7.499485516819224262e-01
2.747732345726339176e-03 7.500006702969319594e-01
2.723605930294970001e-03 7.500524589821888632e-01
2.699650318849000641e-03 7.501039198008396802e-01
2.675864302275399176e-03 7.501550548033414367e-01
2.652246680013070623e-03 7.502058660275381374e-01
2.628796259992682849e-03 7.502563554987367045e-01
2.605511858576492479e-03 7.503065252297818066e-01
2.582392300498836946e-03 7.503563772211314653e-01
2.559436418807403690e-03 7.504059134609305515e-01
2.536643054804388342e-03 7.504551359250855036e-01
2.514011057987874942e-03 7.505040465773376024e-01
2.491539285994215369e-03 7.505526473693359124e-01
2.469226604541185921e-03 7.506009402407105568e-01
2.447071887370033672e-03 7.506489271191445489e-01
2.425074016188966120e-03 7.506966099204457343e-01
2.403231880617973104e-03 7.507439905486184006e-01
2.381544378131317252e-03 7.507910708959342205e-01
2.360010414003355095e-03 7.508378528430028620e-01
2.338628901253025916e-03 7.508843382588423765e-01
2.317398760589117757e-03 7.509305290009488099e-01
2.296318920356088533e-03 7.509764269153657024e-01
2.275388316480331241e-03 7.510220338367533666e-01
2.254605892416106094e-03 7.510673515884568330e-01
2.233970599092915954e-03 7.511123819825749059e-01
2.213481394862437668e-03 7.511571268200271101e-01
2.193137245446119543e-03 7.512015878906219690e-01
2.172937123883444954e-03 7.512457669731232857e-01
2.152880010479973905e-03 7.512896658353171997e-01
2.132964892755939701e-03 7.513332862340786900e-01
2.113190765395400739e-03 7.513766299154365225e-01
2.093556630195836377e-03 7.514196986146396418e-01
2.074061496017742812e-03 7.514624940562218969e-01
2.054704378734673043e-03 7.515050179540667674e-01
2.035484301183720923e-03 7.515472720114719785e-01
2.016400293116782372e-03 7.515892579212126723e-01
1.997451391150706357e-03 7.516309773656061344e-01
1.978636638719888374e-03 7.516724320165741879e-01
1.959955086027753701e-03 7.517136235357064766e-01
1.941405789998351672e-03 7.517545535743223040e-01
1.922987814229726311e-03 7.517952237735339160e-01
1.904700228946176743e-03 7.518356357643070087e-01
1.886542110952071916e-03 7.518757911675231220e-01
1.868512543584333052e-03 7.519156915940399255e-01
1.850610616667469621e-03 7.519553386447521692e-01
1.832835426466949968e-03 7.519947339106526352e-01
1.815186075643904218e-03 7.520338789728907569e-01
1.797661673210049216e-03 7.520727754028335710e-01
1.780261334482613478e-03 7.521114247621242255e-01
1.762984181040039289e-03 7.521498286027411551e-01
1.745829340677351738e-03 7.521879884670565897e-01
1.728795947362860019e-03 7.522259058878949523e-01
1.711883141193526470e-03 7.522635823885903683e-01
1.695090068353000134e-03 7.523010194830446196e-01
1.678415881067096826e-03 7.523382186757842094e-01
1.661859737562720873e-03 7.523751814620172063e-01
1.645420802023900286e-03 7.524119093276899761e-01
1.629098244550708507e-03 7.524484037495429156e-01
1.612891241117186958e-03 7.524846661951670734e-01
1.596798973529378607e-03 7.525206981230587733e-01
1.580820629385026876e-03 7.525565009826759022e-01
1.564955402031720233e-03 7.525920762144918674e-01
1.549202490526924159e-03 7.526274252500506634e-01
1.533561099597013921e-03 7.526625495120212728e-01
1.518030439597972681e-03 7.526974504142509570e-01
1.502609726474757323e-03 7.527321293618196574e-01
1.487298181722329637e-03 7.527665877510927306e-01
1.472095032346132371e-03 7.528008269697741284e-01
1.456999510823675514e-03 7.528348483969591332e-01
1.442010855065234409e-03 7.528686534031865385e-01
1.427128308375436028e-03 7.529022433504911627e-01
1.412351119415733436e-03 7.529356195924549189e-01
1.397678542165547988e-03 7.529687834742586627e-01
1.383109835886076056e-03 7.530017363327334845e-01
1.368644265081653266e-03 7.530344794964110022e-01
1.354281099463117144e-03 7.530670142855746541e-01
1.340019613911169749e-03 7.530993420123089921e-01
1.325859088439851341e-03 7.531314639805506417e-01
1.311798808159903018e-03 7.531633814861370402e-01
1.297838063242795492e-03 7.531950958168565080e-01
1.283976148885312973e-03 7.532266082524968764e-01
1.270212365273692967e-03 7.532579200648942264e-01
1.256546017548543226e-03 7.532890325179817381e-01
1.242976415769203591e-03 7.533199468678375421e-01
1.229502874880106233e-03 7.533506643627326804e-01
1.216124714674915452e-03 7.533811862431789574e-01
1.202841259763220982e-03 7.534115137419760133e-01
1.189651839536454148e-03 7.534416480842585084e-01
1.176555788133026859e-03 7.534715904875427528e-01
1.163552444406135145e-03 7.535013421617735574e-01
1.150641151889231217e-03 7.535309043093699755e-01
1.137821258763827004e-03 7.535602781252717097e-01
1.125092117826298477e-03 7.535894647969846316e-01
1.112453086454689988e-03 7.536184655046259673e-01
1.099903526577294954e-03 7.536472814209697058e-01
1.087442804639904281e-03 7.536759137114914520e-01
1.075070291573720915e-03 7.537043635344127246e-01
1.062785362764162578e-03 7.537326320407456981e-01
1.050587398018665297e-03 7.537607203743372786e-01
1.038475781536152276e-03 7.537886296719124024e-01
1.026449901875392534e-03 7.538163610631181122e-01
1.014509151924358754e-03 7.538439156705665223e-01
1.002652928869585125e-03 7.538712946098782286e-01
9.908806341657472316e-04 7.538984989897244970e-01
9.791916735057970556e-04 7.539255299118705622e-01
9.675854567902097969e-04 7.539523884712171498e-01
9.560613980982290983e-04 7.539790757558426648e-01
9.446189156571138668e-04 7.540055928470457136e-01
9.332574318138275871e-04 7.540319408193851825e-01
9.219763730057284334e-04 7.540581207407232034e-01
9.107751697310373373e-04 7.540841336722645671e-01
8.996532565204162779e-04 7.541099806685985785e-01
8.886100719087686173e-04 7.541356627777392463e-01
8.776450584065953464e-04 7.541611810411654737e-01
8.667576624717954203e-04 7.541865364938613592e-01
8.559473344819101825e-04 7.542117301643556093e-01
8.452135287062567670e-04 7.542367630747617291e-01
8.345557032786166118e-04 7.542616362408165465e-01
8.239733201695909059e-04 7.542863506719201805e-01
8.134658451594001249e-04 7.543109073711742329e-01
8.030327478116827677e-04 7.543353073354208682e-01
7.926735014456287587e-04 7.543595515552807829e-01
7.823875831103332956e-04 7.543836410151917304e-01
7.721744735578184304e-04 7.544075766934466021e-01
7.620336572169428280e-04 7.544313595622306190e-01
7.519646221676445919e-04 7.544549905876591911e-01
7.419668601146289788e-04 7.544784707298151094e-01
7.320398663623883806e-04 7.545018009427856276e-01
7.221831397891120830e-04 7.545249821746992103e-01
7.123961828214842029e-04 7.545480153677621704e-01
7.026785014100367377e-04 7.545709014582951957e-01
6.930296050038364797e-04 7.545936413767690976e-01
6.834490065255049984e-04 7.546162360478410047e-01
6.739362223473488456e-04 7.546386863903906672e-01
6.644907722660464700e-04 7.546609933175547624e-01
6.551121794792225117e-04 7.546831577367634214e-01
6.457999705606898289e-04 7.547051805497740906e-01
6.365536754371348138e-04 7.547270626527078363e-01
6.273728273642475983e-04 7.547488049360827622e-01
6.182569629027412361e-04 7.547704082848490925e-01
6.092056218954811087e-04 7.547918735784234778e-01
6.002183474440592192e-04 7.548132016907225239e-01
5.912946858854795096e-04 7.548343934901974306e-01
5.824341867697313546e-04 7.548554498398668544e-01
5.736364028368079460e-04 7.548763715973507704e-01
5.649008899937246753e-04 7.548971596149037788e-01
5.562272072932028522e-04 7.549178147394477456e-01
5.476149169100219538e-04 7.549383378126051092e-01
5.390635841201474321e-04 7.549587296707310768e-01
5.305727772778601192e-04 7.549789911449464874e-01
5.221420677943289235e-04 7.549991230611698967e-01
5.137710301164055693e-04 7.550191262401493297e-01
5.054592417040870700e-04 7.550390014974945885e-01
4.972062830104206910e-04 7.550587496437090040e-01
4.890117374591884669e-04 7.550783714842200789e-01
4.808751914247011428e-04 7.550978678194119054e-01
4.727962342105929139e-04 7.551172394446553637e-01
4.647744580291712779e-04 7.551364871503396525e-01
4.568094579803227973e-04 7.551556117219024866e-01
4.489008320317511291e-04 7.551746139398611835e-01
4.410481809987709667e-04 7.551934945798425280e-01
4.332511085231027792e-04 7.552122544126131931e-01
4.255092210542210651e-04 7.552308942041097151e-01
4.178221278282601148e-04 7.552494147154684700e-01
4.101894408491402189e-04 7.552678167030548728e-01
4.026107748688056986e-04 7.552861009184930197e-01
3.950857473672408915e-04 7.553042681086954424e-01
3.876139785340404487e-04 7.553223190158911970e-01
3.801950912480922540e-04 7.553402543776558398e-01
3.728287110597028331e-04 7.553580749269394046e-01
3.655144661709464060e-04 7.553757813920956021e-01
3.582519874172351848e-04 7.553933744969093533e-01
3.510409082483345600e-04 7.554108549606260992e-01
3.438808647102664651e-04 7.554282234979790012e-01
3.367714954265466076e-04 7.554454808192172521e-01
3.297124415803098785e-04 7.554626276301334986e-01
3.227033468956586049e-04 7.554796646320919296e-01
3.157438576204540936e-04 7.554965925220546996e-01
3.088336225075538621e-04 7.555134119926104619e-01
3.019722927977142035e-04 7.555301237320001251e-01
2.951595222018266185e-04 7.555467284241446091e-01
2.883949668832652691e-04 7.555632267486711573e-01
2.816782854405674996e-04 7.555796193809402039e-01
2.750091388905584466e-04 7.555959069920712423e-01
2.683871906504764482e-04 7.556120902489698032e-01
2.618121065216527654e-04 7.556281698143529901e-01
2.552835546727472149e-04 7.556441463467754582e-01
2.488012056219846002e-04 7.556600205006553939e-01
2.423647322213895450e-04 7.556757929263001605e-01
2.359738096402441698e-04 7.556914642699313900e-01
2.296281153484347470e-04 7.557070351737105174e-01
2.233273290997983551e-04 7.557225062757642053e-01
2.170711329169128234e-04 7.557378782102086578e-01
2.108592110739992975e-04 7.557531516071750444e-01
2.046912500818232061e-04 7.557683270928341468e-01
1.985669386713739826e-04 7.557834052894206733e-01
1.924859677778778533e-04 7.557983868152575724e-01
1.864480305260318715e-04 7.558132722847805685e-01
1.804528222137946614e-04 7.558280623085622540e-01
1.745000402972873843e-04 7.558427574933357374e-01
1.685893843754726618e-04 7.558573584420187341e-01
1.627205561748334972e-04 7.558718657537371044e-01
1.568932595346073100e-04 7.558862800238482782e-01
1.511072003913538353e-04 7.559006018439651253e-01
1.453620867648552917e-04 7.559148318019781598e-01
1.396576287425732588e-04 7.559289704820799649e-01
1.339935384652157779e-04 7.559430184647870643e-01
1.283695301126375199e-04 7.559569763269630149e-01
1.227853198887407515e-04 7.559708446418416106e-01
1.172406260078195928e-04 7.559846239790484201e-01
1.117351686797940502e-04 7.559983149046243245e-01
1.062686700961101849e-04 7.560119179810468326e-01
1.008408544160843689e-04 7.560254337672526193e-01
9.545144775291447559e-05 7.560388628186596183e-01
9.010017815902493510e-05 7.560522056871883390e-01
8.478677561363223703e-05 7.560654629212846256e-01
7.951097200808998622e-05 7.560786350659399746e-01
7.427250113278827115e-05 7.560917226627139609e-01
6.907109866360894301e-05 7.561047262497548882e-01
6.390650214838089482e-05 7.561176463618217714e-01
5.877845099411249663e-05 7.561304835303046534e-01
5.368668645333585232e-05 7.561432382832455890e-01
4.863095161145025713e-05 7.561559111453604043e-01
4.361099137317747676e-05 7.561685026380577934e-01
3.862655245023827177e-05 7.561810132794615225e-01
3.367738334825176594e-05 7.561934435844295255e-01
2.876323435396788142e-05 7.562057940645752208e-01
2.388385752327693012e-05 7.562180652282870508e-01
1.903900666766489280e-05 7.562302575807484661e-01
1.422843734244505498e-05 7.562423716239587979e-01
9.451906834434531390e-06 7.562544078567516870e-01
4.709174149408745791e-06 7.562663667748159568e-01
0.000000000000000000e+00 7.562782488707147088e-01
