1.144394931530059445e-01 1.000000000000000000e+00
1.139666784633311530e-01 9.972595036162537063e-01
1.134984753912648275e-01 9.945280239126071953e-01
1.130348799513960500e-01 9.918055216351562287e-01
1.125758884462912252e-01 9.890919579499520831e-01
1.121214974671910364e-01 9.863872944341748328e-01
1.116717038947099699e-01 9.836914930674618418e-01
1.112265048995385031e-01 9.810045162233925753e-01
1.107858979431473045e-01 9.783263266611293973e-01
1.103498807784931840e-01 9.756568875172175748e-01
1.099184514507264149e-01 9.729961622975432656e-01
1.094916082978990013e-01 9.703441148694503804e-01
1.090693499516734027e-01 9.677007094540153176e-01
1.086516753380314948e-01 9.650659106184802383e-01
1.082385836779831273e-01 9.624396832688435488e-01
1.078300744882738915e-01 9.598219926426062587e-01
1.074261475820918188e-01 9.572128043016751020e-01
1.070268030697722333e-01 9.546120841254182032e-01
1.066320413595005234e-01 9.520197983038737322e-01
1.062418631580122202e-01 9.494359133311105481e-01
1.058562694712900237e-01 9.468603959987367258e-01
1.054752616052569841e-01 9.442932133895561853e-01
1.050988411664657285e-01 9.417343328713706496e-01
1.047270100627827188e-01 9.391837220909251549e-01
1.043597705040674173e-01 9.366413489679936699e-01
1.039971250028454836e-01 9.341071816896049373e-01
1.036390763749756444e-01 9.315811887044040951e-01
1.032856277403095685e-01 9.290633387171481905e-01
1.029367825233440253e-01 9.265536006833346994e-01
1.025925444538649950e-01 9.240519438039578315e-01
1.022529175675828128e-01 9.215583375203925121e-01
1.019179062067579467e-01 9.190727515094024858e-01
1.015875150208165045e-01 9.165951556782699905e-01
1.012617489669552090e-01 9.141255201600448910e-01
1.009406133107346171e-01 9.116638153089093866e-01
1.006241136266604191e-01 9.092100116956584044e-01
1.003122557987517760e-01 9.067640801032899045e-01
1.000050460210961667e-01 9.043259915227040979e-01
9.970249079838984507e-02 9.018957171485104674e-01
9.940459694646337774e-02 8.994732283749361512e-01
9.911137159279137521e-02 8.970584967918378005e-01
9.882282217698556970e-02 8.946514941808102472e-01
9.853895645127079550e-02 8.922521925113922059e-01
9.825978248094252576e-02 8.898605639373653453e-01
9.798530864480585467e-02 8.874765807931449535e-01
9.771554363559438461e-02 8.851002155902585322e-01
9.745049646036883784e-02 8.827314410139112111e-01
9.719017644089401886e-02 8.803702299196350944e-01
9.693459321399369721e-02 8.780165553300203207e-01
9.668375673188220332e-02 8.756703904315246145e-01
9.643767726247202965e-02 8.733317085713606653e-01
9.619636538965661843e-02 8.710004832544577802e-01
9.595983201356715619e-02 8.686766881404955898e-01
9.572808835080276468e-02 8.663602970410091419e-01
9.550114593463296386e-02 8.640512839165602754e-01
9.527901661517146348e-02 8.617496228739768283e-01
9.506171255952045041e-02 8.594552881636540187e-01
9.484924625188433100e-02 8.571682541769184427e-01
9.464163049365191538e-02 8.548884954434515793e-01
9.443887840344608597e-02 8.526159866287705835e-01
9.424100341714004847e-02 8.503507025317649237e-01
9.404801928783887432e-02 8.480926180822867533e-01
9.385994008582571047e-02 8.458417083387929081e-01
9.367678019847130999e-02 8.435979484860369748e-01
9.349855433010585692e-02 8.413613138328082108e-01
9.332527750185233562e-02 8.391317798097182035e-01
9.315696505141991823e-02 8.369093219670306061e-01
9.299363263285675973e-02 8.346939159725329516e-01
9.283529621626085415e-02 8.324855376094504322e-01
9.268197208744778648e-02 8.302841627743972053e-01
9.253367684757465850e-02 8.280897674753655568e-01
9.239042741271860648e-02 8.259023278297500381e-01
9.225224101340934180e-02 8.237218200624052411e-01
9.211913519411399354e-02 8.215482205037359931e-01
9.199112781267364258e-02 8.193815055878167497e-01
9.186823703969028421e-02 8.172216518505409644e-01
9.175048135786277592e-02 8.150686359277958815e-01
9.163787956127124323e-02 8.129224345536636420e-01
9.153045075460815305e-02 8.107830245586458151e-01
9.142821435235544414e-02 8.086503828679093564e-01
9.133119007790624355e-02 8.065244864995531060e-01
9.123939796263023927e-02 8.044053125628936041e-01
9.115285834488137673e-02 8.022928382567672267e-01
9.107159186894692171e-02 8.001870408678479762e-01
9.099561948393665445e-02 7.980878977689791487e-01
9.092496244261108473e-02 7.959953864175167704e-01
9.085964230014752230e-02 7.939094843536848023e-01
9.079968091284296161e-02 7.918301691989370061e-01
9.074510043675258764e-02 7.897574186543283581e-01
9.069592332626279230e-02 7.876912104988903485e-01
9.065217233259770246e-02 7.856315225880108333e-01
9.061387050225790107e-02 7.835783328518159951e-01
9.058104117539059197e-02 7.815316192935523043e-01
9.055370798408975130e-02 7.794913599879674804e-01
9.053189485062552999e-02 7.774575330796885675e-01
9.051562598560172757e-02 7.754301167815940143e-01
9.050492588604022726e-02 7.734090893731806471e-01
9.049981933339161511e-02 7.713944291989206503e-01
9.050033139147072025e-02 7.693861146666081119e-01
9.050648740431632699e-02 7.673841242456945766e-01
9.051831299397400388e-02 7.653884364656082795e-01
9.053583405820113394e-02 7.633990299140580582e-01
9.055907676809331341e-02 7.614158832353186135e-01
9.058806756563116125e-02 7.594389751284948975e-01
9.062283316114679022e-02 7.574682843457641868e-01
9.066340053070909288e-02 7.555037896905925088e-01
9.070979691342702378e-02 7.535454700159242014e-01
9.076204980867030869e-02 7.515933042223420513e-01
9.082018697320670686e-02 7.496472712561947915e-01
9.088423641825521537e-02 7.477073501076906270e-01
9.095422640645481338e-02 7.457735198089531226e-01
9.103018544874773299e-02 7.438457594320380117e-01
9.111214230117736790e-02 7.419240480869072618e-01
9.120012596159969565e-02 7.400083649193571755e-01
9.129416566630843555e-02 7.380986891088999746e-01
9.139429088657298472e-02 7.361949998665923145e-01
9.150053132508949305e-02 7.342972764328112856e-01
9.161291691234425827e-02 7.324054980749715726e-01
9.173147780288960773e-02 7.305196440851825512e-01
9.185624437153222521e-02 7.286396937778412131e-01
9.198724720943377009e-02 7.267656264871570349e-01
9.212451712012377503e-02 7.248974215646055708e-01
9.226808511542525237e-02 7.230350583763069938e-01
9.241798241129302316e-02 7.211785163003249233e-01
9.257424042356518501e-02 7.193277747238827624e-01
9.273689076362796879e-02 7.174828130404917736e-01
9.290596523399483053e-02 7.156436106469876712e-01
9.308149582380009779e-02 7.138101469404712907e-01
9.326351470420790601e-02 7.119824013151468955e-01
9.345205422373750737e-02 7.101603531590554574e-01
9.364714690350560422e-02 7.083439818506965802e-01
9.384882543238692865e-02 7.065332667555344059e-01
9.405712266209424743e-02 7.047281872223812860e-01
9.427207160217906945e-02 7.029287225796541083e-01
9.449370541495456799e-02 7.011348521314979543e-01
9.472205741034224469e-02 6.993465551537705327e-01
9.495716104064416685e-02 6.975638108898802869e-01
9.519904989524261008e-02 6.957865985464736225e-01
9.544775769522913234e-02 6.940148972889632617e-01
9.570331828796548035e-02 6.922486862368907312e-01
9.596576564157839606e-02 6.904879444591164317e-01
9.623513383939126531e-02 6.887326509688300735e-01
9.651145707429494014e-02 6.869827847183728187e-01
9.679476964306121811e-02 6.852383245938648004e-01
9.708510594060142107e-02 6.834992494096276960e-01
9.738250045417409795e-02 6.817655379023966900e-01
9.768698775754491859e-02 6.800371687253110586e-01
9.799860250510265824e-02 6.783141204416754944e-01
9.831737942593547774e-02 6.765963715184831750e-01
9.864335331787126016e-02 6.748839003196898112e-01
9.897655904148698613e-02 6.731766850992313422e-01
9.931703151409146391e-02 6.714747039937738471e-01
9.966480570368650704e-02 6.697779350151847888e-01
1.000199166229118197e-01 6.680863560427177106e-01
1.003823993229790157e-01 6.663999448148981708e-01
1.007522888876005857e-01 6.647186789210992597e-01
1.011296204269197946e-01 6.630425357927981489e-01
1.015144290714478925e-01 6.613714926945002404e-01
1.019067499660153697e-01 6.597055267143209223e-01
1.023066182637438482e-01 6.580446147542121649e-01
1.027140691200464501e-01 6.563887335198242967e-01
1.031291376866636522e-01 6.547378595099889731e-01
1.035518591057427995e-01 6.530919690058126781e-01
1.039822685039695355e-01 6.514510380593693251e-01
1.044204009867596428e-01 6.498150424819789661e-01
1.048662916325201477e-01 6.481839578320613970e-01
1.053199754869891119e-01 6.465577594025537778e-01
1.057814875576635616e-01 6.449364222078792785e-01
1.062508628083256301e-01 6.433199209704559829e-01
1.067281361536771972e-01 6.417082301067360550e-01
1.072133424540936270e-01 6.401013237127625155e-01
1.077065165105078742e-01 6.384991755492361865e-01
1.082076930594359915e-01 6.369017590260795947e-01
1.087169067681562490e-01 6.353090471864930588e-01
1.092341922300535256e-01 6.337210126904906371e-01
1.097595839601416545e-01 6.321376277979114944e-01
1.102931163907766021e-01 6.305588643508993618e-01
1.108348238675732900e-01 6.289846937558449813e-01
1.113847406455399092e-01 6.274150869647876494e-01
1.119429008854429808e-01 6.258500144562731959e-01
1.125093386504177478e-01 6.242894462156699520e-01
1.130840879028376378e-01 6.227333517149397091e-01
1.136671825014577142e-01 6.211816998918719968e-01
1.142586561988468696e-01 6.196344591287836767e-01
1.148585426391233455e-01 6.180915972306938455e-01
1.154668753560091632e-01 6.165530814029849260e-01
1.160836877712182191e-01 6.150188782285634925e-01
1.167090131931936836e-01 6.134889536445404801e-01
1.173428848162097610e-01 6.119632729184493192e-01
1.179853357198531044e-01 6.104418006240296402e-01
1.186363988688991233e-01 6.089245006166068563e-01
1.192961071135981155e-01 6.074113360081001556e-01
1.199644931903858236e-01 6.059022691417006445e-01
1.206415897230331546e-01 6.043972615662651648e-01
1.213274292242487173e-01 6.028962740104774065e-01
1.220220440977479032e-01 6.013992663568319408e-01
1.227254666408011813e-01 5.999061976155108944e-01
1.234377290472739169e-01 5.984170258982216550e-01
1.241588634111688710e-01 5.969317083920766542e-01
1.248889017306815952e-01 5.954502013336052668e-01
1.256278759127779088e-01 5.939724599829934171e-01
1.263758177783013414e-01 5.924984385986583613e-01
1.271327590676165631e-01 5.910280904122737766e-01
1.278987314467940895e-01 5.895613676043744977e-01
1.286737665143383169e-01 5.880982212806726839e-01
1.294578958084604547e-01 5.866386014492398493e-01
1.302511508148944952e-01 5.851824569987084113e-01
1.310535629752525022e-01 5.837297356776667279e-01
1.318651636959123630e-01 5.822803840754305904e-01
1.326859843574288711e-01 5.808343476043842379e-01
1.335160563244550680e-01 5.793915704840999492e-01
1.343554109561576615e-01 5.779519957274549258e-01
1.352040796171069537e-01 5.765155651289773919e-01
1.360620936886167698e-01 5.750822192556640511e-01
1.369294845805068828e-01 5.736518974405260263e-01
1.378062837432545984e-01 5.722245377791284060e-01
1.386925226804985312e-01 5.708000771293992859e-01
1.395882329618514661e-01 5.693784511149958538e-01
1.404934462359745118e-01 5.679595941325216168e-01
1.414081942438591144e-01 5.665434393628961951e-01
1.423325088322569265e-01 5.651299187871854368e-01
1.432664219671926364e-01 5.637189632072039380e-01
1.442099657474872343e-01 5.623105022712026058e-01
1.451631724182138594e-01 5.609044645049547917e-01
1.461260743840009368e-01 5.595007773485506375e-01
1.470987042220909258e-01 5.580993671992036109e-01
1.480810946950563145e-01 5.567001594603647741e-01
1.490732787630671685e-01 5.553030785974268912e-01
1.500752895955985433e-01 5.539080482002843864e-01
1.510871605824583297e-01 5.525149910529962849e-01
1.521089253440107425e-01 5.511238292107715209e-01
1.531406177404632252e-01 5.497344840844706759e-01
1.541822718800797687e-01 5.483468765327818017e-01
1.552339221261766211e-01 5.469609269621914516e-01
1.562956031027529780e-01 5.455765554348259716e-01
1.573673496986032760e-01 5.441936817841935836e-01
1.584491970697549656e-01 5.428122257388006133e-01
1.595411806400719446e-01 5.414321070535603742e-01
1.606433360998623661e-01 5.400532456488478239e-01
1.617556994023279793e-01 5.386755617569909393e-01
1.628783067576922983e-01 5.372989760759119271e-01
1.640111946248463681e-01 5.359234099295659970e-01
1.651543997003531716e-01 5.345487854347401591e-01
1.663079589046556062e-01 5.331750256737038951e-01
1.674719093653386226e-01 5.318020548721166252e-01
1.686462883973028626e-01 5.304297985815216165e-01
1.698311334797154570e-01 5.290581838656740477e-01
1.710264822296145293e-01 5.276871394898740020e-01
1.722323723720544375e-01 5.263165961124018910e-01
1.734488417066940014e-01 5.249464864770809758e-01
1.746759280707431972e-01 5.235767456059307046e-01
1.759136692982020411e-01 5.222073109908120792e-01
1.771621031753425612e-01 5.208381227829226301e-01
1.784212673924049641e-01 5.194691239789518411e-01
1.796911994914998090e-01 5.181002606026828827e-01
1.809719368107299831e-01 5.167314818808073085e-01
1.822635164245701156e-01 5.153627404117099298e-01
1.835659750805641033e-01 5.139939923259941867e-01
1.848793491324263183e-01 5.126251974375364284e-01
1.862036744696577428e-01 5.112563193838915998e-01
1.875389864438117837e-01 5.098873257549265681e-01
1.888853197915709436e-01 5.085181882086182714e-01
1.902427085548193952e-01 5.071488825730329220e-01
1.916111859979197640e-01 5.057793889335924220e-01
1.929907845224267671e-01 5.044096917048411788e-01
1.943815355794904220e-01 5.030397796860350823e-01
1.957834695802224689e-01 5.016696461000056395e-01
1.971966158043184647e-01 5.002992886148799334e-01
1.986210023072431385e-01 4.989287093483796287e-01
2.000566558263023875e-01 4.975579148545635766e-01
2.015036016859358958e-01 4.961869160930282296e-01
2.029618637025747407e-01 4.948157283807237961e-01
2.044314640894141499e-01 4.934443713266923326e-01
2.059124233614570698e-01 4.920728687501743082e-01
2.074047602411834001e-01 4.907012485826667825e-01
2.089084915652007768e-01 4.893295427546447973e-01
2.104236321922265118e-01 4.879577870677778151e-01
2.119501949127449714e-01 4.865860210535801755e-01
2.134881903606742626e-01 4.852142878195322417e-01
2.150376269273652219e-01 4.838426338837915064e-01
2.165985106782410685e-01 4.824711089996808200e-01
2.181708452723700176e-01 4.810997659711983565e-01
2.197546318852457992e-01 4.797286604608289040e-01
2.213498691350308800e-01 4.783578507909644340e-01
2.229565530124963668e-01 4.769873977402490639e-01
2.245746768148708661e-01 4.756173643361601422e-01
2.262042310837873993e-01 4.742478156451175320e-01
2.278452035474942128e-01 4.728788185613837514e-01
2.294975790674707583e-01 4.715104415959736062e-01
2.311613395895676382e-01 4.701427546667392710e-01
2.328364640997635238e-01 4.687758288907342141e-01
2.345229285846104628e-01 4.674097363798889737e-01
2.362207059964145373e-01 4.660445500409551300e-01
2.379297662231775468e-01 4.646803433805914985e-01
2.396500760633037130e-01 4.633171903163817995e-01
2.413815992050550308e-01 4.619551649944834137e-01
2.431242962107199035e-01 4.605943416145196201e-01
2.448781245054417188e-01 4.592347942622379553e-01
2.466430383706371410e-01 4.578765967503679035e-01
2.484189889419194663e-01 4.565198224680284134e-01
2.502059242114272331e-01 4.551645442389501417e-01
2.520037890344476450e-01 4.538108341886996633e-01
2.538125251402111870e-01 4.524587636210180008e-01
2.556320711467266471e-01 4.511084029033157750e-01
2.574623625795153248e-01 4.497598213613027140e-01
2.593033318940978216e-01 4.484130871826697562e-01
2.611549085020802297e-01 4.470682673296891840e-01
2.630170188006831777e-01 4.457254274605492173e-01
2.648895862055526407e-01 4.443846318591985201e-01
2.667725311866895321e-01 4.430459433734388885e-01
2.686657713073352660e-01 4.417094233609727971e-01
2.705692212656480855e-01 4.403751316430877805e-01
2.724827929390060133e-01 4.390431264656375343e-01
2.744063954307753850e-01 4.377134644669641306e-01
2.763399351193825959e-01 4.363862006523933634e-01
2.782833157095321863e-01 4.350613883749271382e-01
2.802364382854151681e-01 4.337390793217536511e-01
2.821992013657566578e-01 4.324193235061940532e-01
2.841715009605542686e-01 4.311021692647070136e-01
2.861532306293639305e-01 4.297876632585765910e-01
2.881442815409935854e-01 4.284758504799175971e-01
2.901445425344699736e-01 4.271667742616384600e-01
2.921539001811481739e-01 4.258604762910158104e-01
2.941722388478389405e-01 4.245569966265445583e-01
2.961994407608338764e-01 4.232563737177407748e-01
2.982353860707115945e-01 4.219586444275900683e-01
3.002799529178158955e-01 4.206638440573468030e-01
3.023330174982993279e-01 4.193720063734062697e-01
3.043944541306315421e-01 4.180831636359869097e-01
3.064641353224763498e-01 4.167973466293738993e-01
3.085419318378457842e-01 4.155145846934934495e-01
3.106277127644445635e-01 4.142349057566001580e-01
3.127213455811220233e-01 4.129583363688756337e-01
3.148226962253532490e-01 4.116849017367520402e-01
3.169316291606755209e-01 4.104146257577873658e-01
3.190480074440096847e-01 4.091475310559338774e-01
3.211716927927996124e-01 4.078836390170539894e-01
3.233025456519085239e-01 4.066229698245508728e-01
3.254404252602108860e-01 4.053655424949929031e-01
3.275851897168263749e-01 4.041113749136233113e-01
3.297366960469416686e-01 4.028604838696560608e-01
3.318948002671715525e-01 4.016128850912701886e-01
3.340593574504129304e-01 4.003685932802247827e-01
3.362302217901472767e-01 3.991276221460242635e-01
3.384072466641520616e-01 3.978899844395740182e-01
3.405902846975812359e-01 3.966556919862732622e-01
3.427791878253799718e-01 3.954247557184981665e-01
3.449738073539994065e-01 3.941971857074384467e-01
3.471739940223806387e-01 3.929729911942522191e-01
3.493795980621782205e-01 3.917521806205134793e-01
3.515904692571958923e-01 3.905347616579301628e-01
3.538064570020101329e-01 3.893207412373148602e-01
3.560274103597565465e-01 3.881101255767964719e-01
3.582531781190588793e-01 3.869029202092627018e-01
3.604836088500792957e-01 3.856991300090291119e-01
3.627185509596727031e-01 3.844987592177323554e-01
3.649578527456268096e-01 3.833018114694476952e-01
3.672013624499736451e-01 3.821082898150349183e-01
3.694489283113577272e-01 3.809181967457178630e-01
3.717003986164480467e-01 3.797315342159049423e-01
3.739556217503828273e-01 3.785483036652603217e-01
3.762144462462363448e-01 3.773685060400365776e-01
3.784767208334987032e-01 3.761921418136806028e-01
3.807422944855610170e-01 3.750192110067265827e-01
3.830110164661984506e-01 3.738497132059900308e-01
3.852827363750456202e-01 3.726836475830781481e-01
3.875573041920594708e-01 3.715210129122319960e-01
3.898345703209653013e-01 3.703618075875169668e-01
3.921143856316835485e-01 3.692060296393780972e-01
3.943966015017347226e-01 3.680536767505772633e-01
3.966810698566213822e-01 3.669047462715294694e-01
3.989676432091869285e-01 3.657592352350551579e-01
4.012561746979508848e-01 3.646171403705666947e-01
4.035465181244227706e-01 3.634784581177054608e-01
4.058385279893956810e-01 3.623431846394472577e-01
4.081320595282222907e-01 3.612113158346931807e-01
4.104269687450768367e-01 3.600828473503622784e-01
4.127231124462063527e-01 3.589577745930038200e-01
4.150203482721768200e-01 3.578360927399443780e-01
4.173185347291176184e-01 3.567177967499865487e-01
4.196175312189718842e-01 3.556028813736749061e-01
4.219171980687580481e-01 3.544913411631451239e-01
4.242173965588493245e-01 3.533831704815704744e-01
4.265179889502789812e-01 3.522783635122217483e-01
4.288188385110786038e-01 3.511769142671536392e-01
4.311198095416588494e-01 3.500788165955326936e-01
4.334207673992397925e-01 3.489840641916199249e-01
4.357215785213415238e-01 3.478926506024215271e-01
4.380221104483441041e-01 3.468045692350202880e-01
4.403222318451262551e-01 3.457198133636003590e-01
4.426218125217944444e-01 3.446383761361774822e-01
4.449207234535118016e-01 3.435602505810460561e-01
4.472188367994390790e-01 3.424854296129545839e-01
4.495160259207980902e-01 3.414139060390200542e-01
4.518121653980699537e-01 3.403456725643925762e-01
4.541071310473396294e-01 3.392807217976790968e-01
4.564007999357994061e-01 3.382190462561371902e-01
4.586930503964234962e-01 3.371606383706478582e-01
4.609837620418265058e-01 3.361054904904762219e-01
4.632728157773186028e-01 3.350535948878292092e-01
4.655600938131707056e-01 3.340049437622186757e-01
4.678454796761026824e-01 3.329595292446373422e-01
4.701288582200078281e-01 3.319173434015567081e-01
4.724101156359280518e-01 3.308783782387527683e-01
4.746891394612919313e-01 3.298426257049681398e-01
4.769658185884310120e-01 3.288100776954164250e-01
4.792400432723873394e-01 3.277807260551364732e-01
4.815117051380261581e-01 3.267545625822017019e-01
4.837806971864683225e-01 3.257315790307919179e-01
4.860469138008561285e-01 3.247117671141321882e-01
4.883102507514668345e-01 3.236951185073053128e-01
4.905706052001878037e-01 3.226816248499430051e-01
4.928278757043680902e-01 3.216712777488008879e-01
4.950819622200596792e-01 3.206640687802219669e-01
4.973327661046633708e-01 3.196599894924941898e-01
4.995801901189931282e-01 3.186590314081056974e-01
5.018241384287728257e-01 3.176611860259025422e-01
5.040645166055798265e-01 3.166664448231532591e-01
5.063012316272496038e-01 3.156747992575236750e-01
5.085341918777542825e-01 3.146862407689665075e-01
5.107633071465702557e-01 3.137007607815287535e-01
5.129884886275477562e-01 3.127183507050811939e-01
5.152096489172973692e-01 3.117390019369719600e-01
5.174267020131050332e-01 3.107627058636092676e-01
5.196395633103911837e-01 3.097894538619747618e-01
5.218481495997258079e-01 3.088192373010711367e-01
5.240523790634140644e-01 3.078520475433072501e-01
5.262521712716644595e-01 3.068878759458221195e-01
5.284474471783529026e-01 3.059267138617520754e-01
5.306381291163966285e-01 3.049685526414419590e-01
5.328241407927485351e-01 3.040133836336039730e-01
5.350054072830269236e-01 3.030611981864253512e-01
5.371818550257906333e-01 3.021119876486283440e-01
5.393534118164745594e-01 3.011657433704829079e-01
5.415200068009952128e-01 3.002224567047759307e-01
5.436815704690393103e-01 2.992821190077368243e-01
5.458380346470476097e-01 2.983447216399234270e-01
5.479893324909044239e-01 2.974102559670684931e-01
5.501353984783453610e-01 2.964787133608887681e-01
5.522761684010939476e-01 2.955500851998582590e-01
5.544115793567374606e-01 2.946243628699478090e-01
5.565415697403546247e-01 2.937015377653311443e-01
5.586660792359041672e-01 2.927816012890602226e-01
5.607850488073855555e-01 2.918645448537099951e-01
5.628984206897817977e-01 2.909503598819946912e-01
5.650061383797941872e-01 2.900390378073562370e-01
5.671081466263803161e-01 2.891305700745266938e-01
5.692043914211030176e-01 2.882249481400649405e-01
5.712948199883007838e-01 2.873221634728693186e-01
5.733793807750894311e-01 2.864222075546669632e-01
5.754580234412027817e-01 2.855250718804810406e-01
5.775306988486826887e-01 2.846307479590765577e-01
5.795973590514266194e-01 2.837392273133854670e-01
5.816579572846001245e-01 2.828505014809128415e-01
5.837124479539246291e-01 2.819645620141236764e-01
5.857607866248474293e-01 2.810814004808118161e-01
5.878029300116015543e-01 2.802010084644520616e-01
5.898388359661642655e-01 2.793233775645350692e-01
5.918684634671206313e-01 2.784484993968870947e-01
5.938917726084409487e-01 2.775763655939739727e-01
5.959087245881774519e-01 2.767069678051911064e-01
5.979192816970883007e-01 2.758402976971388032e-01
5.999234073071967321e-01 2.749763469538851202e-01
6.019210658602891506e-01 2.741151072772148867e-01
6.039122228563611472e-01 2.732565703868672924e-01
6.058968448420168906e-01 2.724007280207609849e-01
6.078748993988278837e-01 2.715475719352083983e-01
6.098463551316564146e-01 2.706970939051189795e-01
6.118111816569509198e-01 2.698492857241919229e-01
6.137693495910174768e-01 2.690041392050989688e-01
6.157208305382737556e-01 2.681616461796577644e-01
6.176655970794888706e-01 2.673217984989960105e-01
6.196036227600180135e-01 2.664845880337064488e-01
6.215348820780315364e-01 2.656500066739939103e-01
6.234593504727483637e-01 2.648180463298138165e-01
6.253770043126742895e-01 2.639886989310032406e-01
6.272878208838522651e-01 2.631619564274040868e-01
6.291917783781275642e-01 2.623378107889795530e-01
6.310888558814331528e-01 2.615162540059233209e-01
6.329790333620968212e-01 2.606972780887622521e-01
6.348622916591776244e-01 2.598808750684529767e-01
6.367386124708319661e-01 2.590670369964721553e-01
6.386079783427149881e-01 2.582557559449006890e-01
6.404703726564195954e-01 2.574470240065029336e-01
6.423257796179568935e-01 2.566408332947999749e-01
6.441741842462815892e-01 2.558371759441379623e-01
6.460155723618643542e-01 2.550360441097513919e-01
6.478499305753152582e-01 2.542374299678217264e-01
6.496772462760599387e-01 2.534413257155314625e-01
6.514975076210723914e-01 2.526477235711135361e-01
6.533107035236662696e-01 2.518566157738967859e-01
6.551168236423464686e-01 2.510679945843474759e-01
6.569158583697257692e-01 2.502818522841063764e-01
6.587077988215047641e-01 2.494981811760225987e-01
6.604926368255222835e-01 2.487169735841839036e-01
6.622703649108734325e-01 2.479382218539430693e-01
6.640409762971004604e-01 2.471619183519413732e-01
6.658044648834573476e-01 2.463880554661287969e-01
6.675608252382487784e-01 2.456166256057810970e-01
6.693100525882476060e-01 2.448476212015139875e-01
6.710521428081895889e-01 2.440810347052945750e-01
6.727870924103486194e-01 2.433168585904498804e-01
6.745148985341933301e-01 2.425550853516730554e-01
6.762355589361268571e-01 2.417957075050269355e-01
6.779490719793097586e-01 2.410387175879451782e-01
6.796554366235685318e-01 2.402841081592311523e-01
6.813546524153902828e-01 2.395318717990545521e-01
6.830467194780041051e-01 2.387820011089460404e-01
6.847316385015513873e-01 2.380344887117897545e-01
6.864094107333443828e-01 2.372893272518137586e-01
6.880800379682138201e-01 2.365465093945787467e-01
6.897435225389488833e-01 2.358060278269649979e-01
6.913998673068264544e-01 2.350678752571573882e-01
6.930490756522326157e-01 2.343320444146288761e-01
6.946911514653767439e-01 2.335985280501224892e-01
6.963260991370976427e-01 2.328673189356314788e-01
6.979539235497630445e-01 2.321384098643783644e-01
6.995746300682629260e-01 2.314117936507922024e-01
7.011882245310956385e-01 2.306874631304848267e-01
7.027947132415492959e-01 2.299654111602255635e-01
7.043941029589760872e-01 2.292456306179148084e-01
7.059864008901621801e-01 2.285281144025562705e-01
7.075716146807912166e-01 2.278128554342283285e-01
7.091497524070031755e-01 2.270998466540539162e-01
7.107208225670472723e-01 2.263890810241697416e-01
7.122848340730293382e-01 2.256805515276942009e-01
7.138417962427549002e-01 2.249742511686943502e-01
7.153917187916652987e-01 2.242701729721521542e-01
7.169346118248689503e-01 2.235683099839295973e-01
7.184704858292668694e-01 2.228686552707330459e-01
7.199993516657718917e-01 2.221712019200767496e-01
7.215212205616219343e-01 2.214759430402456764e-01
7.230361041027865143e-01 2.207828717602573487e-01
7.245440142264666372e-01 2.200919812298232636e-01
7.260449632136881659e-01 2.194032646193093405e-01
7.275389636819866723e-01 2.187167151196958148e-01
7.290260285781854366e-01 2.180323259425366589e-01
7.305061711712653727e-01 2.173500903199180878e-01
7.319794050453252154e-01 2.166700015044167316e-01
7.334457440926344107e-01 2.159920527690570580e-01
7.349052025067751570e-01 2.153162374072685181e-01
7.363577947758749298e-01 2.146425487328419424e-01
7.378035356759292673e-01 2.139709800798856032e-01
7.392424402642123749e-01 2.133015248027807231e-01
7.406745238727769909e-01 2.126341762761365384e-01
7.420998021020422941e-01 2.119689278947451405e-01
7.435182908144686298e-01 2.113057730735355133e-01
7.449300061283198326e-01 2.106447052475277359e-01
7.463349644115110371e-01 2.099857178717862149e-01
7.477331822755424184e-01 2.093288044213731658e-01
7.491246765695178667e-01 2.086739583913012619e-01
7.505094643742475924e-01 2.080211732964863669e-01
7.518875629964361096e-01 2.073704426716995453e-01
7.532589899629504870e-01 2.067217600715193504e-01
7.546237630151731990e-01 2.060751190702832525e-01
7.559819001034357999e-01 2.054305132620392882e-01
7.573334193815338677e-01 2.047879362604971554e-01
7.586783392013218830e-01 2.041473816989792800e-01
7.600166781073883771e-01 2.035088432303715222e-01
7.613484548318090184e-01 2.028723145270738548e-01
7.626736882889790792e-01 2.022377892809506805e-01
7.639923975705225079e-01 2.016052612032810387e-01
7.653046019402778288e-01 2.009747240247086730e-01
7.666103208293609805e-01 2.003461714951919326e-01
7.679095738313017616e-01 1.997195973839534233e-01
7.692023806972569933e-01 1.990949954794297705e-01
7.704887613312954020e-01 1.984723595892209369e-01
7.717687357857569985e-01 1.978516835400397078e-01
7.730423242566843989e-01 1.972329611776608427e-01
7.743095470793257551e-01 1.966161863668703658e-01
7.755704247237082960e-01 1.960013529914143848e-01
7.768249777902824782e-01 1.953884549539483817e-01
7.780732270056349709e-01 1.947774861759858644e-01
7.793151932182705854e-01 1.941684405978472971e-01
7.805508973944624840e-01 1.935613121786088353e-01
7.817803606141680017e-01 1.929560948960511724e-01
7.830036040670128594e-01 1.923527827466079976e-01
7.842206490483398795e-01 1.917513697453147314e-01
7.854315169553223175e-01 1.911518499257571502e-01
7.866362292831418079e-01 1.905542173400199268e-01
7.878348076212304818e-01 1.899584660586350615e-01
7.890272736495739236e-01 1.893645901705305612e-01
7.902136491350777447e-01 1.887725837829788422e-01
7.913939559279945524e-01 1.881824410215452714e-01
7.925682159584113151e-01 1.875941560300366240e-01
7.937364512327971244e-01 1.870077229704496247e-01
7.948986838306091318e-01 1.864231360229194612e-01
7.960549359009574388e-01 1.858403893856682143e-01
7.972052296593271636e-01 1.852594772749534824e-01
7.983495873843577950e-01 1.846803939250168947e-01
7.994880314146779465e-01 1.841031335880327080e-01
8.006205841457961769e-01 1.835276905340563758e-01
8.017472680270470997e-01 1.829540590509731723e-01
8.028681055585895621e-01 1.823822334444469562e-01
8.039831192884605571e-01 1.818122080378687666e-01
8.050923318096800951e-01 1.812439771723056425e-01
8.061957657574089220e-01 1.806775352064494133e-01
8.072934438061571960e-01 1.801128765165654622e-01
8.083853886670435696e-01 1.795499954964417944e-01
8.094716230851048966e-01 1.789888865573377452e-01
8.105521698366549010e-01 1.784295441279332706e-01
8.116270517266905848e-01 1.778719626542777932e-01
8.126962915863485959e-01 1.773161365997394101e-01
8.137599122704068932e-01 1.767620604449541000e-01
8.148179366548342628e-01 1.762097286877749580e-01
8.158703876343854633e-01 1.756591358432215422e-01
8.169172881202423353e-01 1.751102764434293024e-01
8.179586610376982092e-01 1.745631450375990101e-01
8.189945293238886093e-01 1.740177361919463539e-01
8.200249159255637021e-01 1.734740444896515632e-01
8.210498437969048213e-01 1.729320645308090598e-01
8.220693358973821807e-01 1.723917909323774145e-01
8.230834151896558870e-01 1.718532183281290260e-01
8.240921046375165870e-01 1.713163413686002445e-01
8.250954272038673043e-01 1.707811547210413561e-01
8.260934058487456877e-01 1.702476530693667334e-01
8.270860635273843409e-01 1.697158311141050147e-01
8.280734231883120078e-01 1.691856835723495323e-01
8.290555077714908405e-01 1.686572051777086856e-01
8.300323402064924139e-01 1.681303906802564530e-01
8.310039434107112655e-01 1.676052348464830144e-01
8.319703402876144072e-01 1.670817324592453468e-01
8.329315537250269186e-01 1.665598783177182352e-01
8.338876065934534010e-01 1.660396672373450899e-01
8.348385217444340700e-01 1.655210940497888195e-01
8.357843220089355984e-01 1.650041536028830913e-01
8.367250301957759318e-01 1.644888407605835656e-01
8.376606690900821883e-01 1.639751504029191564e-01
8.385912614517817554e-01 1.634630774259433206e-01
8.395168300141256923e-01 1.629526167416858462e-01
8.404373974822448856e-01 1.624437632781042806e-01
8.413529865317358469e-01 1.619365119790357743e-01
8.422636198072794844e-01 1.614308578041488973e-01
8.431693199212887402e-01 1.609267957288956219e-01
8.440701094525876469e-01 1.604243207444633335e-01
8.449660109451188061e-01 1.599234278577270629e-01
8.458570469066805098e-01 1.594241120912017751e-01
8.467432398076926159e-01 1.589263684829948231e-01
8.476246120799900696e-01 1.584301920867582647e-01
8.485011861156447344e-01 1.579355779716417885e-01
8.493729842658146456e-01 1.574425212222451687e-01
8.502400288396189110e-01 1.569510169385713860e-01
8.511023421030406988e-01 1.564610602359794156e-01
8.519599462778555399e-01 1.559726462451372919e-01
8.528128635405848312e-01 1.554857701119755353e-01
8.536611160214748750e-01 1.550004269976402449e-01
8.545047258035013416e-01 1.545166120784466357e-01
8.553437149213970470e-01 1.540343205458325482e-01
8.561781053607041558e-01 1.535535476063122629e-01
8.570079190568505867e-01 1.530742884814300098e-01
8.578331778942488439e-01 1.525965384077141440e-01
8.586539037054176093e-01 1.521202926366310715e-01
8.594701182701266484e-01 1.516455464345393411e-01
8.602818433145633659e-01 1.511722950826439871e-01
8.610891005105206775e-01 1.507005338769508429e-01
8.618919114746068644e-01 1.502302581282211336e-01
8.626902977674760775e-01 1.497614631619259562e-01
8.634842808930800473e-01 1.492941443182012051e-01
8.642738822979388891e-01 1.488282969518022469e-01
8.650591233704336691e-01 1.483639164320590398e-01
8.658400254401168450e-01 1.479009981428311415e-01
8.666166097770434673e-01 1.474395374824630234e-01
8.673888975911200339e-01 1.469795298637392722e-01
8.681569100314735499e-01 1.465209707138402095e-01
8.689206681858371306e-01 1.460638554742973716e-01
8.696801930799552549e-01 1.456081796009491836e-01
8.704355056770055610e-01 1.451539385638969948e-01
8.711866268770389610e-01 1.447011278474606977e-01
8.719335775164364088e-01 1.442497429501350681e-01
8.726763783673822106e-01 1.437997793845458283e-01
8.734150501373542097e-01 1.433512326774059598e-01
8.741496134686306263e-01 1.429040983694722100e-01
8.748800889378117729e-01 1.424583720155014888e-01
8.756064970553584237e-01 1.420140491842077357e-01
8.763288582651452829e-01 1.415711254582184830e-01
8.770471929440292191e-01 1.411295964340320008e-01
8.777615214014328204e-01 1.406894577219741926e-01
8.784718638789420497e-01 1.402507049461557409e-01
8.791782405499192210e-01 1.398133337444295021e-01
8.798806715191284100e-01 1.393773397683477355e-01
8.805791768223768523e-01 1.389427186831197758e-01
8.812737764261675544e-01 1.385094661675695393e-01
8.819644902273670040e-01 1.380775779140934467e-01
8.826513380528848707e-01 1.376470496286180678e-01
8.833343396593679175e-01 1.372178770305583773e-01
8.840135147329045706e-01 1.367900558527756216e-01
8.846888828887434775e-01 1.363635818415357692e-01
8.853604636710239451e-01 1.359384507564677935e-01
8.860282765525170356e-01 1.355146583705221230e-01
8.866923409343807627e-01 1.350922004699292300e-01
8.873526761459239465e-01 1.346710728541584134e-01
8.880093014443840582e-01 1.342512713358766374e-01
8.886622360147137245e-01 1.338327917409073420e-01
8.893114989693801098e-01 1.334156299081897534e-01
8.899571093481735140e-01 1.329997816897378615e-01
8.905990861180272944e-01 1.325852429505999241e-01
8.912374481728475573e-01 1.321720095688177221e-01
8.918722143333527308e-01 1.317600774353862580e-01
8.925034033469241290e-01 1.313494424542133443e-01
8.931310338874646204e-01 1.309401005420793573e-01
8.937551245552680657e-01 1.305320476285972975e-01
8.943756938768975262e-01 1.301252796561726266e-01
8.949927603050719105e-01 1.297197925799635221e-01
8.956063422185632783e-01 1.293155823678411309e-01
8.962164579221015837e-01 1.289126450003499069e-01
8.968231256462879664e-01 1.285109764706681146e-01
8.974263635475171474e-01 1.281105727845684716e-01
8.980261897079082622e-01 1.277114299603787639e-01
8.986226221352422439e-01 1.273135440289429321e-01
8.992156787629096426e-01 1.269169110335817419e-01
8.998053774498634416e-01 1.265215270300540373e-01
9.003917359805818643e-01 1.261273880865178831e-01
9.009747720650369551e-01 1.257344902834919009e-01
9.015545033386715978e-01 1.253428297138166059e-01
9.021309473623834174e-01 1.249524024826160484e-01
9.027041216225150100e-01 1.245632047072594006e-01
9.032740435308518334e-01 1.241752325173227645e-01
9.038407304246269813e-01 1.237884820545510217e-01
9.044041995665313971e-01 1.234029494728198229e-01
9.049644681447319705e-01 1.230186309380977283e-01
9.055215532728948524e-01 1.226355226284084193e-01
9.060754719902158749e-01 1.222536207337930197e-01
9.066262412614556343e-01 1.218729214562725566e-01
9.071738779769826788e-01 1.214934210098105039e-01
9.077183989528198049e-01 1.211151156202755208e-01
9.082598209306987913e-01 1.207380015254041622e-01
9.087981605781181305e-01 1.203620749747638247e-01
9.093334344884081988e-01 1.199873322297157346e-01
9.098656591808007565e-01 1.196137695633780751e-01
9.103948511005034439e-01 1.192413832605892371e-01
9.109210266187802718e-01 1.188701696178711548e-01
9.114442020330361105e-01 1.185001249433927512e-01
9.119643935669063950e-01 1.181312455569335229e-01
9.124816173703523825e-01 1.177635277898472360e-01
9.129958895197592961e-01 1.173969679850256492e-01
9.135072260180404635e-01 1.170315624968625151e-01
9.140156427947456752e-01 1.166673076912174423e-01
9.145211557061732055e-01 1.163041999453801600e-01
9.150237805354868303e-01 1.159422356480346583e-01
9.155235329928360644e-01 1.155814111992235632e-01
9.160204287154817271e-01 1.152217230103125406e-01
9.165144832679241738e-01 1.148631675039548661e-01
9.170057121420356339e-01 1.145057411140561060e-01
9.174941307571976568e-01 1.141494402857388818e-01
9.179797544604397785e-01 1.137942614753076898e-01
9.184625985265841841e-01 1.134402011502139707e-01
9.189426781583919235e-01 1.130872557890210961e-01
9.194200084867139022e-01 1.127354218813696740e-01
9.198946045706446473e-01 1.123846959279427710e-01
9.203664813976786263e-01 1.120350744404313564e-01
9.208356538838710081e-01 1.116865539414998026e-01
9.213021368740010875e-01 1.113391309647515232e-01
9.217659451417374861e-01 1.109928020546946531e-01
9.222270933898085721e-01 1.106475637667079515e-01
9.226855962501728792e-01 1.103034126670066617e-01
9.231414682841949659e-01 1.099603453326086083e-01
9.235947239828221633e-01 1.096183583513002935e-01
9.240453777667652080e-01 1.092774483216032017e-01
9.244934439866797637e-01 1.089376118527400628e-01
9.249389369233522729e-01 1.085988455646014067e-01
9.253818707878869176e-01 1.082611460877120485e-01
9.258222597218954686e-01 1.079245100631977955e-01
9.262601177976892419e-01 1.075889341427521545e-01
9.266954590184732776e-01 1.072544149886032888e-01
9.271282973185428489e-01 1.069209492734808781e-01
9.275586465634817479e-01 1.065885336805832417e-01
9.279865205503625702e-01 1.062571649035445182e-01
9.284119330079491084e-01 1.059268396464019268e-01
9.288348975969010768e-01 1.055975546235631002e-01
9.292554279099799475e-01 1.052693065597736372e-01
9.296735374722565615e-01 1.049420921900846015e-01
9.300892397413210722e-01 1.046159082598202283e-01
9.305025481074944427e-01 1.042907515245457134e-01
9.309134758940406096e-01 1.039666187500350308e-01
9.313220363573819771e-01 1.036435067122389725e-01
9.317282426873144674e-01 1.033214121972531596e-01
9.321321080072254572e-01 1.030003320012862489e-01
9.325336453743122700e-01 1.026802629306281939e-01
9.329328677798029990e-01 1.023612018016185621e-01
9.333297881491774417e-01 1.020431454406151156e-01
9.337244193423899219e-01 1.017260906839622531e-01
9.341167741540936653e-01 1.014100343779596736e-01
9.345068653138655090e-01 1.010949733788312627e-01
9.348947054864323869e-01 1.007809045526937702e-01
9.352803072718988142e-01 1.004678247755259046e-01
9.356636832059751496e-01 1.001557309331372464e-01
9.360448457602066341e-01 9.984461992113753681e-02
9.364238073422042063e-01 9.953448864490575809e-02
9.368005802958762063e-01 9.922533401955960231e-02
9.371751769016591904e-01 9.891715296992475981e-02
9.375476093767520780e-01 9.860994243050461017e-02
9.379178898753490756e-01 9.830369934544964938e-02
9.382860304888750447e-01 9.799842066852738898e-02
9.386520432462199803e-01 9.769410336309199139e-02
9.390159401139752671e-01 9.739074440205428007e-02
9.393777329966700451e-01 9.708834076785166634e-02
9.397374337370085762e-01 9.678688945241829822e-02
9.400950541161078311e-01 9.648638745715518161e-02
9.404506058537360769e-01 9.618683179290046792e-02
9.408041006085513525e-01 9.588821947989981109e-02
9.411555499783404999e-01 9.559054754777682184e-02
9.415049655002595275e-01 9.529381303550366056e-02
9.418523586510734180e-01 9.499801299137160260e-02
9.421977408473966031e-01 9.470314447296178384e-02
9.425411234459336596e-01 9.440920454711608512e-02
9.428825177437213378e-01 9.411619028990796110e-02
9.432219349783688145e-01 9.382409878661349123e-02
9.435593863283006089e-01 9.353292713168244454e-02
9.438948829129973905e-01 9.324267242870946937e-02
9.442284357932397842e-01 9.295333179040539406e-02
9.445600559713489552e-01 9.266490233856854164e-02
9.448897543914306363e-01 9.237738120405618314e-02
9.452175419396169342e-01 9.209076552675612981e-02
9.455434294443096910e-01 9.180505245555828364e-02
9.458674276764231781e-01 9.152023914832643769e-02
9.461895473496267917e-01 9.123632277186997930e-02
9.465097991205884131e-01 9.095330050191588467e-02
9.468281935892173262e-01 9.067116952308064415e-02
9.471447412989072445e-01 9.038992702884232622e-02
9.474594527367788954e-01 9.010957022151272477e-02
9.477723383339239360e-01 8.983009631220965907e-02
9.480834084656464267e-01 8.955150252082921813e-02
9.483926734517069690e-01 8.927378607601822724e-02
9.487001435565644014e-01 8.899694421514674214e-02
9.490058289896184940e-01 8.872097418428058491e-02
9.493097399054530872e-01 8.844587323815412960e-02
9.496118864040770102e-01 8.817163864014292141e-02
9.499122785311673312e-01 8.789826766223660104e-02
9.502109262783102750e-01 8.762575758501182921e-02
9.505078395832435856e-01 8.735410569760522492e-02
9.508030283300968888e-01 8.708330929768656747e-02
9.510965023496338322e-01 8.681336569143190129e-02
9.513882714194923373e-01 8.654427219349682121e-02
9.516783452644252961e-01 8.627602612698978546e-02
9.519667335565407118e-01 8.600862482344560911e-02
9.522534459155412856e-01 8.574206562279892974e-02
9.525384919089648905e-01 8.547634587335778411e-02
9.528218810524231586e-01 8.521146293177735143e-02
9.531036228098400676e-01 8.494741416303366877e-02
9.533837265936911942e-01 8.468419694039745760e-02
9.536622017652411909e-01 8.442180864540807517e-02
9.539390576347817063e-01 8.416024666784753527e-02
9.542143034618685293e-01 8.389950840571455681e-02
9.544879484555586213e-01 8.363959126519870946e-02
9.547600017746465939e-01 8.338049266065476750e-02
9.550304725279001872e-01 8.312221001457691105e-02
9.552993697742959700e-01 8.286474075757317703e-02
9.555667025232545964e-01 8.260808232834002118e-02
9.558324797348748403e-01 8.235223217363678294e-02
9.560967103201680750e-01 8.209718774826038623e-02
9.563594031412913088e-01 8.184294651502006801e-02
9.566205670117804427e-01 8.158950594471214846e-02
9.568802106967828625e-01 8.133686351609496767e-02
9.571383429132885867e-01 8.108501671586380855e-02
9.573949723303626369e-01 8.083396303862593057e-02
9.576501075693749643e-01 8.058369998687574254e-02
9.579037572042312654e-01 8.033422507096996124e-02
9.581559297616020210e-01 8.008553580910288128e-02
9.584066337211524234e-01 7.983762972728175589e-02
9.586558775157697498e-01 7.959050435930219158e-02
9.589036695317919579e-01 7.934415724672370940e-02
9.591500181092349475e-01 7.909858593884526445e-02
9.593949315420184920e-01 7.885378799268093208e-02
9.596384180781932782e-01 7.860976097293567721e-02
9.598804859201650608e-01 7.836650245198110987e-02
9.601211432249204814e-01 7.812401000983142108e-02
9.603603981042505566e-01 7.788228123411929105e-02
9.605982586249739441e-01 7.764131372007199161e-02
9.608347328091603190e-01 7.740110507048747479e-02
9.610698286343516417e-01 7.716165289571051689e-02
9.613035540337846463e-01 7.692295481360907072e-02
9.615359168966103320e-01 7.668500844955053464e-02
9.617669250681153414e-01 7.644781143637817411e-02
9.619965863499398973e-01 7.621136141438759892e-02
9.622249085002978486e-01 7.597565603130337908e-02
9.624518992341936086e-01 7.574069294225560522e-02
9.626775662236399800e-01 7.550646980975668499e-02
9.629019170978746489e-01 7.527298430367797277e-02
9.631249594435756789e-01 7.504023410122678817e-02
9.633467008050768943e-01 7.480821688692322613e-02
9.635671486845824862e-01 7.457693035257720315e-02
9.637863105423802867e-01 7.434637219726551727e-02
9.640041937970549313e-01 7.411654012730897745e-02
9.642208058257001335e-01 7.388743185624964405e-02
9.644361539641297387e-01 7.365904510482805534e-02
9.646502455070888882e-01 7.343137760096066224e-02
9.648630877084638513e-01 7.320442707971716589e-02
9.650746877814914138e-01 7.297819128329809113e-02
9.652850528989670442e-01 7.275266796101231837e-02
9.654941901934526172e-01 7.252785486925472647e-02
9.657021067574838025e-01 7.230374977148386340e-02
9.659088096437756787e-01 7.208035043819981114e-02
9.661143058654287907e-01 7.185765464692195348e-02
9.663186023961333193e-01 7.163566018216692421e-02
9.665217061703731405e-01 7.141436483542659697e-02
9.667236240836293293e-01 7.119376640514608889e-02
9.669243629925817762e-01 7.097386269670198644e-02
9.671239297153115810e-01 7.075465152238043232e-02
9.673223310315011148e-01 7.053613070135546226e-02
9.675195736826347481e-01 7.031829805966730018e-02
9.677156643721975815e-01 7.010115143020075046e-02
9.679106097658740637e-01 6.988468865266365959e-02
9.681044164917459449e-01 6.966890757356550279e-02
9.682970911404890080e-01 6.945380604619588727e-02
9.684886402655689119e-01 6.923938193060333313e-02
9.686790703834369243e-01 6.902563309357388766e-02
9.688683879737242099e-01 6.881255740861003112e-02
9.690565994794361204e-01 6.860015275590947148e-02
9.692437113071440402e-01 6.838841702234411957e-02
9.694297298271787877e-01 6.817734810143905033e-02
9.696146613738215736e-01 6.796694389335164455e-02
9.697985122454940710e-01 6.775720230485060558e-02
9.699812887049489296e-01 6.754812124929526762e-02
9.701629969794588471e-01 6.733969864661477900e-02
9.703436432610037521e-01 6.713193242328746591e-02
9.705232337064596537e-01 6.692482051232021001e-02
9.707017744377841595e-01 6.671836085322790932e-02
9.708792715422027708e-01 6.651255139201303623e-02
9.710557310723941793e-01 6.630739008114515387e-02
9.712311590466741196e-01 6.610287487954058516e-02
9.714055614491787782e-01 6.589900375254219289e-02
9.715789442300478695e-01 6.569577467189907649e-02
9.717513133056060459e-01 6.549318561574640762e-02
9.719226745585445304e-01 6.529123456858543229e-02
9.720930338381010838e-01 6.508991952126334801e-02
9.722623969602391947e-01 6.488923847095333375e-02
9.724307697078273804e-01 6.468918942113469073e-02
9.725981578308170450e-01 6.448977038157296948e-02
9.727645670464190042e-01 6.429097936830019400e-02
9.729300030392804555e-01 6.409281440359515525e-02
9.730944714616605040e-01 6.389527351596371862e-02
9.732579779336043568e-01 6.369835474011924237e-02
9.734205280431177387e-01 6.350205611696305152e-02
9.735821273463404202e-01 6.330637569356495353e-02
9.737427813677177468e-01 6.311131152314383708e-02
9.739024956001733901e-01 6.291686166504834032e-02
9.740612755052786564e-01 6.272302418473746366e-02
9.742191265134242384e-01 6.252979715376148773e-02
9.743760540239884138e-01 6.233717864974266942e-02
9.745320634055055775e-01 6.214516675635621545e-02
9.746871599958344401e-01 6.195375956331119344e-02
9.748413491023250055e-01 6.176295516633155402e-02
9.749946360019839942e-01 6.157275166713720160e-02
9.751470259416410435e-01 6.138314717342513438e-02
9.752985241381127990e-01 6.119413979885060528e-02
9.754491357783673378e-01 6.100572766300838695e-02
9.755988660196862616e-01 6.081790889141407835e-02
9.757477199898280107e-01 6.063068161548548773e-02
9.758957027871891787e-01 6.044404397252400862e-02
9.760428194809648295e-01 6.025799410569613462e-02
9.761890751113091458e-01 6.007253016401502277e-02
9.763344746894939696e-01 5.988765030232202913e-02
9.764790231980677859e-01 5.970335268126843870e-02
9.766227255910137073e-01 5.951963546729710508e-02
9.767655867939057934e-01 5.933649683262428448e-02
9.769076117040655927e-01 5.915393495522142109e-02
9.770488051907177951e-01 5.897194801879707821e-02
9.771891720951445537e-01 5.879053421277882774e-02
9.773287172308400272e-01 5.860969173229528539e-02
9.774674453836627031e-01 5.842941877815814589e-02
9.776053613119888297e-01 5.824971355684432223e-02
9.777424697468637405e-01 5.807057428047809194e-02
9.778787753921528436e-01 5.789199916681331964e-02
9.780142829246917247e-01 5.771398643921576282e-02
9.781489969944358043e-01 5.753653432664537076e-02
9.782829222246095524e-01 5.735964106363870829e-02
9.784160632118537038e-01 5.718330489029140734e-02
9.785484245263731395e-01 5.700752405224061847e-02
9.786800107120835479e-01 5.683229680064762895e-02
9.788108262867567522e-01 5.665762139218044613e-02
9.789408757421663720e-01 5.648349608899646407e-02
9.790701635442320416e-01 5.630991915872517878e-02
9.791986941331630723e-01 5.613688887445098669e-02
9.793264719236017823e-01 5.596440351469599006e-02
9.794535013047649397e-01 5.579246136340289958e-02
9.795797866405862031e-01 5.562106070991796464e-02
9.797053322698563438e-01 5.545019984897395920e-02
9.798301425063641323e-01 5.527987708067323008e-02
9.799542216390345617e-01 5.511009071047080071e-02
9.800775739320686242e-01 5.494083904915750272e-02
9.802002036250809791e-01 5.477212041284321153e-02
9.803221149332373985e-01 5.460393312294008206e-02
9.804433120473908803e-01 5.443627550614584670e-02
9.805637991342182058e-01 5.426914589442721759e-02
9.806835803363548321e-01 5.410254262500326095e-02
9.808026597725295614e-01 5.393646404032887559e-02
9.809210415376985459e-01 5.377090848807833390e-02
9.810387297031779585e-01 5.360587432112881578e-02
9.811557283167769983e-01 5.344135989754404681e-02
9.812720414029296734e-01 5.327736358055797788e-02
9.813876729628253637e-01 5.311388373855850664e-02
9.815026269745401599e-01 5.295091874507124041e-02
9.816169073931657607e-01 5.278846697874334942e-02
9.817305181509394796e-01 5.262652682332741999e-02
9.818434631573719207e-01 5.246509666766539792e-02
9.819557462993749875e-01 5.230417490567254579e-02
9.820673714413894473e-01 5.214375993632150430e-02
9.821783424255108308e-01 5.198385016362636057e-02
9.822886630716156642e-01 5.182444399662675116e-02
9.823983371774859252e-01 5.166553984937207605e-02
9.825073685189347206e-01 5.150713614090572656e-02
9.826157608499288543e-01 5.134923129524934099e-02
9.827235179027130618e-01 5.119182374138713659e-02
9.828306433879315795e-01 5.103491191325031789e-02
9.829371409947513794e-01 5.087849424970147111e-02
9.830430143909818508e-01 5.072256919451904184e-02
9.831482672231968145e-01 5.056713519638188908e-02
9.832529031168538713e-01 5.041219070885381848e-02
9.833569256764135291e-01 5.025773419036822648e-02
9.834603384854589958e-01 5.010376410421279320e-02
9.835631451068129749e-01 4.995027891851413354e-02
9.836653490826557933e-01 4.979727710622263576e-02
9.837669539346428627e-01 4.964475714509723747e-02
9.838679631640194767e-01 4.949271751769029198e-02
9.839683802517380506e-01 4.934115671133248310e-02
9.840682086585720301e-01 4.919007321811778854e-02
9.841674518252305770e-01 4.903946553488847115e-02
9.842661131724728119e-01 4.888933216322012554e-02
9.843641961012202790e-01 4.873967160940681498e-02
9.844617039926700786e-01 4.859048238444615975e-02
9.845586402084068878e-01 4.844176300402458502e-02
9.846550080905138724e-01 4.829351198850252019e-02
9.847508109616839311e-01 4.814572786289970235e-02
9.848460521253298294e-01 4.799840915688049353e-02
9.849407348656934458e-01 4.785155440473928823e-02
9.850348624479554616e-01 4.770516214538590011e-02
9.851284381183432748e-01 4.755923092233106664e-02
9.852214651042389137e-01 4.741375928367193293e-02
9.853139466142867287e-01 4.726874578207762578e-02
9.854058858384993069e-01 4.712418897477487628e-02
9.854972859483647207e-01 4.698008742353364242e-02
9.855881500969509990e-01 4.683643969465282192e-02
9.856784814190115984e-01 4.669324435894599279e-02
9.857682830310898758e-01 4.655049999172720943e-02
9.858575580316230047e-01 4.640820517279679869e-02
9.859463095010448930e-01 4.626635848642728088e-02
9.860345405018891007e-01 4.612495852134926300e-02
9.861222540788912028e-01 4.598400387073741519e-02
9.862094532590903739e-01 4.584349313219646116e-02
9.862961410519300864e-01 4.570342490774725180e-02
9.863823204493589181e-01 4.556379780381285272e-02
9.864679944259308053e-01 4.542461043120469416e-02
9.865531659389038532e-01 4.528586140510873492e-02
9.866378379283394784e-01 4.514754934507170941e-02
9.867220133172011076e-01 4.500967287498738173e-02
9.868056950114516557e-01 4.487223062308288296e-02
9.868888859001505587e-01 4.473522122190503464e-02
9.869715888555509187e-01 4.459864330830679013e-02
9.870538067331958709e-01 4.446249552343364136e-02
9.871355423720136191e-01 4.432677651271012265e-02
9.872167985944133584e-01 4.419148492582632842e-02
9.872975782063792005e-01 4.405661941672449344e-02
9.873778839975649868e-01 4.392217864358560764e-02
9.874577187413871027e-01 4.378816126881605181e-02
9.875370851951185136e-01 4.365456595903431658e-02
9.876159860999808027e-01 4.352139138505772831e-02
9.876944241812359859e-01 4.338863622188923741e-02
9.877724021482787720e-01 4.325629914870422060e-02
9.878499226947268230e-01 4.312437884883737332e-02
9.879269884985122374e-01 4.299287400976959522e-02
9.880036022219708114e-01 4.286178332311494504e-02
9.880797665119319673e-01 4.273110548460761632e-02
9.881554839998077933e-01 4.260083919408898245e-02
9.882307573016815283e-01 4.247098315549464875e-02
9.883055890183957137e-01 4.234153607684155995e-02
9.883799817356399009e-01 4.221249667021517715e-02
9.884539380240375817e-01 4.208386365175663391e-02
9.885274604392330078e-01 4.195563574164998949e-02
9.886005515219770112e-01 4.182781166410950990e-02
9.886732137982131574e-01 4.170039014736692806e-02
9.887454497791623442e-01 4.157336992365885664e-02
9.888172619614082892e-01 4.144674972921413847e-02
9.888886528269811294e-01 4.132052830424129408e-02
9.889596248434413539e-01 4.119470439291599007e-02
9.890301804639635153e-01 4.106927674336854212e-02
9.891003221274184964e-01 4.094424410767145972e-02
9.891700522584564448e-01 4.081960524182704636e-02
9.892393732675882623e-01 4.069535890575503440e-02
9.893082875512674290e-01 4.057150386328021996e-02
9.893767974919708275e-01 4.044803888212019499e-02
9.894449054582792336e-01 4.032496273387307234e-02
9.895126138049578080e-01 4.020227419400528718e-02
9.895799248730354769e-01 4.007997204183941231e-02
9.896468409898840912e-01 3.995805506054198736e-02
9.897133644692975851e-01 3.983652203711146589e-02
9.897794976115700250e-01 3.971537176236611399e-02
9.898452427035736578e-01 3.959460303093199213e-02
9.899106020188358501e-01 3.947421464123096468e-02
9.899755778176172472e-01 3.935420539546876512e-02
9.900401723469871573e-01 3.923457409962304715e-02
9.901043878409007126e-01 3.911531956343154703e-02
9.901682265202739197e-01 3.899644060038022497e-02
9.902316905930593771e-01 3.887793602769145512e-02
9.902947822543209933e-01 3.875980466631228499e-02
9.903575036863088155e-01 3.864204534090268789e-02
9.904198570585320827e-01 3.852465687982387782e-02
9.904818445278344985e-01 3.840763811512665216e-02
9.905434682384659517e-01 3.829098788253980368e-02
9.906047303221563460e-01 3.817470502145848404e-02
9.906656328981870985e-01 3.805878837493271299e-02
9.907261780734640810e-01 3.794323678965583202e-02
9.907863679425885639e-01 3.782804911595306907e-02
9.908462045879287139e-01 3.771322420777006162e-02
9.909056900796902045e-01 3.759876092266149772e-02
9.909648264759868264e-01 3.748465812177972922e-02
9.910236158229102088e-01 3.737091466986344063e-02
9.910820601545997643e-01 3.725752943522638028e-02
9.911401614933113002e-01 3.714450128974605692e-02
9.911979218494867405e-01 3.703182910885259582e-02
9.912553432218216276e-01 3.691951177151746311e-02
9.913124275973335120e-01 3.680754816024239123e-02
9.913691769514300089e-01 3.669593716104821435e-02
9.914255932479754119e-01 3.658467766346379380e-02
9.914816784393579718e-01 3.647376856051501998e-02
9.915374344665565109e-01 3.636320874871372399e-02
9.915928632592058145e-01 3.625299712804676971e-02
9.916479667356634664e-01 3.614313260196506949e-02
9.917027468030744641e-01 3.603361407737269012e-02
9.917572053574366109e-01 3.592444046461598650e-02
9.918113442836649085e-01 3.581561067747276311e-02
9.918651654556559505e-01 3.570712363314145626e-02
9.919186707363516486e-01 3.559897825223037188e-02
9.919718619778034041e-01 3.549117345874695101e-02
9.920247410212342798e-01 3.538370818008705621e-02
9.920773096971031713e-01 3.527658134702431336e-02
9.921295698251657580e-01 3.516979189369948133e-02
9.921815232145377861e-01 3.506333875760982849e-02
9.922331716637562415e-01 3.495722087959858559e-02
9.922845169608410787e-01 3.485143720384439175e-02
9.923355608833561714e-01 3.474598667785080280e-02
9.923863051984699313e-01 3.464086825243582746e-02
9.924367516630154817e-01 3.453608088172147733e-02
9.924869020235513872e-01 3.443162352312337943e-02
9.925367580164208281e-01 3.432749513734038166e-02
9.925863213678109975e-01 3.422369468834423473e-02
9.926355937938116103e-01 3.412022114336929479e-02
9.926845770004750769e-01 3.401707347290220534e-02
9.927332726838729027e-01 3.391425065067171785e-02
9.927816825301551962e-01 3.381175165363844298e-02
9.928298082156074011e-01 3.370957546198465743e-02
9.928776514067083614e-01 3.360772105910424246e-02
9.929252137601867201e-01 3.350618743159246293e-02
9.929724969230779852e-01 3.340497356923595451e-02
9.930195025327808178e-01 3.330407846500266222e-02
9.930662322171127654e-01 3.320350111503182766e-02
9.931126875943663279e-01 3.310324051862398309e-02
9.931588702733644691e-01 3.300329567823100801e-02
9.932047818535154615e-01 3.290366559944622044e-02
9.932504239248673983e-01 3.280434929099445424e-02
9.932957980681631494e-01 3.270534576472224064e-02
9.933409058548944293e-01 3.260665403558792030e-02
9.933857488473554209e-01 3.250827312165192190e-02
9.934303285986959553e-01 3.241020204406690891e-02
9.934746466529758013e-01 3.231243982706811374e-02
9.935187045452164023e-01 3.221498549796358857e-02
9.935625038014543886e-01 3.211783808712456029e-02
9.936060459387930921e-01 3.202099662797573687e-02
9.936493324654553927e-01 3.192446015698575945e-02
9.936923648808346776e-01 3.182822771365755726e-02
9.937351446755466888e-01 3.173229834051883441e-02
9.937776733314804822e-01 3.163667108311250808e-02
9.938199523218494980e-01 3.154134498998725777e-02
9.938619831112415204e-01 3.144631911268802593e-02
9.939037671556697484e-01 3.135159250574659495e-02
9.939453059026217563e-01 3.125716422667218497e-02
9.939866007911101198e-01 3.116303333594207595e-02
9.940276532517210439e-01 3.106919889699225404e-02
9.940684647066641011e-01 3.097565997620811001e-02
9.941090365698203035e-01 3.088241564291513766e-02
9.941493702467915083e-01 3.078946496936969118e-02
9.941894671349478241e-01 3.069680703074973913e-02
9.942293286234763494e-01 3.060444090514567728e-02
9.942689560934282467e-01 3.051236567355114851e-02
9.943083509177663704e-01 3.042058041985391120e-02
9.943475144614127847e-01 3.032908423082671459e-02
9.943864480812948381e-01 3.023787619611822616e-02
9.944251531263927912e-01 3.014695540824396600e-02
9.944636309377853367e-01 3.005632096257728272e-02
9.945018828486961171e-01 2.996597195734035726e-02
9.945399101845392442e-01 2.987590749359522735e-02
9.945777142629651513e-01 2.978612667523485372e-02
9.946152963939054459e-01 2.969662860897418974e-02
9.946526578796186513e-01 2.960741240434130658e-02
9.946898000147340602e-01 2.951847717366854265e-02
9.947267240862970317e-01 2.942982203208365996e-02
9.947634313738126233e-01 2.934144609750103869e-02
9.947999231492901107e-01 2.925334849061291681e-02
9.948362006772862864e-01 2.916552833488063670e-02
9.948722652149492029e-01 2.907798475652591946e-02
9.949081180120616930e-01 2.899071688452217743e-02
9.949437603110833361e-01 2.890372385058585791e-02
9.949791933471943128e-01 2.881700478916777997e-02
9.950144183483373705e-01 2.873055883744456140e-02
9.950494365352601234e-01 2.864438513530999722e-02
9.950842491215571295e-01 2.855848282536653862e-02
9.951188573137114135e-01 2.847285105291673390e-02
9.951532623111364328e-01 2.838748896595474219e-02
9.951874653062169340e-01 2.830239571515785757e-02
9.952214674843499198e-01 2.821757045387805404e-02
9.952552700239860606e-01 2.813301233813355826e-02
9.952888740966696624e-01 2.804872052660047771e-02
9.953222808670793009e-01 2.796469418060440124e-02
9.953554914930675679e-01 2.788093246411207579e-02
9.953885071257015937e-01 2.779743454372308326e-02
9.954213289093017947e-01 2.771419958866154498e-02
9.954539579814821737e-01 2.763122677076786105e-02
9.954863954731887343e-01 2.754851526449048071e-02
9.955186425087393376e-01 2.746606424687767292e-02
9.955507002058611166e-01 2.738387289756935919e-02
9.955825696757301113e-01 2.730194039878893614e-02
9.956142520230093496e-01 2.722026593533513963e-02
9.956457483458863722e-01 2.713884869457395058e-02
9.956770597361114250e-01 2.705768786643049720e-02
9.957081872790353172e-01 2.697678264338100249e-02
9.957391320536463919e-01 2.689613222044474894e-02
9.957698951326078296e-01 2.681573579517607109e-02
9.958004775822948407e-01 2.673559256765637229e-02
9.958308804628307476e-01 2.665570174048616583e-02
9.958611048281246214e-01 2.657606251877714723e-02
9.958911517259065871e-01 2.649667411014427695e-02
9.959210221977645716e-01 2.641753572469790826e-02
9.959507172791798313e-01 2.633864657503592541e-02
9.959802379995629229e-01 2.626000587623590621e-02
9.960095853822888978e-01 2.618161284584731921e-02
9.960387604447329402e-01 2.610346670388374174e-02
9.960677641983050057e-01 2.602556667281508834e-02
9.960965976484853490e-01 2.594791197755988779e-02
9.961252617948584964e-01 2.587050184547757398e-02
9.961537576311481068e-01 2.579333550636078373e-02
9.961820861452513887e-01 2.571641219242771365e-02
9.962102483192725177e-01 2.563973113831446646e-02
9.962382451295571650e-01 2.556329158106744950e-02
9.962660775467261365e-01 2.548709276013577316e-02
9.962937465357084577e-01 2.541113391736369784e-02
9.963212530557747915e-01 2.533541429698307756e-02
9.963485980605709669e-01 2.525993314560585901e-02
9.963757824981501754e-01 2.518468971221655972e-02
9.964028073110062778e-01 2.510968324816482619e-02
9.964296734361060004e-01 2.503491300715797105e-02
9.964563818049213539e-01 2.496037824525354498e-02
9.964829333434617187e-01 2.488607822085194335e-02
9.965093289723061520e-01 2.481201219468903360e-02
9.965355696066345859e-01 2.473817942982878271e-02
9.965616561562598008e-01 2.466457919165595050e-02
9.965875895256588457e-01 2.459121074786875527e-02
9.966133706140037907e-01 2.451807336847160873e-02
9.966390003151935906e-01 2.444516632576783713e-02
9.966644795178841720e-01 2.437248889435246826e-02
9.966898091055195197e-01 2.430004035110498381e-02
9.967149899563620963e-01 2.422781997518214103e-02
9.967400229435230408e-01 2.415582704801080491e-02
9.967649089349926994e-01 2.408406085328079760e-02
9.967896487936699357e-01 2.401252067693775832e-02
9.968142433773924393e-01 2.394120580717605876e-02
9.968386935389663694e-01 2.387011553443170800e-02
9.968630001261954421e-01 2.379924915137530961e-02
9.968871639819109065e-01 2.372860595290500127e-02
9.969111859439993006e-01 2.365818523613946039e-02
9.969350668454333153e-01 2.358798630041090971e-02
9.969588075142986616e-01 2.351800844725813328e-02
9.969824087738239360e-01 2.344825098041953410e-02
9.970058714424085977e-01 2.337871320582622300e-02
9.970291963336511687e-01 2.330939443159508323e-02
9.970523842563776551e-01 2.324029396802191824e-02
9.970754360146691919e-01 2.317141112757456489e-02
9.970983524078899096e-01 2.310274522488607943e-02
9.971211342307148007e-01 2.303429557674788880e-02
9.971437822731565870e-01 2.296606150210301484e-02
9.971662973205938085e-01 2.289804232203930187e-02
9.971886801537970246e-01 2.283023735978264440e-02
9.972109315489569026e-01 2.276264594069027369e-02
9.972330522777099748e-01 2.269526739224402359e-02
9.972550431071660615e-01 2.262810104404366224e-02
9.972769047999342495e-01 2.256114622780020992e-02
9.972986381141498713e-01 2.249440227732929509e-02
9.973202438035000394e-01 2.242786852854452423e-02
9.973417226172499594e-01 2.236154431945088297e-02
9.973630753002690197e-01 2.229542899013813723e-02
9.973843025930563266e-01 2.222952188277427243e-02
9.974054052317664620e-01 2.216382234159895714e-02
9.974263839482346850e-01 2.209832971291701004e-02
9.974472394700024669e-01 2.203304334509190165e-02
9.974679725203425829e-01 2.196796258853927347e-02
9.974885838182840914e-01 2.190308679572046391e-02
9.975090740786370924e-01 2.183841532113607944e-02
9.975294440120174855e-01 2.177394752131956573e-02
9.975496943248717274e-01 2.170968275483080995e-02
9.975698257195012575e-01 2.164562038224975352e-02
9.975898388940864780e-01 2.158175976617003611e-02
9.976097345427111796e-01 2.151810027119265348e-02
9.976295133553860772e-01 2.145464126391963960e-02
9.976491760180735691e-01 2.139138211294774883e-02
9.976687232127106064e-01 2.132832218886220391e-02
9.976881556172326748e-01 2.126546086423039550e-02
9.977074739055971087e-01 2.120279751359568227e-02
9.977266787478065169e-01 2.114033151347113546e-02
9.977457708099317646e-01 2.107806224233335288e-02
9.977647507541356209e-01 2.101598908061626594e-02
9.977836192386945191e-01 2.095411141070498487e-02
9.978023769180223157e-01 2.089242861692965081e-02
9.978210244426927167e-01 2.083094008555930535e-02
9.978395624594611490e-01 2.076964520479579468e-02
9.978579916112882975e-01 2.070854336476767379e-02
9.978763125373615317e-01 2.064763395752414188e-02
9.978945258731171108e-01 2.058691637702900895e-02
9.979126322502620550e-01 2.052639001915462780e-02
9.979306322967963494e-01 2.046605428167592999e-02
9.979485266370347052e-01 2.040590856426440641e-02
9.979663158916277643e-01 2.034595226848213978e-02
9.979840006775839711e-01 2.028618479777585457e-02
9.980015816082903335e-01 2.022660555747098077e-02
9.980190592935346272e-01 2.016721395476573503e-02
9.980364343395252691e-01 2.010800939872522605e-02
9.980537073489135214e-01 2.004899130027558082e-02
9.980708789208133647e-01 1.999015907219806043e-02
9.980879496508230364e-01 1.993151212912325915e-02
9.981049201310447927e-01 1.987304988752523760e-02
9.981217909501061136e-01 1.981477176571574267e-02
9.981385626931797983e-01 1.975667718383842739e-02
9.981552359420041709e-01 1.969876556386304656e-02
9.981718112749031757e-01 1.964103632957974951e-02
9.981882892668068052e-01 1.958348890659331043e-02
9.982046704892703071e-01 1.952612272231744536e-02
9.982209555104943899e-01 1.946893720596908420e-02
9.982371448953453186e-01 1.941193178856271892e-02
9.982532392053733439e-01 1.935510590290473801e-02
9.982692389988331305e-01 1.929845898358776429e-02
9.982851448307027420e-01 1.924199046698504834e-02
9.983009572527029585e-01 1.918569979124486180e-02
9.983166768133158175e-01 1.912958639628489776e-02
9.983323040578047092e-01 1.907364972378670573e-02
9.983478395282319173e-01 1.901788921719012315e-02
9.983632837634784929e-01 1.896230432168776597e-02
9.983786372992624614e-01 1.890689448421947749e-02
9.983939006681572526e-01 1.885165915346685706e-02
9.984090743996102413e-01 1.879659777984773669e-02
9.984241590199613992e-01 1.874170981551075837e-02
9.984391550524607251e-01 1.868699471432988535e-02
9.984540630172874520e-01 1.863245193189898979e-02
9.984688834315670336e-01 1.857808092552643009e-02
9.984836168093896847e-01 1.852388115422965581e-02
9.984982636618281449e-01 1.846985207872981968e-02
9.985128244969548872e-01 1.841599316144641729e-02
9.985272998198603256e-01 1.836230386649192678e-02
9.985416901326696903e-01 1.830878365966650406e-02
9.985559959345610137e-01 1.825543200845263989e-02
9.985702177217822273e-01 1.820224838200986892e-02
9.985843559876680375e-01 1.814923225116950659e-02
9.985984112226573561e-01 1.809638308842936166e-02
9.986123839143100644e-01 1.804370036794849738e-02
9.986262745473243330e-01 1.799118356554200299e-02
9.986400836035527195e-01 1.793883215867576875e-02
9.986538115620193778e-01 1.788664562646130260e-02
9.986674588989365997e-01 1.783462344965053292e-02
9.986810260877209133e-01 1.778276511063065293e-02
9.986945135990099587e-01 1.773107009341896509e-02
9.987079219006786968e-01 1.767953788365774631e-02
9.987212514578552858e-01 1.762816796860914442e-02
9.987345027329374014e-01 1.757695983715004684e-02
9.987476761856086682e-01 1.752591297976703599e-02
9.987607722728536475e-01 1.747502688855128578e-02
9.987737914489747126e-01 1.742430105719352390e-02
9.987867341656068154e-01 1.737373498097900121e-02
9.987996008717338059e-01 1.732332815678245055e-02
9.988123920137038647e-01 1.727308008306309775e-02
9.988251080352447131e-01 1.722299025985966556e-02
9.988377493774792670e-01 1.717305818878539850e-02
9.988503164789408473e-01 1.712328337302310849e-02
9.988628097755880564e-01 1.707366531732023088e-02
9.988752297008203218e-01 1.702420352798389089e-02
9.988875766854927729e-01 1.697489751287600129e-02
9.988998511579311179e-01 1.692574678140836009e-02
9.989120535439464099e-01 1.687675084453777244e-02
9.989241842668498128e-01 1.682790921476118307e-02
9.989362437474675893e-01 1.677922140611082941e-02
9.989482324041553118e-01 1.673068693414940522e-02
9.989601506528121844e-01 1.668230531596523111e-02
9.989719989068962525e-01 1.663407607016747711e-02
9.989837775774379480e-01 1.658599871688133665e-02
9.989954870730545222e-01 1.653807277774328038e-02
9.990071277999642563e-01 1.649029777589628570e-02
9.990187001620010054e-01 1.644267323598509398e-02
9.990302045606271886e-01 1.639519868415148171e-02
9.990416413949485541e-01 1.634787364802955251e-02
9.990530110617276138e-01 1.630069765674101862e-02
9.990643139553976315e-01 1.625367024089053453e-02
9.990755504680760568e-01 1.620679093256102363e-02
9.990867209895780698e-01 1.616005926530901873e-02
9.990978259074303480e-01 1.611347477416001650e-02
9.991088656068846108e-01 1.606703699560387000e-02
9.991198404709301650e-01 1.602074546759015006e-02
9.991307508803082271e-01 1.597459972952357601e-02
9.991415972135243573e-01 1.592859932225941522e-02
9.991523798468622264e-01 1.588274378809891377e-02
9.991630991543957174e-01 1.583703267078476196e-02
9.991737555080029143e-01 1.579146551549653540e-02
9.991843492773784252e-01 1.574604186884617091e-02
9.991948808300462614e-01 1.570076127887347350e-02
9.992053505313723827e-01 1.565562329504159925e-02
9.992157587445779088e-01 1.561062746823258657e-02
9.992261058307512211e-01 1.556577335074287721e-02
9.992363921488608414e-01 1.552106049627887015e-02
9.992466180557674216e-01 1.547648845995248240e-02
9.992567839062364010e-01 1.543205679827671511e-02
9.992668900529503295e-01 1.538776506916124387e-02
9.992769368465210800e-01 1.534361283190802637e-02
9.992869246355019497e-01 1.529959964720691012e-02
9.992968537663994288e-01 1.525572507713126615e-02
9.993067245836860790e-01 1.521198868513362785e-02
9.993165374298115244e-01 1.516839003604135427e-02
9.993262926452145534e-01 1.512492869605229669e-02
9.993359905683354416e-01 1.508160423273048091e-02
9.993456315356272768e-01 1.503841621500180518e-02
9.993552158815675046e-01 1.499536421314975887e-02
9.993647439386696973e-01 1.495244779881113421e-02
9.993742160374951000e-01 1.490966654497177454e-02
9.993836325066640658e-01 1.486702002596232419e-02
9.993929936728674912e-01 1.482450781745398884e-02
9.994022998608778074e-01 1.478212949645432185e-02
9.994115513935608597e-01 1.473988464130300546e-02
9.994207485918865652e-01 1.469777283166766833e-02
9.994298917749402378e-01 1.465579364853968579e-02
9.994389812599335787e-01 1.461394667423003037e-02
9.994480173622157793e-01 1.457223149236510848e-02
9.994570003952846227e-01 1.453064768788260748e-02
9.994659306707968094e-01 1.448919484702738611e-02
9.994748084985792813e-01 1.444787255734734065e-02
9.994836341866394358e-01 1.440668040768930923e-02
9.994924080411766720e-01 1.436561798819498137e-02
9.995011303665920499e-01 1.432468489029681963e-02
9.995098014654993923e-01 1.428388070671399168e-02
9.995184216387354992e-01 1.424320503144832148e-02
9.995269911853711386e-01 1.420265745978024907e-02
9.995355104027203730e-01 1.416223758826480258e-02
9.995439795863519938e-01 1.412194501472758754e-02
9.995523990300991812e-01 1.408177933826078136e-02
9.995607690260694955e-01 1.404174015921914875e-02
9.995690898646556466e-01 1.400182707921606047e-02
9.995773618345450418e-01 1.396203970111953643e-02
9.995855852227296667e-01 1.392237762904828709e-02
9.995937603145167438e-01 1.388284046836778425e-02
9.996018873935381688e-01 1.384342782568632330e-02
9.996099667417601697e-01 1.380413930885111481e-02
9.996179986394931882e-01 1.376497452694439017e-02
9.996259833654019822e-01 1.372593309027949661e-02
9.996339211965150628e-01 1.368701461039703235e-02
9.996418124082339096e-01 1.364821870006097809e-02
9.996496572743430731e-01 1.360954497325484770e-02
9.996574560670193899e-01 1.357099304517783885e-02
9.996652090568413085e-01 1.353256253224100966e-02
9.996729165127988814e-01 1.349425305206346931e-02
9.996805787023020917e-01 1.345606422346855811e-02
9.996881958911911781e-01 1.341799566648006758e-02
9.996957683437449615e-01 1.338004700231846048e-02
9.997032963226906155e-01 1.334221785339709254e-02
9.997107800892125473e-01 1.330450784331846208e-02
9.997182199029612804e-01 1.326691659687046464e-02
9.997256160220628907e-01 1.322944374002266166e-02
9.997329687031277778e-01 1.319208889992255253e-02
9.997402782012591027e-01 1.315485170489187269e-02
9.997475447700623352e-01 1.311773178442289176e-02
9.997547686616536922e-01 1.308072876917472892e-02
9.997619501266690190e-01 1.304384229096967364e-02
9.997690894142720053e-01 1.300707198278953057e-02
9.997761867721637330e-01 1.297041747877195929e-02
9.997832424465903367e-01 1.293387841420684352e-02
9.997902566823521076e-01 1.289745442553265169e-02
9.997972297228120420e-01 1.286114515033283043e-02
9.998041618099036132e-01 1.282495022733219116e-02
9.998110531841399862e-01 1.278886929639331919e-02
9.998179040846216781e-01 1.275290199851299155e-02
9.998247147490452180e-01 1.271704797581860169e-02
9.998314854137116958e-01 1.268130687156459810e-02
9.998382163135339784e-01 1.264567833012894028e-02
9.998449076820459247e-01 1.261016199700955819e-02
9.998515597514098241e-01 1.257475751882082375e-02
9.998581727524247231e-01 1.253946454329003812e-02
9.998647469145343081e-01 1.250428271925392056e-02
9.998712824658348985e-01 1.246921169665512162e-02
9.998777796330834411e-01 1.243425112653873468e-02
9.998842386417050587e-01 1.239940066104882992e-02
9.998906597158014886e-01 1.236465995342498660e-02
9.998970430781582985e-01 1.233002865799884967e-02
9.999033889502525474e-01 1.229550643019068634e-02
9.999096975522611119e-01 1.226109292650595997e-02
9.999159691030674590e-01 1.222678780453190749e-02
9.999222038202700835e-01 1.219259072293414105e-02
9.999284019201893914e-01 1.215850134145324626e-02
9.999345636178758046e-01 1.212451932090139600e-02
9.999406891271165332e-01 1.209064432315898156e-02
9.999467786604434583e-01 1.205687601117124211e-02
9.999528324291404591e-01 1.202321404894491144e-02
9.999588506432506296e-01 1.198965810154488387e-02
9.999648335115837172e-01 1.195620783509087313e-02
9.999707812417228947e-01 1.192286291675408866e-02
9.999766940400327542e-01 1.188962301475393092e-02
9.999825721116657462e-01 1.185648779835469027e-02
9.999884156605696184e-01 1.182345693786225269e-02
9.999942248894946317e-01 1.179053010462081767e-02
1.000000000000000000e+00 1.175770697100963699e-02
