0.000000000000000000e+00 7.421155411909797772e-01
2.339047205257127615e-03 7.391010492615766037e-01
4.690729729260434411e-03 7.361024887666627325e-01
7.054356252324200938e-03 7.331197189218221499e-01
9.429259716633775490e-03 7.301526009634318193e-01
1.181479632048998418e-02 7.272009981004650125e-01
1.421034456420544601e-02 7.242647754681588168e-01
1.661530434445801507e-02 7.213438000834430097e-01
1.902909609414293879e-02 7.184379408020438174e-01
2.145115996496815836e-02 7.155470682771734037e-01
2.388095505024112608e-02 7.126710549197268207e-01
2.631795864546504493e-02 7.098097748599094814e-01
2.876166554453063462e-02 7.069631039102266534e-01
3.121158736944140699e-02 7.041309195297652535e-01
3.366725193164810115e-02 7.013131007897086544e-01
3.612820262319693665e-02 6.985095283400231114e-01
3.859399783601757949e-02 6.957200843772625154e-01
4.106421040778140963e-02 6.929446526134366291e-01
4.353842709287081281e-02 6.901831182458968428e-01
4.601624805708448562e-02 6.874353679281899332e-01
4.849728639480022085e-02 6.847012897418380817e-01
5.098116766738980399e-02 6.819807731690028518e-01
5.346752946176303034e-02 6.792737090659940469e-01
5.595602096798146796e-02 6.765799896375873645e-01
5.844630257495042613e-02 6.738995084121135459e-01
6.093804548325887360e-02 6.712321602172890422e-01
6.343093133429034136e-02 6.685778411567546708e-01
6.592465185478169065e-02 6.659364485872929507e-01
6.841890851605680890e-02 6.633078810966961392e-01
7.091341220720326355e-02 6.606920384822592140e-01
7.340788292150834948e-02 6.580888217298697107e-01
7.590204945550493854e-02 6.554981329936737655e-01
7.839564912001828478e-02 6.529198755762926076e-01
8.088842746263746886e-02 6.503539539095708477e-01
8.338013800106858220e-02 6.478002735358313613e-01
8.587054196685628416e-02 6.452587410896223341e-01
8.835940805898889749e-02 6.427292642799339317e-01
9.084651220692974150e-02 6.402117518728684953e-01
9.333163734263971723e-02 6.377061136747470549e-01
9.581457318118269395e-02 6.352122605156357293e-01
9.829511600952423045e-02 6.327301042332768022e-01
1.007730684831578127e-01 6.302595576574099301e-01
1.032482394302084439e-01 6.278005345944690507e-01
1.057204436626845157e-01 6.253529498126422226e-01
1.081895017945657678e-01 6.229167190272812960e-01
1.106552400664275737e-01 6.204917588866485367e-01
1.131174901763236651e-01 6.180779869579902108e-01
1.155760891166561777e-01 6.156753217139245837e-01
1.180308790167811095e-01 6.132836825191334551e-01
1.204817069911059413e-01 6.109029896173494567e-01
1.229284249924522676e-01 6.085331641186255691e-01
1.253708896704611719e-01 6.061741279868807508e-01
1.278089622348385079e-01 6.038258040277116878e-01
1.302425083232381375e-01 6.014881158764612268e-01
1.326713978735969413e-01 5.991609879865364974e-01
1.350955050007426328e-01 5.968443456179686191e-01
1.375147078771020714e-01 5.945381148262053328e-01
1.399288886173482016e-01 5.922422224511314504e-01
1.423379331668314096e-01 5.899565961063077957e-01
1.447417311936443074e-01 5.876811641684243082e-01
1.471401759841820533e-01 5.854158557669582041e-01
1.495331643420613199e-01 5.831606007740341990e-01
1.519205964902695660e-01 5.809153297944782413e-01
1.543023759764221570e-01 5.786799741560602062e-01
1.566784095810096478e-01 5.764544658999202209e-01
1.590486072285223207e-01 5.742387377711735130e-01
1.614128819013460614e-01 5.720327232096873438e-01
1.637711495563256570e-01 5.698363563410268062e-01
1.661233290438985932e-01 5.676495719675649365e-01
1.684693420297037614e-01 5.654723055597501435e-01
1.708091129185766999e-01 5.633044932475300692e-01
1.731425687808452185e-01 5.611460718119252178e-01
1.754696392808416938e-01 5.589969786767488014e-01
1.777902566075543200e-01 5.568571519004704706e-01
1.801043554073418207e-01 5.547265301682173799e-01
1.824118727186369027e-01 5.526050527839123649e-01
1.847127479085731716e-01 5.504926596625416835e-01
1.870069226114635663e-01 5.483892913225536514e-01
1.892943406690700270e-01 5.462948888783810686e-01
1.915749480726028908e-01 5.442093940330861024e-01
1.938486929063886199e-01 5.421327490711240760e-01
1.961155252931514603e-01 5.400648968512240522e-01
1.983753973408549642e-01 5.380057807993821051e-01
2.006282630910485310e-01 5.359553449019656135e-01
2.028740784686721144e-01 5.339135336989251357e-01
2.051128012332692485e-01 5.318802922771125319e-01
2.073443909315614286e-01 5.298555662637014496e-01
2.095688088513407710e-01 5.278393018197080622e-01
2.117860179766378748e-01 5.258314456336115050e-01
2.139959829441222539e-01 5.238319449150690144e-01
2.161986700006980344e-01 5.218407473887254344e-01
2.183940469622543956e-01 5.198578012881147625e-01
2.205820831735363363e-01 5.178830553496509559e-01
2.227627494690974652e-01 5.159164588067081114e-01
2.249360181353047272e-01 5.139579613837839123e-01
2.271018628733584288e-01 5.120075132907497828e-01
2.292602587632981415e-01 5.100650652171818678e-01
2.314111822289636189e-01 5.081305683267731688e-01
2.335546110038811962e-01 5.062039742518239516e-01
2.356905240980473604e-01 5.042852350878108680e-01
2.378189017655819582e-01 5.023743033880296860e-01
2.399397254732255069e-01 5.004711321583140693e-01
2.420529778696551837e-01 4.985756748518260784e-01
2.441586427555931804e-01 4.966878853639176139e-01
2.462567050546865532e-01 4.948077180270628039e-01
2.483471507851339188e-01 4.929351276058578923e-01
2.504299670320366822e-01 4.910700692920881849e-01
2.525051419204553671e-01 4.892124986998618308e-01
2.545726645891491779e-01 4.873623718608072197e-01
2.566325251649780315e-01 4.855196452193339951e-01
2.586847147379510714e-01 4.836842756279567945e-01
2.607292253368991286e-01 4.818562203426789425e-01
2.627660499057563603e-01 4.800354370184373165e-01
2.647951822804318622e-01 4.782218837046054993e-01
2.668166171662559316e-01 4.764155188405541086e-01
2.688303501159836628e-01 4.746163012512688573e-01
2.708363775083401093e-01 4.728241901430240146e-01
2.728346965270941338e-01 4.710391450991101570e-01
2.748253051406425174e-01 4.692611260756166525e-01
2.768082020820932243e-01 4.674900933972658823e-01
2.787833868298333906e-01 4.657260077533009746e-01
2.807508595885676028e-01 4.639688301934224990e-01
2.827106212708149213e-01 4.622185221237778974e-01
2.846626734788516577e-01 4.604750453029982094e-01
2.866070184870879167e-01 4.587383618382847583e-01
2.885436592248662446e-01 4.570084341815425777e-01
2.904725992596700612e-01 4.552852251255620208e-01
2.923938427807339924e-01 4.535686978002456682e-01
2.943073945830410043e-01 4.518588156688811974e-01
2.962132600516999004e-01 4.501555425244588848e-01
2.981114451466910786e-01 4.484588424860334044e-01
3.000019563879716689e-01 4.467686799951288146e-01
3.018848008409298345e-01 4.450850198121865109e-01
3.037599861021811343e-01 4.434078270130550337e-01
3.056275202856952866e-01 4.417370669855215093e-01
3.074874120092466745e-01 4.400727054258839477e-01
3.093396703811802650e-01 4.384147083355635077e-01
3.111843049874839506e-01 4.367630420177562867e-01
3.130213258791602060e-01 4.351176730741250775e-01
3.148507435598888460e-01 4.334785684015277640e-01
3.166725689739743332e-01 4.318456951887860162e-01
3.184868134945699758e-01 4.302190209134889587e-01
3.202934889121715756e-01 4.285985133388351409e-01
3.220926074233750880e-01 4.269841405105104792e-01
3.238841816198901880e-01 4.253758707536019479e-01
3.256682244778050794e-01 4.237736726695461309e-01
3.274447493470941106e-01 4.221775151331134124e-01
3.292137699413649754e-01 4.205873672894253623e-01
3.309753003278363970e-01 4.190031985510074275e-01
3.327293549175444065e-01 4.174249785948733749e-01
3.344759484557681128e-01 4.158526773596439297e-01
3.362150960126720767e-01 4.142862650426973881e-01
3.379468129741579618e-01 4.127257120973522042e-01
3.396711150329231321e-01 4.111709892300812186e-01
3.413880181797186442e-01 4.096220673977575277e-01
3.430975386948029726e-01 4.080789178049304411e-01
3.447996931395874709e-01 4.065415119011328571e-01
3.464944983484670171e-01 4.050098213782169498e-01
3.481819714208339578e-01 4.034838181677218305e-01
3.498621297132683550e-01 4.019634744382684088e-01
3.515349908319039818e-01 4.004487625929835648e-01
3.532005726249609623e-01 3.989396552669545182e-01
3.548588931754461662e-01 3.974361253247084003e-01
3.565099707940143636e-01 3.959381458577224677e-01
3.581538240119869210e-01 3.944456901819595185e-01
3.597904715745255944e-01 3.929587318354326175e-01
3.614199324339559816e-01 3.914772445757945807e-01
3.630422257432392996e-01 3.900012023779547699e-01
3.646573708495869370e-01 3.885305794317227557e-01
3.662653872882162265e-01 3.870653501394764051e-01
3.678662947762427748e-01 3.856054891138566143e-01
3.694601132067083515e-01 3.841509711754864664e-01
3.710468626427381178e-01 3.827017713507160357e-01
3.726265633118276410e-01 3.812578648693912831e-01
3.741992356002541431e-01 3.798192271626473770e-01
3.757649000476109835e-01 3.783858338607263283e-01
3.773235773414609362e-01 3.769576607908177168e-01
3.788752883121079273e-01 3.755346839749243992e-01
3.804200539274813497e-01 3.741168796277491992e-01
3.819578952881341749e-01 3.727042241546065782e-01
3.834888336223488681e-01 3.712966941493559547e-01
3.850128902813518827e-01 3.698942663923578955e-01
3.865300867346308511e-01 3.684969178484519547e-01
3.880404445653562462e-01 3.671046256649568296e-01
3.895439854659011880e-01 3.657173671696930528e-01
3.910407312334605034e-01 3.643351198690246706e-01
3.925307037657650433e-01 3.629578614459250119e-01
3.940139250568894802e-01 3.615855697580616646e-01
3.954904171931521439e-01 3.602182228359022131e-01
3.969602023491040077e-01 3.588557988808418475e-01
3.984233027836059371e-01 3.574982762633492905e-01
3.998797408359916483e-01 3.561456335211344859e-01
4.013295389223140441e-01 3.547978493573350489e-01
4.027727195316743725e-01 3.534549026387231452e-01
4.042093052226318761e-01 3.521167723939312433e-01
4.056393186196913803e-01 3.507834378116967411e-01
4.070627824098684844e-01 3.494548782391267983e-01
4.084797193393303605e-01 3.481310731799805991e-01
4.098901522101093819e-01 3.468120022929714885e-01
4.112941038768898050e-01 3.454976453900859834e-01
4.126915972438651714e-01 3.441879824349229899e-01
4.140826552616639900e-01 3.428829935410485641e-01
4.154673009243441406e-01 3.415826589703709892e-01
4.168455572664532260e-01 3.402869591315313968e-01
4.182174473601537601e-01 3.389958745783134830e-01
4.195829943124119721e-01 3.377093860080693233e-01
4.209422212622484505e-01 3.364274742601627288e-01
4.222951513780511812e-01 3.351501203144295893e-01
4.236418078549458732e-01 3.338773052896546467e-01
4.249822139122272358e-01 3.326090104420650340e-01
4.263163927908453221e-01 3.313452171638401333e-01
4.276443677509494945e-01 3.300859069816378666e-01
4.289661620694864563e-01 3.288310615551365279e-01
4.302817990378520197e-01 3.275806626755929374e-01
4.315913019595958300e-01 3.263346922644159154e-01
4.328946941481776056e-01 3.250931323717560772e-01
4.341919989247736700e-01 3.238559651751098389e-01
4.354832396161327779e-01 3.226231729779396318e-01
4.367684395524812357e-01 3.213947382083091053e-01
4.380476220654744290e-01 3.201706434175322080e-01
4.393208104861955343e-01 3.189508712788391431e-01
4.405880281431994172e-01 3.177354045860540932e-01
4.418492983606016056e-01 3.165242262522903749e-01
4.431046444562102282e-01 3.153173193086576953e-01
4.443540897397014744e-01 3.141146669029846183e-01
4.455976575108367976e-01 3.129162522985549089e-01
4.468353710577210869e-01 3.117220588728576436e-01
4.480672536551011387e-01 3.105320701163511998e-01
4.492933285627038753e-01 3.093462696312410110e-01
4.505136190236128657e-01 3.081646411302703115e-01
4.517281482626828160e-01 3.069871684355245378e-01
4.529369394849916963e-01 3.058138354772490519e-01
4.541400158743285065e-01 3.046446262926797433e-01
4.553374005917172340e-01 3.034795250248867315e-01
4.565291167739750078e-01 3.023185159216307261e-01
4.577151875323061114e-01 3.011615833342319304e-01
4.588956359509274163e-01 3.000087117164519368e-01
4.600704850857284534e-01 2.988598856233877221e-01
4.612397579629627931e-01 2.977150897103780780e-01
4.624034775779712891e-01 2.965743087319221427e-01
4.635616668939362972e-01 2.954375275406100343e-01
4.647143488406662026e-01 2.943047310860654742e-01
4.658615463134095913e-01 2.931759044138998460e-01
4.670032821716989524e-01 2.920510326646790222e-01
4.681395792382224696e-01 2.909301010729004044e-01
4.692704602977239015e-01 2.898130949659819544e-01
4.703959480959304384e-01 2.886999997632632153e-01
4.715160653385066514e-01 2.875908009750168803e-01
4.726308346900354174e-01 2.864854842014712411e-01
4.737402787730248255e-01 2.853840351318446267e-01
4.748444201669392850e-01 2.842864395433898350e-01
4.759432814072573903e-01 2.831926833004494437e-01
4.770368849845519899e-01 2.821027523535227788e-01
4.781252533435960128e-01 2.810166327383422091e-01
4.792084088824904997e-01 2.799343105749604321e-01
4.802863739518159480e-01 2.788557720668484174e-01
4.813591708538059732e-01 2.777810035000031208e-01
4.824268218415438403e-01 2.767099912420655228e-01
4.834893491181792013e-01 2.756427217414489927e-01
4.845467748361671489e-01 2.745791815264774227e-01
4.855991210965274751e-01 2.735193572045327981e-01
4.866464099481246919e-01 2.724632354612130936e-01
4.876886633869672583e-01 2.714108030594999388e-01
4.887259033555277909e-01 2.703620468389351661e-01
4.897581517420804831e-01 2.693169537148073500e-01
4.907854303800592843e-01 2.682755106773474507e-01
4.918077610474329564e-01 2.672377047909342274e-01
4.928251654660993353e-01 2.662035231933079782e-01
4.938376653012965800e-01 2.651729530947942726e-01
4.948452821610321850e-01 2.641459817775354546e-01
4.958480375955287567e-01 2.631225965947332490e-01
4.968459530966865545e-01 2.621027849698974732e-01
4.978390500975625743e-01 2.610865343961054075e-01
4.988273499718653969e-01 2.600738324352688258e-01
4.998108740334661348e-01 2.590646667174104634e-01
5.007896435359240339e-01 2.580590249399478120e-01
5.017636796720283954e-01 2.570568948669862408e-01
5.027330035733539315e-01 2.560582643286201110e-01
5.036976363098315534e-01 2.550631212202414400e-01
5.046575988893334808e-01 2.540714535018581133e-01
5.056129122572714518e-01 2.530832491974185361e-01
5.065635972962092559e-01 2.520984963941458323e-01
5.075096748254890322e-01 2.511171832418781502e-01
5.084511656008694480e-01 2.501392979524181825e-01
5.093880903141783101e-01 2.491648287988900146e-01
5.103204695929761670e-01 2.481937641151032992e-01
5.112483240002336782e-01 2.472260922949253148e-01
5.121716740340209739e-01 2.462618017916599067e-01
5.130905401272072286e-01 2.453008811174350878e-01
5.140049426471746674e-01 2.443433188425966351e-01
5.149149018955414547e-01 2.433891035951094572e-01
5.158204381078967948e-01 2.424382240599661786e-01
5.167215714535478011e-01 2.414906689786029403e-01
5.176183220352756909e-01 2.405464271483219729e-01
5.185107098891030830e-01 2.396054874217209418e-01
5.193987549840723972e-01 2.386678387061298423e-01
5.202824772220328020e-01 2.377334699630540005e-01
5.211618964374384877e-01 2.368023702076240689e-01
5.220370323971557092e-01 2.358745285080531273e-01
5.229079048002804875e-01 2.349499339850991131e-01
5.237745332779641938e-01 2.340285758115354664e-01
5.246369373932489033e-01 2.331104432116268832e-01
5.254951366409128521e-01 2.321955254606120622e-01
5.263491504473220006e-01 2.312838118841927804e-01
5.271989981702935868e-01 2.303752918580287412e-01
5.280446990989646761e-01 2.294699548072395290e-01
5.288862724536720350e-01 2.285677902059111144e-01
5.297237373858372234e-01 2.276687875766106872e-01
5.305571129778627881e-01 2.267729364899052635e-01
5.313864182430327876e-01 2.258802265638875095e-01
5.322116721254237515e-01 2.249906474637065612e-01
5.330328934998215251e-01 2.241041889011062826e-01
5.338501011716456635e-01 2.232208406339666329e-01
5.346633138768817073e-01 2.223405924658535815e-01
5.354725502820190108e-01 2.214634342455723548e-01
5.362778289839973400e-01 2.205893558667273435e-01
5.370791685101582447e-01 2.197183472672873394e-01
5.378765873182042023e-01 2.188503984291562121e-01
5.386701037961638683e-01 2.179854993777490257e-01
5.394597362623638759e-01 2.171236401815728190e-01
5.402455029654060770e-01 2.162648109518136019e-01
5.410274220841513326e-01 2.154090018419283492e-01
5.418055117277098542e-01 2.145562030472411008e-01
5.425797899354356524e-01 2.137064048045457243e-01
5.433502746769283132e-01 2.128595973917125628e-01
5.441169838520396596e-01 2.120157711273003009e-01
5.448799352908852978e-01 2.111749163701736043e-01
5.456391467538627138e-01 2.103370235191238669e-01
5.463946359316730339e-01 2.095020830124962874e-01
5.471464204453493352e-01 2.086700853278214973e-01
5.478945178462891752e-01 2.078410209814511855e-01
5.486389456162915623e-01 2.070148805281990523e-01
5.493797211675999215e-01 2.061916545609859819e-01
5.501168618429488344e-01 2.053713337104898784e-01
5.508503849156147769e-01 2.045539086448000532e-01
5.515803075894731844e-01 2.037393700690760534e-01
5.523066469990577376e-01 2.029277087252110423e-01
5.530294202096257550e-01 2.021189153914985104e-01
5.537486442172259160e-01 2.013129808823055367e-01
5.544643359487723133e-01 2.005098960477474934e-01
5.551765122621197257e-01 1.997096517733691901e-01
5.558851899461454416e-01 1.989122389798289037e-01
5.565903857208331917e-01 1.981176486225871836e-01
5.572921162373614123e-01 1.973258716915992084e-01
5.579903980781949491e-01 1.965368992110115842e-01
5.586852477571806475e-01 1.957507222388629176e-01
5.593766817196459407e-01 1.949673318667882738e-01
5.600647163425014341e-01 1.941867192197276326e-01
5.607493679343455995e-01 1.934088754556376744e-01
5.614306527355743537e-01 1.926337917652086729e-01
5.621085869184928585e-01 1.918614593715831651e-01
5.627831865874302064e-01 1.910918695300803938e-01
5.634544677788573264e-01 1.903250135279226374e-01
5.641224464615086642e-01 1.895608826839663141e-01
5.647871385365046404e-01 1.887994683484360836e-01
5.654485598374798805e-01 1.880407619026629451e-01
5.661067261307113352e-01 1.872847547588248895e-01
5.667616531152506187e-01 1.865314383596923253e-01
5.674133564230587901e-01 1.857808041783759467e-01
5.680618516191431322e-01 1.850328437180781549e-01
5.687071542016970405e-01 1.842875485118480317e-01
5.693492796022420199e-01 1.835449101223393109e-01
5.699882431857716814e-01 1.828049201415717917e-01
5.706240602508985127e-01 1.820675701906959709e-01
5.712567460300033151e-01 1.813328519197608957e-01
5.718863156893849720e-01 1.806007570074845692e-01
5.725127843294151031e-01 1.798712771610285754e-01
5.731361669846919416e-01 1.791444041157742584e-01
5.737564786241983184e-01 1.784201296351035637e-01
5.743737341514605355e-01 1.776984455101815463e-01
5.749879484047093481e-01 1.769793435597426523e-01
5.755991361570433895e-01 1.762628156298792215e-01
5.762073121165928180e-01 1.755488535938334316e-01
5.768124909266867384e-01 1.748374493517921291e-01
5.774146871660210678e-01 1.741285948306835474e-01
5.780139153488279558e-01 1.734222819839781327e-01
5.786101899250473135e-01 1.727185027914909243e-01
5.792035252805002310e-01 1.720172492591874880e-01
5.797939357370628377e-01 1.713185134189920689e-01
5.803814355528422730e-01 1.706222873285985209e-01
5.809660389223544330e-01 1.699285630712833450e-01
5.815477599767022721e-01 1.692373327557225027e-01
5.821266127837558813e-01 1.685485885158094499e-01
5.827026113483340097e-01 1.678623225104762806e-01
5.832757696123868074e-01 1.671785269235176452e-01
5.838461014551791228e-01 1.664971939634163345e-01
5.844136206934757993e-01 1.658183158631719722e-01
5.849783410817279705e-01 1.651418848801318173e-01
5.855402763122599108e-01 1.644678932958234530e-01
5.860994400154575512e-01 1.637963334157909179e-01
5.866558457599579945e-01 1.631271975694322807e-01
5.872095070528393634e-01 1.624604781098394346e-01
5.877604373398119808e-01 1.617961674136401129e-01
5.883086500054115486e-01 1.611342578808430126e-01
5.888541583731907725e-01 1.604747419346842507e-01
5.893969757059147607e-01 1.598176120214757079e-01
5.899371152057543144e-01 1.591628606104560362e-01
5.904745900144828807e-01 1.585104801936442209e-01
5.910094132136717304e-01 1.578604632856938084e-01
5.915415978248876883e-01 1.572128024237503530e-01
5.920711568098901978e-01 1.565674901673109742e-01
5.925981030708307173e-01 1.559245190980843576e-01
5.931224494504505618e-01 1.552838818198546411e-01
5.936442087322817418e-01 1.546455709583464122e-01
5.941633936408461381e-01 1.540095791610907039e-01
5.946800168418571175e-01 1.533758990972946545e-01
5.951940909424200399e-01 1.527445234577117228e-01
5.957056284912349842e-01 1.521154449545137899e-01
5.962146419787983653e-01 1.514886563211662596e-01
5.967211438376063271e-01 1.508641503123031580e-01
5.972251464423568024e-01 1.502419197036052312e-01
5.977266621101544608e-01 1.496219572916797080e-01
5.982257031007141013e-01 1.490042558939409512e-01
5.987222816165642669e-01 1.483888083484941056e-01
5.992164098032533026e-01 1.477756075140188585e-01
5.997080997495533028e-01 1.471646462696559743e-01
6.001973634876655028e-01 1.465559175148952731e-01
6.006842129934261143e-01 1.459494141694648306e-01
6.011686601865119384e-01 1.453451291732217321e-01
6.016507169306463121e-01 1.447430554860451579e-01
6.021303950338054989e-01 1.441431860877299131e-01
6.026077062484247460e-01 1.435455139778823996e-01
6.030826622716050078e-01 1.429500321758173653e-01
6.035552747453201139e-01 1.423567337204563188e-01
6.040255552566224928e-01 1.417656116702279423e-01
6.044935153378512283e-01 1.411766591029691709e-01
6.049591664668384494e-01 1.405898691158278258e-01
6.054225200671166096e-01 1.400052348251673573e-01
6.058835875081255429e-01 1.394227493664714768e-01
6.063423801054199647e-01 1.388424058942520078e-01
6.067989091208760843e-01 1.382641975819565161e-01
6.072531857628997720e-01 1.376881176218777147e-01
6.077052211866325049e-01 1.371141592250648689e-01
6.081550264941597561e-01 1.365423156212353106e-01
6.086026127347172743e-01 1.359725800586878419e-01
6.090479909048988061e-01 1.354049458042174692e-01
6.094911719488624868e-01 1.348394061430312485e-01
6.099321667585384521e-01 1.342759543786646859e-01
6.103709861738348952e-01 1.337145838329008019e-01
6.108076409828453457e-01 1.331552878456885303e-01
6.112421419220550600e-01 1.325980597750635592e-01
6.116744996765477449e-01 1.320428929970698384e-01
6.121047248802111707e-01 1.314897809056826405e-01
6.125328281159438948e-01 1.309387169127316231e-01
6.129588199158610973e-01 1.303896944478262210e-01
6.133827107615001939e-01 1.298427069582814841e-01
6.138045110840262275e-01 1.292977479090446913e-01
6.142242312644377034e-01 1.287548107826237409e-01
6.146418816337713142e-01 1.282138890790160968e-01
6.150574724733068877e-01 1.276749763156385109e-01
6.154710140147718889e-01 1.271380660272585228e-01
6.158825164405459240e-01 1.266031517659257366e-01
6.162919898838650212e-01 1.260702271009050968e-01
6.166994444290250232e-01 1.255392856186107187e-01
6.171048901115854246e-01 1.250103209225409406e-01
6.175083369185723203e-01 1.244833266332131538e-01
6.179097947886817987e-01 1.239582963881010746e-01
6.183092736124815580e-01 1.234352238415721281e-01
6.187067832326145211e-01 1.229141026648257196e-01
6.191023334439997861e-01 1.223949265458318392e-01
6.194959339940344645e-01 1.218776891892719982e-01
6.198875945827946321e-01 1.213623843164792770e-01
6.202773248632369452e-01 1.208490056653804823e-01
6.206651344413984805e-01 1.203375469904381934e-01
6.210510328765967980e-01 1.198280020625943632e-01
6.214350296816303354e-01 1.193203646692139186e-01
6.218171343229769166e-01 1.188146286140300267e-01
6.221973562209932584e-01 1.183107877170888056e-01
6.225757047501132568e-01 1.178088358146966996e-01
6.229521892390462723e-01 1.173087667593661898e-01
6.233268189709744167e-01 1.168105744197643903e-01
6.236996031837500620e-01 1.163142526806612009e-01
6.240705510700931269e-01 1.158197954428780152e-01
6.244396717777863648e-01 1.153271966232380930e-01
6.248069744098724287e-01 1.148364501545164895e-01
6.251724680248484933e-01 1.143475499853913169e-01
6.255361616368617650e-01 1.138604900803953379e-01
6.258980642159037711e-01 1.133752644198682269e-01
6.262581846880046488e-01 1.128918669999099400e-01
6.266165319354265462e-01 1.124102918323339750e-01
6.269731147968568008e-01 1.119305329446214081e-01
6.273279420676005635e-01 1.114525843798761517e-01
6.276810224997729781e-01 1.109764401967797687e-01
6.280323648024906946e-01 1.105020944695476182e-01
6.283819776420631609e-01 1.100295412878854462e-01
6.287298696421831368e-01 1.095587747569461978e-01
6.290760493841168755e-01 1.090897889972877177e-01
6.294205254068935274e-01 1.086225781448306726e-01
6.297633062074945443e-01 1.081571363508174732e-01
6.301044002410420841e-01 1.076934577817710847e-01
6.304438159209867498e-01 1.072315366194547259e-01
6.307815616192955499e-01 1.067713670608323451e-01
6.311176456666385270e-01 1.063129433180284300e-01
6.314520763525753866e-01 1.058562596182900384e-01
6.317848619257411258e-01 1.054013102039477179e-01
6.321160105940317742e-01 1.049480893323775366e-01
6.324455305247882464e-01 1.044965912759640014e-01
6.327734298449819716e-01 1.040468103220623108e-01
6.330997166413973032e-01 1.035987407729621612e-01
6.334243989608152603e-01 1.031523769458514428e-01
6.337474848101957159e-01 1.027077131727801573e-01
6.340689821568599172e-01 1.022647438006250020e-01
6.343888989286712299e-01 1.018234631910548416e-01
6.347072430142166599e-01 1.013838657204955140e-01
6.350240222629861542e-01 1.009459457800959692e-01
6.353392444855534560e-01 1.005096977756939625e-01
6.356529174537544069e-01 1.000751161277830814e-01
6.359650489008656926e-01 9.964219527147932798e-02
6.362756465217827007e-01 9.921092965648825590e-02
6.365847179731973782e-01 9.878131374707288526e-02
6.368922708737743132e-01 9.835334202202106191e-02
6.371983128043272604e-01 9.792700897461437126e-02
6.375028513079946668e-01 9.750230911259638589e-02
6.378058938904149766e-01 9.707923695814135723e-02
6.381074480199007137e-01 9.665778704782390651e-02
6.384075211276122319e-01 9.623795393258804953e-02
6.387061206077311315e-01 9.581973217771722062e-02
6.390032538176330101e-01 9.540311636280496277e-02
6.392989280780591033e-01 9.498810108172417443e-02
6.395931506732881466e-01 9.457468094259857683e-02
6.398859288513065735e-01 9.416285056777395912e-02
6.401772698239798220e-01 9.375260459378864653e-02
6.404671807672206452e-01 9.334393767134530062e-02
6.407556688211590856e-01 9.293684446528305276e-02
6.410427410903101197e-01 9.253131965454919339e-02
6.413284046437424113e-01 9.212735793217119440e-02
6.416126665152446229e-01 9.172495400522984177e-02
6.418955337034925046e-01 9.132410259483147996e-02
6.421770131722144281e-01 9.092479843608114454e-02
6.424571118503572542e-01 9.052703627805602782e-02
6.427358366322508676e-01 9.013081088377838945e-02
6.430131943777719350e-01 8.973611703018991026e-02
6.432891919125081071e-01 8.934294950812460279e-02
6.435638360279205550e-01 8.895130312228394232e-02
6.438371334815065072e-01 8.856117269121011049e-02
6.441090909969602318e-01 8.817255304726145937e-02
6.443797152643351289e-01 8.778543903658642122e-02
6.446490129402036029e-01 8.739982551909863950e-02
6.449169906478168235e-01 8.701570736845198883e-02
6.451836549772642648e-01 8.663307947201570602e-02
6.454490124856325783e-01 8.625193673084974311e-02
6.457130696971625783e-01 8.587227405968078653e-02
6.459758331034077816e-01 8.549408638687705508e-02
6.462373091633906164e-01 8.511736865442509625e-02
6.464975043037587410e-01 8.474211581790547232e-02
6.467564249189403647e-01 8.436832284646866853e-02
6.470140773712995674e-01 8.399598472281177841e-02
6.472704679912903991e-01 8.362509644315485602e-02
6.475256030776106453e-01 8.325565301721782330e-02
6.477794888973549270e-01 8.288764946819671131e-02
6.480321316861670233e-01 8.252108083274067862e-02
6.482835376483924161e-01 8.215594216092969582e-02
6.485337129572286141e-01 8.179222851625067570e-02
6.487826637548763653e-01 8.142993497557582394e-02
6.490303961526899812e-01 8.106905662913865829e-02
6.492769162313258846e-01 8.070958858051324736e-02
6.495222300408923788e-01 8.035152594659011882e-02
6.497663436010974181e-01 7.999486385755527618e-02
6.500092629013963785e-01 7.963959745686743918e-02
6.502509939011387186e-01 7.928572190123595043e-02
6.504915425297147502e-01 7.893323236059901493e-02
6.507309146867015226e-01 7.858212401810182879e-02
6.509691162420077060e-01 7.823239207007470775e-02
6.512061530360184758e-01 7.788403172601165991e-02
6.514420308797388426e-01 7.753703820854840334e-02
6.516767555549383140e-01 7.719140675344104974e-02
6.519103328142925591e-01 7.684713260954456615e-02
6.521427683815255172e-01 7.650421103879179174e-02
6.523740679515521723e-01 7.616263731617178845e-02
6.526042371906184414e-01 7.582240672970874673e-02
6.528332817364419505e-01 7.548351458044078033e-02
6.530612071983517009e-01 7.514595618239927610e-02
6.532880191574275131e-01 7.480972686258746673e-02
6.535137231666383606e-01 7.447482196095944751e-02
6.537383247509807038e-01 7.414123683039974821e-02
6.539618294076158245e-01 7.380896683670201686e-02
6.541842426060062721e-01 7.347800735854881360e-02
6.544055697880524214e-01 7.314835378749018346e-02
6.546258163682282527e-01 7.282000152792422742e-02
6.548449877337162439e-01 7.249294599707489795e-02
6.550630892445419295e-01 7.216718262497268110e-02
6.552801262337075716e-01 7.184270685443383542e-02
6.554961040073259415e-01 7.151951414103951965e-02
6.557110278447524365e-01 7.119759995311569778e-02
6.559249029987177515e-01 7.087695977171271089e-02
6.561377346954593293e-01 7.055758909058496009e-02
6.563495281348520338e-01 7.023948341617070046e-02
6.565602884905391567e-01 6.992263826757139089e-02
6.567700209100616471e-01 6.960704917653182111e-02
6.569787305149876744e-01 6.929271168741979459e-02
6.571864224010415256e-01 6.897962135720592247e-02
6.573931016382311698e-01 6.866777375544341755e-02
6.575987732709764888e-01 6.835716446424811021e-02
6.578034423182358426e-01 6.804778907827835344e-02
6.580071137736324127e-01 6.773964320471426159e-02
6.582097926055803239e-01 6.743272246323894770e-02
6.584114837574097656e-01 6.712702248601731814e-02
6.586121921474921148e-01 6.682253891767653275e-02
6.588119226693633923e-01 6.651926741528568776e-02
6.590106801918482748e-01 6.621720364833660888e-02
6.592084695591833299e-01 6.591634329872275710e-02
6.594052955911392511e-01 6.561668206071991083e-02
6.596011630831428718e-01 6.531821564096629285e-02
6.597960768063982906e-01 6.502093975844225326e-02
6.599900415080083294e-01 6.472485014445028551e-02
6.601830619110943266e-01 6.442994254259537534e-02
6.603751427149158193e-01 6.413621270876490588e-02
6.605662885949902252e-01 6.384365641110889555e-02
6.607565042032108593e-01 6.355226943001968110e-02
6.609457941679656168e-01 6.326204755811237757e-02
6.611341630942542125e-01 6.297298660020467231e-02
6.613216155638050875e-01 6.268508237329706301e-02
6.615081561351924266e-01 6.239833070655276259e-02
6.616937893439513996e-01 6.211272744127793732e-02
6.618785197026941791e-01 6.182826843090183377e-02
6.620623517012246273e-01 6.154494954095623971e-02
6.622452898066522042e-01 6.126276664905661029e-02
6.624273384635066542e-01 6.098171564488086283e-02
6.626085020938506931e-01 6.070179243015039194e-02
6.627887850973925854e-01 6.042299291860964150e-02
6.629681918515991645e-01 6.014531303600634260e-02
6.631467267118067443e-01 5.986874872007097448e-02
6.633243940113326964e-01 5.959329592049766866e-02
6.635011980615865834e-01 5.931895059892333677e-02
6.636771431521788500e-01 5.904570872890824162e-02
6.638522335510324002e-01 5.877356629591556914e-02
6.640264735044902888e-01 5.850251929729188838e-02
6.641998672374249679e-01 5.823256374224616838e-02
6.643724189533459779e-01 5.796369565183068229e-02
6.645441328345080834e-01 5.769591105892035721e-02
6.647150130420182990e-01 5.742920600819279020e-02
6.648850637159415822e-01 5.716357655610826427e-02
6.650542889754083031e-01 5.689901877088932025e-02
6.652226929187188276e-01 5.663552873250088382e-02
6.653902796234487660e-01 5.637310253262972637e-02
6.655570531465538897e-01 5.611173627466459202e-02
6.657230175244739367e-01 5.585142607367599155e-02
6.658881767732360846e-01 5.559216805639588532e-02
6.660525348885586450e-01 5.533395836119703315e-02
6.662160958459528715e-01 5.507679313807334331e-02
6.663788636008258770e-01 5.482066854861933347e-02
6.665408420885812202e-01 5.456558076600970253e-02
6.667020352247214898e-01 5.431152597497901358e-02
6.668624469049474479e-01 5.405850037180148782e-02
6.670220810052593929e-01 5.380650016427057647e-02
6.671809413820561918e-01 5.355552157167842164e-02
6.673390318722347558e-01 5.330556082479542823e-02
6.674963562932887395e-01 5.305661416584994683e-02
6.676529184434065733e-01 5.280867784850784563e-02
6.678087221015700514e-01 5.256174813785174926e-02
6.679637710276504770e-01 5.231582131036072170e-02
6.681180689625063618e-01 5.207089365388961610e-02
6.682716196280797938e-01 5.182696146764875778e-02
6.684244267274919160e-01 5.158402106218284988e-02
6.685764939451386280e-01 5.134206875935110048e-02
6.687278249467858426e-01 5.110110089230568420e-02
6.688784233796634116e-01 5.086111380547175820e-02
6.690282928725597156e-01 5.062210385452636796e-02
6.691774370359151458e-01 5.038406740637790815e-02
6.693258594619151403e-01 5.014700083914558348e-02
6.694735637245834425e-01 4.991090054213820348e-02
6.696205533798733622e-01 4.967576291583353232e-02
6.697668319657603675e-01 4.944158437185774968e-02
6.699124030023333454e-01 4.920836133296424553e-02
6.700572699918854180e-01 4.897609023301296993e-02
6.702014364190043150e-01 4.874476751694944987e-02
6.703449057506624120e-01 4.851438964078369498e-02
6.704876814363068815e-01 4.828495307156965843e-02
6.706297669079479551e-01 4.805645428738392066e-02
6.707711655802481854e-01 4.782888977730481717e-02
6.709118808506108200e-01 4.760225604139134425e-02
6.710519160992673982e-01 4.737654959066217586e-02
6.711912746893649029e-01 4.715176694707468030e-02
6.713299599670535800e-01 4.692790464350349300e-02
6.714679752615727581e-01 4.670495922371964426e-02
6.716053238853372243e-01 4.648292724236957607e-02
6.717420091340231547e-01 4.626180526495349277e-02
6.718780342866528255e-01 4.604158986780437779e-02
6.720134026056800991e-01 4.582227763806712151e-02
6.721481173370746909e-01 4.560386517367664982e-02
6.722821817104061015e-01 4.538634908333705198e-02
6.724155989389271060e-01 4.516972598650015325e-02
6.725483722196572423e-01 4.495399251334408763e-02
6.726805047334655230e-01 4.473914530475209261e-02
6.728119996451529250e-01 4.452518101229130387e-02
6.729428601035338797e-01 4.431209629819077289e-02
6.730730892415183186e-01 4.409988783532059475e-02
6.732026901761929416e-01 4.388855230717025879e-02
6.733316660089014860e-01 4.367808640782722129e-02
6.734600198253255510e-01 4.346848684195525614e-02
6.735877546955639783e-01 4.325975032477324955e-02
6.737148736742130106e-01 4.305187358203321768e-02
6.738413798004454502e-01 4.284485334999899031e-02
6.739672760980888189e-01 4.263868637542467255e-02
6.740925655757044055e-01 4.243336941553299546e-02
6.742172512266648710e-01 4.222889923799344469e-02
6.743413360292318526e-01 4.202527262090116622e-02
6.744648229466333467e-01 4.182248635275465087e-02
6.745877149271405360e-01 4.162053723243430703e-02
6.747100149041441730e-01 4.141942206918081126e-02
6.748317257962304083e-01 4.121913768257323696e-02
6.749528505072569518e-01 4.101968090250740495e-02
6.750733919264280125e-01 4.082104856917401214e-02
6.751933529283691282e-01 4.062323753303664908e-02
6.753127363732018829e-01 4.042624465481048368e-02
6.754315451066186249e-01 4.023006680544005675e-02
6.755497819599551867e-01 4.003470086607707756e-02
6.756674497502650478e-01 3.984014372805932958e-02
6.757845512803919430e-01 3.964639229288813294e-02
6.759010893390434704e-01 3.945344347220669512e-02
6.760170667008620349e-01 3.926129418777823954e-02
6.761324861264979003e-01 3.906994137146357904e-02
6.762473503626806881e-01 3.887938196519991063e-02
6.763616621422896547e-01 3.868961292097794491e-02
6.764754241844261884e-01 3.850063120082070078e-02
6.765886391944826439e-01 3.831243377676085693e-02
6.767013098642138402e-01 3.812501763081910244e-02
6.768134388718058947e-01 3.793837975498182136e-02
6.769250288819466110e-01 3.775251715117899920e-02
6.770360825458936471e-01 3.756742683126257365e-02
6.771466025015442369e-01 3.738310581698378599e-02
6.772565913735024701e-01 3.719955113997108764e-02
6.773660517731485697e-01 3.701675984170837985e-02
6.774749862987057281e-01 3.683472897351258712e-02
6.775833975353078298e-01 3.665345559651178586e-02
6.776912880550669538e-01 3.647293678162211172e-02
6.777986604171386542e-01 3.629316960952699844e-02
6.779055171677901281e-01 3.611415117065375213e-02
6.780118608404648306e-01 3.593587856515190193e-02
6.781176939558488659e-01 3.575834890287066248e-02
6.782230190219364907e-01 3.558155930333695149e-02
6.783278385340942851e-01 3.540550689573318532e-02
6.784321549751268776e-01 3.523018881887485243e-02
6.785359708153405611e-01 3.505560222118797586e-02
6.786392885126075747e-01 3.488174426068713085e-02
6.787421105124302745e-01 3.470861210495346239e-02
6.788444392480033063e-01 3.453620293111137052e-02
6.789462771402783314e-01 3.436451392580752717e-02
6.790476265980254222e-01 3.419354228518711736e-02
6.791484900178959006e-01 3.402328521487274493e-02
6.792488697844849543e-01 3.385373992994133996e-02
6.793487682703925890e-01 3.368490365490195426e-02
6.794481878362856886e-01 3.351677362367366797e-02
6.795471308309588565e-01 3.334934707956260791e-02
6.796455995913954773e-01 3.318262127524052030e-02
6.797435964428286681e-01 3.301659347272123401e-02
6.798411236988002315e-01 3.285126094333923330e-02
6.799381836612217178e-01 3.268662096772678716e-02
6.800347786204341549e-01 3.252267083579141183e-02
6.801309108552661131e-01 3.235940784669422143e-02
6.802265826330942122e-01 3.219682930882639127e-02
6.803217962099008531e-01 3.203493253978773048e-02
6.804165538303328375e-01 3.187371486636347839e-02
6.805108577277595439e-01 3.171317362450265520e-02
6.806047101243311026e-01 3.155330615929474725e-02
6.806981132310352400e-01 3.139410982494827973e-02
6.807910692477547876e-01 3.123558198476739101e-02
6.808835803633249695e-01 3.107772001113007221e-02
6.809756487555893578e-01 3.092052128546551870e-02
6.810672765914567162e-01 3.076398319823170358e-02
6.811584660269569547e-01 3.060810314889250705e-02
6.812492192072969743e-01 3.045287854589628918e-02
6.813395382669156231e-01 3.029830680665224207e-02
6.814294253295398729e-01 3.014438535750896264e-02
6.815188825082386659e-01 2.999111163373124889e-02
6.816079119054785362e-01 2.983848307947833955e-02
6.816965156131770120e-01 2.968649714778059945e-02
6.817846957127575713e-01 2.953515130051798110e-02
6.818724542752027107e-01 2.938444300839704315e-02
6.819597933611081242e-01 2.923436975092852386e-02
6.820467150207352169e-01 2.908492901640524764e-02
6.821332212940649509e-01 2.893611830187947653e-02
6.822193142108494701e-01 2.878793511314037268e-02
6.823049957906657248e-01 2.864037696469168282e-02
6.823902680429666523e-01 2.849344137972942281e-02
6.824751329671335798e-01 2.834712589011900707e-02
6.825595925525276275e-01 2.820142803637382123e-02
6.826436487785412233e-01 2.805634536763168541e-02
6.827273036146490615e-01 2.791187544163298284e-02
6.828105590204590625e-01 2.776801582469834440e-02
6.828934169457627767e-01 2.762476409170588898e-02
6.829758793305860110e-01 2.748211782606957421e-02
6.830579481052381219e-01 2.734007461971577069e-02
6.831396251903629757e-01 2.719863207306194575e-02
6.832209124969874647e-01 2.705778779499334874e-02
6.833018119265712453e-01 2.691753940284136171e-02
6.833823253710554768e-01 2.677788452236085082e-02
6.834624547129121153e-01 2.663882078770785089e-02
6.835422018251919862e-01 2.650034584141724991e-02
6.836215685715729684e-01 2.636245733438058458e-02
6.837005568064083993e-01 2.622515292582361379e-02
6.837791683747747040e-01 2.608843028328389213e-02
6.838574051125186903e-01 2.595228708258867645e-02
6.839352688463051777e-01 2.581672100783249935e-02
6.840127613936638484e-01 2.568172975135540881e-02
6.840898845630358771e-01 2.554731101371965352e-02
6.841666401538207820e-01 2.541346250368847759e-02
6.842430299564226104e-01 2.528018193820347204e-02
6.843190557522960127e-01 2.514746704236237029e-02
6.843947193139920948e-01 2.501531554939651070e-02
6.844700224052038262e-01 2.488372520064952020e-02
6.845449667808117811e-01 2.475269374555388868e-02
6.846195541869287693e-01 2.462221894161020774e-02
6.846937863609452446e-01 2.449229855436374503e-02
6.847676650315734914e-01 2.436293035738312796e-02
6.848411919188923669e-01 2.423411213223791716e-02
6.849143687343914877e-01 2.410584166847651311e-02
6.849871971810150839e-01 2.397811676360395161e-02
6.850596789532055197e-01 2.385093522306014346e-02
6.851318157369472583e-01 2.372429486019733691e-02
6.852036092098101605e-01 2.359819349625880136e-02
6.852750610409918952e-01 2.347262896035584578e-02
6.853461728913614603e-01 2.334759908944661344e-02
6.854169464135014822e-01 2.322310172831343333e-02
6.854873832517507370e-01 2.309913472954183700e-02
6.855574850422463395e-01 2.297569595349724381e-02
6.856272534129654872e-01 2.285278326830408879e-02
6.856966899837673157e-01 2.273039454982328511e-02
6.857657963664347545e-01 2.260852768163090776e-02
6.858345741647154936e-01 2.248718055499543400e-02
6.859030249743627294e-01 2.236635106885698221e-02
6.859711503831771306e-01 2.224603712980455228e-02
6.860389519710460293e-01 2.212623665205426526e-02
6.861064313099853873e-01 2.200694755742849118e-02
6.861735899641792091e-01 2.188816777533275637e-02
6.862404294900192880e-01 2.176989524273498233e-02
6.863069514361459511e-01 2.165212790414294819e-02
6.863731573434870281e-01 2.153486371158352952e-02
6.864390487452972645e-01 2.141810062457993880e-02
6.865046271671981781e-01 2.130183661013085317e-02
6.865698941272160294e-01 2.118606964268832105e-02
6.866348511358220108e-01 2.107079770413633479e-02
6.866994996959691067e-01 2.095601878376895932e-02
6.867638413031322830e-01 2.084173087826912685e-02
6.868278774453453472e-01 2.072793199168676548e-02
6.868916096032398055e-01 2.061462013541748295e-02
6.869550392500820557e-01 2.050179332818058420e-02
6.870181678518118007e-01 2.038944959599808815e-02
6.870809968670784640e-01 2.027758697217330042e-02
6.871435277472790482e-01 2.016620349726883088e-02
6.872057619365953274e-01 2.005529721908549945e-02
6.872677008720300407e-01 1.994486619264113081e-02
6.873293459834441954e-01 1.983490848014879404e-02
6.873906986935929275e-01 1.972542215099559737e-02
6.874517604181626940e-01 1.961640528172159392e-02
6.875125325658059117e-01 1.950785595599802136e-02
6.875730165381783721e-01 1.939977226460654069e-02
6.876332137299738800e-01 1.929215230541792003e-02
6.876931255289604472e-01 1.918499418337005213e-02
6.877527533160150419e-01 1.907829601044797041e-02
6.878120984651592273e-01 1.897205590566186650e-02
6.878711623435938005e-01 1.886627199502610708e-02
6.879299463117340974e-01 1.876094241153858366e-02
6.879884517232439656e-01 1.865606529515873024e-02
6.880466799250701815e-01 1.855163879278731720e-02
6.881046322574776442e-01 1.844766105824502400e-02
6.881623100540821270e-01 1.834413025225178906e-02
6.882197146418853606e-01 1.824104454240527140e-02
6.882768473413076737e-01 1.813840210316031154e-02
6.883337094662227429e-01 1.803620111580828134e-02
6.883903023239896779e-01 1.793443976845543464e-02
6.884466272154871058e-01 1.783311625600281225e-02
6.885026854351461445e-01 1.773222878012514769e-02
6.885584782709824880e-01 1.763177554924988399e-02
6.886140070046302686e-01 1.753175477853674558e-02
6.886692729113734757e-01 1.743216468985686607e-02
6.887242772601787077e-01 1.733300351177224918e-02
6.887790213137279238e-01 1.723426947951456345e-02
6.888335063284494186e-01 1.713596083496538025e-02
6.888877335545502412e-01 1.703807582663474651e-02
6.889417042360479471e-01 1.694061270964120069e-02
6.889954196108016848e-01 1.684356974569112264e-02
6.890488809105440593e-01 1.674694520305786138e-02
6.891020893609118847e-01 1.665073735656152909e-02
6.891550461814774931e-01 1.655494448754879500e-02
6.892077525857794873e-01 1.645956488387223526e-02
6.892602097813531614e-01 1.636459683986957181e-02
6.893124189697616977e-01 1.627003865634446544e-02
6.893643813466256987e-01 1.617588864054475550e-02
6.894160981016542733e-01 1.608214510614336401e-02
6.894675704186743470e-01 1.598880637321753451e-02
6.895187994756613037e-01 1.589587076822840395e-02
6.895697864447679626e-01 1.580333662400146277e-02
6.896205324923547764e-01 1.571120227970601579e-02
6.896710387790188079e-01 1.561946608083486510e-02
6.897213064596234844e-01 1.552812637918510319e-02
6.897713366833275739e-01 1.543718153283679673e-02
6.898211305936139404e-01 1.534662990613411271e-02
6.898706893283186314e-01 1.525646986966477936e-02
6.899200140196595221e-01 1.516669980024032416e-02
6.899691057942645145e-01 1.507731808087620085e-02
6.900179657732008476e-01 1.498832310077180541e-02
6.900665950720019648e-01 1.489971325529071411e-02
6.901149948006970458e-01 1.481148694594092152e-02
6.901631660638378740e-01 1.472364258035507856e-02
6.902111099605269251e-01 1.463617857227095254e-02
6.902588275844455667e-01 1.454909334151111011e-02
6.903063200238808150e-01 1.446238531396404348e-02
6.903535883617529789e-01 1.437605292156429737e-02
6.904006336756431939e-01 1.429009460227259609e-02
6.904474570378200671e-01 1.420450880005696970e-02
6.904940595152669891e-01 1.411929396487232591e-02
6.905404421697083350e-01 1.403444855264190938e-02
6.905866060576371090e-01 1.394997102523709565e-02
6.906325522303405906e-01 1.386585985045873937e-02
6.906782817339270908e-01 1.378211350201730134e-02
6.907237956093521536e-01 1.369873045951364166e-02
6.907690948924447571e-01 1.361570920841992383e-02
6.908141806139331820e-01 1.353304824006018592e-02
6.908590537994708791e-01 1.345074605159102266e-02
6.909037154696622274e-01 1.336880114598304470e-02
6.909481666400881794e-01 1.328721203200100565e-02
6.909924083213313528e-01 1.320597722418503928e-02
6.910364415190017873e-01 1.312509524283178575e-02
6.910802672337619246e-01 1.304456461397496270e-02
6.911238864613515887e-01 1.296438386936682452e-02
6.911673001926130766e-01 1.288455154645884448e-02
6.912105094135158057e-01 1.280506618838328503e-02
6.912535151051810711e-01 1.272592634393376887e-02
6.912963182439065823e-01 1.264713056754707132e-02
6.913389198011906656e-01 1.256867741928380244e-02
6.913813207437567998e-01 1.249056546481008834e-02
6.914235220335775978e-01 1.241279327537858634e-02
6.914655246278992307e-01 1.233535942780994432e-02
6.915073294792644099e-01 1.225826250447403787e-02
6.915489375355374779e-01 1.218150109327176267e-02
6.915903497399267241e-01 1.210507378761616071e-02
6.916315670310086983e-01 1.202897918641399055e-02
6.916725903427518585e-01 1.195321589404729767e-02
6.917134206045389977e-01 1.187778252035498472e-02
6.917540587411912245e-01 1.180267768061449285e-02
6.917945056729901676e-01 1.172789999552337203e-02
6.918347623157020676e-01 1.165344809118074032e-02
6.918748295805994264e-01 1.157932059906985334e-02
6.919147083744843219e-01 1.150551615603867539e-02
6.919543995997110564e-01 1.143203340428300407e-02
6.919939041542080282e-01 1.135887099132693034e-02
6.920332229315007133e-01 1.128602757000618517e-02
6.920723568207336474e-01 1.121350179844893269e-02
6.921113067066922975e-01 1.114129234005833968e-02
6.921500734698255997e-01 1.106939786349458998e-02
6.921886579862670530e-01 1.099781704265656579e-02
6.922270611278573682e-01 1.092654855666419511e-02
6.922652837621652289e-01 1.085559108984079923e-02
6.923033267525100509e-01 1.078494333169499608e-02
6.923411909579818557e-01 1.071460397690293664e-02
6.923788772334638075e-01 1.064457172529076345e-02
6.924163864296527526e-01 1.057484528181673600e-02
6.924537193930808687e-01 1.050542335655380022e-02
6.924908769661359820e-01 1.043630466467149187e-02
6.925278599870834384e-01 1.036748792641895012e-02
6.925646692900853107e-01 1.029897186710715395e-02
6.926013057052228250e-01 1.023075521709126967e-02
6.926377700585155672e-01 1.016283671175366443e-02
6.926740631719429109e-01 1.009521509148592067e-02
6.927101858634634457e-01 1.002788910167196068e-02
6.927461389470358499e-01 9.960857492670394109e-03
6.927819232326389853e-01 9.894119019797531500e-03
6.928175395262915481e-01 9.827672443309842798e-03
6.928529886300723861e-01 9.761516528386970926e-03
6.928882713421402606e-01 9.695650045114634352e-03
6.929233884567531643e-01 9.630071768467418636e-03
6.929583407642883053e-01 9.564780478291567967e-03
6.929931290512620912e-01 9.499774959288220799e-03
6.930277541003482256e-01 9.435054000996312418e-03
6.930622166903984693e-01 9.370616397775366480e-03
6.930965175964607372e-01 9.306460948789396781e-03
6.931306575897988598e-01 9.242586457988921644e-03
6.931646374379113462e-01 9.178991734095198751e-03
6.931984579045505912e-01 9.115675590582461574e-03
6.932321197497411935e-01 9.052636845662487275e-03
6.932656237297990520e-01 8.989874322266278028e-03
6.932989705973500172e-01 8.927386848028961985e-03
6.933321611013478769e-01 8.865173255272029706e-03
6.933651959870938963e-01 8.803232380987568995e-03
6.933980759962539153e-01 8.741563066821167460e-03
6.934308018668772222e-01 8.680164159055814288e-03
6.934633743334147615e-01 8.619034508595468935e-03
6.934957941267370085e-01 8.558172970948074720e-03
6.935280619741519548e-01 8.497578406210237745e-03
6.935601785994229829e-01 8.437249679049796391e-03
6.935921447227867409e-01 8.377185658690611270e-03
6.936239610609704620e-01 8.317385218895467780e-03
6.936556283272103940e-01 8.257847237950421970e-03
6.936871472312678977e-01 8.198570598648369234e-03
6.937185184794485426e-01 8.139554188273279145e-03
6.937497427746182055e-01 8.080796898583653132e-03
6.937808208162206114e-01 8.022297625797092380e-03
6.938117533002946535e-01 7.964055270573755507e-03
6.938425409194914906e-01 7.906068738000926466e-03
6.938731843630909779e-01 7.848336937576916306e-03
6.939036843170192093e-01 7.790858783194742898e-03
6.939340414638652810e-01 7.733633193127475991e-03
6.939642564828971683e-01 7.676659090011361819e-03
6.939943300500794887e-01 7.619935400830724070e-03
6.940242628380890455e-01 7.563461056901976676e-03
6.940540555163318137e-01 7.507234993858302730e-03
6.940837087509594827e-01 7.451256151633667280e-03
6.941132232048849993e-01 7.395523474447607271e-03
6.941425995377996649e-01 7.340035910789688423e-03
6.941718384061883462e-01 7.284792413403851086e-03
6.942009404633462388e-01 7.229791939273311208e-03
6.942299063593944108e-01 7.175033449604573121e-03
6.942587367412960120e-01 7.120515909812885624e-03
6.942874322528713726e-01 7.066238289506476811e-03
6.943159935348144352e-01 7.012199562471121972e-03
6.943444212247081859e-01 6.958398706655599675e-03
6.943727159570398655e-01 6.904834704155926595e-03
6.944008783632168447e-01 6.851506541200480527e-03
6.944289090715816126e-01 6.798413208134679309e-03
6.944568087074276530e-01 6.745553699406547921e-03
6.944845778930137659e-01 6.692927013550953319e-03
6.945122172475801658e-01 6.640532153175171537e-03
6.945397273873630262e-01 6.588368124943788651e-03
6.945671089256095776e-01 6.536433939563934814e-03
6.945943624725927634e-01 6.484728611770185225e-03
6.946214886356265605e-01 6.433251160310127226e-03
6.946484880190804123e-01 6.382000607929483316e-03
6.946753612243941056e-01 6.330975981357123139e-03
6.947021088500920927e-01 6.280176311290852631e-03
6.947287314917982570e-01 6.229600632382648051e-03
6.947552297422501244e-01 6.179247983224001040e-03
6.947816041913138507e-01 6.129117406331374696e-03
6.948078554259976558e-01 6.079207948131770678e-03
6.948339840304667003e-01 6.029518658948185283e-03
6.948599905860570747e-01 5.980048592985398592e-03
6.948858756712896767e-01 5.930796808315541568e-03
6.949116398618846446e-01 5.881762366863552138e-03
6.949372837307750128e-01 5.832944334393075358e-03
6.949628078481203675e-01 5.784341780492363583e-03
6.949882127813211685e-01 5.735953778559732541e-03
6.950134990950322944e-01 5.687779405789683551e-03
6.950386673511765867e-01 5.639817743158803687e-03
6.950637181089580618e-01 5.592067875411221856e-03
6.950886519248766771e-01 5.544528891045508168e-03
6.951134693527400987e-01 5.497199882299463880e-03
6.951381709436785794e-01 5.450079945137353832e-03
6.951627572461573923e-01 5.403168179235140478e-03
6.951872288059902649e-01 5.356463687967050191e-03
6.952115861663525909e-01 5.309965578391473429e-03
6.952358298677947523e-01 5.263672961237642056e-03
6.952599604482547768e-01 5.217584950891307471e-03
6.952839784430717707e-01 5.171700665381528950e-03
6.953078843849980206e-01 5.126019226366573811e-03
6.953316788042129826e-01 5.080539759120594745e-03
6.953553622283349389e-01 5.035261392520085089e-03
6.953789351824346543e-01 4.990183259030223084e-03
6.954023981890473660e-01 4.945304494691216135e-03
6.954257517681856626e-01 4.900624239105200175e-03
6.954489964373515853e-01 4.856141635422472902e-03
6.954721327115499507e-01 4.811855830328393147e-03
6.954951611032998970e-01 4.767765974029947174e-03
6.955180821226474297e-01 4.723871220242314983e-03
6.955408962771780779e-01 4.680170726175991724e-03
6.955636040720286628e-01 4.636663652523131951e-03
6.955862060098993993e-01 4.593349163444560013e-03
6.956087025910661081e-01 4.550226426556891468e-03
6.956310943133925395e-01 4.507294612918877341e-03
6.956533816723420305e-01 4.464552897019080646e-03
6.956755651609889401e-01 4.422000456761998599e-03
6.956976452700314173e-01 4.379636473456183232e-03
6.957196224878026136e-01 4.337460131800141561e-03
6.957414973002821190e-01 4.295470619870456197e-03
6.957632701911085071e-01 4.253667129108129608e-03
6.957849416415897714e-01 4.212048854306260637e-03
6.958065121307162038e-01 4.170614993597276943e-03
6.958279821351703864e-01 4.129364748439945387e-03
6.958493521293398487e-01 4.088297323606826517e-03
6.958706225853275029e-01 4.047411927171729040e-03
6.958917939729638569e-01 4.006707770496942267e-03
6.959128667598174500e-01 3.966184068220801606e-03
6.959338414112061777e-01 3.925840038244921004e-03
6.959547183902090595e-01 3.885674901721980490e-03
6.959754981576762312e-01 3.845687883043069633e-03
6.959961811722409353e-01 3.805878209825475089e-03
6.960167678903301791e-01 3.766245112900135084e-03
6.960372587661751709e-01 3.726787826299426953e-03
6.960576542518226439e-01 3.687505587244732652e-03
6.960779547971459591e-01 3.648397636134448341e-03
6.960981608498547635e-01 3.609463216531438867e-03
6.961182728555067589e-01 3.570701575151269402e-03
6.961382912575178050e-01 3.532111961849326853e-03
6.961582164971722442e-01 3.493693629609828655e-03
6.961780490136344479e-01 3.455445834532722138e-03
6.961977892439576987e-01 3.417367835822471278e-03
6.962174376230962913e-01 3.379458895775511174e-03
6.962369945839146368e-01 3.341718279768479682e-03
6.962564605571981424e-01 3.304145256246338036e-03
6.962758359716629819e-01 3.266739096710713497e-03
6.962951212539673085e-01 3.229499075707575884e-03
6.963143168287201368e-01 3.192424470816135340e-03
6.963334231184921119e-01 3.155514562636407838e-03
6.963524405438259457e-01 3.118768634778001925e-03
6.963713695232454093e-01 3.082185973848017291e-03
6.963902104732659915e-01 3.045765869440053564e-03
6.964089638084045575e-01 3.009507614121775809e-03
6.964276299411893412e-01 2.973410503424145368e-03
6.964462092821697148e-01 2.937473835829318425e-03
6.964647022399255150e-01 2.901696912759543778e-03
6.964831092210772567e-01 2.866079038565394477e-03
6.965014306302956815e-01 2.830619520514887633e-03
6.965196668703113048e-01 2.795317668781494014e-03
6.965378183419235203e-01 2.760172796433035813e-03
6.965558854440108139e-01 2.725184219420695442e-03
6.965738685735398672e-01 2.690351256567580229e-03
6.965917681255748839e-01 2.655673229557065085e-03
6.966095844932871373e-01 2.621149462922134354e-03
6.966273180679640742e-01 2.586779284034279591e-03
6.966449692390186410e-01 2.552562023091953236e-03
6.966625383939988314e-01 2.518497013110021499e-03
6.966800259185961242e-01 2.484583589908218038e-03
6.966974321966552530e-01 2.450821092100485821e-03
6.967147576101830886e-01 2.417208861084096938e-03
6.967320025393575200e-01 2.383746241028217305e-03
6.967491673625365589e-01 2.350432578863803634e-03
6.967662524562672210e-01 2.317267224271835069e-03
6.967832581952945192e-01 2.284249529673432200e-03
6.968001849525702340e-01 2.251378850218421768e-03
6.968170330992617956e-01 2.218654543775011589e-03
6.968338030047608322e-01 2.186075970918577305e-03
6.968504950366919415e-01 2.153642494921670369e-03
6.968671095609215715e-01 2.121353481742804803e-03
6.968836469415664592e-01 2.089208300016243136e-03
6.969001075410021784e-01 2.057206321041116226e-03
6.969164917198718001e-01 2.025346918771320226e-03
6.969327998370944410e-01 1.993629469804525378e-03
6.969490322498734791e-01 1.962053353372406050e-03
6.969651893137049914e-01 1.930617951329427484e-03
6.969812713823863026e-01 1.899322648142964809e-03
6.969972788080243120e-01 1.868166830882977969e-03
6.970132119410432647e-01 1.837149889211353582e-03
6.970290711301941888e-01 1.806271215372134975e-03
6.970448567225614456e-01 1.775530204181086091e-03
6.970605690635722773e-01 1.744926253014922324e-03
6.970762084970041350e-01 1.714458761802206688e-03
6.970917753649931159e-01 1.684127133012247590e-03
6.971072700080418461e-01 1.653930771645661935e-03
6.971226927650273630e-01 1.623869085224050046e-03
6.971380439732096645e-01 1.593941483779892643e-03
6.971533239682385918e-01 1.564147379846780872e-03
6.971685330841626005e-01 1.534486188449202260e-03
6.971836716534360878e-01 1.504957327092881769e-03
6.971987400069274976e-01 1.475560215754678772e-03
6.972137384739272026e-01 1.446294276873039131e-03
6.972286673821541658e-01 1.417158935337559100e-03
6.972435270577652666e-01 1.388153618479992524e-03
6.972583178253615177e-01 1.359277756063925757e-03
6.972730400079963919e-01 1.330530780275340774e-03
6.972876939271831498e-01 1.301912125712734181e-03
6.973022799029024998e-01 1.273421229377902364e-03
6.973167982536101484e-01 1.245057530665727441e-03
6.973312492962435716e-01 1.216820471354740363e-03
6.973456333462304535e-01 1.188709495598128107e-03
6.973599507174954582e-01 1.160724049913519629e-03
6.973742017224675571e-01 1.132863583173993050e-03
6.973883866720873570e-01 1.105127546598194677e-03
6.974025058758144269e-01 1.077515393741457217e-03
6.974165596416346258e-01 1.050026580486029815e-03
6.974305482760674302e-01 1.022660565031752178e-03
6.974444720841722622e-01 9.954168078868397274e-04
6.974583313695565945e-01 9.682947718586687458e-04
6.974721264343826110e-01 9.412939220445615263e-04
6.974858575793739801e-01 9.144137258223494769e-04
6.974995251038234034e-01 8.876536528412692917e-04
6.975131293055992776e-01 8.610131750129701445e-04
6.975266704811525775e-01 8.344917665022988373e-04
6.975401489255239618e-01 8.080889037180849499e-04
6.975535649323505449e-01 7.818040653043700772e-04
6.975669187938725591e-01 7.556367321310819563e-04
6.975802108009405700e-01 7.295863872853747267e-04
6.975934412430218057e-01 7.036525160625251019e-04
6.976066104082072616e-01 6.778346059566064952e-04
6.976197185832180292e-01 6.521321466527174593e-04
6.976327660534120678e-01 6.265446300165455895e-04
6.976457531027913106e-01 6.010715500871510741e-04
6.976586800140075484e-01 5.757124030669746872e-04
6.976715470683693132e-01 5.504666873136221383e-04
6.976843545458485396e-01 5.253339033310933104e-04
6.976971027250867818e-01 5.003135537610114980e-04
6.977097918834019863e-01 4.754051433738526455e-04
6.977224222967945977e-01 4.506081790607296966e-04
6.977349942399544425e-01 4.259221698241777432e-04
6.977475079862662799e-01 4.013466267700493972e-04
6.977599638078172406e-01 3.768810630987440291e-04
6.977723619754020445e-01 3.525249940968810947e-04
6.977847027585299955e-01 3.282779371286403958e-04
6.977969864254309762e-01 3.041394116273243853e-04
6.978092132430617767e-01 2.801089390870314944e-04
6.978213834771120894e-01 2.561860430544404821e-04
6.978334973920105044e-01 2.323702491201506959e-04
6.978455552509312820e-01 2.086610849102443765e-04
6.978575573158000145e-01 1.850580800784040747e-04
6.978695038472992884e-01 1.615607662974749559e-04
6.978813951048754571e-01 1.381686772511381278e-04
6.978932313467445248e-01 1.148813486258060124e-04
6.979050128298971423e-01 9.169831810229567282e-05
6.979167398101062680e-01 6.861912534816827502e-05
6.979284125419311646e-01 4.564331200884730322e-05
6.979400312787251703e-01 2.277042170018006573e-05
6.979515962726396960e-01 1.110223024625156540e-16
