0.000000000000000000e+00 9.356736532869607270e-01
7.004395822858500154e-03 9.358150269484856176e-01
1.394879608802646054e-02 9.359558957121025813e-01
2.083370399334749656e-02 9.360962591727715054e-01
2.765961856175946920e-02 9.362361168630984887e-01
3.442703467694385733e-02 9.363754682516957084e-01
4.113644311870368053e-02 9.365143127415009872e-01
4.778833059806952832e-02 9.366526496680561698e-01
5.438317979213835862e-02 9.367904782977456435e-01
6.092146937864717504e-02 9.369277978259915596e-01
6.740367407028602376e-02 9.370646073754077543e-01
7.383026464874997696e-02 9.372009059939092612e-01
8.020170799853665322e-02 9.373366926527787468e-01
8.651846714048960774e-02 9.374719662446890922e-01
9.278100126509247758e-02 9.376067255816793455e-01
9.898976576551321571e-02 9.377409693930862655e-01
1.051452122704061853e-01 9.378746963234294576e-01
1.112477886764701163e-01 9.380079049302489924e-01
1.172979391807684735e-01 9.381405936818966174e-01
1.232961043128122380e-01 9.382727609552777848e-01
1.292427209664096521e-01 9.384044050335460518e-01
1.351382224312850378e-01 9.385355241037480756e-01
1.409830384244689094e-01 9.386661162544188697e-01
1.467775951214639329e-01 9.387961794731272125e-01
1.525223151871861749e-01 9.389257116439700956e-01
1.582176178066884153e-01 9.390547105450164356e-01
1.638639187156648580e-01 9.391831738456987155e-01
1.694616302307415667e-01 9.393110991041536684e-01
1.750111612795546279e-01 9.394384837645096686e-01
1.805129174306195905e-01 9.395653251541216111e-01
1.859673009229932950e-01 9.396916204807529427e-01
1.913747106957324196e-01 9.398173668297040706e-01
1.967355424171499667e-01 9.399425611608872577e-01
2.020501885138729081e-01 9.400672003058472281e-01
2.073190381997035425e-01 9.401912809647279268e-01
2.125424775042867864e-01 9.403147997031845451e-01
2.177208893015867286e-01 9.404377529492413679e-01
2.228546533381731143e-01 9.405601369900943309e-01
2.279441462613229774e-01 9.406819479688595109e-01
2.329897416469375315e-01 9.408031818812663261e-01
2.379918100272774284e-01 9.409238345722956698e-01
2.429507189185197147e-01 9.410439017327640876e-01
2.478668328481377081e-01 9.411633788958519986e-01
2.527405133821065686e-01 9.412822614335786264e-01
2.575721191519372288e-01 9.414005445532214189e-01
2.623620058815401279e-01 9.415182232936818441e-01
2.671105264139225222e-01 9.416352925217972292e-01
2.718180307377204841e-01 9.417517469285984211e-01
2.764848660135669212e-01 9.418675810255150438e-01
2.811113766003010550e-01 9.419827891405273546e-01
2.856979040810173620e-01 9.420973654142661413e-01
2.902447872889600822e-01 9.422113037960603288e-01
2.947523623332618525e-01 9.423245980399345134e-01
2.992209626245310172e-01 9.424372417005548730e-01
3.036509189002893905e-01 9.425492281291260044e-01
3.080425592502599175e-01 9.426605504692386894e-01
3.123962091415106723e-01 9.427712016526698102e-01
3.167121914434527508e-01 9.428811743951347468e-01
3.209908264526958321e-01 9.429904611919940338e-01
3.252324319177640755e-01 9.430990543139151638e-01
3.294373230636722383e-01 9.432069458024897601e-01
3.336058126163651272e-01 9.433141274658092268e-01
3.377382108270210459e-01 9.434205908739977664e-01
3.418348254962219057e-01 9.435263273547068730e-01
3.458959619979902200e-01 9.436313279885698568e-01
3.499219233036964249e-01 9.437355836046205093e-01
3.539130100058351935e-01 9.438390847756757962e-01
3.578695203416750736e-01 9.439418218136848004e-01
3.617917502167803390e-01 9.440437847650458014e-01
3.656799932284078292e-01 9.441449634058933782e-01
3.695345406887794448e-01 9.442453472373572021e-01
3.733556816482307417e-01 9.443449254807941839e-01
3.771437029182380662e-01 9.444436870729969735e-01
3.808988890943240113e-01 9.445416206613800325e-01
3.846215225788419678e-01 9.446387145991465006e-01
3.883118836036418831e-01 9.447349569404362990e-01
3.919702502526160037e-01 9.448303354354603556e-01
3.955968984841272684e-01 9.449248375256218413e-01
3.991921021533191283e-01 9.450184503386261925e-01
4.027561330343083501e-01 9.451111606835851386e-01
4.062892608422601359e-01 9.452029550461142904e-01
4.097917532553472242e-01 9.452938195834298396e-01
4.132638759365916403e-01 9.453837401194445933e-01
4.167058925555904292e-01 9.454727021398684483e-01
4.201180648101238146e-01 9.455606907873145284e-01
4.235006524476466749e-01 9.456476908564154238e-01
4.268539132866638885e-01 9.457336867889510890e-01
4.301781032379863312e-01 9.458186626689922827e-01
4.334734763258705215e-01 9.459026022180636595e-01
4.367402847090380291e-01 9.459854887903270670e-01
4.399787787015766449e-01 9.460673053677914890e-01
4.431892067937205359e-01 9.461480345555500771e-01
4.463718156725096087e-01 9.462276585770498238e-01
4.495268502423255264e-01 9.463061592693950974e-01
4.526545536453053797e-01 9.463835180786909218e-01
4.557551672816294586e-01 9.464597160554270028e-01
4.588289308296824576e-01 9.465347338499069396e-01
4.618760822660871179e-01 9.466085517077263978e-01
4.648968578856077505e-01 9.466811494653031289e-01
4.678914923209215315e-01 9.467525065454625022e-01
4.708602185622563496e-01 9.468226019530811000e-01
4.738032679768926503e-01 9.468914142707934856e-01
4.767208703285268356e-01 9.469589216547642518e-01
4.796132537964938880e-01 9.470251018305282376e-01
4.824806449948465525e-01 9.470899320889043516e-01
4.853232689912886366e-01 9.471533892819834488e-01
4.881413493259590952e-01 9.472154498191956984e-01
4.909351080300640158e-01 9.472760896634603300e-01
4.937047656443542820e-01 9.473352843274187585e-01
4.964505412374433657e-01 9.473930088697575247e-01
4.991726524239650242e-01 9.474492378916209434e-01
5.018713153825639095e-01 9.475039455331183413e-01
5.045467448737178673e-01 9.475571054699273299e-01
5.071991542573877076e-01 9.476086909099967759e-01
5.098287555104893398e-01 9.476586745903514686e-01
5.124357592441848297e-01 9.477070287740010368e-01
5.150203747209892713e-01 9.477537252469552254e-01
5.175828098716863668e-01 9.477987353153486394e-01
5.201232713120517159e-01 9.478420298026755120e-01
5.226419643593765985e-01 9.478835790471372702e-01
5.251390930487883635e-01 9.479233528991052316e-01
5.276148601493630963e-01 9.479613207186984303e-01
5.300694671800251223e-01 9.479974513734787944e-01
5.325031144252283521e-01 9.480317132362662269e-01
5.349160009504145830e-01 9.480640741830712592e-01
5.373083246172439820e-01 9.480945015911497187e-01
5.396802820985915350e-01 9.481229623371777437e-01
5.420320688933040199e-01 9.481494227955485909e-01
5.443638793407145071e-01 9.481738488367907891e-01
5.466759066349049512e-01 9.481962058261087511e-01
5.489683428387155395e-01 9.482164586220435121e-01
5.512413788974912521e-01 9.482345715752560356e-01
5.534952046525640768e-01 9.482505085274302026e-01
5.557300088544612215e-01 9.482642328102948159e-01
5.579459791758376586e-01 9.482757072447646207e-01
5.601433022241235626e-01 9.482848941401985643e-01
5.623221635538844243e-01 9.482917552937720762e-01
5.644827476788851772e-01 9.482962519899643672e-01
5.666252380838556757e-01 9.482983450001560843e-01
5.687498172359488624e-01 9.482979945823368784e-01
5.708566665958898501e-01 9.482951604809185531e-01
5.729459666288057029e-01 9.482898019266532419e-01
5.750178968147361402e-01 9.482818776366511715e-01
5.770726356588140593e-01 9.482713458144963470e-01
5.791103607011159893e-01 9.482581641504566061e-01
5.811312485261728167e-01 9.482422898217837126e-01
5.831354747721391174e-01 9.482236794930998247e-01
5.851232141396150999e-01 9.482022893168664535e-01
5.870946404001153862e-01 9.481780749339318026e-01
5.890499264041814120e-01 9.481509914741512723e-01
5.909892440891334475e-01 9.481209935570772407e-01
5.929127644864561342e-01 9.480880352927132382e-01
5.948206577288150942e-01 9.480520702823267420e-01
5.967130930567003944e-01 9.480130516193170376e-01
5.985902388246935324e-01 9.479709318901307080e-01
6.004522625073535069e-01 9.479256631752225326e-01
6.022993307047201927e-01 9.478771970500527999e-01
6.041316091474315808e-01 9.478254845861188160e-01
6.059492627014522181e-01 9.477704763520122810e-01
6.077524553724110712e-01 9.477121224144993139e-01
6.095413503095450380e-01 9.476503723396160206e-01
6.113161098092494417e-01 9.475851751937740541e-01
6.130768953182315073e-01 9.475164795448716148e-01
6.148238674362664913e-01 9.474442334634026741e-01
6.165571859185557946e-01 9.473683845235614243e-01
6.182770096776875057e-01 9.472888798043331837e-01
6.199834967851971523e-01 9.472056658905694260e-01
6.216768044727318809e-01 9.471186888740404930e-01
6.233570891328151786e-01 9.470278943544604422e-01
6.250245063192171324e-01 9.469332274404806959e-01
6.266792107469277839e-01 9.468346327506464988e-01
6.283213562917386863e-01 9.467320544143120742e-01
6.299510959894322193e-01 9.466254360725111505e-01
6.315685820345828816e-01 9.465147208787779709e-01
6.331739657789730025e-01 9.463998514999154565e-01
6.347673977296259817e-01 9.462807701167087471e-01
6.363490275464609436e-01 9.461574184245783448e-01
6.379190040395735783e-01 9.460297376341734177e-01
6.394774751661468359e-01 9.458976684719014871e-01
6.410245880269966889e-01 9.457611511803938331e-01
6.425604888627582945e-01 9.456201255189042865e-01
6.440853230497194382e-01 9.454745307636428509e-01
6.455992350953050352e-01 9.453243057080414902e-01
6.471023686332216807e-01 9.451693886629553010e-01
6.485948664182672463e-01 9.450097174567979597e-01
6.500768703208146260e-01 9.448452294356139980e-01
6.515485213209750714e-01 9.446758614630909046e-01
6.530099595024516645e-01 9.445015499205121623e-01
6.544613240460890324e-01 9.443222307066575505e-01
6.559027532231304081e-01 9.441378392376519324e-01
6.573343843881878090e-01 9.439483104467705221e-01
6.587563539719387684e-01 9.437535787842041834e-01
6.601687974735565012e-01 9.435535782167933094e-01
6.615718494528837201e-01 9.433482422277361668e-01
6.629656435223623134e-01 9.431375038162804758e-01
6.643503123387277665e-01 9.429212954974074412e-01
6.657259875944798733e-01 9.426995493015181138e-01
6.670928000091400634e-01 9.424721967741321871e-01
6.684508793203092214e-01 9.422391689756123290e-01
6.698003542745346595e-01 9.420003964809241515e-01
6.711413526179992317e-01 9.417558093794482499e-01
6.724740010870460249e-01 9.415053372748556360e-01
6.737984253985478400e-01 9.412489092850648831e-01
6.751147502401385614e-01 9.409864540422939738e-01
6.764230992603126325e-01 9.407178996932267223e-01
6.777235950584121760e-01 9.404431738993104251e-01
6.790163591745093097e-01 9.401622038372040580e-01
6.803015120791993109e-01 9.398749161993968926e-01
6.815791731633178419e-01 9.395812371950189590e-01
6.828494607275930051e-01 9.392810925508647824e-01
6.841124919722488817e-01 9.389744075126530420e-01
6.853683829865709898e-01 9.386611068465466889e-01
6.866172487384483158e-01 9.383411148409571689e-01
6.878592030639048005e-01 9.380143553086595087e-01
6.890943586566344869e-01 9.376807515892435774e-01
6.903228270575518799e-01 9.373402265519301668e-01
6.915447186443729466e-01 9.369927025987789815e-01
6.927601426212388613e-01 9.366381016683184013e-01
6.939692070083955944e-01 9.362763452396267727e-01
6.951720186319431116e-01 9.359073543368960912e-01
6.963686831136668420e-01 9.355310495345097177e-01
6.975593048609656233e-01 9.351473509626649916e-01
6.987439870568866729e-01 9.347561783135769353e-01
6.999228316502830172e-01 9.343574508482926921e-01
7.010959393461044797e-01 9.339510874041538901e-01
7.022634095958358857e-01 9.335370064029413495e-01
7.034253405880934729e-01 9.331151258597356613e-01
7.045818292393934978e-01 9.326853633925320519e-01
7.057329711851048071e-01 9.322476362326437282e-01
7.068788607705958071e-01 9.318018612359325603e-01
7.080195910425908234e-01 9.313479548949010756e-01
7.091552537407440626e-01 9.308858333516858430e-01
7.102859392894452784e-01 9.304154124119883296e-01
7.114117367898674660e-01 9.299366075599801995e-01
7.125327340122675768e-01 9.294493339742213589e-01
7.136490173885517985e-01 9.289535065446280493e-01
7.147606720051157270e-01 9.284490398905274056e-01
7.158677815959697543e-01 9.279358483798364476e-01
7.169704285361608864e-01 9.274138461494008112e-01
7.180686938355007598e-01 9.268829471265309650e-01
7.191626571326088513e-01 9.263430650517694431e-01
7.202523966892822038e-01 9.257941135029255086e-01
7.213379893852003288e-01 9.252360059204106646e-01
7.224195107129737226e-01 9.246686556339074325e-01
7.234970347735478757e-01 9.240919758904047043e-01
7.245706342719673287e-01 9.235058798836291993e-01
7.256403805135127616e-01 9.229102807849031143e-01
7.267063434002158928e-01 9.223050917754557210e-01
7.277685914277634005e-01 9.216902260802157798e-01
7.288271916827950836e-01 9.210655970031083051e-01
7.298822098406050340e-01 9.204311179638795526e-01
7.309337101632551459e-01 9.197867025364693250e-01
7.319817554981027374e-01 9.191322644889506899e-01
7.330264072767569417e-01 9.184677178250516549e-01
7.340677255144627544e-01 9.177929768272727884e-01
7.351057688099241760e-01 9.171079561016106663e-01
7.361405943455716638e-01 9.164125706238964719e-01
7.371722578882773380e-01 9.157067357877520797e-01
7.382008137905269329e-01 9.149903674541671750e-01
7.392263149920513809e-01 9.142633820026938585e-01
7.402488130219233575e-01 9.135256963842544042e-01
7.412683580011252271e-01 9.127772281755510697e-01
7.422849986455900551e-01 9.120178956350668553e-01
7.432987822697214586e-01 9.112476177606381178e-01
7.443097547903967381e-01 9.104663143485783872e-01
7.453179607314545096e-01 9.096739060543272970e-01
7.463234432286720565e-01 9.088703144545938750e-01
7.473262440352329561e-01 9.080554621109598878e-01
7.483264035276904202e-01 9.072292726349017178e-01
7.493239607124253521e-01 9.063916707541884721e-01
7.503189532326014488e-01 9.055425823806042551e-01
7.513114173756213487e-01 9.046819346789404248e-01
7.523013880810796028e-01 9.038096561371989912e-01
7.532888989492174669e-01 9.029256766379392118e-01
7.542739822498776281e-01 9.020299275306997711e-01
7.552566689319578641e-01 9.011223417054178286e-01
7.562369886333634161e-01 9.002028536667650016e-01
7.572149696914576289e-01 8.992713996093140150e-01
7.581906391540071954e-01 8.983279174934414302e-01
7.591640227906206739e-01 8.973723471218727488e-01
7.601351451046777230e-01 8.964046302167628655e-01
7.611040293457456141e-01 8.954247104972080651e-01
7.620706975224783575e-01 8.944325337570734336e-01
7.630351704159945569e-01 8.934280479430194433e-01
7.639974675937308835e-01 8.924112032326048105e-01
7.649576074237613987e-01 8.913819521123370615e-01
7.659156070895823953e-01 8.903402494555407998e-01
7.668714826053505407e-01 8.892860525999063404e-01
7.678252488315721047e-01 8.882193214245795998e-01
7.687769194912315029e-01 8.871400184266491351e-01
7.697265071863546027e-01 8.860481087968835601e-01
7.706740234149940250e-01 8.849435604945701250e-01
7.716194785886314467e-01 8.838263443213005832e-01
7.725628820499824689e-01 8.826964339935505777e-01
7.735042420911968364e-01 8.815538062138961184e-01
7.744435659724413501e-01 8.803984407407073887e-01
7.753808599408537061e-01 8.792303204561626728e-01
7.763161292498554911e-01 8.780494314324220895e-01
7.772493781788112344e-01 8.768557629958004807e-01
7.781806100530206383e-01 8.756493077887828047e-01
7.791098272640287759e-01 8.744300618297212724e-01
7.800370312902412673e-01 8.731980245700591281e-01
7.809622227178288911e-01 8.719531989489269774e-01
7.818854012619060878e-01 8.706955914449583389e-01
7.828065657879675898e-01 8.694252121251772047e-01
7.837257143335665255e-01 8.681420746908125041e-01
7.846428441302185641e-01 8.668461965198983599e-01
7.855579516255123407e-01 8.655375987065250243e-01
7.864710325054112827e-01 8.642163060966110422e-01
7.873820817167276331e-01 8.628823473200701866e-01
7.882910934897500166e-01 8.615357548192588144e-01
7.891980613610070083e-01 8.601765648735899550e-01
7.901029781961477205e-01 8.588048176202131012e-01
7.910058362129195331e-01 8.574205570706637802e-01
7.919066270042246503e-01 8.560238311233963060e-01
7.928053415612361654e-01 8.546146915721222204e-01
7.937019702965534274e-01 8.531931941098861438e-01
7.945965030673773910e-01 8.517593983288200832e-01
7.954889291986870781e-01 8.503133677155269021e-01
7.963792375063959428e-01 8.488551696420557624e-01
7.972674163204703790e-01 8.473848753524398925e-01
7.981534535079888304e-01 8.459025599447806965e-01
7.990373364961245173e-01 8.444083023488715423e-01
7.999190522950294646e-01 8.429021852993645592e-01
8.007985875206032889e-01 8.413842953044984307e-01
8.016759284171268707e-01 8.398547226104123853e-01
8.025510608797417067e-01 8.383135611610841309e-01
8.034239704767579537e-01 8.367609085539419178e-01
8.042946424717711817e-01 8.351968659912095694e-01
8.051630618455725141e-01 8.336215382270555363e-01
8.060292133178335039e-01 8.320350335106269091e-01
8.068930813685478709e-01 8.304374635250597603e-01
8.077546502592176658e-01 8.288289433225678460e-01
8.086139040537627665e-01 8.272095912557200226e-01
8.094708266391426044e-01 8.255795289050268382e-01
8.103254017456733571e-01 8.239388810029666388e-01
8.111776129670270619e-01 8.222877753545869695e-01
8.120274437798985501e-01 8.206263427548285971e-01
8.128748775633277690e-01 8.189547169027242557e-01
8.137198976176648335e-01 8.172730343126317631e-01
8.145624871831667058e-01 8.155814342226681557e-01
8.154026294582137346e-01 8.138800585005168120e-01
8.162403076171359517e-01 8.121690515467835381e-01
8.170755048276405752e-01 8.104485601960840224e-01
8.179082042678303965e-01 8.087187336160469586e-01
8.187383891428050564e-01 8.069797232044217949e-01
8.195660427008397697e-01 8.052316824844820697e-01
8.203911482491315077e-01 8.034747669989161789e-01
8.212136891691099727e-01 8.017091342024006417e-01
8.220336489313053718e-01 7.999349433530502651e-01
8.228510111097698809e-01 7.981523554029388290e-01
8.236657593960496904e-01 7.963615328878859145e-01
8.244778776127020814e-01 7.945626398166998339e-01
8.252873497263579772e-01 7.927558415600717279e-01
8.260941598603255276e-01 7.909413047393032414e-01
8.268982923067362822e-01 7.891191971150597340e-01
8.276997315382315090e-01 7.872896874763256614e-01
8.284984622191897685e-01 7.854529455297427631e-01
8.292944692164968545e-01 7.836091417895043598e-01
8.300877376098589888e-01 7.817584474679736273e-01
8.308782527016622677e-01 7.799010343671899381e-01
8.316660000263789154e-01 7.780370747714209223e-01
8.324509653595273395e-01 7.761667413409109040e-01
8.332331347261852095e-01 7.742902070069738185e-01
8.340124944090636649e-01 7.724076448685666119e-01
8.347890309561440958e-01 7.705192280904773483e-01
8.355627311878867092e-01 7.686251298032523716e-01
8.363335822040114387e-01 7.667255230049800918e-01
8.371015713898615207e-01 7.648205804650445305e-01
8.378666864223544009e-01 7.629104746299477657e-01
8.386289152755259657e-01 7.609953775313021973e-01
8.393882462256768706e-01 7.590754606960770090e-01
8.401446678561275139e-01 7.571508950591818721e-01
8.408981690615890958e-01 7.552218508784610540e-01
8.416487390521585343e-01 7.532884976521634357e-01
8.423963673569477839e-01 7.513510040389478339e-01
8.431410438273514441e-01 7.494095377804741442e-01
8.438827586399663128e-01 7.474642656266259344e-01
8.446215022991672150e-01 7.455153532634001268e-01
8.453572656393517626e-01 7.435629652434960768e-01
8.460900398268599298e-01 7.416072649196252531e-01
8.468198163615792140e-01 7.396484143805623912e-01
8.475465870782451505e-01 7.376865743899456707e-01
8.482703441474441775e-01 7.357219043278334647e-01
8.489910800763307286e-01 7.337545621350149982e-01
8.497087877090658825e-01 7.317847042600709173e-01
8.504234602269880039e-01 7.298124856091698920e-01
8.511350911485242587e-01 7.278380594985850438e-01
8.518436743288522184e-01 7.258615776099109906e-01
8.525492039593216553e-01 7.238831899479516441e-01
8.532516745666437474e-01 7.219030448012522250e-01
8.539510810118589035e-01 7.199212887052390819e-01
8.546474184890916481e-01 7.179380664079300089e-01
8.553406825240998934e-01 7.159535208381746507e-01
8.560308689726303655e-01 7.139677930763779212e-01
8.567179740185855152e-01 7.119810223276619165e-01
8.574019941720142368e-01 7.099933458974152511e-01
8.580829262669307234e-01 7.080048991691757498e-01
8.587607674589734508e-01 7.060158155847938710e-01
8.594355152229099515e-01 7.040262266268193514e-01
8.601071673499962600e-01 7.020362618030526747e-01
8.607757219452000230e-01 7.000460486332026333e-01
8.614411774242914932e-01 6.980557126375868116e-01
8.621035325108147296e-01 6.960653773278157042e-01
8.627627862329417807e-01 6.940751641993958554e-01
8.634189379202197312e-01 6.920851927261887360e-01
8.640719872002171620e-01 6.900955803566624081e-01
8.647219339950752426e-01 6.881064425118700312e-01
8.653687785179725589e-01 6.861178925850930366e-01
8.660125212695076735e-01 6.841300419430829116e-01
8.666531630340069681e-01 6.821429999288377566e-01
8.672907048757637627e-01 6.801568738658514413e-01
8.679251481352138198e-01 6.781717690637700802e-01
8.685564944250534491e-01 6.761877888253930990e-01
8.691847456263054328e-01 6.742050344549594953e-01
8.698099038843385422e-01 6.722236052676540119e-01
8.704319716048443123e-01 6.702435986002766022e-01
8.710509514497785100e-01 6.682651098230125708e-01
8.716668463332686301e-01 6.662882323522473227e-01
8.722796594174950791e-01 6.643130576643682117e-01
8.728893941085490438e-01 6.623396753104946466e-01
8.734960540522704875e-01 6.603681729320861615e-01
8.740996431300722680e-01 6.583986362773703860e-01
8.747001654547518212e-01 6.564311492185413988e-01
8.752976253662968498e-01 6.544657937696771732e-01
8.758920274276854601e-01 6.525026501053252659e-01
8.764833764206870770e-01 6.505417965797092306e-01
8.770716773416652456e-01 6.485833097465109054e-01
8.776569353973863175e-01 6.466272643791795005e-01
8.782391560008370179e-01 6.446737334917274076e-01
8.788183447670528947e-01 6.427227883599678782e-01
8.793945075089613095e-01 6.407744985431549356e-01
8.799676502332408612e-01 6.388289319059858862e-01
8.805377791361995721e-01 6.368861546409274599e-01
8.811049005996743899e-01 6.349462312908304984e-01
8.816690211869537830e-01 6.330092247717974407e-01
8.822301476387260921e-01 6.310751963962677458e-01
8.827882868690543061e-01 6.291442058962914974e-01
8.833434459613804801e-01 6.272163114469566647e-01
8.838956321645602410e-01 6.252915696899450371e-01
8.844448528889298222e-01 6.233700357571834161e-01
8.849911157024065167e-01 6.214517632945673054e-01
8.855344283266239902e-01 6.195368044857294532e-01
8.860747986331038994e-01 6.176252100758279351e-01
8.866122346394649245e-01 6.157170293953340146e-01
8.871467445056704371e-01 6.138123103837928030e-01
8.876783365303150264e-01 6.119110996135407321e-01
8.882070191469523257e-01 6.100134423133567463e-01
8.887328009204628065e-01 6.081193823920296726e-01
8.892556905434650938e-01 6.062289624618246719e-01
8.897756968327684701e-01 6.043422238618318953e-01
8.902928287258694562e-01 6.024592066811804703e-01
8.908070952774921336e-01 6.005799497821067146e-01
8.913185056561725439e-01 5.987044908228578155e-01
8.918270691408882733e-01 5.968328662804238682e-01
8.923327951177325579e-01 5.949651114730818424e-01
8.928356930766345734e-01 5.931012605827428175e-01
8.933357726081248007e-01 5.912413466770913839e-01
8.938330434001462432e-01 5.893854017315089955e-01
8.943275152349129398e-01 5.875334566507707246e-01
8.948191979858128864e-01 5.856855412905086489e-01
8.953081016143589199e-01 5.838416844784344306e-01
8.957942361671848985e-01 5.820019140353144271e-01
8.962776117730882897e-01 5.801662567956905603e-01
8.967582386401202754e-01 5.783347386283432812e-01
8.972361270527198229e-01 5.765073844564900796e-01
8.977112873688967154e-01 5.746842182777157637e-01
8.981837300174578820e-01 5.728652631836310682e-01
8.986534654952814671e-01 5.710505413792563711e-01
8.991205043646357531e-01 5.692400742021274107e-01
8.995848572505436014e-01 5.674338821411206712e-01
9.000465348381925246e-01 5.656319848549962170e-01
9.005055478703883898e-01 5.638344011906573083e-01
9.009619071450559735e-01 5.620411492011258003e-01
9.014156235127815942e-01 5.602522461632299944e-01
9.018667078744012633e-01 5.584677085950087161e-01
9.023151711786321361e-01 5.566875522728279568e-01
9.027610244197465938e-01 5.549117922482118548e-01
9.032042786352908470e-01 5.531404428643884597e-01
9.036449449038442827e-01 5.513735177725499481e-01
9.040830343428223337e-01 5.496110299478307315e-01
9.045185581063206470e-01 5.478529917050014575e-01
9.049515273830002204e-01 5.460994147138826804e-01
9.053819533940146158e-01 5.443503100144795326e-01
9.058098473909760306e-01 5.426056880318381737e-01
9.062352206539630028e-01 5.408655585906272378e-01
9.066580844895664182e-01 5.391299309294455000e-01
9.070784502289754858e-01 5.373988137148595357e-01
9.074963292261022385e-01 5.356722150551715966e-01
9.079117328557433364e-01 5.339501425139228097e-01
9.083246725117812836e-01 5.322326031231323640e-01
9.087351596054211722e-01 5.305196033962771285e-01
9.091432055634653953e-01 5.288111493410134756e-01
9.095488218266237768e-01 5.271072464716446415e-01
9.099520198478600053e-01 5.254078998213371765e-01
9.103528110907731508e-01 5.237131139540898150e-01
9.107512070280142646e-01 5.220228929764557657e-01
9.111472191397367304e-01 5.203372405490260810e-01
9.115408589120812533e-01 5.186561598976722198e-01
9.119321378356930463e-01 5.169796538245562401e-01
9.123210674042734336e-01 5.153077247189072896e-01
9.127076591131619843e-01 5.136403745675724997e-01
9.130919244579522864e-01 5.119776049653412819e-01
9.134738749331378083e-01 5.103194171250503564e-01
9.138535220307892892e-01 5.086658118874705092e-01
9.142308772392622185e-01 5.070167897309794114e-01
9.146059520419351774e-01 5.053723507810249371e-01
9.149787579159759376e-01 5.037324948193799834e-01
9.153493063311384237e-01 5.020972212931958945e-01
9.157176087485869864e-01 5.004665293238538260e-01
9.160836766197492098e-01 4.988404177156221531e-01
9.164475213851961399e-01 4.972188849641194786e-01
9.168091544735499365e-01 4.956019292645882368e-01
9.171685873004180589e-01 4.939895485199831127e-01
9.175258312673536532e-01 4.923817403488766065e-01
9.178808977608418074e-01 4.907785020931851871e-01
9.182337981513108982e-01 4.891798308257204742e-01
9.185845437921695833e-01 4.875857233575670024e-01
9.189331460188676637e-01 4.859961762452916778e-01
9.192796161479808159e-01 4.844111857979874758e-01
9.196239654763197491e-01 4.828307480841540489e-01
9.199662052800618994e-01 4.812548589384190167e-01
9.203063468139062175e-01 4.796835139681042692e-01
9.206444013102503821e-01 4.781167085596372823e-01
9.209803799783899958e-01 4.765544378848146634e-01
9.213142940037390982e-01 4.749966969069167044e-01
9.216461545470721051e-01 4.734434803866802710e-01
9.219759727437868424e-01 4.718947828881284723e-01
9.223037597031875645e-01 4.703505987842651059e-01
9.226295265077880670e-01 4.688109222626313244e-01
9.229532842126347836e-01 4.672757473307321829e-01
9.232750438446486463e-01 4.657450678213327366e-01
9.235948164019869289e-01 4.642188773976279048e-01
9.239126128534222993e-01 4.626971695582886568e-01
9.242284441377408566e-01 4.611799376423861840e-01
9.245423211631584870e-01 4.596671748341981667e-01
9.248542548067538727e-01 4.581588741678991328e-01
9.251642559139190425e-01 4.566550285321367975e-01
9.254723352978271311e-01 4.551556306744977132e-01
9.257785037389160143e-01 4.536606732058647840e-01
9.260827719843889305e-01 4.521701486046678653e-01
9.263851507477300906e-01 4.506840492210314464e-01
9.266856507082370520e-01 4.492023672808204138e-01
9.269842825105671924e-01 4.477250948895870053e-01
9.272810567642999491e-01 4.462522240364206194e-01
9.275759840435129355e-01 4.447837465977030336e-01
9.278690748863739346e-01 4.433196543407713630e-01
9.281603397947448819e-01 4.418599389274897593e-01
9.284497892338017255e-01 4.404045919177342894e-01
9.287374336316662760e-01 4.389536047727895518e-01
9.290232833790518230e-01 4.375069688586626926e-01
9.293073488289226303e-01 4.360646754493134880e-01
9.295896402961640881e-01 4.346267157298058237e-01
9.298701680572678541e-01 4.331930807993784605e-01
9.301489423500265419e-01 4.317637616744408602e-01
9.304259733732428428e-01 4.303387492914928503e-01
9.307012712864485282e-01 4.289180345099713465e-01
9.309748462096356647e-01 4.275016081150261327e-01
9.312467082229992643e-01 4.260894608202249190e-01
9.315168673666898158e-01 4.246815832701910098e-01
9.317853336405782505e-01 4.232779660431741364e-01
9.320521170040296788e-01 4.218785996535557858e-01
9.323172273756886730e-01 4.204834745542922469e-01
9.325806746332737651e-01 4.190925811392947065e-01
9.328424686133826027e-01 4.177059097457492820e-01
9.331026191113060975e-01 4.163234506563784354e-01
9.333611358808521219e-01 4.149451941016434331e-01
9.336180286341785317e-01 4.135711302618928498e-01
9.338733070416355142e-01 4.122012492694540065e-01
9.341269807316159302e-01 4.108355412106721172e-01
9.343790592904153147e-01 4.094739961278969220e-01
9.346295522620993168e-01 4.081166040214182500e-01
9.348784691483802423e-01 4.067633548513517328e-01
9.351258194085011466e-01 4.054142385394765569e-01
9.353716124591280323e-01 4.040692449710246992e-01
9.356158576742493738e-01 4.027283639964255313e-01
9.358585643850840796e-01 4.013915854330034616e-01
9.360997418799954506e-01 4.000588990666337219e-01
9.363393994044141300e-01 3.987302946533529679e-01
9.365775461607658281e-01 3.974057619209298009e-01
9.368141913084083727e-01 3.960852905703936555e-01
9.370493439635734223e-01 3.947688702775239422e-01
9.372830131993159508e-01 3.934564906943002205e-01
9.375152080454695058e-01 3.921481414503144025e-01
9.377459374886084609e-01 3.908438121541467636e-01
9.379752104720154859e-01 3.895434923947045380e-01
9.382030358956553462e-01 3.882471717425263202e-01
9.384294226161549179e-01 3.869548397510516047e-01
9.386543794467883117e-01 3.856664859578575744e-01
9.388779151574677684e-01 3.843820998858621385e-01
9.391000384747402174e-01 3.831016710444959950e-01
9.393207580817886093e-01 3.818251889308433844e-01
9.395400826184390208e-01 3.805526430307525354e-01
9.397580206811718684e-01 3.792840228199162445e-01
9.399745808231393385e-01 3.780193177649242564e-01
9.401897715541863709e-01 3.767585173242873342e-01
9.404036013408773043e-01 3.755016109494331289e-01
9.406160786065260737e-01 3.742485880856769587e-01
9.408272117312316274e-01 3.729994381731649433e-01
9.410370090519174502e-01 3.717541506477926028e-01
9.412454788623753066e-01 3.705127149420981425e-01
9.414526294133130913e-01 3.692751204861325354e-01
9.416584689124062324e-01 3.680413567083048454e-01
9.418630055243540911e-01 3.668114130362050140e-01
9.420662473709389140e-01 3.655852788974047751e-01
9.422682025310895604e-01 3.643629437202359211e-01
9.424688790409476713e-01 3.631443969345479195e-01
9.426682848939389459e-01 3.619296279724443233e-01
9.428664280408459719e-01 3.607186262689989764e-01
9.430633163898858307e-01 3.595113812629526784e-01
9.432589578067902547e-01 3.583078823973906424e-01
9.434533601148893389e-01 3.571081191204006355e-01
9.436465310951975827e-01 3.559120808857137996e-01
9.438384784865037069e-01 3.547197571533261540e-01
9.440292099854633578e-01 3.535311373901047771e-01
9.442187332466933647e-01 3.523462110703746708e-01
9.444070558828706607e-01 3.511649676764907468e-01
9.445941854648323144e-01 3.499873966993936047e-01
9.447801295216790018e-01 3.488134876391482120e-01
9.449648955408802564e-01 3.476432300054690394e-01
9.451484909683830482e-01 3.464766133182292096e-01
9.453309232087219183e-01 3.453136271079547681e-01
9.455121996251318883e-01 3.441542609163061872e-01
9.456923275396632578e-01 3.429985042965443265e-01
9.458713142332988433e-01 3.418463468139842920e-01
9.460491669460732167e-01 3.406977780464348626e-01
9.462258928771938304e-01 3.395527875846262589e-01
9.464014991851641412e-01 3.384113650326248113e-01
9.465759929879088430e-01 3.372735000082353052e-01
9.467493813629005439e-01 3.361391821433915572e-01
9.469216713472886626e-01 3.350084010845361115e-01
9.470928699380299909e-01 3.338811464929871686e-01
9.472629840920200328e-01 3.327574080452958549e-01
9.474320207262275639e-01 3.316371754335923905e-01
9.475999867178291902e-01 3.305204383659210432e-01
9.477668889043462386e-01 3.294071865665658683e-01
9.479327340837830906e-01 3.282974097763662336e-01
9.480975290147665158e-01 3.271910977530221309e-01
9.482612804166865583e-01 3.260882402713906059e-01
9.484239949698388683e-01 3.249888271237730830e-01
9.485856793155678091e-01 3.238928481201928111e-01
9.487463400564115634e-01 3.228002930886646471e-01
9.489059837562473509e-01 3.217111518754556254e-01
9.490646169404387544e-01 3.206254143453373118e-01
9.492222460959831576e-01 3.195430703818302742e-01
9.493788776716612920e-01 3.184641098874404497e-01
9.495345180781867844e-01 3.173885227838878498e-01
9.496891736883570356e-01 3.163162990123276064e-01
9.498428508372049883e-01 3.152474285335641335e-01
9.499955558221518936e-01 3.141819013282575179e-01
9.501472949031606330e-01 3.131197073971235811e-01
9.502980743028899280e-01 3.120608367611267253e-01
9.504479002068492166e-01 3.110052794616661176e-01
9.505967787635543065e-01 3.099530255607561013e-01
9.507447160846839163e-01 3.089040651411995020e-01
9.508917182452364392e-01 3.078583883067549376e-01
9.510377912836874836e-01 3.068159851822991335e-01
9.511829412021479691e-01 3.057768459139814654e-01
9.513271739665231097e-01 3.047409606693753936e-01
9.514704955066710657e-01 3.037083196376220151e-01
9.516129117165630369e-01 3.026789130295695074e-01
9.517544284544430244e-01 3.016527310779071325e-01
9.518950515429885906e-01 3.006297640372940227e-01
9.520347867694713972e-01 2.996100021844826378e-01
9.521736398859188544e-01 2.985934358184383353e-01
9.523116166092751023e-01 2.975800552604527249e-01
9.524487226215637703e-01 2.965698508542541356e-01
9.525849635700489593e-01 2.955628129661119763e-01
9.527203450673985552e-01 2.945589319849379883e-01
9.528548726918465439e-01 2.935581983223822800e-01
9.529885519873556587e-01 2.925606024129255855e-01
9.531213884637805833e-01 2.915661347139677506e-01
9.532533875970308213e-01 2.905747857059118866e-01
9.533845548292341210e-01 2.895865458922443070e-01
9.535148955689001227e-01 2.886014057996119098e-01
9.536444151910831168e-01 2.876193559778946751e-01
9.537731190375462464e-01 2.866403870002748322e-01
9.539010124169247096e-01 2.856644894633033616e-01
9.540281006048892953e-01 2.846916539869623897e-01
9.541543888443103638e-01 2.837218712147239197e-01
9.542798823454206048e-01 2.827551318136065639e-01
9.544045862859796836e-01 2.817914264742277242e-01
9.545285058114365562e-01 2.808307459108541071e-01
9.546516460350937816e-01 2.798730808614482424e-01
9.547740120382703921e-01 2.789184220877121145e-01
9.548956088704649847e-01 2.779667603751289073e-01
9.550164415495191461e-01 2.770180865330010844e-01
9.551365150617802113e-01 2.760723913944859165e-01
9.552558343622640225e-01 2.751296658166291209e-01
9.553744043748174652e-01 2.741899006803946159e-01
9.554922299922812279e-01 2.732530868906933863e-01
9.556093160766514494e-01 2.723192153764085743e-01
9.557256674592424783e-01 2.713882770904189057e-01
9.558412889408478552e-01 2.704602630096200055e-01
9.559561852919022940e-01 2.695351641349428284e-01
9.560703612526432194e-01 2.686129714913704225e-01
9.561838215332709723e-01 2.676936761279523624e-01
9.562965708141102361e-01 2.667772691178171840e-01
9.564086137457702419e-01 2.658637415581829311e-01
9.565199549493048625e-01 2.649530845703653714e-01
9.566305990163722628e-01 2.640452892997848799e-01
9.567405505093948825e-01 2.631403469159707686e-01
9.568498139617178655e-01 2.622382486125648393e-01
9.569583938777685983e-01 2.613389856073216055e-01
9.570662947332145842e-01 2.604425491421086258e-01
9.571735209751216500e-01 2.595489304829038391e-01
9.572800770221118194e-01 2.586581209197915676e-01
9.573859672645201879e-01 2.577701117669576325e-01
9.574911960645522413e-01 2.568848943626818038e-01
9.575957677564402859e-01 2.560024600693296959e-01
9.576996866465991021e-01 2.551228002733428868e-01
9.578029570137820414e-01 2.542459063852273715e-01
9.579055831092360140e-01 2.533717698395411277e-01
9.580075691568563645e-01 2.525003820948796829e-01
9.581089193533410819e-01 2.516317346338612371e-01
9.582096378683446769e-01 2.507658189631097878e-01
9.583097288446315032e-01 2.499026266132371443e-01
9.584091963982290796e-01 2.490421491388240538e-01
9.585080446185799685e-01 2.481843781183999953e-01
9.586062775686942095e-01 2.473293051544219745e-01
9.587038992853003094e-01 2.464769218732514311e-01
9.588009137789970104e-01 2.456272199251313682e-01
9.588973250344026145e-01 2.447801909841617052e-01
9.589931370103061958e-01 2.439358267482730769e-01
9.590883536398161491e-01 2.430941189392009649e-01
9.591829788305095139e-01 2.422550593024577203e-01
9.592770164645803010e-01 2.414186396073040308e-01
9.593704703989874849e-01 2.405848516467198328e-01
9.594633444656021082e-01 2.397536872373738914e-01
9.595556424713543864e-01 2.389251382195924922e-01
9.596473681983798132e-01 2.380991964573279107e-01
9.597385254041647107e-01 2.372758538381249949e-01
9.598291178216918906e-01 2.364551022730881913e-01
9.599191491595846504e-01 2.356369336968470174e-01
9.600086231022516570e-01 2.348213400675207563e-01
9.600975433100292777e-01 2.340083133666830406e-01
9.601859134193257983e-01 2.331978455993249932e-01
9.602737370427626429e-01 2.323899287938184788e-01
9.603610177693170380e-01 2.315845550018781340e-01
9.604477591644626777e-01 2.307817162985223991e-01
9.605339647703104999e-01 2.299814047820353258e-01
9.606196381057490186e-01 2.291836125739262764e-01
9.607047826665832124e-01 2.283883318188898448e-01
9.607894019256740803e-01 2.275955546847648892e-01
9.608734993330763086e-01 2.268052733624934536e-01
9.609570783161763829e-01 2.260174800660786909e-01
9.610401422798297011e-01 2.252321670325421188e-01
9.611226946064966858e-01 2.244493265218813205e-01
9.612047386563793427e-01 2.236689508170260909e-01
9.612862777675557080e-01 2.228910322237946939e-01
9.613673152561156288e-01 2.221155630708494533e-01
9.614478544162939899e-01 2.213425357096522328e-01
9.615278985206046070e-01 2.205719425144189172e-01
9.616074508199730086e-01 2.198037758820741150e-01
9.616865145438691087e-01 2.190380282322047512e-01
9.617650929004383231e-01 2.182746920070143259e-01
9.618431890766329095e-01 2.175137596712756194e-01
9.619208062383428626e-01 2.167552237122836178e-01
9.619979475305248107e-01 2.159990766398084405e-01
9.620746160773323563e-01 2.152453109860472669e-01
9.621508149822440847e-01 2.144939193055760418e-01
9.622265473281914616e-01 2.137448941753015141e-01
9.623018161776868418e-01 2.129982281944120537e-01
9.623766245729497015e-01 2.122539139843292455e-01
9.624509755360334262e-01 2.115119441886579299e-01
9.625248720689502102e-01 2.107723114731367975e-01
9.625983171537965122e-01 2.100350085255892063e-01
9.626713137528770670e-01 2.093000280558720005e-01
9.627438648088292306e-01 2.085673627958264387e-01
9.628159732447451047e-01 2.078370054992264571e-01
9.628876419642951046e-01 2.071089489417290430e-01
9.629588738518491953e-01 2.063831859208224984e-01
9.630296717725982392e-01 2.056597092557754802e-01
9.631000385726748991e-01 2.049385117875857087e-01
9.631699770792735427e-01 2.042195863789283417e-01
9.632394901007698129e-01 2.035029259141045710e-01
9.633085804268390895e-01 2.027885232989891096e-01
9.633772508285751712e-01 2.020763714609786765e-01
9.634455040586078489e-01 2.013664633489394840e-01
9.635133428512193676e-01 2.006587919331551673e-01
9.635807699224614442e-01 1.999533502052738276e-01
9.636477879702707305e-01 1.992501311782559625e-01
9.637143996745840546e-01 1.985491278863213971e-01
9.637806076974529956e-01 1.978503333848962153e-01
9.638464146831580148e-01 1.971537407505600248e-01
9.639118232583211432e-01 1.964593430809931096e-01
9.639768360320197793e-01 1.957671334949225850e-01
9.640414555958979337e-01 1.950771051320697724e-01
9.641056845242781392e-01 1.943892511530963541e-01
9.641695253742725846e-01 1.937035647395508597e-01
9.642329806858931374e-01 1.930200390938158206e-01
9.642960529821609228e-01 1.923386674390531459e-01
9.643587447692162362e-01 1.916594430191510545e-01
9.644210585364263455e-01 1.909823590986705621e-01
9.644829967564936268e-01 1.903074089627908583e-01
9.645445618855632564e-01 1.896345859172563486e-01
9.646057563633296805e-01 1.889638832883220321e-01
9.646665826131428645e-01 1.882952944226999881e-01
9.647270430421136522e-01 1.876288126875050866e-01
9.647871400412194598e-01 1.869644314702015864e-01
9.648468759854079702e-01 1.863021441785480681e-01
9.649062532337013831e-01 1.856419442405444764e-01
9.649652741292993330e-01 1.849838251043771642e-01
9.650239409996821394e-01 1.843277802383652686e-01
9.650822561567122815e-01 1.836738031309063102e-01
9.651402218967360946e-01 1.830218872904223470e-01
9.651978405006851336e-01 1.823720262453056851e-01
9.652551142341760926e-01 1.817242135438646988e-01
9.653120453476103924e-01 1.810784427542697639e-01
9.653686360762743224e-01 1.804347074644990778e-01
9.654248886404365182e-01 1.797930012822845924e-01
9.654808052454471046e-01 1.791533178350580569e-01
9.655363880818345068e-01 1.785156507698963946e-01
9.655916393254028174e-01 1.778799937534685238e-01
9.656465611373279412e-01 1.772463404719804014e-01
9.657011556642536299e-01 1.766146846311212881e-01
9.657554250383866279e-01 1.759850199560101247e-01
9.658093713775917077e-01 1.753573401911412422e-01
9.658629967854851506e-01 1.747316391003302938e-01
9.659163033515293373e-01 1.741079104666608535e-01
9.659692931511251190e-01 1.734861480924295707e-01
9.660219682457042989e-01 1.728663457990936569e-01
9.660743306828224464e-01 1.722484974272161518e-01
9.661263824962491586e-01 1.716325968364126320e-01
9.661781257060600980e-01 1.710186379052969219e-01
9.662295623187263649e-01 1.704066145314286906e-01
9.662806943272052029e-01 1.697965206312586073e-01
9.663315237110287059e-01 1.691883501400751610e-01
9.663820524363926356e-01 1.685820970119518147e-01
9.664322824562449066e-01 1.679777552196924928e-01
9.664822157103732936e-01 1.673753187547796228e-01
9.665318541254920293e-01 1.667747816273195127e-01
9.665811996153292895e-01 1.661761378659897259e-01
9.666302540807129029e-01 1.655793815179862349e-01
9.666790194096557265e-01 1.649845066489695755e-01
9.667274974774411334e-01 1.643915073430124441e-01
9.667756901467075004e-01 1.638003777025466290e-01
9.668235992675321411e-01 1.632111118483100531e-01
9.668712266775151276e-01 1.626237039192938161e-01
9.669185742018617802e-01 1.620381480726896806e-01
9.669656436534659338e-01 1.614544384838375590e-01
9.670124368329915399e-01 1.608725693461725559e-01
9.670589555289542671e-01 1.602925348711730091e-01
9.671052015178023264e-01 1.597143292883075327e-01
9.671511765639975167e-01 1.591379468449830581e-01
9.671968824200950499e-01 1.585633818064926537e-01
9.672423208268227102e-01 1.579906284559627894e-01
9.672874935131604568e-01 1.574196810943023772e-01
9.673324021964188058e-01 1.568505340401497028e-01
9.673770485823167675e-01 1.562831816298212440e-01
9.674214343650595627e-01 1.557176182172596013e-01
9.674655612274158933e-01 1.551538381739817618e-01
9.675094308407943267e-01 1.545918358890275845e-01
9.675530448653197890e-01 1.540316057689085083e-01
9.675964049499086173e-01 1.534731422375558152e-01
9.676395127323447198e-01 1.529164397362694494e-01
9.676823698393532958e-01 1.523614927236666139e-01
9.677249778866761076e-01 1.518082956756313662e-01
9.677673384791446454e-01 1.512568430852626600e-01
9.678094532107535120e-01 1.507071294628237190e-01
9.678513236647335871e-01 1.501591493356918550e-01
9.678929514136245249e-01 1.496128972483068420e-01
9.679343380193461410e-01 1.490683677621208458e-01
9.679754850332707994e-01 1.485255554555477975e-01
9.680163939962936892e-01 1.479844549239129892e-01
9.680570664389038793e-01 1.474450607794026702e-01
9.680975038812544842e-01 1.469073676510140869e-01
9.681377078332322750e-01 1.463713701845051895e-01
9.681776797945269575e-01 1.458370630423448944e-01
9.682174212547002279e-01 1.453044409036625684e-01
9.682569336932539406e-01 1.447734984641994016e-01
9.682962185796981647e-01 1.442442304362573369e-01
9.683352773736186858e-01 1.437166315486509971e-01
9.683741115247445075e-01 1.431906965466572812e-01
9.684127224730136874e-01 1.426664201919660702e-01
9.684511116486405058e-01 1.421437972626314883e-01
9.684892804721807469e-01 1.416228225530224982e-01
9.685272303545974237e-01 1.411034908737737181e-01
9.685649626973253934e-01 1.405857970517372380e-01
9.686024788923364159e-01 1.400697359299328815e-01
9.686397803222026592e-01 1.395553023675006887e-01
9.686768683601613139e-01 1.390424912396511781e-01
9.687137443701770989e-01 1.385312974376178285e-01
9.687504097070056552e-01 1.380217158686081191e-01
9.687868657162559405e-01 1.375137414557561222e-01
9.688231137344525123e-01 1.370073691380738756e-01
9.688591550890969240e-01 1.365025938704029773e-01
9.688949910987291192e-01 1.359994106233678446e-01
9.689306230729886060e-01 1.354978143833271975e-01
9.689660523126748526e-01 1.349978001523263194e-01
9.690012801098071282e-01 1.344993629480503161e-01
9.690363077476846776e-01 1.340024978037761549e-01
9.690711365009458955e-01 1.335071997683254796e-01
9.691057676356270578e-01 1.330134639060174262e-01
9.691402024092214962e-01 1.325212852966218824e-01
9.691744420707369967e-01 1.320306590353120813e-01
9.692084878607541976e-01 1.315415802326183048e-01
9.692423410114839877e-01 1.310540440143809215e-01
9.692760027468243500e-01 1.305680455217037572e-01
9.693094742824169829e-01 1.300835799109077984e-01
9.693427568257041438e-01 1.296006423534850072e-01
9.693758515759838268e-01 1.291192280360519140e-01
9.694087597244661625e-01 1.286393321603032103e-01
9.694414824543278186e-01 1.281609499429666732e-01
9.694740209407675113e-01 1.276840766157562035e-01
9.695063763510601840e-01 1.272087074253273054e-01
9.695385498446111860e-01 1.267348376332302351e-01
9.695705425730102300e-01 1.262624625158652591e-01
9.696023556800842380e-01 1.257915773644373569e-01
9.696339903019512985e-01 1.253221774849103687e-01
9.696654475670726248e-01 1.248542581979625865e-01
9.696967285963051797e-01 1.243878148389412353e-01
9.697278345029538560e-01 1.239228427578175085e-01
9.697587663928231017e-01 1.234593373191421595e-01
9.697895253642678792e-01 1.229972939020005374e-01
9.698201125082452911e-01 1.225367078999685111e-01
9.698505289083647618e-01 1.220775747210675055e-01
9.698807756409384417e-01 1.216198897877202034e-01
9.699108537750315007e-01 1.211636485367068028e-01
9.699407643725111994e-01 1.207088464191208299e-01
9.699705084880967387e-01 1.202554789003247304e-01
9.700000871694083315e-01 1.198035414599067927e-01
9.700295014570150531e-01 1.193530295916369610e-01
9.700587523844843574e-01 1.189039388034229816e-01
9.700878409784289280e-01 1.184562646172677702e-01
9.701167682585554175e-01 1.180100025692254473e-01
9.701455352377109653e-01 1.175651482093582612e-01
9.701741429219310486e-01 1.171216971016934005e-01
9.702025923104855565e-01 1.166796448241800288e-01
9.702308843959256413e-01 1.162389869686467625e-01
9.702590201641296819e-01 1.157997191407582616e-01
9.702870005943490250e-01 1.153618369599731519e-01
9.703148266592538373e-01 1.149253360595015039e-01
9.703424993249779584e-01 1.144902120862616446e-01
9.703700195511639759e-01 1.140564607008393017e-01
9.703973882910077453e-01 1.136240775774439715e-01
9.704246064913026881e-01 1.131930584038676191e-01
9.704516750924840895e-01 1.127633988814429333e-01
9.704785950286720642e-01 1.123350947250011389e-01
9.705053672277160759e-01 1.119081416628303627e-01
9.705319926112367934e-01 1.114825354366340004e-01
9.705584720946701660e-01 1.110582718014898607e-01
9.705848065873089459e-01 1.106353465258075319e-01
9.706109969923455427e-01 1.102137553912887480e-01
9.706370442069137683e-01 1.097934941928853103e-01
9.706629491221305805e-01 1.093745587387581208e-01
9.706887126231373841e-01 1.089569448502367699e-01
9.707143355891414416e-01 1.085406483617781248e-01
9.707398188934562855e-01 1.081256651209265840e-01
9.707651634035426857e-01 1.077119909882726656e-01
9.707903699810487286e-01 1.072996218374131505e-01
9.708154394818498956e-01 1.068885535549110033e-01
9.708403727560886987e-01 1.064787820402541829e-01
9.708651706482144261e-01 1.060703032058168960e-01
9.708898339970221114e-01 1.056631129768185184e-01
9.709143636356916129e-01 1.052572072912845158e-01
9.709387603918261389e-01 1.048525821000062530e-01
9.709630250874908830e-01 1.044492333665019146e-01
9.709871585392511051e-01 1.040471570669767587e-01
9.710111615582096567e-01 1.036463491902835932e-01
9.710350349500455058e-01 1.032468057378835846e-01
9.710587795150501522e-01 1.028485227238072897e-01
9.710823960481652639e-01 1.024514961746156860e-01
9.711058853390196477e-01 1.020557221293608707e-01
9.711292481719654424e-01 1.016611966395476463e-01
9.711524853261149781e-01 1.012679157690946630e-01
9.711755975753765258e-01 1.008758755942960050e-01
9.711985856884902679e-01 1.004850722037824440e-01
9.712214504290641592e-01 1.000955016984834689e-01
9.712441925556090094e-01 9.970716019158876176e-02
9.712668128215737884e-01 9.932004380851000569e-02
9.712893119753805982e-01 9.893414868684313745e-02
9.713116907604592010e-01 9.854947097633071085e-02
9.713339499152815470e-01 9.816600683882303890e-02
9.713560901733959696e-01 9.778375244824200063e-02
9.713781122634609355e-01 9.740270399054218320e-02
9.714000169092791293e-01 9.702285766367435560e-02
9.714218048298307595e-01 9.664420967754716596e-02
9.714434767393068659e-01 9.626675625399117031e-02
9.714650333471422927e-01 9.589049362672075194e-02
9.714864753580486623e-01 9.551541804129726199e-02
9.715078034720465716e-01 9.514152575509216003e-02
9.715290183844986771e-01 9.476881303725059880e-02
9.715501207861411137e-01 9.439727616865434268e-02
9.715711113631158025e-01 9.402691144188513039e-02
9.715919907970020919e-01 9.365771516118859275e-02
9.716127597648480663e-01 9.328968364243761524e-02
9.716334189392022980e-01 9.292281321309636688e-02
9.716539689881441566e-01 9.255710021218355177e-02
9.716744105753154503e-01 9.219254099023710403e-02
9.716947443599502909e-01 9.182913190927755043e-02
9.717149709969062910e-01 9.146686934277337144e-02
9.717350911366939847e-01 9.110574967560358672e-02
9.717551054255074705e-01 9.074576930402367125e-02
9.717750145052538313e-01 9.038692463562925106e-02
9.717948190135828890e-01 9.002921208932102015e-02
9.718145195839165140e-01 8.967262809526921341e-02
9.718341168454778245e-01 8.931716909487885658e-02
9.718536114233200518e-01 8.896283154075412813e-02
9.718730039383556285e-01 8.860961189666372029e-02
9.718922950073844991e-01 8.825750663750608904e-02
9.719114852431225415e-01 8.790651224927459317e-02
9.719305752542298782e-01 8.755662522902241118e-02
9.719495656453385202e-01 8.720784208482890154e-02
9.719684570170807891e-01 8.686015933576418657e-02
9.719872499661162957e-01 8.651357351185562372e-02
9.720059450851596949e-01 8.616808115405316659e-02
9.720245429630078871e-01 8.582367881419494804e-02
9.720430441845669955e-01 8.548036305497408449e-02
9.720614493308790127e-01 8.513813044990370393e-02
9.720797589791491111e-01 8.479697758328419432e-02
9.720979737027712897e-01 8.445690105016845362e-02
9.721160940713551302e-01 8.411789745632924920e-02
9.721341206507518873e-01 8.377996341822457893e-02
9.721520540030805790e-01 8.344309556296569674e-02
9.721698946867532998e-01 8.310729052828247365e-02
9.721876432565009774e-01 8.277254496249086824e-02
9.722053002633990193e-01 8.243885552445973097e-02
9.722228662548924039e-01 8.210621888357738651e-02
9.722403417748203269e-01 8.177463171971954825e-02
9.722577273634417372e-01 8.144409072321545651e-02
9.722750235574594280e-01 8.111459259481612616e-02
9.722922308900452393e-01 8.078613404566126199e-02
9.723093498908634835e-01 8.045871179724661815e-02
9.723263810860962586e-01 8.013232258139202369e-02
9.723433249984663185e-01 7.980696314020852000e-02
9.723601821472618312e-01 7.948263022606671946e-02
9.723769530483595824e-01 7.915932060156449790e-02
9.723936382142488455e-01 7.883703103949435409e-02
9.724102381540541407e-01 7.851575832281232348e-02
9.724267533735592162e-01 7.819549924460611479e-02
9.724431843752293636e-01 7.787625060806269151e-02
9.724595316582348437e-01 7.755800922643740769e-02
9.724757957184733126e-01 7.724077192302170047e-02
9.724919770485923598e-01 7.692453553111244791e-02
9.725080761380119343e-01 7.660929689398021658e-02
9.725240934729468822e-01 7.629505286483795334e-02
9.725400295364285963e-01 7.598180030680967700e-02
9.725558848083272201e-01 7.566953609290005822e-02
9.725716597653732975e-01 7.535825710596300020e-02
9.725873548811795333e-01 7.504796023867066346e-02
9.726029706262622199e-01 7.473864239348315675e-02
9.726185074680623321e-01 7.443030048261722875e-02
9.726339658709672875e-01 7.412293142801640311e-02
9.726493462963311520e-01 7.381653216132000317e-02
9.726646492024966228e-01 7.351109962383262086e-02
9.726798750448144570e-01 7.320663076649447376e-02
9.726950242756651210e-01 7.290312254985065188e-02
9.727100973444788856e-01 7.260057194402091962e-02
9.727250946977560320e-01 7.229897592867018385e-02
9.727400167790871688e-01 7.199833149297818480e-02
9.727548640291729942e-01 7.169863563560974207e-02
9.727696368858446130e-01 7.139988536468522273e-02
9.727843357840829652e-01 7.110207769775023223e-02
9.727989611560385885e-01 7.080520966174708164e-02
9.728135134310508247e-01 7.050927829298436755e-02
9.728279930356678040e-01 7.021428063710799528e-02
9.728424003936645414e-01 6.992021374907220199e-02
9.728567359260633651e-01 6.962707469310946973e-02
9.728710000511517908e-01 6.933486054270210364e-02
9.728851931845015066e-01 6.904356838055347723e-02
9.728993157389876911e-01 6.875319529855805634e-02
9.729133681248066656e-01 6.846373839777364356e-02
9.729273507494949902e-01 6.817519478839195735e-02
9.729412640179474492e-01 6.788756158971021026e-02
9.729551083324350369e-01 6.760083593010235425e-02
9.729688840926233873e-01 6.731501494699088095e-02
9.729825916955903153e-01 6.703009578681795588e-02
9.729962315358440250e-01 6.674607560501799597e-02
9.730098040053400954e-01 6.646295156598813758e-02
9.730233094934996885e-01 6.618072084306148017e-02
9.730367483872266465e-01 6.589938061847788742e-02
9.730501210709244786e-01 6.561892808335656468e-02
9.730634279265141240e-01 6.533936043766830348e-02
9.730766693334507167e-01 6.506067489020750383e-02
9.730898456687402387e-01 6.478286865856430765e-02
9.731029573069569505e-01 6.450593896909706526e-02
9.731160046202592673e-01 6.422988305690524591e-02
9.731289879784071895e-01 6.395469816580112710e-02
9.731419077487779568e-01 6.368038154828326025e-02
9.731547642963830347e-01 6.340693046550860412e-02
9.731675579838838797e-01 6.313434218726576841e-02
9.731802891716083703e-01 6.286261399194748023e-02
9.731929582175664617e-01 6.259174316652404979e-02
9.732055654774666165e-01 6.232172700651594788e-02
9.732181113047307930e-01 6.205256281596716050e-02
9.732305960505109876e-01 6.178424790741832151e-02
9.732430200637040008e-01 6.151677960188040029e-02
9.732553836909675349e-01 6.125015522880750130e-02
9.732676872767347387e-01 6.098437212607055180e-02
9.732799311632305272e-01 6.071942763993121162e-02
9.732921156904857929e-01 6.045531912501500571e-02
9.733042411963525042e-01 6.019204394428556704e-02
9.733163080165192493e-01 5.992959946901754709e-02
9.733283164845254465e-01 5.966798307877152485e-02
9.733402669317761102e-01 5.940719216136736147e-02
9.733521596875567283e-01 5.914722411285822101e-02
9.733639950790475837e-01 5.888807633750536841e-02
9.733757734313380761e-01 5.862974624775141308e-02
9.733874950674410442e-01 5.837223126419510688e-02
9.733991603083071986e-01 5.811552881556569794e-02
9.734107694728389992e-01 5.785963633869750655e-02
9.734223228779045334e-01 5.760455127850416801e-02
9.734338208383515045e-01 5.735027108795309747e-02
9.734452636670214432e-01 5.709679322804062096e-02
9.734566516747626963e-01 5.684411516776644024e-02
9.734679851704445275e-01 5.659223438410876383e-02
9.734792644609704393e-01 5.634114836199854981e-02
9.734904898512917182e-01 5.609085459429552500e-02
9.735016616444206461e-01 5.584135058176220578e-02
9.735127801414437121e-01 5.559263383303991723e-02
9.735238456415347130e-01 5.534470186462314700e-02
9.735348584419679652e-01 5.509755220083578653e-02
9.735458188381314049e-01 5.485118237380604000e-02
9.735567271235386899e-01 5.460558992344155538e-02
9.735675835898428554e-01 5.436077239740555456e-02
9.735783885268486371e-01 5.411672735109229748e-02
9.735891422225249059e-01 5.387345234760232415e-02
9.735998449630172136e-01 5.363094495771880688e-02
9.736104970326605601e-01 5.338920275988323638e-02
9.736210987139914952e-01 5.314822334017088590e-02
9.736316502877599977e-01 5.290800429226749646e-02
9.736421520329423540e-01 5.266854321744474099e-02
9.736526042267524828e-01 5.242983772453679858e-02
9.736630071446547019e-01 5.219188542991637370e-02
9.736733610603748312e-01 5.195468395747071533e-02
9.736836662459126268e-01 5.171823093857874643e-02
9.736939229715531052e-01 5.148252401208641693e-02
9.737041315058785340e-01 5.124756082428438830e-02
9.737142921157796449e-01 5.101333902888360861e-02
9.737244050664675132e-01 5.077985628699255294e-02
9.737344706214846601e-01 5.054711026709357569e-02
9.737444890427165989e-01 5.031509864502003992e-02
9.737544605904027151e-01 5.008381910393344683e-02
9.737643855231479240e-01 4.985326933429945484e-02
9.737742640979335507e-01 4.962344703386534217e-02
9.737840965701283213e-01 4.939434990763791333e-02
9.737938831934990214e-01 4.916597566785918527e-02
9.738036242202219306e-01 4.893832203398473801e-02
9.738133199008933705e-01 4.871138673266039998e-02
9.738229704845400292e-01 4.848516749770004353e-02
9.738325762186303969e-01 4.825966207006293640e-02
9.738421373490843136e-01 4.803486819783109318e-02
9.738516541202842935e-01 4.781078363618673777e-02
9.738611267750857392e-01 4.758740614739054298e-02
9.738705555548268222e-01 4.736473350075842692e-02
9.738799406993394747e-01 4.714276347264023670e-02
9.738892824469588261e-01 4.692149384639732190e-02
9.738985810345340832e-01 4.670092241238010811e-02
9.739078366974379675e-01 4.648104696790655854e-02
9.739170496695768175e-01 4.626186531724030271e-02
9.739262201834009147e-01 4.604337527156787679e-02
9.739353484699136976e-01 4.582557464897829558e-02
9.739444347586821982e-01 4.560846127444018183e-02
9.739534792778460348e-01 4.539203297978089413e-02
9.739624822541276261e-01 4.517628760366465546e-02
9.739714439128416279e-01 4.496122299157034874e-02
9.739803644779039260e-01 4.474683699577131080e-02
9.739892441718419613e-01 4.453312747531312787e-02
9.739980832158035007e-01 4.432009229599254141e-02
9.740068818295657405e-01 4.410772933033602072e-02
9.740156402315451878e-01 4.389603645757889083e-02
9.740243586388065422e-01 4.368501156364401616e-02
9.740330372670714665e-01 4.347465254112070632e-02
9.740416763307282455e-01 4.326495728924373285e-02
9.740502760428402240e-01 4.305592371387267914e-02
9.740588366151550215e-01 4.284754972747062407e-02
9.740673582581134138e-01 4.263983324908382500e-02
9.740758411808578821e-01 4.243277220432073449e-02
9.740842855912414944e-01 4.222636452533090612e-02
9.740926916958365656e-01 4.202060815078534350e-02
9.741010596999433169e-01 4.181550102585551709e-02
9.741093898075984248e-01 4.161104110219249197e-02
9.741176822215833475e-01 4.140722633790716589e-02
9.741259371434327630e-01 4.120405469754950811e-02
9.741341547734434503e-01 4.100152415208846435e-02
9.741423353106815064e-01 4.079963267889163969e-02
9.741504789529920050e-01 4.059837826170531461e-02
9.741585858970061018e-01 4.039775889063423886e-02
9.741666563381493615e-01 4.019777256212142547e-02
9.741746904706503063e-01 3.999841727892861076e-02
9.741826884875480763e-01 3.979969105011604835e-02
9.741906505807004235e-01 3.960159189102285815e-02
9.741985769407915940e-01 3.940411782324693135e-02
9.742064677573405440e-01 3.920726687462550153e-02
9.742143232187080448e-01 3.901103707921560471e-02
9.742221435121051210e-01 3.881542647727398432e-02
9.742299288236002663e-01 3.862043311523821743e-02
9.742376793381275490e-01 3.842605504570650865e-02
9.742453952394937167e-01 3.823229032741914946e-02
9.742530767103857459e-01 3.803913702523864515e-02
9.742607239323790580e-01 3.784659321013017497e-02
9.742683370859438474e-01 3.765465695914294031e-02
9.742759163504532971e-01 3.746332635539073586e-02
9.742834619041904620e-01 3.727259948803274270e-02
9.742909739243558187e-01 3.708247445225487660e-02
9.742984525870742596e-01 3.689294934925047009e-02
9.743058980674025316e-01 3.670402228620106566e-02
9.743133105393358973e-01 3.651569137625831907e-02
9.743206901758156846e-01 3.632795473852468149e-02
9.743280371487361702e-01 3.614081049803452572e-02
9.743353516289513516e-01 3.595425678573616057e-02
9.743426337862819420e-01 3.576829173847217991e-02
9.743498837895226972e-01 3.558291349896169908e-02
9.743571018064485223e-01 3.539812021578170320e-02
9.743642880038215770e-01 3.521391004334817332e-02
9.743714425473983809e-01 3.503028114189810083e-02
9.743785656019355867e-01 3.484723167747127981e-02
9.743856573311978631e-01 3.466475982189143323e-02
9.743927178979631121e-01 3.448286375274856042e-02
9.743997474640301304e-01 3.430154165338050731e-02
9.744067461902246041e-01 3.412079171285475887e-02
9.744137142364054371e-01 3.394061212595056443e-02
9.744206517614717455e-01 3.376100109314117415e-02
9.744275589233684087e-01 3.358195682057540932e-02
9.744344358790931748e-01 3.340347752005978776e-02
9.744412827847022118e-01 3.322556140904120436e-02
9.744480997953172130e-01 3.304820671058883441e-02
9.744548870651306149e-01 3.287141165337637005e-02
9.744616447474123699e-01 3.269517447166458979e-02
9.744683729945159412e-01 3.251949340528337284e-02
9.744750719578842979e-01 3.234436669961437971e-02
9.744817417880559107e-01 3.216979260557384368e-02
9.744883826346707467e-01 3.199576937959458522e-02
9.744949946464762647e-01 3.182229528360891457e-02
9.745015779713331883e-01 3.164936858503153427e-02
9.745081327562217233e-01 3.147698755674166460e-02
9.745146591472465536e-01 3.130515047706627918e-02
9.745211572896436136e-01 3.113385562976289656e-02
9.745276273277850843e-01 3.096310130400248273e-02
9.745340694051854991e-01 3.079288579435202067e-02
9.745404836645069624e-01 3.062320740075796799e-02
9.745468702475654776e-01 3.045406442852915951e-02
9.745532292953357212e-01 3.028545518831970984e-02
9.745595609479569266e-01 3.011737799611269306e-02
9.745658653447386577e-01 2.994983117320260124e-02
9.745721426241658047e-01 2.978281304617902414e-02
9.745783929239041354e-01 2.961632194691021791e-02
9.745846163808059570e-01 2.945035621252589664e-02
9.745908131309150013e-01 2.928491418540113411e-02
9.745969833094719759e-01 2.911999421313959946e-02
9.746031270509201150e-01 2.895559464855690379e-02
9.746092444889097317e-01 2.879171384966472402e-02
9.746153357563041020e-01 2.862835017965403850e-02
9.746214009851841276e-01 2.846550200687836263e-02
9.746274403068537762e-01 2.830316770483876088e-02
9.746334538518449664e-01 2.814134565216619421e-02
9.746394417499228968e-01 2.798003423260608802e-02
9.746454041300907090e-01 2.781923183500245589e-02
9.746513411205945943e-01 2.765893685328124629e-02
9.746572528489289011e-01 2.749914768643457741e-02
9.746631394418409089e-01 2.733986273850452786e-02
9.746690010253357128e-01 2.718108041856803769e-02
9.746748377246811090e-01 2.702279914071992195e-02
9.746806496644123685e-01 2.686501732405788267e-02
9.746864369683371221e-01 2.670773339266618862e-02
9.746921997595400233e-01 2.655094577560035418e-02
9.746979381603873005e-01 2.639465290687137422e-02
9.747036522925317525e-01 2.623885322543006993e-02
9.747093422769170790e-01 2.608354517515143467e-02
9.747150082337830979e-01 2.592872720481920190e-02
9.747206502826692986e-01 2.577439776811019101e-02
9.747262685424203932e-01 2.562055532357931931e-02
9.747318631311903125e-01 2.546719833464383687e-02
9.747374341664467590e-01 2.531432526956789442e-02
9.747429817649759798e-01 2.516193460144788840e-02
9.747485060428865422e-01 2.501002480819658480e-02
9.747540071156145514e-01 2.485859437252813109e-02
9.747594850979272030e-01 2.470764178194317928e-02
9.747649401039276684e-01 2.455716552871367586e-02
9.747703722470595356e-01 2.440716410986709661e-02
9.747757816401102504e-01 2.425763602717267986e-02
9.747811683952162243e-01 2.410857978712566130e-02
9.747865326238668304e-01 2.395999390093295212e-02
9.747918744369081789e-01 2.381187688449726281e-02
9.747971939445478906e-01 2.366422725840333641e-02
9.748024912563588718e-01 2.351704354790318252e-02
9.748077664812831999e-01 2.337032428290042319e-02
9.748130197276367870e-01 2.322406799793663712e-02
9.748182511031130426e-01 2.307827323217592763e-02
9.748234607147868713e-01 2.293293852939093380e-02
9.748286486691188912e-01 2.278806243794828656e-02
9.748338150719590978e-01 2.264364351079362070e-02
9.748389600285509715e-01 2.249968030543758601e-02
9.748440836435355861e-01 2.235617138394152548e-02
9.748491860209550497e-01 2.221311531290259822e-02
9.748542672642566131e-01 2.207051066344012380e-02
9.748593274762965555e-01 2.192835601118070521e-02
9.748643667593439588e-01 2.178664993624457313e-02
9.748693852150840389e-01 2.164539102323104203e-02
9.748743829446229192e-01 2.150457786120474335e-02
9.748793600484900734e-01 2.136420904368085960e-02
9.748843166266430993e-01 2.122428316861213471e-02
9.748892527784708273e-01 2.108479883837410807e-02
9.748941686027969844e-01 2.094575465975101469e-02
9.748990641978841909e-01 2.080714924392257359e-02
9.749039396614368469e-01 2.066898120644999892e-02
9.749087950906056843e-01 2.053124916726134508e-02
9.749136305819904313e-01 2.039395175063918320e-02
9.749184462316438093e-01 2.025708758520516906e-02
9.749232421350749744e-01 2.012065530390827472e-02
9.749280183872526262e-01 1.998465354400913441e-02
9.749327750826091155e-01 1.984908094706816506e-02
9.749375123150432199e-01 1.971393615893102247e-02
9.749422301779242517e-01 1.957921782971527858e-02
9.749469287640946114e-01 1.944492461379709880e-02
9.749516081658737843e-01 1.931105516979780834e-02
9.749562684750614494e-01 1.917760816057045847e-02
9.749609097829405879e-01 1.904458225318639286e-02
9.749655321802812580e-01 1.891197611892203589e-02
9.749701357573433702e-01 1.877978843324557001e-02
9.749747206038803515e-01 1.864801787580383508e-02
9.749792868091420317e-01 1.851666313040933876e-02
9.749838344618779740e-01 1.838572288502604568e-02
9.749883636503404727e-01 1.825519583175816418e-02
9.749928744622883281e-01 1.812508066683538033e-02
9.749973669849891778e-01 1.799537609060075649e-02
9.750018413052231603e-01 1.786608080749740868e-02
9.750062975092855799e-01 1.773719352605562793e-02
9.750107356829903482e-01 1.760871295888033483e-02
9.750151559116729816e-01 1.748063782263753474e-02
9.750195582801935990e-01 1.735296683804210538e-02
9.750239428729394753e-01 1.722569872984491823e-02
9.750283097738289273e-01 1.709883222682007098e-02
9.750326590663134230e-01 1.697236606175223095e-02
9.750369908333811342e-01 1.684629897142342347e-02
9.750413051575593792e-01 1.672062969660148557e-02
9.750456021209179536e-01 1.659535698202674325e-02
9.750498818050716832e-01 1.647047957639968807e-02
9.750541442911836443e-01 1.634599623236843158e-02
9.750583896599677169e-01 1.622190570651638186e-02
9.750626179916912495e-01 1.609820675934958700e-02
9.750668293661785002e-01 1.597489815528496671e-02
9.750710238628127469e-01 1.585197866263710065e-02
9.750752015605395062e-01 1.572944705360657114e-02
9.750793625378691987e-01 1.560730210426775066e-02
9.750835068728795907e-01 1.548554259455581228e-02
9.750876346432189035e-01 1.536416730825551635e-02
9.750917459261082554e-01 1.524317503298866505e-02
9.750958407983445486e-01 1.512256456020177886e-02
9.750999193363029116e-01 1.500233468515432822e-02
9.751039816159392526e-01 1.488248420690674312e-02
9.751080277127934792e-01 1.476301192830853370e-02
9.751120577019912750e-01 1.464391665598541170e-02
9.751160716582474297e-01 1.452519720032874329e-02
9.751200696558677272e-01 1.440685237548278153e-02
9.751240517687520537e-01 1.428888099933312006e-02
9.751280180703968403e-01 1.417128189349492473e-02
9.751319686338972836e-01 1.405405388330072114e-02
9.751359035319501212e-01 1.393719579778962547e-02
9.751398228368558518e-01 1.382070646969446592e-02
9.751437266205215115e-01 1.370458473543123556e-02
9.751476149544632266e-01 1.358882943508687990e-02
9.751514879098078792e-01 1.347343941240752851e-02
9.751553455572964380e-01 1.335841351478772587e-02
9.751591879672859564e-01 1.324375059325810788e-02
9.751630152097519044e-01 1.312944950247429965e-02
9.751668273542904997e-01 1.301550910070548017e-02
9.751706244701212611e-01 1.290192824982328013e-02
9.751744066260893407e-01 1.278870581528956940e-02
9.751781738906677433e-01 1.267584066614613203e-02
9.751819263319594366e-01 1.256333167500267578e-02
9.751856640177000157e-01 1.245117771802572992e-02
9.751893870152599231e-01 1.233937767492798709e-02
9.751930953916463363e-01 1.222793042895609084e-02
9.751967892135059435e-01 1.211683486688042155e-02
9.752004685471266088e-01 1.200608987898332813e-02
9.752041334584400367e-01 1.189569435904869188e-02
9.752077840130237707e-01 1.178564720435015811e-02
9.752114202761035244e-01 1.167594731564081112e-02
9.752150423125551804e-01 1.156659359714151680e-02
9.752186501869068991e-01 1.145758495653081965e-02
9.752222439633414508e-01 1.134892030493317439e-02
9.752258237056982138e-01 1.124059855690873189e-02
9.752293894774753946e-01 1.113261863044212596e-02
9.752329413418321380e-01 1.102497944693181520e-02
9.752364793615901917e-01 1.091767993117931379e-02
9.752400035992367933e-01 1.081071901137820035e-02
9.752435141169256694e-01 1.070409561910423690e-02
9.752470109764802553e-01 1.059780868930360054e-02
9.752504942393946941e-01 1.049185716028311344e-02
9.752539639668362792e-01 1.038623997369902963e-02
9.752574202196477859e-01 1.028095607454682092e-02
9.752608630583489147e-01 1.017600441115074084e-02
9.752642925431382892e-01 1.007138393515294439e-02
9.752677087338957884e-01 9.967093601503385081e-03
9.752711116901844335e-01 9.863132368449267773e-03
9.752745014712519422e-01 9.759499197524390546e-03
9.752778781360329496e-01 9.656193053539263715e-03
9.752812417431511172e-01 9.553212904570229647e-03
9.752845923509203541e-01 9.450557721949581769e-03
9.752879300173473709e-01 9.348226480255461546e-03
9.752912548001334558e-01 9.246218157300756246e-03
9.752945667566758070e-01 9.144531734123884092e-03
9.752978659440699749e-01 9.043166194977914074e-03
9.753011524191114168e-01 8.942120527321240075e-03
9.753044262382973839e-01 8.841393721806145578e-03
9.753076874578288091e-01 8.740984772270032899e-03
9.753109361336117500e-01 8.640892675724765049e-03
9.753141723212597203e-01 8.541116432346673726e-03
9.753173960760949113e-01 8.441655045466789353e-03
9.753206074531505232e-01 8.342507521560738049e-03
9.753238065071717644e-01 8.243672870238638595e-03
9.753269932926185160e-01 8.145150104235776567e-03
9.753301678636663308e-01 8.046938239402279258e-03
9.753333302742083211e-01 7.949036294693012650e-03
9.753364805778569346e-01 7.851443292158810650e-03
9.753396188279459533e-01 7.754158256935594906e-03
9.753427450775313812e-01 7.657180217235270980e-03
9.753458593793939979e-01 7.560508204335958382e-03
9.753489617860402472e-01 7.464141252572331631e-03
9.753520523497046790e-01 7.368078399325517225e-03
9.753551311223508380e-01 7.272318685013989814e-03
9.753581981556731506e-01 7.176861153084246325e-03
9.753612535010989237e-01 7.081704850000369866e-03
9.753642972097892327e-01 6.986848825235481009e-03
9.753673293326412530e-01 6.892292131261190669e-03
9.753703499202891480e-01 6.798033823539273435e-03
9.753733590231062900e-01 6.704072960511453516e-03
9.753763566912063698e-01 6.610408603589967846e-03
9.753793429744449517e-01 6.517039817149017367e-03
9.753823179224213602e-01 6.423965668514552974e-03
9.753852815844801238e-01 6.331185227955171690e-03
9.753882340097118631e-01 6.238697568673456928e-03
9.753911752469559548e-01 6.146501766795542387e-03
9.753941053448008658e-01 6.054596901363007433e-03
9.753970243515864835e-01 5.962982054323107128e-03
9.753999323154051160e-01 5.871656310519668409e-03
9.754028292841032677e-01 5.780618757684097275e-03
9.754057153052828610e-01 5.689868486426497007e-03
9.754085904263029017e-01 5.599404590225565137e-03
9.754114546942804775e-01 5.509226165420932908e-03
9.754143081560929796e-01 5.419332311203284291e-03
9.754171508583787675e-01 5.329722129605252157e-03
9.754199828475390577e-01 5.240394725493091599e-03
9.754228041697390328e-01 5.151349206557132021e-03
9.754256148709092855e-01 5.062584683303450461e-03
9.754284149967475948e-01 4.974100269044656741e-03
9.754312045927194808e-01 4.885895079890567594e-03
9.754339837040606476e-01 4.797968234740546123e-03
9.754367523757773162e-01 4.710318855273509797e-03
9.754395106526483339e-01 4.622946065939936844e-03
9.754422585792260625e-01 4.535848993952873442e-03
9.754449961998377105e-01 4.449026769279162963e-03
9.754477235585872208e-01 4.362478524630897248e-03
9.754504406993557142e-01 4.276203395456423806e-03
9.754531476658035993e-01 4.190200519932352208e-03
9.754558445013712387e-01 4.104469038954117188e-03
9.754585312492808358e-01 4.019008096128207086e-03
9.754612079525372126e-01 3.933816837763060015e-03
9.754638746539291416e-01 3.848894412860626169e-03
9.754665313960310113e-01 3.764239973108263193e-03
9.754691782212037143e-01 3.679852672869854402e-03
9.754718151715958685e-01 3.595731669177593126e-03
9.754744422891453715e-01 3.511876121722989907e-03
9.754770596155802886e-01 3.428285192849434004e-03
9.754796671924202967e-01 3.344958047543200585e-03
9.754822650609777934e-01 3.261893853425346101e-03
9.754848532623591195e-01 3.179091780743159568e-03
9.754874318374660014e-01 3.096551002361946914e-03
9.754900008269962175e-01 3.014270693757259423e-03
9.754925602714452637e-01 2.932250033005789902e-03
9.754951102111071304e-01 2.850488200777934189e-03
9.754976506860761898e-01 2.768984380329131412e-03
9.755001817362473071e-01 2.687737757491870383e-03
9.755027034013178389e-01 2.606747520667695994e-03
9.755052157207884100e-01 2.526012860818882544e-03
9.755077187339641354e-01 2.445532971460662175e-03
9.755102124799558405e-01 2.365307048652787181e-03
9.755126969976809503e-01 2.285334290991536399e-03
9.755151723258648211e-01 2.205613899602276717e-03
9.755176385030417396e-01 2.126145078130581290e-03
9.755200955675561447e-01 2.046927032735013086e-03
9.755225435575635151e-01 1.967958972078909241e-03
9.755249825110315909e-01 1.889240107322498474e-03
9.755274124657415946e-01 1.810769652115240547e-03
9.755298334592891196e-01 1.732546822587388569e-03
9.755322455290850181e-01 1.654570837342772549e-03
9.755346487123568444e-01 1.576840917450805790e-03
9.755370430461497433e-01 1.499356286438713326e-03
9.755394285673274490e-01 1.422116170283538317e-03
9.755418053125735067e-01 1.345119797404592532e-03
9.755441733183918274e-01 1.268366398656017857e-03
9.755465326211085753e-01 1.191855207318792687e-03
9.755488832568720570e-01 1.115585459092960363e-03
9.755512252616548308e-01 1.039556392090412729e-03
9.755535586712540397e-01 9.637672468270075399e-04
9.755558835212926327e-01 8.882172662147969078e-04
9.755581998472201422e-01 8.129056955549218699e-04
9.755605076843142376e-01 7.378317825299518518e-04
9.755628070676808372e-01 6.629947771958910607e-04
9.755650980322561061e-01 5.883939319752951036e-04
9.755673806128063452e-01 5.140285016498324921e-04
9.755696548439299898e-01 4.398977433519579705e-04
9.755719207600577203e-01 3.660009165586952662e-04
9.755741783954537949e-01 2.923372830834214398e-04
9.755764277842172705e-01 2.189061070687614574e-04
9.755786689602822248e-01 1.457066549794827637e-04
9.755809019574193108e-01 7.273819559439065330e-05
9.755831268092364228e-01 0.000000000000000000e+00
