1.000000000000000000e+00 2.933348539744345396e-01
9.997759683673101971e-01 2.985710931442360772e-01
9.991580172040669394e-01 3.037581185114934801e-01
9.981757037316304482e-01 3.088979595752401885e-01
9.968568511357320805e-01 3.139925051610502615e-01
9.952275597915357652e-01 3.190435108077898096e-01
9.933122433790819716e-01 3.240526062913443028e-01
9.911336832130200891e-01 3.290213031381538089e-01
9.887130953365437236e-01 3.339510020166635007e-01
9.860702060059926000e-01 3.388429999239704893e-01
9.832233321152018535e-01 3.436984971086990970e-01
9.801894638839381280e-01 3.485186036901892215e-01
9.769843477754113215e-01 3.533043459491466698e-01
9.736225681295980205e-01 3.580566722766352350e-01
9.701176264183842823e-01 3.627764587772796534e-01
9.664820173612205245e-01 3.674645145293046200e-01
9.627273014006569873e-01 3.721215865089990138e-01
9.588641732386996575e-01 3.767483641907294900e-01
9.549025262885654231e-01 3.813454838360412213e-01
9.508515130115829939e-01 3.859135324869223949e-01
9.467196011935582467e-01 3.904530516791767658e-01
9.425146262754312554e-01 3.949645408922040635e-01
9.382438398947668956e-01 3.994484607514695584e-01
9.339139548218557962e-01 4.039052359996397890e-01
9.295311864903641474e-01 4.083352582518665619e-01
9.251012913303006124e-01 4.127388885500684057e-01
9.206296021127129414e-01 4.171164597303390065e-01
9.161210605126760553e-01 4.214682786168438278e-01
9.115802470910936428e-01 4.257946280547733608e-01
9.070114088876218839e-01 4.300957687941299179e-01
9.024184848074098264e-01 4.343719412353428955e-01
8.978051289739191754e-01 4.386233670469518175e-01
8.931747322092739028e-01 4.428502506648704373e-01
8.885304417927246678e-01 4.470527806820552286e-01
8.838751796371121516e-01 4.512311311367498412e-01
8.792116590128634668e-01 4.553854627068641969e-01
8.745423999391362946e-01 4.595159238174741922e-01
8.698697433523353562e-01 4.636226516678951248e-01
8.651958641533842309e-01 4.677057731842848565e-01
8.605227832268674826e-01 4.717654059032730385e-01
8.558523785174620979e-01 4.758016587916884532e-01
8.511863952419478352e-01 4.798146330070627297e-01
8.465264553084874688e-01 4.838044226032260364e-01
8.418740660088006589e-01 4.877711151849780657e-01
8.372306280432636472e-01 4.917147925155083144e-01
8.325974429338455218e-01 4.956355310799570590e-01
8.279757198750880010e-01 4.995334026082505763e-01
8.233665820690408976e-01 5.034084745601004052e-01
8.187710725861276906e-01 5.072608105748412921e-01
8.141901597903251631e-01 5.110904708885767311e-01
8.096247423637600305e-01 5.148975127209169944e-01
8.050756539628282082e-01 5.186819906334232400e-01
8.005436675352120002e-01 5.224439568617130769e-01
7.960294993246765927e-01 5.261834616230418593e-01
7.915338125882549480e-01 5.299005534010348129e-01
7.870572210483538500e-01 5.335952792091310792e-01
7.826002921004269197e-01 5.372676848341795264e-01
7.781635497951312486e-01 5.409178150615294722e-01
7.737474776123127729e-01 5.445457138828596610e-01
7.693525210427305527e-01 5.481514246879014562e-01
7.649790899921168341e-01 5.517349904411329442e-01
7.606275610209755067e-01 5.552964538444430387e-01
7.562982794324299984e-01 5.588358574866966189e-01
7.519915612194305599e-01 5.623532439810681183e-01
7.477076948817229507e-01 5.658486560909509189e-01
7.434469431221438773e-01 5.693221368451957254e-01
7.392095444310466945e-01 5.727737296433796921e-01
7.349957145669666625e-01 5.762034783517638870e-01
7.308056479409910100e-01 5.796114273905477177e-01
7.266395189117198505e-01 5.829976218129956367e-01
7.224974829971652079e-01 5.863621073769675895e-01
7.183796780094453549e-01 5.897049306093548049e-01
7.142862251176829158e-01 5.930261388638867759e-01
7.102172298441002951e-01 5.963257803727478601e-01
7.061727829979278503e-01 5.996039042924129481e-01
7.021529615513929512e-01 6.028605607440844505e-01
6.981578294617369895e-01 6.060958008490922033e-01
6.941874384429143063e-01 6.093096767595901353e-01
6.902418286903562183e-01 6.125022416848684426e-01
6.863210295619350809e-01 6.156735499135762568e-01
6.824250602180340630e-01 6.188236568321311415e-01
6.785539302234174786e-01 6.219526189395799820e-01
6.747076401134016743e-01 6.250604938591515225e-01
6.708861819266482840e-01 6.281473403467346950e-01
6.670895397067357901e-01 6.312132182964955707e-01
6.633176899745121258e-01 6.342581887438378807e-01
6.595706021730913804e-01 6.372823138658956221e-01
6.558482390872280021e-01 6.402856569797388264e-01
6.521505572386784300e-01 6.432682825384601344e-01
6.484775072590530653e-01 6.462302561252993849e-01
6.448290342415566867e-01 6.491716444459564306e-01
6.412050780729178223e-01 6.520925153192309587e-01
6.376055737467254403e-01 6.549929376661214331e-01
6.340304516593028294e-01 6.578729814975063928e-01
6.304796378891771580e-01 6.607327179005245688e-01
6.269530544611321421e-01 6.635722190237623996e-01
6.234506195957646435e-01 6.663915580613527512e-01
6.199722479454075064e-01 6.691908092360804305e-01
6.165178508172232119e-01 6.719700477815863104e-01
6.130873363842218593e-01 6.747293499237535519e-01
6.096806098849074651e-01 6.774687928613580823e-01
6.062975738122124980e-01 6.801884547460577135e-01
6.029381280923382658e-01 6.828884146617907325e-01
5.996021702540784704e-01 6.855687526036496893e-01
5.962895955891697186e-01 6.882295494562941096e-01
5.930002973041754721e-01 6.908708869719600854e-01
5.897341666643813873e-01 6.934928477481204778e-01
5.864910931301484665e-01 6.960955152048496908e-01
5.832709644861440168e-01 6.986789735619381991e-01
5.800736669638447696e-01 7.012433078158055721e-01
5.768990853576816402e-01 7.037886037162504049e-01
5.737471031351756290e-01 7.063149477430802348e-01
5.706176025413894903e-01 7.088224270826566364e-01
5.675104646980057010e-01 7.113111296043900245e-01
5.644255696973171643e-01 7.137811438372178019e-01
5.613627966914046530e-01 7.162325589460948327e-01
5.583220239767574533e-01 7.186654647085242154e-01
5.553031290745777948e-01 7.210799514911565566e-01
5.523059888069963286e-01 7.234761102264787302e-01
5.493304793694138155e-01 7.258540323896183200e-01
5.463764763991711959e-01 7.282138099752820670e-01
5.434438550407372226e-01 7.305555354748491936e-01
5.405324900075948458e-01 7.328793018536372550e-01
5.376422556409952147e-01 7.351852025283569514e-01
5.347730259657397234e-01 7.374733313447719985e-01
5.319246747431410904e-01 7.397437825555768232e-01
5.290970755213062482e-01 7.419966507985060744e-01
5.262901016828767098e-01 7.442320310746879386e-01
5.235036264903530911e-01 7.464500187272513632e-01
5.207375231291242468e-01 7.486507094201974022e-01
5.179916647483164827e-01 7.508341991175436769e-01
5.152659244995689836e-01 7.530005840627497227e-01
5.125601755738393717e-01 7.551499607584311047e-01
5.098742912363338764e-01 7.572824259463677432e-01
5.072081448596559294e-01 7.593980765878137751e-01
5.045616099552585609e-01 7.614970098441115054e-01
5.019345602032828646e-01 7.635793230576173318e-01
4.993268694808605801e-01 7.656451137329396417e-01
4.967384118889545674e-01 7.676944795184955650e-01
4.941690617778072836e-01 7.697275181883859174e-01
4.916186937710634863e-01 7.717443276245931072e-01
4.890871827886298373e-01 7.737450057995031161e-01
4.865744040683318006e-01 7.757296507587509993e-01
4.840802331864240693e-01 7.776983606043942343e-01
4.816045460770086439e-01 7.796512334784101439e-01
4.791472190504115214e-01 7.815883675465222780e-01
4.767081288105667891e-01 7.835098609823503146e-01
4.742871524714543097e-01 7.854158119518881431e-01
4.718841675726344609e-01 7.873063185983049106e-01
4.694990520939223977e-01 7.891814790270701430e-01
4.671316844692409154e-01 7.910413912914016077e-01
4.647819435996897730e-01 7.928861533780332538e-01
4.624497088658677257e-01 7.947158631933020079e-01
4.601348601394809612e-01 7.965306185495509839e-01
4.578372777942709138e-01 7.983305171518471077e-01
4.555568427162918765e-01 8.001156565850112701e-01
4.532934363135684985e-01 8.018861343009566767e-01
4.510469405251608666e-01 8.036420476063338425e-01
4.488172378296642062e-01 8.053834936504803421e-01
4.466042112531680153e-01 8.071105694136695430e-01
4.444077443767003310e-01 8.088233716956578778e-01
4.422277213431783927e-01 8.105219971045249938e-01
4.400640268638895680e-01 8.122065420458058904e-01
4.379165462245224738e-01 8.138771027119094947e-01
4.357851652907689943e-01 8.155337750718210099e-01
4.336697705135157399e-01 8.171766548610849279e-01
4.315702489336441516e-01 8.188058375720639326e-01
4.294864881864556283e-01 8.204214184444704738e-01
4.274183765057393836e-01 8.220234924561675705e-01
4.253658027274982989e-01 8.236121543142348456e-01
4.233286562933478714e-01 8.251874984462954643e-01
4.213068272536035219e-01 8.267496189921005323e-01
4.193002062700691424e-01 8.282986097953671800e-01
4.173086846185412035e-01 8.298345643958661144e-01
4.153321541910400261e-01 8.313575760217545296e-01
4.133705074977809812e-01 8.328677375821510465e-01
4.114236376688971131e-01 8.343651416599479065e-01
4.094914384559240617e-01 8.358498805048575342e-01
4.075738042330581123e-01 8.373220460266883602e-01
4.056706299981971409e-01 8.387817297888465751e-01
4.037818113737742798e-01 8.402290230020600381e-01
4.019072446073941318e-01 8.416640165183199018e-01
4.000468265722791350e-01 8.430868008250363976e-01
3.982004547675360717e-01 8.444974660394046762e-01
3.963680273182494385e-01 8.458961019029774819e-01
3.945494429754103916e-01 8.472827977764391116e-01
3.927446011156885963e-01 8.486576426345797675e-01
3.909534017410536411e-01 8.500207250614627563e-01
3.891757454782530101e-01 8.513721332457844237e-01
3.874115335781535552e-01 8.527119549764204942e-01
3.856606679149525152e-01 8.540402776381563754e-01
3.839230509852635254e-01 8.553571882075968746e-01
3.821985859070842206e-01 8.566627732492541059e-01
3.804871764186505412e-01 8.579571189118049279e-01
3.787887268771829019e-01 8.592403109245206894e-01
3.771031422575296110e-01 8.605124345938612862e-01
3.754303281507119783e-01 8.617735748002307572e-01
3.737701907623761088e-01 8.630238159948929733e-01
3.721226369111557131e-01 8.642632421970418699e-01
3.704875740269503170e-01 8.654919369910235583e-01
3.688649101491228710e-01 8.667099835237084271e-01
3.672545539246204749e-01 8.679174645020063528e-01
3.656564146060222176e-01 8.691144621905261269e-01
3.640704020495184046e-01 8.703010584093732183e-01
3.624964267128231166e-01 8.714773345320829812e-01
3.609343996530245957e-01 8.726433714836874245e-01
3.593842325243768454e-01 8.737992497389108770e-01
3.578458375760343313e-01 8.749450493204936619e-01
3.563191276497338356e-01 8.760808497976374509e-01
3.548040161774259627e-01 8.772067302845740766e-01
3.533004171788584058e-01 8.783227694392496954e-01
3.518082452591148601e-01 8.794290454621261910e-01
3.503274156061106925e-01 8.805256360950944883e-01
3.488578439880486437e-01 8.816126186204962245e-01
3.473994467508365602e-01 8.826900698602543338e-01
3.459521408154697664e-01 8.837580661751062161e-01
3.445158436753791853e-01 8.848166834639401568e-01
3.430904733937485407e-01 8.858659971632296681e-01
3.416759486008015823e-01 8.869060822465649752e-01
3.402721884910616668e-01 8.879370132242794256e-01
3.388791128205859149e-01 8.889588641431658278e-01
3.374966419041742216e-01 8.899717085862843824e-01
3.361246966125568947e-01 8.909756196728554345e-01
3.347631983695602553e-01 8.919706700582392678e-01
3.334120691492536981e-01 8.929569319339961675e-01
3.320712314730787096e-01 8.939344770280281960e-01
3.307406084069608454e-01 8.949033766047987948e-01
3.294201235584071630e-01 8.958637014656281039e-01
3.281097010735896102e-01 8.968155219490616670e-01
3.268092656344156466e-01 8.977589079313121889e-01
3.255187424555878173e-01 8.986939288267702386e-01
3.242380572816529472e-01 8.996206535885826749e-01
3.229671363840420639e-01 9.005391507092976866e-01
3.217059065581022170e-01 9.014494882215724481e-01
3.204542951201217460e-01 9.023517336989450577e-01
3.192122299043488876e-01 9.032459542566642074e-01
3.179796392600054977e-01 9.041322165525794707e-01
3.167564520482969437e-01 9.050105867880873234e-01
3.155425976394175547e-01 9.058811307091322318e-01
3.143380059095547407e-01 9.067439136072609207e-01
3.131426072378908354e-01 9.075990003207297097e-01
3.119563325036036616e-01 9.084464552356598110e-01
3.107791130828675974e-01 9.092863422872425883e-01
3.096108808458543638e-01 9.101187249609915542e-01
3.084515681537355891e-01 9.109436662940391116e-01
3.073011078556865394e-01 9.117612288764788131e-01
3.061594332858926792e-01 9.125714748527475884e-01
3.050264782605592861e-01 9.133744659230518259e-01
3.039021770749242846e-01 9.141702633448313131e-01
3.027864645002752431e-01 9.149589279342619230e-01
3.016792757809715342e-01 9.157405200677960488e-01
3.005805466314707131e-01 9.165150996837372332e-01
2.994902132333613354e-01 9.172827262838509910e-01
2.984082122324014930e-01 9.180434589350069396e-01
2.973344807355636221e-01 9.187973562708552366e-01
2.962689563080868616e-01 9.195444764935306603e-01
2.952115769705361825e-01 9.202848773753897760e-01
2.941622811958692907e-01 9.210186162607734150e-01
2.931210079065120211e-01 9.217457500677990190e-01
2.920876964714416157e-01 9.224663352901776303e-01
2.910622867032791605e-01 9.231804279990561968e-01
2.900447188553909594e-01 9.238880838448854105e-01
2.890349336189992346e-01 9.245893580593091965e-01
2.880328721203026521e-01 9.252843054570767389e-01
2.870384759176065614e-01 9.259729804379761564e-01
2.860516869984638388e-01 9.266554369887881615e-01
2.850724477768256659e-01 9.273317286852588159e-01
2.841007010902035779e-01 9.280019086940910489e-01
2.831363901968421137e-01 9.286660297749536053e-01
2.821794587729025694e-01 9.293241442825067589e-01
2.812298509096583521e-01 9.299763041684437903e-01
2.802875111107017148e-01 9.306225609835468982e-01
2.793523842891623143e-01 9.312629658797590970e-01
2.784244157649374274e-01 9.318975696122675512e-01
2.775035512619348776e-01 9.325264225416005637e-01
2.765897369053272326e-01 9.331495746357368892e-01
2.756829192188193778e-01 9.337670754722259270e-01
2.747830451219279158e-01 9.343789742403176835e-01
2.738900619272734982e-01 9.349853197431041707e-01
2.730039173378858153e-01 9.355861603996685760e-01
2.721245594445217963e-01 9.361815442472438686e-01
2.712519367229962453e-01 9.367715189433782896e-01
2.703859980315260203e-01 9.373561317681099458e-01
2.695266926080874259e-01 9.379354296261459556e-01
2.686739700677865383e-01 9.385094590490493660e-01
2.678277804002432982e-01 9.390782661974304002e-01
2.669880739669886482e-01 9.396418968631431445e-01
2.661548014988756594e-01 9.402003964714872319e-01
2.653279140935038138e-01 9.407538100834126338e-01
2.645073632126570540e-01 9.413021823977280045e-01
2.636931006797557653e-01 9.418455577533120238e-01
2.628850786773221371e-01 9.423839801313275144e-01
2.620832497444595677e-01 9.429174931574365592e-01
2.612875667743457253e-01 9.434461401040179496e-01
2.604979830117397088e-01 9.439699638923852998e-01
2.597144520505028087e-01 9.444890070950059391e-01
2.589369278311333678e-01 9.450033119377196922e-01
2.581653646383157974e-01 9.455129203019578821e-01
2.573997170984829164e-01 9.460178737269605564e-01
2.566399401773930000e-01 9.465182134119947133e-01
2.558859891777204298e-01 9.470139802185688627e-01
2.551378197366603873e-01 9.475052146726478108e-01
2.543953878235475363e-01 9.479919569668636692e-01
2.536586497374889171e-01 9.484742469627254202e-01
2.529275621050106060e-01 9.489521241928258188e-01
2.522020818777184759e-01 9.494256278630437418e-01
2.514821663299730004e-01 9.498947968547453158e-01
2.507677730565779362e-01 9.503596697269793836e-01
2.500588599704832160e-01 9.508202847186698614e-01
2.493553853005014143e-01 9.512766797508035443e-01
2.486573075890385343e-01 9.517288924286132490e-01
2.479645856898385625e-01 9.521769600437566261e-01
2.472771787657419285e-01 9.526209195764892002e-01
2.465950462864578419e-01 9.530608076978319687e-01
2.459181480263505082e-01 9.534966607717340059e-01
2.452464440622392494e-01 9.539285148572288486e-01
2.445798947712122251e-01 9.543564057105849985e-01
2.439184608284541422e-01 9.547803687874497625e-01
2.432621032050876209e-01 9.552004392449865433e-01
2.426107831660281045e-01 9.556166519440059126e-01
2.419644622678527313e-01 9.560290414510901336e-01
2.413231023566825839e-01 9.564376420407089130e-01
2.406866655660786503e-01 9.568424876973294912e-01
2.400551143149513289e-01 9.572436121175188495e-01
2.394284113054833685e-01 9.576410487120374793e-01
2.388065195210663516e-01 9.580348306079266019e-01
2.381894022242504461e-01 9.584249906505868388e-01
2.375770229547078116e-01 9.588115614058481118e-01
2.369693455272090243e-01 9.591945751620328808e-01
2.363663340296130178e-01 9.595740639320090581e-01
2.357679528208699582e-01 9.599500594552362598e-01
2.351741665290376926e-01 9.603225931998016218e-01
2.345849400493109915e-01 9.606916963644485108e-01
2.340002385420640318e-01 9.610573998805946871e-01
2.334200274309058132e-01 9.614197344143431412e-01
2.328442724007486475e-01 9.617787303684822708e-01
2.322729393958894439e-01 9.621344178844776218e-01
2.317059946181039276e-01 9.624868268444544128e-01
2.311434045247537372e-01 9.628359868731699578e-01
2.305851358269059848e-01 9.631819273399773174e-01
2.300311554874658604e-01 9.635246773607787363e-01
2.294814307193216163e-01 9.638642657999698660e-01
2.289359289835023459e-01 9.642007212723736620e-01
2.283946179873478921e-01 9.645340721451650667e-01
2.278574656826918010e-01 9.648643465397855890e-01
2.273244402640560990e-01 9.651915723338473363e-01
2.267955101668586992e-01 9.655157771630277219e-01
2.262706440656331308e-01 9.658369884229538460e-01
2.257498108722602037e-01 9.661552332710768853e-01
2.252329797342122741e-01 9.664705386285353805e-01
2.247201200328090842e-01 9.667829311820098637e-01
2.242112013814860083e-01 9.670924373855656064e-01
2.237061936240741511e-01 9.673990834624860424e-01
2.232050668330924081e-01 9.677028954070951983e-01
2.227077913080511562e-01 9.680038989865701327e-01
2.222143375737679893e-01 9.683021197427432725e-01
2.217246763786951680e-01 9.685975829938925363e-01
2.212387786932583644e-01 9.688903138365231316e-01
2.207566157082075653e-01 9.691803371471378048e-01
2.202781588329788820e-01 9.694676775839963234e-01
2.198033796940684625e-01 9.697523595888645209e-01
2.193322501334172558e-01 9.700344073887534613e-01
2.188647422068074333e-01 9.703138449976467239e-01
2.184008281822699127e-01 9.705906962182184738e-01
2.179404805385033728e-01 9.708649846435395414e-01
2.174836719633039539e-01 9.711367336587739540e-01
2.170303753520065326e-01 9.714059664428642549e-01
2.165805638059365990e-01 9.716727059702062741e-01
2.161342106308734023e-01 9.719369750123136864e-01
2.156912893355237559e-01 9.721987961394710220e-01
2.152517736300069151e-01 9.724581917223767968e-01
2.148156374243498645e-01 9.727151839337759842e-01
2.143828548269937073e-01 9.729697947500810518e-01
2.139534001433103239e-01 9.732220459529840051e-01
2.135272478741299385e-01 9.734719591310557751e-01
2.131043727142789002e-01 9.737195556813363906e-01
2.126847495511280106e-01 9.739648568109147142e-01
2.122683534631513158e-01 9.742078835384961888e-01
2.118551597184952229e-01 9.744486566959617013e-01
2.114451437735575534e-01 9.746871969299146787e-01
2.110382812715773382e-01 9.749235247032185248e-01
2.106345480412341320e-01 9.751576602965229545e-01
2.102339200952579312e-01 9.753896238097798932e-01
2.098363736290486947e-01 9.756194351637496043e-01
2.094418850193059678e-01 9.758471141014954942e-01
2.090504308226685259e-01 9.760726801898691463e-01
2.086619877743634277e-01 9.762961528209845863e-01
2.082765327868653094e-01 9.765175512136825553e-01
2.078940429485649499e-01 9.767368944149841248e-01
2.075144955224478005e-01 9.769542013015345416e-01
2.071378679447817839e-01 9.771694905810358600e-01
2.067641378238148087e-01 9.773827807936704692e-01
2.063932829384816647e-01 9.775940903135137416e-01
2.060252812371201891e-01 9.778034373499367993e-01
2.056601108361970631e-01 9.780108399489988447e-01
2.052977500190424354e-01 9.782163159948299436e-01
2.049381772345941488e-01 9.784198832110032606e-01
2.045813710961508214e-01 9.786215591618973031e-01
2.042273103801341694e-01 9.788213612540489494e-01
2.038759740248603514e-01 9.790193067374953761e-01
2.035273411293201107e-01 9.792154127071067693e-01
2.031813909519680494e-01 9.794096961039094884e-01
2.028381029095206178e-01 9.796021737163984611e-01
2.024974565757627631e-01 9.797928621818409178e-01
2.021594316803636826e-01 9.799817779875694690e-01
2.018240081077008752e-01 9.801689374722659664e-01
2.014911658956928531e-01 9.803543568272355957e-01
2.011608852346407905e-01 9.805380520976716419e-01
2.008331464660779164e-01 9.807200391839102638e-01
2.005079300816282883e-01 9.809003338426759422e-01
2.001852167218731160e-01 9.810789516883174910e-01
1.998649871752258833e-01 9.812559081940347427e-01
1.995472223768156028e-01 9.814312186930956861e-01
1.992319034073782857e-01 9.816048983800446104e-01
1.989190114921565444e-01 9.817769623119002587e-01
1.986085279998073272e-01 9.819474254093455423e-01
1.983004344413178410e-01 9.821163024579078193e-01
1.979947124689290516e-01 9.822836081091294025e-01
1.976913438750675656e-01 9.824493568817301847e-01
1.973903105912852840e-01 9.826135631627602729e-01
1.970915946872066338e-01 9.827762412087439614e-01
1.967951783694838752e-01 9.829374051468146023e-01
1.965010439807599318e-01 9.830970689758408154e-01
1.962091739986391026e-01 9.832552465675440390e-01
1.959195510346651292e-01 9.834119516676068651e-01
1.956321578333070632e-01 9.835671978967721607e-01
1.953469772709523211e-01 9.837209987519349719e-01
1.950639923549076782e-01 9.838733676072242140e-01
1.947831862224071453e-01 9.840243177150771459e-01
1.945045421396276730e-01 9.841738622073041842e-01
1.942280435007117390e-01 9.843220140961456144e-01
1.939536738267974847e-01 9.844687862753201957e-01
1.936814167650559304e-01 9.846141915210647744e-01
1.934112560877352949e-01 9.847582424931661249e-01
1.931431756912126430e-01 9.849009517359840205e-01
1.928771595950521667e-01 9.850423316794668649e-01
1.926131919410709326e-01 9.851823946401576659e-01
1.923512569924113180e-01 9.853211528221933468e-01
1.920913391326202757e-01 9.854586183182953985e-01
1.918334228647357032e-01 9.855948031107522045e-01
1.915774928103794739e-01 9.857297190723941505e-01
1.913235337088571852e-01 9.858633779675596287e-01
1.910715304162646788e-01 9.859957914530543821e-01
1.908214679046011941e-01 9.861269710791022991e-01
1.905733312608892671e-01 9.862569282902886592e-01
1.903271056863009292e-01 9.863856744264954957e-01
1.900827764952906229e-01 9.865132207238298534e-01
1.898403291147346406e-01 9.866395783155429422e-01
1.895997490830767518e-01 9.867647582329439615e-01
1.893610220494804930e-01 9.868887714063042660e-01
1.891241337729875904e-01 9.870116286657550919e-01
1.888890701216827395e-01 9.871333407421782891e-01
1.886558170718646010e-01 9.872539182680882819e-01
1.884243607072231264e-01 9.873733717785082575e-01
1.881946872180228492e-01 9.874917117118378052e-01
1.879667829002924784e-01 9.876089484107141159e-01
1.877406341550203750e-01 9.877250921228659664e-01
1.875162274873561907e-01 9.878401530019598198e-01
1.872935495058184463e-01 9.879541411084399316e-01
1.870725869215079662e-01 9.880670664103607947e-01
1.868533265473274474e-01 9.881789387842124794e-01
1.866357552972065237e-01 9.882897680157395337e-01
1.864198601853330195e-01 9.883995638007530005e-01
1.862056283253896438e-01 9.885083357459346631e-01
1.859930469297966793e-01 9.886160933696355180e-01
1.857821033089601392e-01 9.887228461026679183e-01
1.855727848705256977e-01 9.888286032890889476e-01
1.853650791186382818e-01 9.889333741869799077e-01
1.851589736532069375e-01 9.890371679692170348e-01
1.849544561691756073e-01 9.891399937242368878e-01
1.847515144557990985e-01 9.892418604567942975e-01
1.845501363959246022e-01 9.893427770887153194e-01
1.843503099652786803e-01 9.894427524596417500e-01
1.841520232317594707e-01 9.895417953277718670e-01
1.839552643547343325e-01 9.896399143705920665e-01
1.837600215843426810e-01 9.897371181856046141e-01
1.835662832608041528e-01 9.898334152910474026e-01
1.833740378137320437e-01 9.899288141266089358e-01
1.831832737614516593e-01 9.900233230541367613e-01
1.829939797103240506e-01 9.901169503583386877e-01
1.828061443540747733e-01 9.902097042474800048e-01
1.826197564731276979e-01 9.903015928540732649e-01
1.824348049339437894e-01 9.903926242355625131e-01
1.822512786883649372e-01 9.904828063750017453e-01
1.820691667729626984e-01 9.905721471817274804e-01
1.818884583083919537e-01 9.906606544920253388e-01
1.817091424987495041e-01 9.907483360697912911e-01
1.815312086309374684e-01 9.908351996071864676e-01
1.813546460740313726e-01 9.909212527252876379e-01
1.811794442786531789e-01 9.910065029747301413e-01
1.810055927763489225e-01 9.910909578363471528e-01
1.808330811789712611e-01 9.911746247218018446e-01
1.806618991780662709e-01 9.912575109742154389e-01
1.804920365442653218e-01 9.913396238687889328e-01
1.803234831266812832e-01 9.914209706134191613e-01
1.801562288523094191e-01 9.915015583493106410e-01
1.799902637254327253e-01 9.915813941515809748e-01
1.798255778270317351e-01 9.916604850298615936e-01
1.796621613141989593e-01 9.917388379288928357e-01
1.795000044195575739e-01 9.918164597291148077e-01
1.793390974506845759e-01 9.918933572472510285e-01
1.791794307895383243e-01 9.919695372368898534e-01
1.790209948918903282e-01 9.920450063890577930e-01
1.788637802867615034e-01 9.921197713327905010e-01
1.787077775758624254e-01 9.921938386356965456e-01
1.785529774330381070e-01 9.922672148045178497e-01
1.783993706037168836e-01 9.923399062856843589e-01
1.782469479043632676e-01 9.924119194658638232e-01
1.780957002219352991e-01 9.924832606725074724e-01
1.779456185133456436e-01 9.925539361743901390e-01
1.777966938049271306e-01 9.926239521821454970e-01
1.776489171919020671e-01 9.926933148487978587e-01
1.775022798378557143e-01 9.927620302702873101e-01
1.773567729742136778e-01 9.928301044859922930e-01
1.772123878997232949e-01 9.928975434792459698e-01
1.770691159799389347e-01 9.929643531778489240e-01
1.769269486467112962e-01 9.930305394545764219e-01
1.767858773976804243e-01 9.930961081276831193e-01
1.766458937957726405e-01 9.931610649614003306e-01
1.765069894687013308e-01 9.932254156664319655e-01
1.763691561084714532e-01 9.932891659004438045e-01
1.762323854708879312e-01 9.933523212685494430e-01
1.760966693750675716e-01 9.934148873237920174e-01
1.759619997029547578e-01 9.934768695676213790e-01
1.758283683988410562e-01 9.935382734503661606e-01
1.756957674688881255e-01 9.935991043717040672e-01
1.755641889806543454e-01 9.936593676811253939e-01
1.754336250626252480e-01 9.937190686783935467e-01
1.753040679037472516e-01 9.937782126140015659e-01
1.751755097529650584e-01 9.938368046896244312e-01
1.750479429187625502e-01 9.938948500585672585e-01
1.749213597687072352e-01 9.939523538262096114e-01
1.747957527289979440e-01 9.940093210504452603e-01
1.746711142840162434e-01 9.940657567421193885e-01
1.745474369758811262e-01 9.941216658654603577e-01
1.744247134040068925e-01 9.941770533385085873e-01
1.743029362246649172e-01 9.942319240335409924e-01
1.741820981505480814e-01 9.942862827774924250e-01
1.740621919503390624e-01 9.943401343523722291e-01
1.739432104482816488e-01 9.943934834956781321e-01
1.738251465237553028e-01 9.944463349008060282e-01
1.737079931108530539e-01 9.944986932174553207e-01
1.735917431979626391e-01 9.945505630520320439e-01
1.734763898273505300e-01 9.946019489680472114e-01
1.733619260947497076e-01 9.946528554865126104e-01
1.732483451489498782e-01 9.947032870863317111e-01
1.731356401913912990e-01 9.947532482046880231e-01
1.730238044757615723e-01 9.948027432374301204e-01
1.729128313075953827e-01 9.948517765394523371e-01
1.728027140438774811e-01 9.949003524250724650e-01
1.726934460926485004e-01 9.949484751684068984e-01
1.725850209126139068e-01 9.949961490037403378e-01
1.724774320127557825e-01 9.950433781258944954e-01
1.723706729519479119e-01 9.950901666905916931e-01
1.722647373385731984e-01 9.951365188148162400e-01
1.721596188301446895e-01 9.951824385771721460e-01
1.720553111329288787e-01 9.952279300182376165e-01
1.719518080015722816e-01 9.952729971409159937e-01
1.718491032387307327e-01 9.953176439107845885e-01
1.717471906947013738e-01 9.953618742564388500e-01
1.716460642670577519e-01 9.954056920698349797e-01
1.715457179002872479e-01 9.954491012066284394e-01
1.714461455854318361e-01 9.954921054865094598e-01
1.713473413597310646e-01 9.955347086935357748e-01
1.712492993062679769e-01 9.955769145764623573e-01
1.711520135536179210e-01 9.956187268490682696e-01
1.710554782754995506e-01 9.956601491904798484e-01
1.709596876904290463e-01 9.957011852454915601e-01
1.708646360613765569e-01 9.957418386248844122e-01
1.707703176954254443e-01 9.957821129057401466e-01
1.706767269434340262e-01 9.958220116317539894e-01
1.705838581997000947e-01 9.958615383135431820e-01
1.704917059016278214e-01 9.959006964289542907e-01
1.704002645293971052e-01 9.959394894233661866e-01
1.703095286056358071e-01 9.959779207099910270e-01
1.702194926950940934e-01 9.960159936701726835e-01
1.701301514043214724e-01 9.960537116536819502e-01
1.700414993813463282e-01 9.960910779790095315e-01
1.699535313153576754e-01 9.961280959336558105e-01
1.698662419363896614e-01 9.961647687744182855e-01
1.697796260150081782e-01 9.962010997276767865e-01
1.696936783620000833e-01 9.962370919896751387e-01
1.696083938280646131e-01 9.962727487268012716e-01
1.695237673035073500e-01 9.963080730758643311e-01
1.694397937179363545e-01 9.963430681443685710e-01
1.693564680399606559e-01 9.963777370107861353e-01
1.692737852768911588e-01 9.964120827248262868e-01
1.691917404744437137e-01 9.964461083077024162e-01
1.691103287164444635e-01 9.964798167523970518e-01
1.690295451245374392e-01 9.965132110239238727e-01
1.689493848578944579e-01 9.965462940595873897e-01
1.688698431129272426e-01 9.965790687692405170e-01
1.687909151230015670e-01 9.966115380355401454e-01
1.687125961581538436e-01 9.966437047141993855e-01
1.686348815248096544e-01 9.966755716342377003e-01
1.685577665655045299e-01 9.967071415982298177e-01
1.684812466586068092e-01 9.967384173825515337e-01
1.684053172180428326e-01 9.967694017376225180e-01
1.683299736930238544e-01 9.968000973881487869e-01
1.682552115677753424e-01 9.968305070333612905e-01
1.681810263612683043e-01 9.968606333472529446e-01
1.681074136269524455e-01 9.968904789788135545e-01
1.680343689524917694e-01 9.969200465522620735e-01
1.679618879595018155e-01 9.969493386672779733e-01
1.678899663032890066e-01 9.969783578992287287e-01
1.678185996725922169e-01 9.970071067993968583e-01
1.677477837893260604e-01 9.970355878952036344e-01
1.676775144083260671e-01 9.970638036904314605e-01
1.676077873170962185e-01 9.970917566654441400e-01
1.675385983355579811e-01 9.971194492774043683e-01
1.674699433158014783e-01 9.971468839604906709e-01
1.674018181418385487e-01 9.971740631261110099e-01
1.673342187293576089e-01 9.972009891631148371e-01
1.672671410254805147e-01 9.972276644380033694e-01
1.672005810085211430e-01 9.972540912951382008e-01
1.671345346877459170e-01 9.972802720569471369e-01
1.670689981031361626e-01 9.973062090241286981e-01
1.670039673251522416e-01 9.973319044758549579e-01
1.669394384544994892e-01 9.973573606699720484e-01
1.668754076218959548e-01 9.973825798431986689e-01
1.668118709878419759e-01 9.974075642113235940e-01
1.667488247423913883e-01 9.974323159694004071e-01
1.666862651049245969e-01 9.974568372919414561e-01
1.666241883239233668e-01 9.974811303331083678e-01
1.665625906767473074e-01 9.975051972269034506e-01
1.665014684694119673e-01 9.975290400873563224e-01
1.664408180363689815e-01 9.975526610087110946e-01
1.663806357402873859e-01 9.975760620656101141e-01
1.663209179718370956e-01 9.975992453132780380e-01
1.662616611494736885e-01 9.976222127877022450e-01
1.662028617192249924e-01 9.976449665058125804e-01
1.661445161544793103e-01 9.976675084656591030e-01
1.660866209557752826e-01 9.976898406465888325e-01
1.660291726505931931e-01 9.977119650094196102e-01
1.659721677931480510e-01 9.977338834966135162e-01
1.659156029641843388e-01 9.977555980324481766e-01
1.658594747707719252e-01 9.977771105231867388e-01
1.658037798461040602e-01 9.977984228572459591e-01
1.657485148492964522e-01 9.978195369053627362e-01
1.656936764651883442e-01 9.978404545207596454e-01
1.656392614041446165e-01 9.978611775393079197e-01
1.655852664018598042e-01 9.978817077796903190e-01
1.655316882191634753e-01 9.979020470435610024e-01
1.654785236418269689e-01 9.979221971157050675e-01
1.654257694803718814e-01 9.979421597641960906e-01
1.653734225698797744e-01 9.979619367405520025e-01
1.653214797698034921e-01 9.979815297798904083e-01
1.652699379637798394e-01 9.980009406010812434e-01
1.652187940594437299e-01 9.980201709068990956e-01
1.651680449882438062e-01 9.980392223841734189e-01
1.651176877052593917e-01 9.980580967039376361e-01
1.650677191890188023e-01 9.980767955215765763e-01
1.650181364413192964e-01 9.980953204769734688e-01
1.649689364870479680e-01 9.981136731946540497e-01
1.649201163740046105e-01 9.981318552839311131e-01
1.648716731727253304e-01 9.981498683390455096e-01
1.648236039763078808e-01 9.981677139393083653e-01
1.647759059002382731e-01 9.981853936492397494e-01
1.647285760822186362e-01 9.982029090187080067e-01
1.646816116819964648e-01 9.982202615830655379e-01
1.646350098811950879e-01 9.982374528632859123e-01
1.645887678831456369e-01 9.982544843660974276e-01
1.645428829127200121e-01 9.982713575841171139e-01
1.644973522161654600e-01 9.982880739959815175e-01
1.644521730609400378e-01 9.983046350664792623e-01
1.644073427355496886e-01 9.983210422466793910e-01
1.643628585493864258e-01 9.983372969740599290e-01
1.643187178325676290e-01 9.983534006726355603e-01
1.642749179357768097e-01 9.983693547530834156e-01
1.642314562301054603e-01 9.983851606128671952e-01
1.641883301068961798e-01 9.984008196363619581e-01
1.641455369775868256e-01 9.984163331949760245e-01
1.641030742735561654e-01 9.984317026472726564e-01
1.640609394459704162e-01 9.984469293390898503e-01
1.640191299656311441e-01 9.984620146036599087e-01
1.639776433228243013e-01 9.984769597617270120e-01
1.639364770271703187e-01 9.984917661216650142e-01
1.638956286074755297e-01 9.985064349795921279e-01
1.638550956115845114e-01 9.985209676194866102e-01
1.638148756062337841e-01 9.985353653133000051e-01
1.637749661769064280e-01 9.985496293210700536e-01
1.637353649276879208e-01 9.985637608910313823e-01
1.636960694811231964e-01 9.985777612597276365e-01
1.636570774780744808e-01 9.985916316521196157e-01
1.636183865775806268e-01 9.986053732816944084e-01
1.635799944567170872e-01 9.986189873505723069e-01
1.635418988104574145e-01 9.986324750496142766e-01
1.635040973515353435e-01 9.986458375585265390e-01
1.634665878103084558e-01 9.986590760459652660e-01
1.634293679346223715e-01 9.986721916696404966e-01
1.633924354896764963e-01 9.986851855764180552e-01
1.633557882578902665e-01 9.986980589024218036e-01
1.633194240387708385e-01 9.987108127731338936e-01
1.632833406487816386e-01 9.987234483034945765e-01
1.632475359212118837e-01 9.987359665980011236e-01
1.632120077060471020e-01 9.987483687508054153e-01
1.631767538698408737e-01 9.987606558458109740e-01
1.631417722955871286e-01 9.987728289567692208e-01
1.631070608825938573e-01 9.987848891473742885e-01
1.630726175463575456e-01 9.987968374713578346e-01
1.630384402184384962e-01 9.988086749725816338e-01
1.630045268463375385e-01 9.988204026851306150e-01
1.629708753933730436e-01 9.988320216334045654e-01
1.629374838385594937e-01 9.988435328322085027e-01
1.629043501764865787e-01 9.988549372868429366e-01
1.628714724171993200e-01 9.988662359931929080e-01
1.628388485860793877e-01 9.988774299378163635e-01
1.628064767237267785e-01 9.988885200980311962e-01
1.627743548858429090e-01 9.988995074420022879e-01
1.627424811431144314e-01 9.989103929288271067e-01
1.627108535810977974e-01 9.989211775086208611e-01
1.626794703001049336e-01 9.989318621226005446e-01
1.626483294150896652e-01 9.989424477031686456e-01
1.626174290555350566e-01 9.989529351739953045e-01
1.625867673653415557e-01 9.989633254501005810e-01
1.625563425027160835e-01 9.989736194379358336e-01
1.625261526400620105e-01 9.989838180354631003e-01
1.624961959638697162e-01 9.989939221322361451e-01
1.624664706746083709e-01 9.990039326094777294e-01
1.624369749866181878e-01 9.990138503401586600e-01
1.624077071280038420e-01 9.990236761890755046e-01
1.623786653405283886e-01 9.990334110129263090e-01
1.623498478795081801e-01 9.990430556603869805e-01
1.623212530137086163e-01 9.990526109721866721e-01
1.622928790252405606e-01 9.990620777811821673e-01
1.622647242094576447e-01 9.990714569124319322e-01
1.622367868748542941e-01 9.990807491832688347e-01
1.622090653429647256e-01 9.990899554033727537e-01
1.621815579482623615e-01 9.990990763748427428e-01
1.621542630380604644e-01 9.991081128922676413e-01
1.621271789724131329e-01 9.991170657427965729e-01
1.621003041240172138e-01 9.991259357062094448e-01
1.620736368781151571e-01 9.991347235549847827e-01
1.620471756323982881e-01 9.991434300543694524e-01
1.620209187969110232e-01 9.991520559624458286e-01
1.619948647939557507e-01 9.991606020301988522e-01
1.619690120579985460e-01 9.991690690015835319e-01
1.619433590355754127e-01 9.991774576135898922e-01
1.619179041851994683e-01 9.991857685963089208e-01
1.618926459772686288e-01 9.991940026729966284e-01
1.618675828939742933e-01 9.992021605601389966e-01
1.618427134292102776e-01 9.992102429675152608e-01
1.618180360884829971e-01 9.992182505982603047e-01
1.617935493888218446e-01 9.992261841489274987e-01
1.617692518586905936e-01 9.992340443095503177e-01
1.617451420378993865e-01 9.992418317637036251e-01
1.617212184775171924e-01 9.992495471885638469e-01
1.616974797397853769e-01 9.992571912549698121e-01
1.616739243980313823e-01 9.992647646274813722e-01
1.616505510365836840e-01 9.992722679644385764e-01
1.616273582506868312e-01 9.992797019180205131e-01
1.616043446464175692e-01 9.992870671343021538e-01
1.615815088406012123e-01 9.992943642533127502e-01
1.615588494607291814e-01 9.993015939090914568e-01
1.615363651448765980e-01 9.993087567297443963e-01
1.615140545416209328e-01 9.993158533374998376e-01
1.614919163099610422e-01 9.993228843487637070e-01
1.614699491192369829e-01 9.993298503741739891e-01
1.614481516490503810e-01 9.993367520186546837e-01
1.614265225891853839e-01 9.993435898814695406e-01
1.614050606395301957e-01 9.993503645562756832e-01
1.613837645099993612e-01 9.993570766311754561e-01
1.613626329204564946e-01 9.993637266887688275e-01
1.613416646006375910e-01 9.993703153062053479e-01
1.613208582900751420e-01 9.993768430552346649e-01
1.613002127380226136e-01 9.993833105022575936e-01
1.612797267033795612e-01 9.993897182083766317e-01
1.612593989546172724e-01 9.993960667294446987e-01
1.612392282697052426e-01 9.994023566161150951e-01
1.612192134360378726e-01 9.994085884138906861e-01
1.611993532503618598e-01 9.994147626631710857e-01
1.611796465187042282e-01 9.994208798993016174e-01
1.611600920563008577e-01 9.994269406526201660e-01
1.611406886875254296e-01 9.994329454485041397e-01
1.611214352458192889e-01 9.994388948074170997e-01
1.611023305736212774e-01 9.994447892449555004e-01
1.610833735222987062e-01 9.994506292718929874e-01
1.610645629520784661e-01 9.994564153942270268e-01
1.610458977319787488e-01 9.994621481132230922e-01
1.610273767397413791e-01 9.994678279254589626e-01
1.610089988617645629e-01 9.994734553228689089e-01
1.609907629930362738e-01 9.994790307927873263e-01
1.609726680370680563e-01 9.994845548179915884e-01
1.609547129058293558e-01 9.994900278767450130e-01
1.609368965196823487e-01 9.994954504428396058e-01
1.609192178073172441e-01 9.995008229856371385e-01
1.609016757056882796e-01 9.995061459701113371e-01
1.608842691599498831e-01 9.995114198568891828e-01
1.608669971233936125e-01 9.995166451022911014e-01
1.608498585573854001e-01 9.995218221583718199e-01
1.608328524313033803e-01 9.995269514729601124e-01
1.608159777224761611e-01 9.995320334896987680e-01
1.607992334161215120e-01 9.995370686480836708e-01
1.607826185052857182e-01 9.995420573835028799e-01
1.607661319907830455e-01 9.995470001272745986e-01
1.607497728811361493e-01 9.995518973066862545e-01
1.607335401925164553e-01 9.995567493450316920e-01
1.607174329486853459e-01 9.995615566616485870e-01
1.607014501809356788e-01 9.995663196719558607e-01
1.606855909280337225e-01 9.995710387874906511e-01
1.606698542361615911e-01 9.995757144159437280e-01
1.606542391588599850e-01 9.995803469611971304e-01
1.606387447569717630e-01 9.995849368233584720e-01
1.606233700985853774e-01 9.995894843987972456e-01
1.606081142589792232e-01 9.995939900801793510e-01
1.605929763205662109e-01 9.995984542565020670e-01
1.605779553728386988e-01 9.996028773131285794e-01
1.605630505123140372e-01 9.996072596318218428e-01
1.605482608424803614e-01 9.996116015907784424e-01
1.605335854737429402e-01 9.996159035646622337e-01
1.605190235233708573e-01 9.996201659246373161e-01
1.605045741154440542e-01 9.996243890384004516e-01
1.604902363808008992e-01 9.996285732702144822e-01
1.604760094569860629e-01 9.996327189809397495e-01
1.604618924881989483e-01 9.996368265280662913e-01
1.604478846252421764e-01 9.996408962657460373e-01
1.604339850254710154e-01 9.996449285448227862e-01
1.604201928527425602e-01 9.996489237128640681e-01
1.604065072773658285e-01 9.996528821141925647e-01
1.603929274760519108e-01 9.996568040899150853e-01
1.603794526318647884e-01 9.996606899779535427e-01
1.603660819341722055e-01 9.996645401130747066e-01
1.603528145785971526e-01 9.996683548269200692e-01
1.603396497669696275e-01 9.996721344480345994e-01
1.603265867072788675e-01 9.996758793018961642e-01
1.603136246136258047e-01 9.996795897109441720e-01
1.603007627061759643e-01 9.996832659946081057e-01
1.602880002111127522e-01 9.996869084693356111e-01
1.602753363605910197e-01 9.996905174486208079e-01
1.602627703926911007e-01 9.996940932430317117e-01
1.602503015513731255e-01 9.996976361602374350e-01
1.602379290864315853e-01 9.997011465050358314e-01
1.602256522534505068e-01 9.997046245793805852e-01
1.602134703137587934e-01 9.997080706824067464e-01
1.602013825343858722e-01 9.997114851104587085e-01
1.601893881880178117e-01 9.997148681571151885e-01
1.601774865529536906e-01 9.997182201132157608e-01
1.601656769130623548e-01 9.997215412668860601e-01
1.601539585577393954e-01 9.997248319035638708e-01
1.601423307818647113e-01 9.997280923060237745e-01
1.601307928857600427e-01 9.997313227544025738e-01
1.601193441751471436e-01 9.997345235262232732e-01
1.601079839611060929e-01 9.997376948964206145e-01
1.600967115600340218e-01 9.997408371373645020e-01
1.600855262936041468e-01 9.997439505188844278e-01
1.600744274887249685e-01 9.997470353082931194e-01
1.600634144775000267e-01 9.997500917704101875e-01
1.600524865971878763e-01 9.997531201675857737e-01
1.600416431901622027e-01 9.997561207597230881e-01
1.600308836038725480e-01 9.997590938043019460e-01
1.600202071908049806e-01 9.997620395564010831e-01
1.600096133084435157e-01 9.997649582687210268e-01
1.599991013192313127e-01 9.997678501916058558e-01
1.599886705905326778e-01 9.997707155730660711e-01
1.599783204945949555e-01 9.997735546587994682e-01
1.599680504085109201e-01 9.997763676922134524e-01
1.599578597141815273e-01 9.997791549144464662e-01
1.599477477982786389e-01 9.997819165643894168e-01
1.599377140522083574e-01 9.997846528787061038e-01
1.599277578720745829e-01 9.997873640918544247e-01
1.599178786586425982e-01 9.997900504361076912e-01
1.599080758173033745e-01 9.997927121415737250e-01
1.598983487580376839e-01 9.997953494362163962e-01
1.598886968953807663e-01 9.997979625458751629e-01
1.598791196483873300e-01 9.998005516942850557e-01
1.598696164405965237e-01 9.998031171030962172e-01
1.598601866999975196e-01 9.998056589918937753e-01
1.598508298589950416e-01 9.998081775782169389e-01
1.598415453543754472e-01 9.998106730775779827e-01
1.598323326272728107e-01 9.998131457034818981e-01
1.598231911231355884e-01 9.998155956674448230e-01
1.598141202916931181e-01 9.998180231790122496e-01
1.598051195869227559e-01 9.998204284457781199e-01
1.597961884670170973e-01 9.998228116734028115e-01
1.597873263943513644e-01 9.998251730656312342e-01
1.597785328354513756e-01 9.998275128243108156e-01
1.597698072609612385e-01 9.998298311494093760e-01
1.597611491456118749e-01 9.998321282390326692e-01
1.597525579681892682e-01 9.998344042894414807e-01
1.597440332115033779e-01 9.998366594950697239e-01
1.597355743623569413e-01 9.998388940485404275e-01
1.597271809115148322e-01 9.998411081406838319e-01
1.597188523536733629e-01 9.998433019605531547e-01
1.597105881874300859e-01 9.998454756954422429e-01
1.597023879152536241e-01 9.998476295309011164e-01
1.596942510434538054e-01 9.998497636507526209e-01
1.596861770821521309e-01 9.998518782371091929e-01
1.596781655452522430e-01 9.998539734703878468e-01
1.596702159504109209e-01 9.998560495293266071e-01
1.596623278190088813e-01 9.998581065910004950e-01
1.596545006761224128e-01 9.998601448308366280e-01
1.596467340504944821e-01 9.998621644226295402e-01
1.596390274745067284e-01 9.998641655385570592e-01
1.596313804841513195e-01 9.998661483491948498e-01
1.596237926190030298e-01 9.998681130235318459e-01
1.596162634221916787e-01 9.998700597289847947e-01
1.596087924403747083e-01 9.998719886314129113e-01
1.596013792237100104e-01 9.998738998951329782e-01
1.595940233258287544e-01 9.998757936829328896e-01
1.595867243038088246e-01 9.998776701560870839e-01
1.595794817181480363e-01 9.998795294743699769e-01
1.595722951327379069e-01 9.998813717960699510e-01
1.595651641148373434e-01 9.998831972780032329e-01
1.595580882350467744e-01 9.998850060755285485e-01
1.595510670672823372e-01 9.998867983425593353e-01
1.595441001887502597e-01 9.998885742315787306e-01
1.595371871799215469e-01 9.998903338936516727e-01
1.595303276245066959e-01 9.998920774784388898e-01
1.595235211094308270e-01 9.998938051342101119e-01
1.595167672248088420e-01 9.998955170078565047e-01
1.595100655639206944e-01 9.998972132449042149e-01
1.595034157231872418e-01 9.998988939895268047e-01
1.594968173021457103e-01 9.999005593845574635e-01
1.594902699034258242e-01 9.999022095715025538e-01
1.594837731327259644e-01 9.999038446905532673e-01
1.594773265987893540e-01 9.999054648805981715e-01
1.594709299133807712e-01 9.999070702792354215e-01
1.594645826912630404e-01 9.999086610227845284e-01
1.594582845501739954e-01 9.999102372462986832e-01
1.594520351108035527e-01 9.999117990835763026e-01
1.594458339967708693e-01 9.999133466671731307e-01
1.594396808346016936e-01 9.999148801284136745e-01
1.594335752537062167e-01 9.999163995974023056e-01
1.594275168863564240e-01 9.999179052030356951e-01
1.594215053676643068e-01 9.999193970730128056e-01
1.594155403355598244e-01 9.999208753338469924e-01
1.594096214307691717e-01 9.999223401108768838e-01
1.594037482967932129e-01 9.999237915282772615e-01
1.593979205798861654e-01 9.999252297090698294e-01
1.593921379290341167e-01 9.999266547751343159e-01
1.593863999959342359e-01 9.999280668472187994e-01
1.593807064349736513e-01 9.999294660449506988e-01
1.593750569032087450e-01 9.999308524868468773e-01
1.593694510603446135e-01 9.999322262903239666e-01
1.593638885687145290e-01 9.999335875717090261e-01
1.593583690932597607e-01 9.999349364462495338e-01
1.593528923015093968e-01 9.999362730281234901e-01
1.593474578635603600e-01 9.999375974304490766e-01
1.593420654520576185e-01 9.999389097652950920e-01
1.593367147421745345e-01 9.999402101436908330e-01
1.593314054115933520e-01 9.999414986756348656e-01
1.593261371404857407e-01 9.999427754701056825e-01
1.593209096114938106e-01 9.999440406350706967e-01
1.593157225097107665e-01 9.999452942774958997e-01
1.593105755226622011e-01 9.999465365033550768e-01
1.593054683402872485e-01 9.999477674176391329e-01
1.593004006549199325e-01 9.999489871243651962e-01
1.592953721612707652e-01 9.999501957265859442e-01
1.592903825564082887e-01 9.999513933263982635e-01
1.592854315397410070e-01 9.999525800249525753e-01
1.592805188129992333e-01 9.999537559224612737e-01
1.592756440802172158e-01 9.999549211182077180e-01
1.592708070477153182e-01 9.999560757105551145e-01
1.592660074240824786e-01 9.999572197969541776e-01
1.592612449201585290e-01 9.999583534739531210e-01
1.592565192490169312e-01 9.999594768372046527e-01
1.592518301259476521e-01 9.999605899814753007e-01
1.592471772684397324e-01 9.999616930006532955e-01
1.592425603961646619e-01 9.999627859877564529e-01
1.592379792309593645e-01 9.999638690349413883e-01
1.592334334968094345e-01 9.999649422335100679e-01
1.592289229198327050e-01 9.999660056739191338e-01
1.592244472282626777e-01 9.999670594457867878e-01
1.592200061524322308e-01 9.999681036379012289e-01
1.592155994247574091e-01 9.999691383382282028e-01
1.592112267797212988e-01 9.999701636339183297e-01
1.592068879538582338e-01 9.999711796113155415e-01
1.592025826857377258e-01 9.999721863559638546e-01
1.591983107159490041e-01 9.999731839526150301e-01
1.591940717870851674e-01 9.999741724852363456e-01
1.591898656437279735e-01 9.999751520370170343e-01
1.591856920324322966e-01 9.999761226903767231e-01
1.591815507017109721e-01 9.999770845269715380e-01
1.591774414020196704e-01 9.999780376277016547e-01
1.591733638857419642e-01 9.999789820727186251e-01
1.591693179071743125e-01 9.999799179414320394e-01
1.591653032225114339e-01 9.999808453125165197e-01
1.591613195898315958e-01 9.999817642639182713e-01
1.591573667690819871e-01 9.999826748728626313e-01
1.591534445220644800e-01 9.999835772158597313e-01
1.591495526124211135e-01 9.999844713687122688e-01
1.591456908056200770e-01 9.999853574065212802e-01
1.591418588689414437e-01 9.999862354036931356e-01
1.591380565714632933e-01 9.999871054339457555e-01
1.591342836840477781e-01 9.999879675703152726e-01
1.591305399793273845e-01 9.999888218851620270e-01
1.591268252316912768e-01 9.999896684501773381e-01
1.591231392172716697e-01 9.999905073363892782e-01
1.591194817139304218e-01 9.999913386141693339e-01
1.591158525012456582e-01 9.999921623532377346e-01
1.591122513604986133e-01 9.999929786226705586e-01
1.591086780746603091e-01 9.999937874909048396e-01
1.591051324283786761e-01 9.999945890257453396e-01
1.591016142079655082e-01 9.999953832943694332e-01
1.590981232013836399e-01 9.999961703633338805e-01
1.590946591982342340e-01 9.999969502985801562e-01
1.590912219897440694e-01 9.999977231654402221e-01
1.590878113687530793e-01 9.999984890286423012e-01
1.590844271297018053e-01 9.999992479523164279e-01
1.590810690686190465e-01 1.000000000000000000e+00
