1.000000000000000000e+00 1.939410130219494377e-01
9.935185031844742110e-01 1.946556407604276562e-01
9.870950944734416810e-01 1.953904035074414958e-01
9.807292481875885537e-01 1.961453145865923176e-01
9.744204432563944307e-01 1.969203754625876157e-01
9.681681631741969607e-01 1.977155757033355332e-01
9.619718959566470051e-01 1.985308929680018875e-01
9.558311340975551573e-01 1.993662930210291229e-01
9.497453745261289493e-01 2.002217297719962597e-01
9.437141185645994135e-01 2.010971453410814458e-01
9.377368718862395536e-01 2.019924701497729236e-01
9.318131444737723923e-01 2.029076230363603128e-01
9.259424505781708170e-01 2.038425113956312540e-01
9.201243086778475577e-01 2.047970313420926503e-01
9.143582414382374068e-01 2.057710678959385198e-01
9.086437756717695713e-01 2.067644951908940154e-01
9.029804422982334877e-01 2.077771767029795991e-01
8.973677763055357692e-01 2.088089654991616695e-01
8.918053167108495050e-01 2.098597045047853882e-01
8.862926065221569116e-01 2.109292267886236361e-01
8.808291927001842270e-01 2.120173558643219658e-01
8.754146261207294000e-01 2.131239060069746449e-01
8.700484615373835773e-01 2.142486825835300812e-01
8.647302575446457196e-01 2.153914823956960545e-01
8.594595765414297928e-01 2.165520940339961120e-01
8.542359846949648672e-01 2.177302982416176313e-01
8.490590519050892349e-01 2.189258682866889738e-01
8.439283517689353253e-01 2.201385703416294248e-01
8.388434615460079735e-01 2.213681638682269692e-01
8.338039621236528198e-01 2.226144020071203766e-01
8.288094379829172853e-01 2.238770319703880241e-01
8.238594771647990145e-01 2.251557954359786340e-01
8.189536712368858939e-01 2.264504289427580197e-01
8.140916152603817624e-01 2.277606642849899776e-01
8.092729077575200325e-01 2.290862289051165956e-01
8.044971506793615612e-01 2.304268462837569253e-01
7.997639493739769900e-01 2.317822363258980611e-01
7.950729125550104470e-01 2.331521157423109558e-01
7.904236522706231671e-01 2.345361984252849752e-01
7.858157838728155875e-01 2.359341958178374499e-01
7.812489259871244762e-01 2.373458172756186257e-01
7.767227004826949832e-01 2.387707704207962800e-01
7.722367324427215074e-01 2.402087614872707999e-01
7.677906501352589341e-01 2.416594956566346653e-01
7.633840849843988030e-01 2.431226773843548072e-01
7.590166715418072974e-01 2.445980107157203765e-01
7.546880474586243892e-01 2.460851995911586820e-01
7.503978534577179227e-01 2.475839481405835707e-01
7.461457333062917474e-01 2.490939609664978571e-01
7.419313337888431281e-01 2.506149434156281219e-01
7.377543046804669880e-01 2.521466018389232899e-01
7.336142987205011012e-01 2.536886438398000543e-01
7.295109715865116806e-01 2.552407785105668681e-01
7.254439818686129193e-01 2.568027166570031050e-01
7.214129910441172688e-01 2.583741710111135403e-01
7.174176634525133434e-01 2.599548564321188526e-01
7.134576662707659001e-01 2.615444900957783481e-01
7.095326694889341201e-01 2.631427916721767457e-01
7.056423458861057485e-01 2.647494834921372830e-01
7.017863710066390981e-01 2.663642907024519335e-01
6.979644231367123641e-01 2.679869414101453962e-01
6.941761832811736976e-01 2.696171668160119994e-01
6.904213351406874866e-01 2.712547013376849780e-01
6.866995650891744019e-01 2.728992827225152351e-01
6.830105621515373260e-01 2.745506521505520769e-01
6.793540179816730529e-01 2.762085543279310107e-01
6.757296268407606554e-01 2.778727375709842962e-01
6.721370855758254104e-01 2.795429538813992698e-01
6.685760935985720632e-01 2.812189590127548433e-01
6.650463528644841027e-01 2.829005125287724076e-01
6.615475678521821612e-01 2.845873778536201493e-01
6.580794455430404311e-01 2.862793223146107291e-01
6.546416954010538802e-01 2.879761171776331619e-01
6.512340293529527147e-01 2.896775376756581255e-01
6.478561617685605345e-01 2.913833630306527644e-01
6.445078094413894121e-01 2.930933764692386645e-01
6.411886915694708922e-01 2.948073652324206817e-01
6.378985297364153650e-01 2.965251205797104772e-01
6.346370478926971481e-01 2.982464377879601725e-01
6.314039723371613899e-01 2.999711161452173758e-01
6.281990316987469125e-01 3.016989589399018956e-01
6.250219569184226609e-01 3.034297734456003481e-01
6.218724812313322081e-01 3.051633709017625429e-01
6.187503401491435406e-01 3.068995664905773690e-01
6.156552714425987949e-01 3.086381793102963011e-01
6.125870151242609474e-01 3.103790323452620958e-01
6.095453134314531285e-01 3.121219524328924799e-01
6.065299108093867853e-01 3.138667702278578053e-01
6.035405538944750292e-01 3.156133201636833752e-01
6.005769914978271729e-01 3.173614404119954324e-01
5.976389745889212346e-01 3.191109728396230305e-01
5.947262562794497498e-01 3.208617629637558477e-01
5.918385918073374441e-01 3.226136599053506804e-01
5.889757385209243301e-01 3.243665163409687469e-01
5.861374558633138943e-01 3.261201884532172746e-01
5.833235053568798234e-01 3.278745358799608489e-01
5.805336505879318265e-01 3.296294216624574558e-01
5.777676571915326686e-01 3.313847121925670991e-01
5.750252928364674165e-01 3.331402771591728817e-01
5.723063272103598997e-01 3.348959894939447235e-01
5.696105320049320575e-01 3.366517253165697832e-01
5.669376809014065044e-01 3.384073638795657701e-01
5.642875495560458754e-01 3.401627875127853917e-01
5.616599155858285064e-01 3.419178815677142991e-01
5.590545585542562312e-01 3.436725343616570671e-01
5.564712599572922969e-01 3.454266371219005261e-01
5.539098032094265101e-01 3.471800839299363783e-01
5.513699736298641740e-01 3.489327716658202627e-01
5.488515584288380378e-01 3.506845999527376523e-01
5.463543466940385951e-01 3.524354711018430342e-01
5.438781293771617342e-01 3.541852900574319341e-01
5.414226992805707406e-01 3.559339643425021849e-01
5.389878510440698767e-01 3.576814040047550103e-01
5.365733811317885404e-01 3.594275215630824971e-01
5.341790878191722269e-01 3.611722319545843107e-01
5.318047711800788502e-01 3.629154524821514016e-01
5.294502330739778717e-01 3.646571027626525630e-01
5.271152771332510145e-01 3.663971046757535377e-01
5.247997087505911207e-01 3.681353823133985403e-01
5.225033350664982645e-01 3.698718619299767307e-01
5.202259649568704569e-01 3.716064718931979538e-01
5.179674090206871639e-01 3.733391426356945098e-01
5.157274795677846413e-01 3.750698066073670511e-01
5.135059906067191982e-01 3.767983982284884292e-01
5.113027578327189460e-01 3.785248538435765919e-01
5.091175986157208122e-01 3.802491116760469692e-01
5.069503319884911541e-01 3.819711117836519509e-01
5.048007786348290837e-01 3.836907960147130647e-01
5.026687608778507288e-01 3.854081079651502928e-01
5.005541026683516526e-01 3.871229929363113609e-01
4.984566295732477670e-01 3.888353978936012201e-01
4.963761687640915743e-01 3.905452714259129432e-01
4.943125490056634597e-01 3.922525637058572046e-01
4.922656006446359811e-01 3.939572264507884558e-01
4.902351555983099907e-01 3.956592128846241341e-01
4.882210473434209219e-01 3.973584777004519619e-01
4.862231109050147992e-01 3.990549770239197325e-01
4.842411828453913603e-01 4.007486683774018621e-01
4.822751012531144021e-01 4.024395106449348281e-01
4.803247057320871871e-01 4.041274640379144412e-01
4.783898373906924073e-01 4.058124900615462383e-01
4.764703388309948773e-01 4.074945514820400017e-01
4.745660541380065101e-01 4.091736122945395793e-01
4.726768288690121333e-01 4.108496376917777360e-01
4.708025100429554244e-01 4.125225940334461550e-01
4.689429461298833535e-01 4.141924488162698759e-01
4.670979870404489143e-01 4.158591706447757885e-01
4.652674841154709751e-01 4.175227292027436921e-01
4.634512901155493081e-01 4.191830952253290943e-01
4.616492592107362403e-01 4.208402404718462608e-01
4.598612469702614280e-01 4.224941376991999675e-01
4.580871103523107002e-01 4.241447606359542433e-01
4.563267076938574696e-01 4.257920839570265015e-01
4.545798987005463809e-01 4.274360832589954584e-01
4.528465444366277515e-01 4.290767350360106258e-01
4.511265073149425819e-01 4.307140166562923311e-01
4.494196510869577499e-01 4.323479063392093313e-01
4.477258408328499972e-01 4.339783831329237507e-01
4.460449429516382680e-01 4.356054268925900752e-01
4.443768251513643963e-01 4.372290182590981011e-01
4.427213564393205902e-01 4.388491386383469584e-01
4.410784071123242112e-01 4.404657701810397175e-01
4.394478487470377948e-01 4.420788957629868121e-01
4.378295541903359234e-01 4.436884989659070078e-01
4.362233975497161187e-01 4.452945640587148146e-01
4.346292541837553647e-01 4.468970759792837422e-01
4.330470006926098736e-01 4.484960203166737935e-01
4.314765149085596496e-01 4.500913832938135961e-01
4.299176758865954073e-01 4.516831517506252336e-01
4.283703638950493997e-01 4.532713131275827867e-01
4.268344604062678238e-01 4.548558554496935358e-01
4.253098480873266363e-01 4.564367673108917223e-01
4.237964107907880029e-01 4.580140378588354322e-01
4.222940335454993255e-01 4.595876567800968870e-01
4.208026025474327914e-01 4.611576142857358729e-01
4.193220051505665569e-01 4.627239010972480360e-01
4.178521298578059540e-01 4.642865084328774983e-01
4.163928663119456086e-01 4.658454279942864651e-01
4.149441052866715829e-01 4.674006519535713888e-01
4.135057386776038180e-01 4.689521729406178063e-01
4.120776594933775461e-01 4.704999840307855785e-01
4.106597618467653921e-01 4.720440787329153731e-01
4.092519409458377222e-01 4.735844509776493960e-01
4.078540930851635160e-01 4.751210951060573229e-01
4.064661156370488748e-01 4.766540058585601036e-01
4.050879070428158868e-01 4.781831783641445899e-01
4.037193668041192396e-01 4.797086081298602700e-01
4.023603954743020794e-01 4.812302910305918391e-01
4.010108946497906168e-01 4.827482232991005540e-01
3.996707669615265357e-01 4.842624015163266016e-01
3.983399160664387040e-01 4.857728226019459861e-01
3.970182466389527431e-01 4.872794838051763833e-01
3.957056643625390113e-01 4.887823826958235252e-01
3.944020759212987226e-01 4.902815171555637286e-01
3.931073889915888686e-01 4.917768853694548525e-01
3.918215122336843881e-01 4.932684858176709652e-01
3.905443552834793608e-01 4.947563172674536713e-01
3.892758287442261156e-01 4.962403787652756582e-01
3.880158441783120304e-01 4.977206696292093557e-01
3.867643140990751349e-01 4.991971894414968247e-01
3.855211519626577932e-01 5.006699380413143219e-01
3.842862721598981346e-01 5.021389155177270469e-01
3.830595900082600092e-01 5.036041222028292408e-01
3.818410217438012455e-01 5.050655586650637519e-01
3.806304845131801007e-01 5.065232257027170171e-01
3.794278963657001236e-01 5.079771243375853507e-01
3.782331762453930990e-01 5.094272558088058789e-01
3.770462439831406276e-01 5.108736215668508995e-01
3.758670202888343970e-01 5.123162232676781169e-01
3.746954267435745889e-01 5.137550627670348646e-01
3.735313857919071445e-01 5.151901421149107652e-01
3.723748207340996652e-01 5.166214635501360508e-01
3.712256557184558936e-01 5.180490294951208829e-01
3.700838157336694967e-01 5.194728425507321168e-01
3.689492266012160404e-01 5.208929054913030710e-01
3.678218149677845439e-01 5.223092212597749695e-01
3.667015082977480578e-01 5.237217929629637281e-01
3.655882348656728786e-01 5.251306238669508630e-01
3.644819237488676755e-01 5.265357173925937495e-01
3.633825048199716412e-01 5.279370771111533411e-01
3.622899087395818896e-01 5.293347067400349104e-01
3.612040669489207656e-01 5.307286101386402555e-01
3.601249116625425128e-01 5.321187913043267104e-01
3.590523758610797422e-01 5.335052543684711823e-01
3.579863932840296470e-01 5.348880035926367738e-01
3.569268984225801855e-01 5.362670433648378809e-01
3.558738265124761768e-01 5.376423781959024373e-01
3.548271135269254195e-01 5.390140127159278594e-01
3.537866961695452783e-01 5.403819516708289195e-01
3.527525118673492943e-01 5.417461999189743249e-01
3.517244987637741516e-01 5.431067624279098949e-01
3.507025957117473336e-01 5.444636442711672242e-01
3.496867422667948033e-01 5.458168506251526164e-01
3.486768786801902609e-01 5.471663867661180625e-01
3.476729458921438698e-01 5.485122580672082693e-01
3.466748855250330053e-01 5.498544699955849602e-01
3.456826398766730812e-01 5.511930281096237838e-01
3.446961519136296226e-01 5.525279380561832765e-01
3.437153652645715818e-01 5.538592055679448789e-01
3.427402242136652344e-01 5.551868364608187889e-01
3.417706736940102075e-01 5.565108366314185373e-01
3.408066592811156981e-01 5.578312120545980690e-01
3.398481271864187692e-01 5.591479687810527732e-01
3.388950242508438349e-01 5.604611129349807985e-01
3.379472979384036679e-01 5.617706507118053194e-01
3.370048963298420408e-01 5.630765883759527579e-01
3.360677681163175001e-01 5.643789322586890700e-01
3.351358625931294966e-01 5.656776887560103217e-01
3.342091296534858702e-01 5.669728643265865564e-01
3.332875197823116364e-01 5.682644654897585079e-01
3.323709840501005708e-01 5.695524988235837194e-01
3.314594741068078165e-01 5.708369709629339539e-01
3.305529421757845698e-01 5.721178885976387907e-01
3.296513410477547312e-01 5.733952584706774047e-01
3.287546240748337456e-01 5.746690873764151997e-01
3.278627451645889646e-01 5.759393821588851825e-01
3.269756587741420861e-01 5.772061497101130811e-01
3.260933199043137831e-01 5.784693969684835402e-01
3.252156840938104643e-01 5.797291309171479501e-01
3.243427074134525023e-01 5.809853585824727995e-01
3.234743464604451502e-01 5.822380870325261082e-01
3.226105583526909237e-01 5.834873233756020516e-01
3.217513007231446176e-01 5.847330747587828892e-01
3.208965317142097318e-01 5.859753483665365303e-01
3.200462099721773646e-01 5.872141514193494061e-01
3.192002946417069609e-01 5.884494911723930910e-01
3.183587453603489159e-01 5.896813749142248984e-01
3.175215222531092563e-01 5.909098099655206715e-01
3.166885859270563430e-01 5.921348036778383284e-01
3.158598974659693193e-01 5.933563634324138247e-01
3.150354184250284684e-01 5.945744966389856501e-01
3.142151108255475389e-01 5.957892107346494104e-01
3.133989371497473697e-01 5.970005131827404998e-01
3.125868603355719810e-01 5.982084114717447498e-01
3.117788437715457994e-01 5.994129131142361677e-01
3.109748512916725161e-01 6.006140256458407656e-01
3.101748471703759114e-01 6.018117566242261463e-01
3.093787961174816470e-01 6.030061136281168466e-01
3.085866632732408021e-01 6.041971042563328842e-01
3.077984142033948212e-01 6.053847361268529514e-01
3.070140148942814284e-01 6.065690168759008127e-01
3.062334317479818990e-01 6.077499541570535735e-01
3.054566315775096852e-01 6.089275556403730416e-01
3.046835816020394549e-01 6.101018290115576281e-01
3.039142494421775420e-01 6.112727819711160082e-01
3.031486031152731409e-01 6.124404222335603221e-01
3.023866110307700805e-01 6.136047575266200260e-01
3.016282419855991215e-01 6.147657955904749505e-01
3.008734651596111642e-01 6.159235441770072317e-01
3.001222501110504814e-01 6.170780110490713399e-01
2.993745667720681403e-01 6.182292039797829819e-01
2.986303854442760031e-01 6.193771307518246561e-01
2.978896767943404744e-01 6.205217991567689717e-01
2.971524118496159939e-01 6.216632169944180664e-01
2.964185619938186078e-01 6.228013920721600094e-01
2.956880989627390099e-01 6.239363322043399718e-01
2.949609948399949944e-01 6.250680452116487151e-01
2.942372220528236548e-01 6.261965389205240706e-01
2.935167533679121088e-01 6.273218211625685159e-01
2.927995618872678008e-01 6.284438997739805188e-01
2.920856210441276635e-01 6.295627825950007583e-01
2.913749045989058040e-01 6.306784774693704465e-01
2.906673866351798252e-01 6.317909922438046388e-01
2.899630415557158947e-01 6.329003347674774238e-01
2.892618440785315048e-01 6.340065128915201020e-01
2.885637692329969251e-01 6.351095344685324662e-01
2.878687923559741235e-01 6.362094073521052939e-01
2.871768890879937697e-01 6.373061393963539434e-01
2.864880353694693738e-01 6.383997384554660481e-01
2.858022074369496179e-01 6.394902123832574281e-01
2.851193818194067697e-01 6.405775690327411009e-01
2.844395353345634536e-01 6.416618162557056193e-01
2.837626450852550053e-01 6.427429619023048435e-01
2.830886884558293515e-01 6.438210138206571509e-01
2.824176431085830274e-01 6.448959798564553036e-01
2.817494869802336654e-01 6.459678678525853091e-01
2.810841982784281767e-01 6.470366856487546059e-01
2.804217554782871269e-01 6.481024410811306868e-01
2.797621373189849714e-01 6.491651419819877145e-01
2.791053228003652631e-01 6.502247961793619080e-01
2.784512911795916645e-01 6.512814114967160339e-01
2.778000219678335991e-01 6.523349957526120013e-01
2.771514949269872075e-01 6.533855567603917835e-01
2.765056900664304984e-01 6.544331023278662229e-01
2.758625876398134724e-01 6.554776402570112737e-01
2.752221681418819954e-01 6.565191783436731265e-01
2.745844123053360897e-01 6.575577243772789959e-01
2.739493010977216425e-01 6.585932861405564553e-01
2.733168157183562541e-01 6.596258714092596565e-01
2.726869375952879482e-01 6.606554879519020984e-01
2.720596483822873002e-01 6.616821435294965026e-01
2.714349299558723727e-01 6.627058458953007936e-01
2.708127644123667355e-01 6.637266027945712965e-01
2.701931340649894597e-01 6.647444219643219299e-01
2.695760214409776423e-01 6.657593111330889490e-01
2.689614092787411814e-01 6.667712780207025736e-01
2.683492805250488611e-01 6.677803303380641653e-01
2.677396183322466316e-01 6.687864757869288468e-01
2.671324060555068658e-01 6.697897220596940038e-01
2.665276272501088117e-01 6.707900768391935609e-01
2.659252656687500771e-01 6.717875477984968091e-01
2.653253052588887551e-01 6.727821426007132288e-01
2.647277301601160260e-01 6.737738688988016422e-01
2.641325247015587352e-01 6.747627343353855833e-01
2.635396733993125573e-01 6.757487465425716655e-01
2.629491609539041375e-01 6.767319131417749434e-01
2.623609722477834305e-01 6.777122417435468282e-01
2.617750923428451282e-01 6.786897399474091097e-01
2.611915064779787854e-01 6.796644153416914191e-01
2.606102000666485896e-01 6.806362755033732448e-01
2.600311586945007192e-01 6.816053279979307211e-01
2.594543681170001226e-01 6.825715803791871927e-01
2.588798142570943872e-01 6.835350401891672201e-01
2.583074832029064183e-01 6.844957149579556921e-01
2.577373612054543184e-01 6.854536122035600476e-01
2.571694346763986894e-01 6.864087394317762714e-01
2.566036901858172459e-01 6.873611041360591090e-01
2.560401144600065182e-01 6.883107137973948353e-01
2.554786943793099785e-01 6.892575758841791300e-01
2.549194169759730344e-01 6.902016978520970625e-01
2.543622694320240574e-01 6.911430871440066293e-01
2.538072390771813347e-01 6.920817511898263996e-01
2.532543133867863894e-01 6.930176974064253814e-01
2.527034799797621134e-01 6.939509331975167727e-01
2.521547266165968804e-01 6.948814659535542670e-01
2.516080411973534159e-01 6.958093030516318001e-01
2.510634117597027037e-01 6.967344518553858501e-01
2.505208264769824278e-01 6.976569197149008472e-01
2.499802736562801164e-01 6.985767139666173575e-01
2.494417417365402123e-01 6.994938419332430435e-01
2.489052192866950397e-01 7.004083109236660665e-01
2.483706950038199746e-01 7.013201282328713759e-01
2.478381577113115686e-01 7.022293011418596631e-01
2.473075963570894320e-01 7.031358369175685352e-01
2.467790000118209315e-01 7.040397428127960211e-01
2.462523578671687585e-01 7.049410260661274075e-01
2.457276592340612020e-01 7.058396939018627414e-01
2.452048935409847918e-01 7.067357535299487736e-01
2.446840503322990634e-01 7.076292121459106799e-01
2.441651192665733328e-01 7.085200769307886670e-01
2.436480901149451761e-01 7.094083550510744685e-01
2.431329527595006146e-01 7.102940536586507259e-01
2.426196971916751710e-01 7.111771798907332576e-01
2.421083135106764650e-01 7.120577408698139932e-01
2.415987919219274860e-01 7.129357437036067946e-01
2.410911227355304054e-01 7.138111954849947205e-01
2.405852963647511222e-01 7.146841032919794001e-01
2.400813033245236539e-01 7.155544741876322945e-01
2.395791342299748994e-01 7.164223152200471789e-01
2.390787797949690541e-01 7.172876334222955119e-01
2.385802308306715913e-01 7.181504358123823595e-01
2.380834782441326458e-01 7.190107293932049837e-01
2.375885130368896037e-01 7.198685211525122085e-01
2.370953263035886494e-01 7.207238180628655622e-01
2.366039092306251868e-01 7.215766270816029726e-01
2.361142530948026064e-01 7.224269551508024634e-01
2.356263492620095656e-01 7.232748091972490689e-01
2.351401891859155324e-01 7.241201961324010838e-01
2.346557644066839809e-01 7.249631228523600868e-01
2.341730665497036012e-01 7.258035962378409645e-01
2.336920873243371610e-01 7.266416231541430459e-01
2.332128185226874095e-01 7.274772104511241233e-01
2.327352520183803286e-01 7.283103649631738064e-01
2.322593797653655368e-01 7.291410935091900969e-01
2.317851937967331521e-01 7.299694028925557410e-01
2.313126862235475589e-01 7.307952999011169126e-01
2.308418492336973826e-01 7.316187913071621196e-01
2.303726750907617027e-01 7.324398838674028855e-01
2.299051561328924742e-01 7.332585843229560973e-01
2.294392847717126038e-01 7.340748993993256866e-01
2.289750534912297630e-01 7.348888358063879744e-01
2.285124548467657446e-01 7.357004002383757957e-01
2.280514814639010013e-01 7.365095993738650648e-01
2.275921260374343114e-01 7.373164398757617866e-01
2.271343813303577375e-01 7.381209283912902874e-01
2.266782401728456298e-01 7.389230715519826687e-01
2.262236954612590056e-01 7.397228759736684811e-01
2.257707401571637795e-01 7.405203482564663986e-01
2.253193672863635644e-01 7.413154949847756692e-01
2.248695699379464341e-01 7.421083227272700089e-01
2.244213412633453975e-01 7.428988380368903854e-01
2.239746744754130547e-01 7.436870474508406881e-01
2.235295628475093554e-01 7.444729574905827318e-01
2.230859997126030392e-01 7.452565746618330378e-01
2.226439784623862050e-01 7.460379054545598354e-01
2.222034925464019539e-01 7.468169563429812863e-01
2.217645354711849925e-01 7.475937337855645959e-01
2.213271007994149775e-01 7.483682442250249034e-01
2.208911821490823213e-01 7.491404940883263919e-01
2.204567731926667384e-01 7.499104897866832875e-01
2.200238676563276152e-01 7.506782377155611918e-01
2.195924593191069807e-01 7.514437442546798573e-01
2.191625420121441070e-01 7.522070157680170732e-01
2.187341096179020727e-01 7.529680586038114409e-01
2.183071560694059832e-01 7.537268790945675923e-01
2.178816753494926262e-01 7.544834835570612963e-01
2.174576614900717575e-01 7.552378782923452327e-01
2.170351085713980721e-01 7.559900695857556530e-01
2.166140107213550547e-01 7.567400637069190417e-01
2.161943621147488781e-01 7.574878669097602213e-01
2.157761569726138751e-01 7.582334854325102347e-01
2.153593895615280585e-01 7.589769254977153379e-01
2.149440541929396320e-01 7.597181933122462150e-01
2.145301452225035765e-01 7.604572950673077480e-01
2.141176570494285336e-01 7.611942369384500084e-01
2.137065841158338475e-01 7.619290250855785818e-01
2.132969209061166826e-01 7.626616656529663363e-01
2.128886619463286334e-01 7.633921647692651913e-01
2.124818018035624090e-01 7.641205285475187736e-01
2.120763350853479556e-01 7.648467630851751853e-01
2.116722564390579597e-01 7.655708744641004371e-01
2.112695605513227604e-01 7.662928687505921044e-01
2.108682421474544766e-01 7.670127519953938711e-01
2.104682959908801276e-01 7.677305302337098514e-01
2.100697168825837180e-01 7.684462094852203551e-01
2.096724996605572322e-01 7.691597957540968755e-01
2.092766391992602060e-01 7.698712950290180768e-01
2.088821304090879849e-01 7.705807132831864470e-01
2.084889682358484764e-01 7.712880564743450629e-01
2.080971476602471448e-01 7.719933305447944649e-01
2.077066636973802782e-01 7.726965414214098660e-01
2.073175113962364147e-01 7.733976950156599139e-01
2.069296858392057625e-01 7.740967972236240113e-01
2.065431821415975588e-01 7.747938539260116331e-01
2.061579954511650881e-01 7.754888709881802011e-01
2.057741209476386113e-01 7.761818542601558457e-01
2.053915538422655673e-01 7.768728095766512798e-01
2.050102893773584345e-01 7.775617427570868934e-01
2.046303228258499196e-01 7.782486596056106265e-01
2.042516494908554192e-01 7.789335659111179533e-01
2.038742647052425305e-01 7.796164674472735312e-01
2.034981638312077790e-01 7.802973699725315182e-01
2.031233422598601179e-01 7.809762792301574441e-01
2.027497954108112288e-01 7.816532009482494159e-01
2.023775187317730651e-01 7.823281408397604331e-01
2.020065076981612529e-01 7.830011046025204813e-01
2.016367578127057636e-01 7.836720979192584036e-01
2.012682646050676094e-01 7.843411264576255482e-01
2.009010236314620890e-01 7.850081958702179730e-01
2.005350304742883338e-01 7.856733117945995382e-01
2.001702807417649055e-01 7.863364798533258870e-01
1.998067700675715264e-01 7.869977056539676497e-01
1.994444941104968616e-01 7.876569947891345347e-01
1.990834485540922683e-01 7.883143528364989772e-01
1.987236291063311511e-01 7.889697853588207854e-01
1.983650314992743413e-01 7.896232979039714550e-01
1.980076514887408878e-01 7.902748960049591487e-01
1.976514848539845381e-01 7.909245851799531213e-01
1.972965273973756872e-01 7.915723709323091439e-01
1.969427749440887665e-01 7.922182587505945950e-01
1.965902233417949063e-01 7.928622541086141062e-01
1.962388684603597611e-01 7.935043624654346539e-01
1.958887061915468020e-01 7.941445892654122041e-01
1.955397324487252453e-01 7.947829399382168036e-01
1.951919431665833371e-01 7.954194198988594477e-01
1.948453343008464955e-01 7.960540345477177260e-01
1.944999018280002545e-01 7.966867892705629117e-01
1.941556417450179539e-01 7.973176894385859415e-01
1.938125500690932868e-01 7.979467404084243931e-01
1.934706228373773151e-01 7.985739475221900197e-01
1.931298561067202046e-01 7.991993161074942842e-01
1.927902459534172885e-01 7.998228514774771147e-01
1.924517884729597117e-01 8.004445589308334386e-01
1.921144797797893766e-01 8.010644437518404937e-01
1.917783160070581638e-01 8.016825112103856954e-01
1.914432933063912878e-01 8.022987665619941700e-01
1.911094078476549551e-01 8.029132150478567320e-01
1.907766558187282135e-01 8.035258618948574183e-01
1.904450334252783539e-01 8.041367123156017982e-01
1.901145368905408639e-01 8.047457715084452845e-01
1.897851624551028238e-01 8.053530446575208890e-01
1.894569063766904649e-01 8.059585369327680882e-01
1.891297649299602257e-01 8.065622534899606899e-01
1.888037344062937772e-01 8.071641994707358103e-01
1.884788111135965172e-01 8.077643800026222953e-01
1.881549913760997561e-01 8.083628001990695866e-01
1.878322715341664284e-01 8.089594651594765873e-01
1.875106479441002727e-01 8.095543799692199727e-01
1.871901169779583984e-01 8.101475496996839443e-01
1.868706750233672942e-01 8.107389794082889845e-01
1.865523184833421666e-01 8.113286741385207224e-01
1.862350437761095545e-01 8.119166389199594658e-01
1.859188473349329407e-01 8.125028787683092890e-01
1.856037256079417774e-01 8.130873986854275648e-01
1.852896750579634821e-01 8.136702036593541632e-01
1.849766921623586247e-01 8.142512986643408723e-01
1.846647734128589180e-01 8.148306886608813748e-01
1.843539153154082344e-01 8.154083785957403352e-01
1.840441143900066745e-01 8.159843734019834871e-01
1.837353671705573288e-01 8.165586779990068322e-01
1.834276702047158147e-01 8.171312972925666163e-01
1.831210200537427280e-01 8.177022361748094159e-01
1.828154132923587027e-01 8.182714995243016709e-01
1.825108465086023313e-01 8.188390922060597710e-01
1.822073163036901644e-01 8.194050190715796989e-01
1.819048192918801543e-01 8.199692849588673393e-01
1.816033521003367623e-01 8.205318946924684553e-01
1.813029113689992311e-01 8.210928530834985528e-01
1.810034937504519104e-01 8.216521649296730789e-01
1.807050959097970810e-01 8.222098350153377311e-01
1.804077145245302494e-01 8.227658681114984329e-01
1.801113462844177726e-01 8.233202689758517545e-01
1.798159878913765108e-01 8.238730423528146662e-01
1.795216360593560045e-01 8.244241929735550700e-01
1.792282875142228726e-01 8.249737255560223304e-01
1.789359389936471811e-01 8.255216448049771394e-01
1.786445872469910323e-01 8.260679554120222701e-01
1.783542290351992632e-01 8.266126620556324411e-01
1.780648611306923090e-01 8.271557694011850703e-01
1.777764803172608432e-01 8.276972821009903614e-01
1.774890833899626374e-01 8.282372047943220572e-01
1.772026671550211985e-01 8.287755421074475271e-01
1.769172284297265141e-01 8.293122986536582975e-01
1.766327640423374923e-01 8.298474790333003615e-01
1.763492708319863433e-01 8.303810878338049317e-01
1.760667456485847382e-01 8.309131296297187497e-01
1.757851853527319097e-01 8.314436089827342835e-01
1.755045868156241695e-01 8.319725304417203704e-01
1.752249469189665898e-01 8.324998985427530807e-01
1.749462625548858785e-01 8.330257178091453607e-01
1.746685306258454196e-01 8.335499927514783414e-01
1.743917480445615065e-01 8.340727278676312029e-01
1.741159117339214912e-01 8.345939276428120390e-01
1.738410186269033209e-01 8.351135965495879443e-01
1.735670656664966283e-01 8.356317390479158780e-01
1.732940498056254608e-01 8.361483595851729733e-01
1.730219680070724242e-01 8.366634625961867355e-01
1.727508172434041311e-01 8.371770525032661281e-01
1.724805944968983706e-01 8.376891337162312157e-01
1.722112967594724153e-01 8.381997106324440283e-01
1.719429210326130220e-01 8.387087876368390926e-01
1.716754643273072645e-01 8.392163691019537408e-01
1.714089236639753655e-01 8.397224593879583088e-01
1.711432960724041663e-01 8.402270628426866672e-01
1.708785785916824562e-01 8.407301838016668638e-01
1.706147682701370794e-01 8.412318265881507662e-01
1.703518621652705678e-01 8.417319955131452591e-01
1.700898573436998573e-01 8.422306948754421096e-01
1.698287508810963076e-01 8.427279289616481650e-01
1.695685398621266382e-01 8.432237020462158839e-01
1.693092213803953083e-01 8.437180183914735343e-01
1.690507925383876731e-01 8.442108822476553920e-01
1.687932504474146667e-01 8.447022978529320492e-01
1.685365922275581241e-01 8.451922694334407238e-01
1.682808150076173515e-01 8.456808012033149025e-01
1.680259159250567791e-01 8.461678973647153157e-01
1.677718921259545859e-01 8.466535621078594698e-01
1.675187407649522675e-01 8.471377996110519559e-01
1.672664590052050926e-01 8.476206140407143153e-01
1.670150440183337803e-01 8.481020095514156809e-01
1.667644929843769275e-01 8.485819902859019770e-01
1.665148030917442123e-01 8.490605603751266717e-01
1.662659715371708202e-01 8.495377239382803092e-01
1.660179955256725348e-01 8.500134850828205968e-01
1.657708722705017734e-01 8.504878479045020478e-01
1.655245989931043160e-01 8.509608164874065128e-01
1.652791729230770890e-01 8.514323949039722672e-01
1.650345912981265872e-01 8.519025872150244316e-01
1.647908513640281014e-01 8.523713974698043927e-01
1.645479503745858885e-01 8.528388297059994461e-01
1.643058855915938143e-01 8.533048879497728834e-01
1.640646542847970513e-01 8.537695762157936352e-01
1.638242537318542746e-01 8.542328985072655811e-01
1.635846812183006094e-01 8.546948588159574145e-01
1.633459340375113811e-01 8.551554611222320634e-01
1.631080094906665334e-01 8.556147093950764448e-01
1.628709048867155729e-01 8.560726075921307743e-01
1.626346175423432905e-01 8.565291596597182089e-01
1.623991447819360945e-01 8.569843695328740463e-01
1.621644839375490366e-01 8.574382411353749234e-01
1.619306323488733379e-01 8.578907783797691256e-01
1.616975873632044980e-01 8.583419851674043421e-01
1.614653463354112362e-01 8.587918653884584197e-01
1.612339066279046274e-01 8.592404229219676726e-01
1.610032656106081816e-01 8.596876616358563039e-01
1.607734206609281735e-01 8.601335853869656045e-01
1.605443691637246928e-01 8.605781980210831517e-01
1.603161085112831397e-01 8.610215033729714529e-01
1.600886361032862193e-01 8.614635052663974779e-01
1.598619493467865194e-01 8.619042075141611914e-01
1.596360456561795593e-01 8.623436139181247517e-01
1.594109224531772284e-01 8.627817282692410439e-01
1.591865771667817508e-01 8.632185543475831002e-01
1.589630072332602340e-01 8.636540959223720781e-01
1.587402100961193552e-01 8.640883567520067920e-01
1.585181832060808260e-01 8.645213405840919130e-01
1.582969240210571060e-01 8.649530511554669454e-01
1.580764300061275052e-01 8.653834921922342049e-01
1.578566986335148414e-01 8.658126674097882391e-01
1.576377273825623204e-01 8.662405805128438052e-01
1.574195137397109423e-01 8.666672351954642917e-01
1.572020551984772141e-01 8.670926351410903621e-01
1.569853492594312783e-01 8.675167840225680438e-01
1.567693934301752912e-01 8.679396855021774826e-01
1.565541852253224397e-01 8.683613432316609204e-01
1.563397221664758752e-01 8.687817608522504509e-01
1.561260017822083401e-01 8.692009419946974402e-01
1.559130216080419629e-01 8.696188902792991726e-01
1.557007791864284396e-01 8.700356093159279380e-01
1.554892720667294392e-01 8.704511027040587878e-01
1.552784978051973686e-01 8.708653740327971793e-01
1.550684539649565263e-01 8.712784268809070642e-01
1.548591381159842850e-01 8.716902648168393108e-01
1.546505478350928553e-01 8.721008913987585709e-01
1.544426807059111340e-01 8.725103101745717016e-01
1.542355343188668293e-01 8.729185246819551880e-01
1.540291062711690029e-01 8.733255384483827877e-01
1.538233941667906390e-01 8.737313549911535082e-01
1.536183956164516307e-01 8.741359778174186967e-01
1.534141082376019316e-01 8.745394104242096844e-01
1.532105296544049866e-01 8.749416562984654311e-01
1.530076574977212722e-01 8.753427189170596145e-01
1.528054894050922818e-01 8.757426017468280532e-01
1.526040230207245108e-01 8.761413082445962397e-01
1.524032559954736632e-01 8.765388418572063189e-01
1.522031859868293313e-01 8.769352060215441780e-01
1.520038106588993965e-01 8.773304041645670903e-01
1.518051276823951801e-01 8.777244397033301393e-01
1.516071347346162890e-01 8.781173160450135295e-01
1.514098294994359606e-01 8.785090365869495654e-01
1.512132096672864079e-01 8.788996047166495185e-01
1.510172729351444976e-01 8.792890238118308277e-01
1.508220170065174004e-01 8.796772972404430790e-01
1.506274395914284914e-01 8.800644283606955387e-01
1.504335384064035830e-01 8.804504205210834655e-01
1.502403111744569364e-01 8.808352770604147564e-01
1.500477556250777167e-01 8.812190013078368134e-01
1.498558694942165037e-01 8.816015965828625234e-01
1.496646505242719971e-01 8.819830661953974582e-01
1.494740964640776659e-01 8.823634134457652989e-01
1.492842050688887312e-01 8.827426416247354801e-01
1.490949741003692319e-01 8.831207540135481704e-01
1.489064013265790631e-01 8.834977538839414724e-01
1.487184845219614582e-01 8.838736444981769580e-01
1.485312214673301101e-01 8.842484291090665360e-01
1.483446099498568760e-01 8.846221109599978760e-01
1.481586477630592869e-01 8.849946932849603876e-01
1.479733327067882243e-01 8.853661793085718656e-01
1.477886625872159021e-01 8.857365722461036928e-01
1.476046352168234599e-01 8.861058753035072622e-01
1.474212484143892499e-01 8.864740916774389579e-01
1.472385000049767356e-01 8.868412245552871331e-01
1.470563878199227237e-01 8.872072771151964243e-01
1.468749096968255952e-01 8.875722525260942852e-01
1.466940634795336484e-01 8.879361539477164111e-01
1.465138470181334418e-01 8.882989845306318299e-01
1.463342581689383581e-01 8.886607474162689924e-01
1.461552947944770586e-01 8.890214457369404188e-01
1.459769547634822140e-01 8.893810826158687899e-01
1.457992359508790414e-01 8.897396611672115929e-01
1.456221362377740913e-01 8.900971844960866575e-01
1.454456535114441451e-01 8.904536556985975793e-01
1.452697856653248909e-01 8.908090778618582561e-01
1.450945305990000433e-01 8.911634540640183122e-01
1.449198862181900749e-01 8.915167873742879667e-01
1.447458504347414188e-01 8.918690808529629033e-01
1.445724211666154224e-01 8.922203375514494716e-01
1.443995963378774949e-01 8.925705605122891129e-01
1.442273738786862547e-01 8.929197527691834502e-01
1.440557517252826214e-01 8.932679173470186029e-01
1.438847278199792412e-01 8.936150572618902777e-01
1.437143001111495233e-01 8.939611755211280819e-01
1.435444665532170927e-01 8.943062751233200602e-01
1.433752251066450212e-01 8.946503590583373411e-01
1.432065737379252801e-01 8.949934303073583397e-01
1.430385104195680546e-01 8.953354918428931830e-01
1.428710331300911962e-01 8.956765466288083566e-01
1.427041398540096206e-01 8.960165976203504634e-01
1.425378285818247881e-01 8.963556477641704268e-01
1.423720973100142673e-01 8.966936999983481371e-01
1.422069440410211327e-01 8.970307572524158779e-01
1.420423667832435566e-01 8.973668224473828614e-01
1.418783635510242891e-01 8.977018984957588765e-01
1.417149323646403059e-01 8.980359883015783806e-01
1.415520712502923162e-01 8.983690947604241472e-01
1.413897782400943270e-01 8.987012207594510249e-01
1.412280513720633457e-01 8.990323691774099180e-01
1.410668886901088603e-01 8.993625428846714343e-01
1.409062882440225983e-01 8.996917447432494219e-01
1.407462480894679513e-01 9.000199776068240620e-01
1.405867662879698721e-01 9.003472443207664044e-01
1.404278409069042444e-01 9.006735477221607944e-01
1.402694700194877242e-01 9.009988906398287423e-01
1.401116517047673315e-01 9.013232758943523493e-01
1.399543840476099588e-01 9.016467062980971781e-01
1.397976651386922398e-01 9.019691846552359005e-01
1.396414930744900862e-01 9.022907137617709461e-01
1.394858659572683623e-01 9.026112964055581500e-01
1.393307818950704491e-01 9.029309353663292903e-01
1.391762390017080298e-01 9.032496334157157358e-01
1.390222353967506264e-01 9.035673933172704286e-01
1.388687692055152745e-01 9.038842178264916427e-01
1.387158385590561982e-01 9.042001096908454105e-01
1.385634415941543185e-01 9.045150716497880605e-01
1.384115764533070114e-01 9.048291064347894208e-01
1.382602412847176443e-01 9.051422167693549126e-01
1.381094342422851950e-01 9.054544053690486427e-01
1.379591534855938162e-01 9.057656749415157194e-01
1.378093971799025097e-01 9.060760281865044563e-01
1.376601634961346354e-01 9.063854677958893546e-01
1.375114506108675028e-01 9.066939964536927521e-01
1.373632567063219068e-01 9.070016168361079156e-01
1.372155799703517198e-01 9.073083316115206909e-01
1.370684185964334001e-01 9.076141434405319286e-01
1.369217707836554720e-01 9.079190549759795781e-01
1.367756347367081182e-01 9.082230688629607807e-01
1.366300086658726043e-01 9.085261877388536300e-01
1.364848907870108152e-01 9.088284142333397098e-01
1.363402793215546804e-01 9.091297509684255207e-01
1.361961724964956544e-01 9.094302005584645743e-01
1.360525685443741417e-01 9.097297656101787089e-01
1.359094657032689502e-01 9.100284487226808494e-01
1.357668622167866324e-01 9.103262524874954353e-01
1.356247563340509388e-01 9.106231794885812914e-01
1.354831463096921873e-01 9.109192323023518334e-01
1.353420304038366051e-01 9.112144134976979393e-01
1.352014068820956705e-01 9.115087256360085988e-01
1.350612740155554270e-01 9.118021712711923410e-01
1.349216300807659086e-01 9.120947529496989947e-01
1.347824733597302038e-01 9.123864732105407827e-01
1.346438021398939366e-01 9.126773345853133046e-01
1.345056147141344693e-01 9.129673395982170758e-01
1.343679093807500224e-01 9.132564907660786213e-01
1.342306844434491275e-01 9.135447905983712369e-01
1.340939382113396361e-01 9.138322415972364166e-01
1.339576689989179226e-01 9.141188462575045026e-01
1.338218751260581707e-01 9.144046070667156689e-01
1.336865549180013824e-01 9.146895265051413482e-01
1.335517067053446361e-01 9.149736070458036608e-01
1.334173288240300959e-01 9.152568511544977303e-01
1.332834196153341311e-01 9.155392612898112237e-01
1.331499774258564361e-01 9.158208399031457780e-01
1.330170006075090117e-01 9.161015894387367631e-01
1.328844875175052564e-01 9.163815123336748192e-01
1.327524365183490040e-01 9.166606110179255085e-01
1.326208459778234761e-01 9.169388879143498539e-01
1.324897142689802076e-01 9.172163454387251003e-01
1.323590397701282229e-01 9.174929859997646986e-01
1.322288208648226826e-01 9.177688119991387339e-01
1.320990559418540322e-01 9.180438258314940203e-01
1.319697433952368715e-01 9.183180298844744183e-01
1.318408816241987691e-01 9.185914265387404853e-01
1.317124690331691883e-01 9.188640181679900154e-01
1.315845040317683290e-01 9.191358071389780227e-01
1.314569850347959423e-01 9.194067958115362815e-01
1.313299104622202007e-01 9.196769865385934217e-01
1.312032787391664290e-01 9.199463816661950233e-01
1.310770882959059469e-01 9.202149835335230454e-01
1.309513375678447722e-01 9.204827944729152556e-01
1.308260249955123800e-01 9.207498168098861013e-01
1.307011490245505447e-01 9.210160528631448074e-01
1.305767081057018497e-01 9.212815049446161364e-01
1.304527006947985290e-01 9.215461753594592631e-01
1.303291252527511157e-01 9.218100664060874250e-01
1.302059802455370341e-01 9.220731803761872403e-01
1.300832641441893589e-01 9.223355195547383589e-01
1.299609754247853799e-01 9.225970862200322253e-01
1.298391125684351666e-01 9.228578826436920624e-01
1.297176740612702439e-01 9.231179110906916341e-01
1.295966583944321293e-01 9.233771738193741196e-01
1.294760640640609251e-01 9.236356730814716531e-01
1.293558895712838552e-01 9.238934111221245304e-01
1.292361334222037750e-01 9.241503901798996390e-01
1.291167941278876519e-01 9.244066124868098866e-01
1.289978702043552694e-01 9.246620802683327422e-01
1.288793601725674309e-01 9.249167957434291099e-01
1.287612625584146353e-01 9.251707611245626461e-01
1.286435758927055029e-01 9.254239786177178573e-01
1.285262987111551458e-01 9.256764504224191947e-01
1.284094295543736775e-01 9.259281787317491519e-01
1.282929669678545825e-01 9.261791657323676930e-01
1.281769095019632265e-01 9.264294136045301276e-01
1.280612557119250872e-01 9.266789245221055404e-01
1.279460041578142360e-01 9.269277006525961093e-01
1.278311534045417641e-01 9.271757441571543135e-01
1.277167020218439863e-01 9.274230571906019183e-01
1.276026485842708669e-01 9.276696419014484052e-01
1.274889916711744453e-01 9.279155004319088462e-01
1.273757298666969850e-01 9.281606349179220006e-01
1.272628617597593992e-01 9.284050474891690774e-01
1.271503859440494821e-01 9.286487402690911663e-01
1.270383010180103078e-01 9.288917153749073341e-01
1.269266055848283781e-01 9.291339749176331653e-01
1.268152982524219652e-01 9.293755210020981927e-01
1.267043776334294269e-01 9.296163557269636613e-01
1.265938423451972716e-01 9.298564811847410683e-01
1.264836910097686395e-01 9.300958994618092612e-01
1.263739222538713125e-01 9.303346126384324233e-01
1.262645347089061121e-01 9.305726227887778368e-01
1.261555270109350479e-01 9.308099319809335359e-01
1.260468978006694940e-01 9.310465422769256261e-01
1.259386457234583923e-01 9.312824557327362696e-01
1.258307694292765677e-01 9.315176743983207830e-01
1.257232675727127102e-01 9.317522003176251788e-01
1.256161388129577727e-01 9.319860355286040399e-01
1.255093818137929529e-01 9.322191820632370618e-01
1.254029952435779527e-01 9.324516419475469275e-01
1.252969777752391545e-01 9.326834172016164048e-01
1.251913280862577416e-01 9.329145098396055547e-01
1.250860448586579021e-01 9.331449218697690506e-01
1.249811267789948527e-01 9.333746552944730546e-01
1.248765725383430697e-01 9.336037121102120917e-01
1.247723808322844657e-01 9.338320943076267033e-01
1.246685503608964130e-01 9.340598038715199891e-01
1.245650798287399469e-01 9.342868427808745935e-01
1.244619679448478455e-01 9.345132130088696920e-01
1.243592134227128054e-01 9.347389165228975338e-01
1.242568149802754929e-01 9.349639552845805390e-01
1.241547713399127201e-01 9.351883312497880629e-01
1.240530812284255241e-01 9.354120463686527165e-01
1.239517433770272320e-01 9.356351025855873527e-01
1.238507565213317202e-01 9.358575018393017197e-01
1.237501194013413131e-01 9.360792460628185596e-01
1.236498307614350839e-01 9.363003371834905941e-01
1.235498893503568368e-01 9.365207771230167344e-01
1.234502939212032413e-01 9.367405677974587341e-01
1.233510432314119665e-01 9.369597111172571768e-01
1.232521360427497464e-01 9.371782089872479071e-01
1.231535711213005008e-01 9.373960633066787951e-01
1.230553472374534690e-01 9.376132759692251684e-01
1.229574631658912204e-01 9.378298488630069096e-01
1.228599176855779129e-01 9.380457838706034446e-01
1.227627095797472340e-01 9.382610828690711724e-01
1.226658376358906455e-01 9.384757477299583428e-01
1.225693006457454215e-01 9.386897803193217094e-01
1.224730974052827687e-01 9.389031824977424057e-01
1.223772267146959886e-01 9.391159561203418216e-01
1.222816873783885150e-01 9.393281030367972573e-01
1.221864782049621456e-01 9.395396250913580216e-01
1.220915980072050655e-01 9.397505241228611972e-01
1.219970456020800231e-01 9.399608019647472945e-01
1.219028198107124511e-01 9.401704604450759062e-01
1.218089194583786422e-01 9.403795013865414720e-01
1.217153433744938146e-01 9.405879266064889332e-01
1.216220903926003433e-01 9.407957379169287204e-01
1.215291593503558393e-01 9.410029371245534069e-01
1.214365490895213257e-01 9.412095260307520306e-01
1.213442584559494553e-01 9.414155064316263033e-01
1.212522862995726036e-01 9.416208801180053767e-01
1.211606314743910590e-01 9.418256488754618294e-01
1.210692928384612260e-01 9.420298144843265442e-01
1.209782692538838439e-01 9.422333787197040289e-01
1.208875595867920788e-01 9.424363433514875155e-01
1.207971627073398113e-01 9.426387101443748362e-01
1.207070774896897986e-01 9.428404808578823015e-01
1.206173028120019336e-01 9.430416572463610203e-01
1.205278375564213938e-01 9.432422410590112216e-01
1.204386806090669698e-01 9.434422340398973539e-01
1.203498308600192274e-01 9.436416379279634059e-01
1.202612872033087810e-01 9.438404544570471177e-01
1.201730485369045531e-01 9.440386853558956348e-01
1.200851137627020476e-01 9.442363323481800519e-01
1.199974817865116228e-01 9.444333971525099569e-01
1.199101515180467370e-01 9.446298814824483081e-01
1.198231218709122775e-01 9.448257870465263109e-01
1.197363917625929169e-01 9.450211155482581837e-01
1.196499601144413033e-01 9.452158686861550363e-01
1.195638258516664859e-01 9.454100481537404121e-01
1.194779879033222303e-01 9.456036556395643888e-01
1.193924452022953331e-01 9.457966928272176776e-01
1.193071966852939925e-01 9.459891613953470557e-01
1.192222412928362063e-01 9.461810630176687997e-01
1.191375779692381287e-01 9.463723993629836739e-01
1.190532056626024682e-01 9.465631720951908079e-01
1.189691233248068858e-01 9.467533828733025736e-01
1.188853299114924073e-01 9.469430333514585740e-01
1.188018243820518627e-01 9.471321251789392992e-01
1.187186056996183264e-01 9.473206600001811140e-01
1.186356728310535985e-01 9.475086394547903579e-01
1.185530247469366305e-01 9.476960651775564459e-01
1.184706604215519793e-01 9.478829387984671895e-01
1.183885788328784411e-01 9.480692619427221191e-01
1.183067789625773664e-01 9.482550362307463621e-01
1.182252597959813356e-01 9.484402632782051867e-01
1.181440203220825991e-01 9.486249446960171028e-01
1.180630595335217387e-01 9.488090820903682943e-01
1.179823764265760938e-01 9.489926770627261643e-01
1.179019700011484373e-01 9.491757312098534349e-01
1.178218392607555814e-01 9.493582461238212478e-01
1.177419832125168736e-01 9.495402233920235968e-01
1.176624008671429411e-01 9.497216645971904292e-01
1.175830912389243116e-01 9.499025713174016339e-01
1.175040533457200054e-01 9.500829451261002534e-01
1.174252862089462807e-01 9.502627875921061396e-01
1.173467888535652814e-01 9.504421002796300533e-01
1.172685603080737410e-01 9.506208847482859881e-01
1.171905996044917270e-01 9.507991425531058249e-01
1.171129057783513588e-01 9.509768752445515450e-01
1.170354778686855807e-01 9.511540843685293289e-01
1.169583149180169063e-01 9.513307714664028802e-01
1.168814159723462337e-01 9.515069380750064143e-01
1.168047800811415904e-01 9.516825857266578703e-01
1.167284062973270725e-01 9.518577159491722339e-01
1.166522936772715902e-01 9.520323302658746378e-01
1.165764412807777373e-01 9.522064301956135735e-01
1.165008481710707033e-01 9.523800172527738805e-01
1.164255134147871018e-01 9.525530929472898478e-01
1.163504360819639649e-01 9.527256587846580915e-01
1.162756152460276277e-01 9.528977162659506561e-01
1.162010499837826810e-01 9.530692668878281149e-01
1.161267393754009530e-01 9.532403121425521153e-01
1.160526825044104343e-01 9.534108535179982580e-01
1.159788784576843701e-01 9.535808924976691969e-01
1.159053263254302552e-01 9.537504305607071853e-01
1.158320252011788704e-01 9.539194691819070648e-01
1.157589741817732915e-01 9.540880098317288116e-01
1.156861723673580783e-01 9.542560539763100813e-01
1.156136188613682975e-01 9.544236030774788659e-01
1.155413127705186838e-01 9.545906585927667054e-01
1.154692532047927184e-01 9.547572219754203449e-01
1.153974392774319013e-01 9.549232946744149464e-01
1.153258701049248436e-01 9.550888781344660794e-01
1.152545448069964701e-01 9.552539737960424882e-01
1.151834625065973061e-01 9.554185830953786374e-01
1.151126223298926388e-01 9.555827074644867025e-01
1.150420234062518587e-01 9.557463483311692265e-01
1.149716648682377051e-01 9.559095071190313320e-01
1.149015458515955518e-01 9.560721852474928228e-01
1.148316654952427629e-01 9.562343841318009519e-01
1.147620229412580212e-01 9.563961051830422999e-01
1.146926173348707112e-01 9.565573498081544335e-01
1.146234478244503446e-01 9.567181194099390051e-01
1.145545135614958882e-01 9.568784153870733000e-01
1.144858137006252441e-01 9.570382391341223371e-01
1.144173473995647033e-01 9.571975920415510819e-01
1.143491138191384260e-01 9.573564754957362144e-01
1.142811121232579358e-01 9.575148908789782309e-01
1.142133414789116425e-01 9.576728395695135454e-01
1.141458010561543501e-01 9.578303229415259246e-01
1.140784900280968767e-01 9.579873423651589226e-01
1.140114075708955760e-01 9.581438992065272053e-01
1.139445528637420130e-01 9.582999948277286517e-01
1.138779250888525690e-01 9.584556305868560111e-01
1.138115234314580754e-01 9.586108078380084496e-01
1.137453470797935295e-01 9.587655279313037626e-01
1.136793952250877288e-01 9.589197922128893659e-01
1.136136670615530697e-01 9.590736020249543969e-01
1.135481617863752651e-01 9.592269587057412616e-01
1.134828785997030465e-01 9.593798635895569582e-01
1.134178167046380886e-01 9.595323180067847346e-01
1.133529753072246710e-01 9.596843232838955240e-01
1.132883536164396854e-01 9.598358807434597129e-01
1.132239508441822973e-01 9.599869917041580214e-01
1.131597662052640091e-01 9.601376574807932718e-01
1.130957989173984740e-01 9.602878793843017124e-01
1.130320482011914207e-01 9.604376587217642314e-01
1.129685132801306613e-01 9.605869967964176803e-01
1.129051933805760161e-01 9.607358949076663102e-01
1.128420877317493770e-01 9.608843543510927621e-01
1.127791955657246326e-01 9.610323764184692807e-01
1.127165161174178420e-01 9.611799623977689278e-01
1.126540486245772160e-01 9.613271135731769057e-01
1.125917923277732491e-01 9.614738312251014385e-01
1.125297464703887973e-01 9.616201166301847625e-01
1.124679102986093360e-01 9.617659710613142288e-01
1.124062830614129815e-01 9.619113957876336274e-01
1.123448640105608187e-01 9.620563920745537345e-01
1.122836524005869918e-01 9.622009611837634147e-01
1.122226474887890457e-01 9.623451043732402788e-01
1.121618485352181699e-01 9.624888228972624526e-01
1.121012548026694561e-01 9.626321180064180139e-01
1.120408655566722533e-01 9.627749909476170931e-01
1.119806800654804535e-01 9.629174429641017552e-01
1.119206976000629156e-01 9.630594752954574345e-01
1.118609174340938206e-01 9.632010891776230377e-01
1.118013388439430822e-01 9.633422858429021574e-01
1.117419611086668541e-01 9.634830665199735078e-01
1.116827835099978433e-01 9.636234324339012502e-01
1.116238053323359569e-01 9.637633848061460951e-01
1.115650258627386843e-01 9.639029248545759598e-01
1.115064443909117714e-01 9.640420537934755174e-01
1.114480602091996592e-01 9.641807728335579641e-01
1.113898726125761018e-01 9.643190831819745679e-01
1.113318808986348274e-01 9.644569860423256591e-01
1.112740843675801422e-01 9.645944826146708451e-01
1.112164823222175775e-01 9.647315740955388907e-01
1.111590740679445771e-01 9.648682616779393761e-01
1.111018589127412415e-01 9.650045465513715781e-01
1.110448361671610568e-01 9.651404299018355726e-01
1.109880051443216109e-01 9.652759129118424486e-01
1.109313651598954342e-01 9.654109967604240783e-01
1.108749155321008123e-01 9.655456826231441081e-01
1.108186555816925434e-01 9.656799716721071736e-01
1.107625846319529178e-01 9.658138650759700017e-01
1.107067020086825171e-01 9.659473639999506256e-01
1.106510070401911794e-01 9.660804696058391539e-01
1.105954990572888819e-01 9.662131830520076514e-01
1.105401773932767895e-01 9.663455054934199095e-01
1.104850413839381096e-01 9.664774380816415489e-01
1.104300903675292933e-01 9.666089819648504555e-01
1.103753236847708902e-01 9.667401382878458849e-01
1.103207406788387496e-01 9.668709081920591197e-01
1.102663406953549863e-01 9.670012928155629073e-01
1.102121230823792236e-01 9.671312932930815620e-01
1.101580871903996561e-01 9.672609107560005137e-01
1.101042323723242233e-01 9.673901463323762995e-01
1.100505579834718112e-01 9.675190011469464446e-01
1.099970633815634674e-01 9.676474763211391217e-01
1.099437479267136725e-01 9.677755729730821432e-01
1.098906109814215409e-01 9.679032922176142861e-01
1.098376519105621618e-01 9.680306351662932851e-01
1.097848700813779388e-01 9.681576029274061579e-01
1.097322648634698750e-01 9.682841966059791972e-01
1.096798356287889825e-01 9.684104173037865193e-01
1.096275817516276369e-01 9.685362661193608336e-01
1.095755026086110695e-01 9.686617441480018798e-01
1.095235975786887361e-01 9.687868524817865312e-01
1.094718660431258095e-01 9.689115922095780098e-01
1.094203073854947278e-01 9.690359644170353226e-01
1.093689209916666460e-01 9.691599701866230321e-01
1.093177062498030261e-01 9.692836105976201377e-01
1.092666625503471850e-01 9.694068867261295130e-01
1.092157892860158713e-01 9.695297996450875644e-01
1.091650858517909661e-01 9.696523504242733349e-01
1.091145516449110731e-01 9.697745401303172752e-01
1.090641860648631917e-01 9.698963698267113465e-01
1.090139885133744324e-01 9.700178405738180132e-01
1.089639583944037315e-01 9.701389534288787919e-01
1.089140951141336078e-01 9.702597094460241323e-01
1.088643980809619327e-01 9.703801096762822986e-01
1.088148667054937568e-01 9.705001551675883631e-01
1.087655004005330522e-01 9.706198469647934202e-01
1.087162985810746635e-01 9.707391861096735797e-01
1.086672606642961614e-01 9.708581736409391816e-01
1.086183860695496828e-01 9.709768105942433447e-01
1.085696742183539509e-01 9.710950980021917367e-01
1.085211245343861153e-01 9.712130368943504566e-01
1.084727364434738273e-01 9.713306282972559158e-01
1.084245093735871773e-01 9.714478732344231648e-01
1.083764427548308124e-01 9.715647727263551081e-01
1.083285360194358310e-01 9.716813277905510526e-01
1.082807886017520399e-01 9.717975394415155899e-01
1.082331999382399185e-01 9.719134086907678105e-01
1.081857694674628056e-01 9.720289365468494092e-01
1.081384966300790590e-01 9.721441240153336771e-01
1.080913808688342276e-01 9.722589720988344952e-01
1.080444216285532111e-01 9.723734817970147715e-01
1.079976183561325298e-01 9.724876541065951008e-01
1.079509705005326087e-01 9.726014900213625358e-01
1.079044775127699918e-01 9.727149905321789136e-01
1.078581388459096402e-01 9.728281566269901814e-01
1.078119539550573130e-01 9.729409892908336133e-01
1.077659222973519071e-01 9.730534895058478018e-01
1.077200433319577544e-01 9.731656582512804299e-01
1.076743165200571700e-01 9.732774965034968195e-01
1.076287413248427638e-01 9.733890052359883693e-01
1.075833172115099046e-01 9.735001854193811033e-01
1.075380436472492124e-01 9.736110380214442195e-01
1.074929201012391200e-01 9.737215640070983058e-01
1.074479460446382539e-01 9.738317643384236666e-01
1.074031209505781487e-01 9.739416399746684272e-01
1.073584442941556832e-01 9.740511918722576379e-01
1.073139155524257538e-01 9.741604209848009344e-01
1.072695342043939043e-01 9.742693282631007534e-01
1.072252997310089023e-01 9.743779146551611037e-01
1.071812116151554944e-01 9.744861811061954482e-01
1.071372693416470651e-01 9.745941285586344760e-01
1.070934723972183089e-01 9.747017579521353170e-01
1.070498202705181118e-01 9.748090702235886473e-01
1.070063124521021397e-01 9.749160663071274602e-01
1.069629484344257753e-01 9.750227471341349483e-01
1.069197277118368872e-01 9.751291136332526088e-01
1.068766497805686555e-01 9.752351667303883476e-01
1.068337141387324246e-01 9.753409073487244729e-01
1.067909202863106671e-01 9.754463364087254673e-01
1.067482677251498091e-01 9.755514548281465359e-01
1.067057559589532634e-01 9.756562635220411561e-01
1.066633844932742547e-01 9.757607634027687382e-01
1.066211528355089366e-01 9.758649553800033960e-01
1.065790604948893688e-01 9.759688403607410523e-01
1.065371069824764816e-01 9.760724192493076545e-01
1.064952918111532337e-01 9.761756929473668354e-01
1.064536144956176045e-01 9.762786623539280173e-01
1.064120745523757516e-01 9.763813283653541841e-01
1.063706714997351421e-01 9.764836918753692085e-01
1.063294048577976686e-01 9.765857537750661788e-01
1.062882741484528354e-01 9.766875149529146150e-01
1.062472788953709862e-01 9.767889762947686849e-01
1.062064186239964902e-01 9.768901386838745315e-01
1.061656928615410389e-01 9.769910030008782664e-01
1.061251011369768182e-01 9.770915701238332973e-01
1.060846429810298891e-01 9.771918409282077667e-01
1.060443179261735258e-01 9.772918162868926562e-01
1.060041255066214438e-01 9.773914970702093363e-01
1.059640652583212495e-01 9.774908841459164499e-01
1.059241367189477923e-01 9.775899783792185715e-01
1.058843394278965871e-01 9.776887806327724251e-01
1.058446729262772501e-01 9.777872917666952102e-01
1.058051367569069340e-01 9.778855126385720409e-01
1.057657304643038199e-01 9.779834441034631620e-01
1.057264535946806083e-01 9.780810870139112767e-01
1.056873056959380525e-01 9.781784422199489848e-01
1.056482863176585046e-01 9.782755105691066655e-01
1.056093950110994911e-01 9.783722929064191387e-01
1.055706313291872867e-01 9.784687900744334366e-01
1.055319948265105168e-01 9.785650029132159089e-01
1.054934850593138296e-01 9.786609322603593286e-01
1.054551015854915397e-01 9.787565789509909964e-01
1.054168439645813415e-01 9.788519438177788468e-01
1.053787117577579258e-01 9.789470276909397750e-01
1.053407045278268311e-01 9.790418313982456322e-01
1.053028218392180609e-01 9.791363557650317739e-01
1.052650632579799628e-01 9.792306016142030556e-01
1.052274283517729975e-01 9.793245697662417149e-01
1.051899166898634941e-01 9.794182610392142552e-01
1.051525278431175575e-01 9.795116762487782180e-01
1.051152613839949068e-01 9.796048162081900657e-01
1.050781168865427689e-01 9.796976817283112871e-01
1.050410939263897586e-01 9.797902736176160587e-01
1.050041920807397999e-01 9.798825926821983501e-01
1.049674109283661172e-01 9.799746397257784736e-01
1.049307500496051843e-01 9.800664155497101904e-01
1.048942090263507015e-01 9.801579209529880377e-01
1.048577874420476147e-01 9.802491567322536570e-01
1.048214848816861750e-01 9.803401236818032327e-01
1.047853009317959716e-01 9.804308225935941534e-01
1.047492351804400063e-01 9.805212542572520062e-01
1.047132872172088502e-01 9.806114194600770162e-01
1.046774566332147050e-01 9.807013189870517067e-01
1.046417430210855037e-01 9.807909536208468948e-01
1.046061459749591943e-01 9.808803241418290186e-01
1.045706650904778684e-01 9.809694313280665767e-01
1.045352999647819470e-01 9.810582759553369003e-01
1.045000501965044210e-01 9.811468587971334809e-01
1.044649153857651475e-01 9.812351806246717434e-01
1.044298951341650489e-01 9.813232422068964844e-01
1.043949890447804368e-01 9.814110443104883119e-01
1.043601967221573223e-01 9.814985876998699732e-01
1.043255177723057675e-01 9.815858731372136825e-01
1.042909518026942234e-01 9.816729013824472272e-01
1.042564984222439234e-01 9.817596731932605181e-01
1.042221572413232211e-01 9.818461893251126948e-01
1.041879278717420809e-01 9.819324505312380102e-01
1.041538099267464990e-01 9.820184575626529355e-01
1.041198030210128828e-01 9.821042111681623776e-01
1.040859067706426666e-01 9.821897120943662296e-01
1.040521207931567188e-01 9.822749610856660318e-01
1.040184447074898322e-01 9.823599588842709673e-01
1.039848781339853950e-01 9.824447062302050782e-01
1.039514206943897845e-01 9.825292038613130385e-01
1.039180720118471069e-01 9.826134525132665942e-01
1.038848317108936464e-01 9.826974529195714458e-01
1.038516994174526337e-01 9.827812058115731331e-01
1.038186747588287634e-01 9.828647119184635850e-01
1.037857573637029490e-01 9.829479719672874483e-01
1.037529468621269102e-01 9.830309866829485266e-01
1.037202428855179687e-01 9.831137567882156647e-01
1.036876450666537330e-01 9.831962830037295209e-01
1.036551530396668114e-01 9.832785660480084511e-01
1.036227664400395793e-01 9.833606066374551702e-01
1.035904849045989895e-01 9.834424054863624143e-01
1.035583080715113402e-01 9.835239633069194909e-01
1.035262355802771678e-01 9.836052808092187183e-01
1.034942670717259317e-01 9.836863587012610877e-01
1.034624021880110600e-01 9.837671976889623693e-01
1.034306405726046485e-01 9.838477984761599959e-01
1.033989818702925056e-01 9.839281617646182809e-01
1.033674257271689906e-01 9.840082882540353015e-01
1.033359717906319614e-01 9.840881786420482280e-01
1.033046197093777097e-01 9.841678336242398739e-01
1.032733691333960063e-01 9.842472538941448024e-01
1.032422197139650083e-01 9.843264401432549882e-01
1.032111711036463042e-01 9.844053930610260350e-01
1.031802229562799739e-01 9.844841133348829487e-01
1.031493749269796201e-01 9.845626016502267985e-01
1.031186266721273587e-01 9.846408586904396021e-01
1.030879778493690863e-01 9.847188851368912088e-01
1.030574281176093870e-01 9.847966816689447400e-01
1.030269771370067589e-01 9.848742489639626951e-01
1.029966245689687698e-01 9.849515876973123918e-01
1.029663700761472012e-01 9.850286985423726271e-01
1.029362133224331760e-01 9.851055821705388960e-01
1.029061539729524272e-01 9.851822392512294968e-01
1.028761916940605092e-01 9.852586704518908611e-01
1.028463261533379830e-01 9.853348764380042146e-01
1.028165570195856970e-01 9.854108578730910173e-01
1.027868839628200970e-01 9.854866154187181815e-01
1.027573066542684238e-01 9.855621497345044002e-01
1.027278247663641342e-01 9.856374614781259202e-01
1.026984379727421265e-01 9.857125513053218713e-01
1.026691459482341612e-01 9.857874198699003720e-01
1.026399483688641423e-01 9.858620678237437485e-01
1.026108449118436072e-01 9.859364958168145288e-01
1.025818352555670360e-01 9.860107044971613277e-01
1.025529190796072576e-01 9.860846945109238426e-01
1.025240960647109401e-01 9.861584665023387375e-01
1.024953658927940381e-01 9.862320211137457493e-01
1.024667282469371998e-01 9.863053589855922398e-01
1.024381828113813397e-01 9.863784807564399681e-01
1.024097292715230451e-01 9.864513870629694203e-01
1.023813673139101765e-01 9.865240785399863599e-01
1.023530966262373859e-01 9.865965558204268238e-01
1.023249168973416057e-01 9.866688195353625623e-01
1.022968278171977330e-01 9.867408703140070347e-01
1.022688290769141334e-01 9.868127087837202938e-01
1.022409203687282969e-01 9.868843355700146480e-01
1.022131013860023835e-01 9.869557512965604351e-01
1.021853718232189900e-01 9.870269565851906846e-01
1.021577313759767097e-01 9.870979520559073350e-01
1.021301797409858020e-01 9.871687383268860083e-01
1.021027166160639876e-01 9.872393160144818935e-01
1.020753417001320079e-01 9.873096857332347431e-01
1.020480546932094751e-01 9.873798480958743129e-01
1.020208552964105286e-01 9.874498037133255801e-01
1.019937432119396858e-01 9.875195531947144056e-01
1.019667181430874842e-01 9.875890971473724189e-01
1.019397797942264289e-01 9.876584361768429021e-01
1.019129278708066494e-01 9.877275708868848980e-01
1.018861620793518191e-01 9.877965018794795382e-01
1.018594821274549644e-01 9.878652297548351502e-01
1.018328877237743291e-01 9.879337551113919202e-01
1.018063785780292524e-01 9.880020785458277777e-01
1.017799544009960200e-01 9.880702006530628356e-01
1.017536149045038391e-01 9.881381220262652754e-01
1.017273598014306474e-01 9.882058432568557871e-01
1.017011888056991997e-01 9.882733649345136762e-01
1.016751016322728907e-01 9.883406876471809710e-01
1.016490979971517994e-01 9.884078119810681962e-01
1.016231776173686097e-01 9.884747385206592574e-01
1.015973402109846685e-01 9.885414678487163265e-01
1.015715854970860171e-01 9.886080005462855036e-01
1.015459131957793110e-01 9.886743371927009250e-01
1.015203230281880031e-01 9.887404783655910911e-01
1.014948147164482922e-01 9.888064246408821978e-01
1.014693879837053336e-01 9.888721765928050189e-01
1.014440425541091734e-01 9.889377347938983487e-01
1.014187781528109872e-01 9.890030998150148855e-01
1.013935945059591393e-01 9.890682722253257841e-01
1.013684913406953242e-01 9.891332525923258734e-01
1.013434683851507367e-01 9.891980414818383194e-01
1.013185253684422693e-01 9.892626394580197324e-01
1.012936620206686400e-01 9.893270470833650521e-01
1.012688780729066318e-01 9.893912649187123209e-01
1.012441732572072761e-01 9.894552935232476809e-01
1.012195473065921336e-01 9.895191334545100359e-01
1.011949999550494916e-01 9.895827852683964920e-01
1.011705309375306311e-01 9.896462495191663544e-01
1.011461399899461350e-01 9.897095267594464563e-01
1.011218268491621414e-01 9.897726175402359328e-01
1.010975912529966519e-01 9.898355224109109951e-01
1.010734329402158682e-01 9.898982419192293714e-01
1.010493516505305001e-01 9.899607766113357465e-01
1.010253471245921575e-01 9.900231270317657595e-01
1.010014191039896592e-01 9.900852937234513318e-01
1.009775673312454519e-01 9.901472772277248868e-01
1.009537915498119609e-01 9.902090780843247897e-01
1.009300915040680230e-01 9.902706968313990110e-01
1.009064669393153202e-01 9.903321340055105670e-01
1.008829176017747853e-01 9.903933901416424046e-01
1.008594432385830353e-01 9.904544657732008428e-01
1.008360435977888880e-01 9.905153614320219013e-01
1.008127184283497818e-01 9.905760776483742980e-01
1.007894674801283058e-01 9.906366149509649999e-01
1.007662905038887030e-01 9.906969738669437753e-01
1.007431872512933591e-01 9.907571549219077456e-01
1.007201574748993328e-01 9.908171586399051600e-01
1.006972009281549424e-01 9.908769855434413909e-01
1.006743173653963097e-01 9.909366361534821532e-01
1.006515065418438909e-01 9.909961109894589448e-01
1.006287682135991318e-01 9.910554105692730431e-01
1.006061021376409986e-01 9.911145354093002791e-01
1.005835080718226887e-01 9.911734860243951450e-01
1.005609857748681057e-01 9.912322629278959019e-01
1.005385350063686678e-01 9.912908666316285755e-01
1.005161555267798518e-01 9.913492976459112871e-01
1.004938470974179043e-01 9.914075564795591378e-01
1.004716094804565113e-01 9.914656436398884276e-01
1.004494424389234808e-01 9.915235596327210965e-01
1.004273457366974820e-01 9.915813049623889430e-01
1.004053191385047283e-01 9.916388801317383983e-01
1.003833624099157440e-01 9.916962856421344119e-01
1.003614753173421026e-01 9.917535219934652257e-01
1.003396576280331659e-01 9.918105896841464819e-01
1.003179091100728643e-01 9.918674892111255526e-01
1.002962295323765185e-01 9.919242210698860918e-01
1.002746186646875926e-01 9.919807857544520324e-01
1.002530762775745016e-01 9.920371837573922491e-01
1.002316021424274756e-01 9.920934155698246659e-01
1.002101960314553675e-01 9.921494816814200313e-01
1.001888577176825168e-01 9.922053825804072469e-01
1.001675869749456271e-01 9.922611187535765875e-01
1.001463835778905742e-01 9.923166906862845860e-01
1.001252473019693667e-01 9.923720988624580297e-01
1.001041779234370099e-01 9.924273437645981799e-01
1.000831752193484248e-01 9.924824258737847682e-01
1.000622389675553670e-01 9.925373456696805485e-01
1.000413689467033740e-01 9.925921036305351830e-01
1.000205649362287258e-01 9.926467002331896827e-01
9.999982671635533615e-02 9.927011359530800716e-01
9.997915406809186611e-02 9.927554112642422712e-01
9.995854677322853210e-02 9.928095266393154317e-01
9.993800461433423321e-02 9.928634825495464833e-01
9.991752737475352586e-02 9.929172794647943556e-01
9.989711483860364005e-02 9.929709178535336411e-01
9.987676679077149566e-02 9.930243981828588140e-01
9.985648301691077422e-02 9.930777209184886711e-01
9.983626330343897681e-02 9.931308865247698847e-01
9.981610743753446813e-02 9.931838954646812212e-01
9.979601520713358986e-02 9.932367481998377601e-01
9.977598640092774640e-02 9.932894451904944466e-01
9.975602080836043495e-02 9.933419868955505327e-01
9.973611821962452550e-02 9.933943737725535739e-01
9.971627842565919386e-02 9.934466062777030926e-01
9.969650121814722932e-02 9.934986848658545755e-01
9.967678638951207870e-02 9.935506099905240252e-01
9.965713373291504307e-02 9.936023821038909576e-01
9.963754304225241887e-02 9.936540016568030653e-01
9.961801411215280566e-02 9.937054690987797700e-01
9.959854673797409463e-02 9.937567848780163304e-01
9.957914071580087345e-02 9.938079494413878390e-01
9.955979584244152580e-02 9.938589632344525526e-01
9.954051191542552524e-02 9.939098267014566668e-01
9.952128873300063183e-02 9.939605402853372018e-01
9.950212609413014442e-02 9.940111044277265551e-01
9.948302379849023602e-02 9.940615195689561645e-01
9.946398164646709505e-02 9.941117861480601725e-01
9.944499943915435791e-02 9.941619046027793116e-01
9.942607697835029179e-02 9.942118753695649014e-01
9.940721406655518566e-02 9.942616988835825120e-01
9.938841050696858859e-02 9.943113755787156283e-01
9.936966610348670070e-02 9.943609058875695350e-01
9.935098066069965317e-02 9.944102902414753142e-01
9.933235398388896853e-02 9.944595290704929536e-01
9.931378587902477129e-02 9.945086228034161202e-01
9.929527615276330377e-02 9.945575718677746035e-01
9.927682461244416445e-02 9.946063766898392000e-01
9.925843106608782385e-02 9.946550376946248218e-01
9.924009532239300158e-02 9.947035553058940494e-01
9.922181719073398798e-02 9.947519299461613507e-01
9.920359648115820161e-02 9.948001620366963005e-01
9.918543300438353860e-02 9.948482519975277993e-01
9.916732657179580523e-02 9.948962002474466271e-01
9.914927699544626161e-02 9.949440072040105498e-01
9.913128408804899871e-02 9.949916732835467625e-01
9.911334766297845433e-02 9.950391989011561078e-01
9.909546753426687338e-02 9.950865844707167396e-01
9.907764351660186541e-02 9.951338304048870098e-01
9.905987542532380952e-02 9.951809371151102424e-01
9.904216307642346728e-02 9.952279050116171755e-01
9.902450628653947096e-02 9.952747345034299586e-01
9.900690487295581155e-02 9.953214259983661494e-01
9.898935865359947961e-02 9.953679799030415998e-01
9.897186744703791172e-02 9.954143966228741203e-01
9.895443107247670067e-02 9.954606765620875874e-01
9.893704934975701415e-02 9.955068201237144976e-01
9.891972209935327720e-02 9.955528277096006295e-01
9.890244914237071583e-02 9.955986997204072653e-01
9.888523030054301166e-02 9.956444365556156306e-01
9.886806539622990109e-02 9.956900386135303371e-01
9.885095425241476053e-02 9.957355062912819355e-01
9.883389669270227496e-02 9.957808399848314673e-01
9.881689254131609257e-02 9.958260400889733521e-01
9.879994162309643779e-02 9.958711069973389396e-01
9.878304376349777982e-02 9.959160411023996184e-01
9.876619878858657053e-02 9.959608427954710352e-01
9.874940652503881588e-02 9.960055124667156479e-01
9.873266680013785546e-02 9.960500505051466114e-01
9.871597944177201711e-02 9.960944572986311085e-01
9.869934427843234104e-02 9.961387332338932366e-01
9.868276113921028991e-02 9.961828786965182259e-01
9.866622985379550070e-02 9.962268940709549936e-01
9.864975025247346707e-02 9.962707797405200294e-01
9.863332216612334669e-02 9.963145360874005041e-01
9.861694542621567139e-02 9.963581634926576003e-01
9.860061986481012675e-02 9.964016623362299541e-01
9.858434531455331773e-02 9.964450329969366527e-01
9.856812160867658990e-02 9.964882758524810091e-01
9.855194858099373956e-02 9.965313912794532270e-01
9.853582606589890436e-02 9.965743796533345078e-01
9.851975389836431507e-02 9.966172413484992720e-01
9.850373191393810290e-02 9.966599767382194885e-01
9.848775994874216233e-02 9.967025861946671172e-01
9.847183783946997226e-02 9.967450700889179949e-01
9.845596542338444501e-02 9.967874287909542774e-01
9.844014253831576133e-02 9.968296626696682150e-01
9.842436902265923326e-02 9.968717720928653714e-01
9.840864471537320857e-02 9.969137574272678437e-01
9.839296945597690580e-02 9.969556190385170380e-01
9.837734308454829102e-02 9.969973572911772219e-01
9.836176544172206548e-02 9.970389725487385224e-01
9.834623636868741747e-02 9.970804651736204782e-01
9.833075570718607938e-02 9.971218355271743716e-01
9.831532329951017668e-02 9.971630839696873361e-01
9.829993898850013234e-02 9.972042108603849098e-01
9.828460261754269622e-02 9.972452165574340333e-01
9.826931403056879399e-02 9.972861014179469352e-01
9.825407307205152874e-02 9.973268657979832419e-01
9.823887958700411316e-02 9.973675100525538628e-01
9.822373342097789894e-02 9.974080345356236554e-01
9.820863442006029509e-02 9.974484396001146447e-01
9.819358243087278337e-02 9.974887255979091316e-01
9.817857730056887833e-02 9.975288928798526911e-01
9.816361887683219822e-02 9.975689417957571692e-01
9.814870700787441116e-02 9.976088726944037921e-01
9.813384154243329216e-02 9.976486859235463855e-01
9.811902232977066929e-02 9.976883818299139284e-01
9.810424921967061951e-02 9.977279607592142163e-01
9.808952206243737315e-02 9.977674230561363045e-01
9.807484070889335714e-02 9.978067690643536158e-01
9.806020501037737702e-02 9.978459991265272722e-01
9.804561481874257689e-02 9.978851135843087583e-01
9.803106998635453817e-02 9.979241127783429199e-01
9.801657036608935059e-02 9.979629970482711832e-01
9.800211581133178029e-02 9.980017667327338859e-01
9.798770617597321597e-02 9.980404221693741640e-01
9.797334131440994798e-02 9.980789636948400601e-01
9.795902108154111443e-02 9.981173916447879657e-01
9.794474533276696648e-02 9.981557063538850638e-01
9.793051392398688382e-02 9.981939081558126592e-01
9.791632671159757051e-02 9.982319973832693982e-01
9.790218355249120930e-02 9.982699743679729343e-01
9.788808430405351868e-02 9.983078394406640355e-01
9.787402882416204597e-02 9.983455929311091381e-01
9.786001697118421050e-02 9.983832351681027895e-01
9.784604860397554116e-02 9.984207664794710890e-01
9.783212358187785840e-02 9.984581871920739093e-01
9.781824176471744237e-02 9.984954976318085595e-01
9.780440301280318716e-02 9.985326981236118948e-01
9.779060718692487997e-02 9.985697889914635361e-01
9.777685414835136923e-02 9.986067705583884235e-01
9.776314375882877439e-02 9.986436431464600361e-01
9.774947588057873726e-02 9.986804070768025010e-01
9.773585037629659023e-02 9.987170626695943687e-01
9.772226710914966308e-02 9.987536102440704999e-01
9.770872594277550671e-02 9.987900501185252855e-01
9.769522674128010287e-02 9.988263826103153109e-01
9.768176936923619880e-02 9.988626080358621318e-01
9.766835369168150316e-02 9.988987267106551604e-01
9.765497957411700680e-02 9.989347389492541085e-01
9.764164688250519253e-02 9.989706450652920955e-01
9.762835548326841140e-02 9.990064453714777581e-01
9.761510524328712024e-02 9.990421401795990253e-01
9.760189602989817470e-02 9.990777298005246720e-01
9.758872771089317777e-02 9.991132145442078727e-01
9.757560015451675894e-02 9.991485947196885320e-01
9.756251322946489501e-02 9.991838706350958388e-01
9.754946680488327249e-02 9.992190425976512635e-01
9.753646075036558061e-02 9.992541109136712230e-01
9.752349493595183216e-02 9.992890758885695224e-01
9.751056923212679528e-02 9.993239378268599094e-01
9.749768350981825871e-02 9.993586970321594043e-01
9.748483764039544974e-02 9.993933538071902989e-01
9.747203149566732727e-02 9.994279084537824875e-01
9.745926494788108296e-02 9.994623612728773532e-01
9.744653786972039267e-02 9.994967125645289885e-01
9.743385013430387598e-02 9.995309626279076376e-01
9.742120161518343091e-02 9.995651117613022496e-01
9.740859218634270733e-02 9.995991602621225880e-01
9.739602172219545551e-02 9.996331084269023393e-01
9.738349009758394403e-02 9.996669565513015554e-01
9.737099718777740553e-02 9.997007049301092074e-01
9.735854286847042682e-02 9.997343538572454058e-01
9.734612701578139460e-02 9.997679036257646201e-01
9.733374950625098276e-02 9.998013545278575664e-01
9.732141021684048710e-02 9.998347068548542049e-01
9.730910902493035419e-02 9.998679608972264043e-01
9.729684580831859941e-02 9.999011169445897185e-01
9.728462044521932195e-02 9.999341752857068277e-01
9.727243281426110888e-02 9.999671362084890935e-01
9.726028279448555025e-02 1.000000000000000000e+00
