9.349172072042465087e-02 1.000000000000000000e+00
9.293434623495140656e-02 9.931721195936583646e-01
9.238344320172549307e-02 9.863919738470611209e-01
9.183899071914368439e-02 9.796592416365090816e-01
9.130096908960534663e-02 9.729736039479462972e-01
9.076935983435630018e-02 9.663347438527054578e-01
9.024414570879810138e-02 9.597423464830824313e-01
8.972531071826962690e-02 9.531960990077337215e-01
8.921284013430831605e-02 9.466956906068985100e-01
8.870672051139844028e-02 9.402408124474386231e-01
8.820693970421336627e-02 9.338311576576994177e-01
8.771348688535952898e-02 9.274664213021877046e-01
8.722635256362924749e-02 9.211463003560687035e-01
8.674552860276968369e-02 9.148704936794800346e-01
8.627100824077560404e-02 9.086387019916671859e-01
8.580278610971309172e-02 9.024506278449389018e-01
8.534085825608177245e-02 8.963059755984483790e-01
8.488522216172282586e-02 8.902044513918015989e-01
8.443587676528034602e-02 8.841457631184987953e-01
8.399282248422336450e-02 8.781296203992144944e-01
8.355606123743580804e-02 8.721557345549216800e-01
8.312559646838195426e-02 8.662238185798691870e-01
8.270143316885450457e-02 8.603335871144212055e-01
8.228357790331264354e-02 8.544847564177672217e-01
8.187203883381728720e-02 8.486770443405167175e-01
8.146682574557065348e-02 8.429101702971888432e-01
8.106795007306738521e-02 8.371838552386137167e-01
8.067542492686408107e-02 8.314978216242584486e-01
8.028926512097421531e-02 8.258517933944978795e-01
7.990948720089544044e-02 8.202454959428477910e-01
7.953610947227572614e-02 8.146786560881807970e-01
7.916915203022535652e-02 8.091510020469483422e-01
7.880863678928073934e-02 8.036622634054330083e-01
7.845458751402686892e-02 7.982121710920559998e-01
7.810702985038425750e-02 7.928004573497704488e-01
7.776599135756653847e-02 7.874268557085676301e-01
7.743150154071440361e-02 7.820911009581309470e-01
7.710359188421148091e-02 7.767929291206702169e-01
7.678229588568769026e-02 7.715320774239732282e-01
7.646764909071471217e-02 7.663082842747139800e-01
7.615968912819892633e-02 7.611212892320565748e-01
7.585845574647584466e-02 7.559708329815999495e-01
7.556399085011050731e-02 7.508566573097070762e-01
7.527633853740753334e-02 7.457785050782670400e-01
7.499554513863410099e-02 7.407361201999407285e-01
7.472165925495900807e-02 7.357292476139394299e-01
7.445473179811019915e-02 7.307576332623935134e-01
7.419481603075270271e-02 7.258210240673677038e-01
7.394196760758843523e-02 7.209191679085786841e-01
7.369624461717856623e-02 7.160518136018790836e-01
7.345770762448866620e-02 7.112187108785696932e-01
7.322641971415597140e-02 7.064196103656030790e-01
7.300244653447732213e-02 7.016542635667476491e-01
7.278585634211552635e-02 6.969224228447791214e-01
7.257672004752097061e-02 6.922238414047682253e-01
7.237511126106416226e-02 6.875582732785383566e-01
7.218110633987398495e-02 6.829254733103630182e-01
7.199478443537495054e-02 6.783251971439772099e-01
7.181622754151564814e-02 6.737572012109783737e-01
7.164552054367923084e-02 6.692212427206886138e-01
7.148275126826489356e-02 6.647170796515554647e-01
7.132801053292796289e-02 6.602444707441639249e-01
7.118139219746429103e-02 6.558031754959362525e-01
7.104299321532271672e-02 6.513929541575900206e-01
7.091291368572701093e-02 6.470135677314294842e-01
7.079125690638694846e-02 6.426647779715390918e-01
7.067812942677512145e-02 6.383463473859483095e-01
7.057364110194380702e-02 6.340580392408341481e-01
7.047790514685314811e-02 6.297996175668241214e-01
7.039103819117906169e-02 6.255708471674589211e-01
7.031316033456570802e-02 6.213714936298713187e-01
7.024439520228392686e-02 6.172013233377314778e-01
7.018487000125338271e-02 6.130601034865040821e-01
7.013471557638176201e-02 6.089476021010583606e-01
7.009406646717047940e-02 6.048635880556633149e-01
7.006306096453124299e-02 6.008078310963946844e-01
7.004184116775316604e-02 5.967801018659738554e-01
7.003055304155494931e-02 5.927801719310463735e-01
7.002934647315074701e-02 5.888078138119045013e-01
7.003837532925279163e-02 5.848628010146429412e-01
7.005779751292728896e-02 5.809449080657308473e-01
7.008777502021376615e-02 5.770539105489701504e-01
7.012847399641082557e-02 5.731895851447988965e-01
7.018006479192433200e-02 5.693517096718879733e-01
7.024272201756572021e-02 5.655400631309630555e-01
7.031662459918087971e-02 5.617544257507773864e-01
7.040195583148099734e-02 5.579945790361379165e-01
7.049890343093823120e-02 5.542603058178835473e-01
7.060765958759993022e-02 5.505513903046933555e-01
7.072842101566574613e-02 5.468676181365889066e-01
7.086138900266182594e-02 5.432087764399845531e-01
7.100676945703661425e-02 5.395746538841198481e-01
7.116477295399191438e-02 5.359650407386967741e-01
7.133561477935262962e-02 5.323797289325293836e-01
7.151951497126715629e-02 5.288185121129997945e-01
7.171669835951963168e-02 5.252811857061004952e-01
7.192739460222391523e-02 5.217675469768304763e-01
7.215183821965732991e-02 5.182773950896999438e-01
7.239026862498110226e-02 5.148105311690884811e-01
7.264293015158267142e-02 5.113667583591889887e-01
7.291007207676346302e-02 5.079458818832639500e-01
7.319194864148421964e-02 5.045477091019288096e-01
7.348881906586879342e-02 5.011720495701758038e-01
7.380094756015616320e-02 4.978187150928420901e-01
7.412860333077948838e-02 4.944875197782283571e-01
7.447206058124074268e-02 4.911782800895684309e-01
7.483159850743964503e-02 4.878908148940557243e-01
7.520750128710564086e-02 4.846249455091333758e-01
7.560005806297359632e-02 4.813804957457606948e-01
7.600956291933534670e-02 4.781572919483776385e-01
7.643631485159217698e-02 4.749551630312984773e-01
7.688061772842702535e-02 4.717739405112773010e-01
7.734278024620995506e-02 4.686134585360059446e-01
7.782311587524620711e-02 4.654735539083184048e-01
7.832194279747321797e-02 4.623540661058980761e-01
7.883958383521171009e-02 4.592548372963043413e-01
7.937636637057528255e-02 4.561757123471599784e-01
7.993262225514462249e-02 4.531165388313632691e-01
8.050868770951538633e-02 4.500771670272208924e-01
8.110490321233333744e-02 4.470574499134205571e-01
8.172161337843668327e-02 4.440572431587974656e-01
8.235916682573433956e-02 4.410764051068747915e-01
8.301791603045814705e-02 4.381147967551941025e-01
8.369821717044036158e-02 4.351722817294800261e-01
8.440042995608124099e-02 4.322487262527175966e-01
8.512491744868813659e-02 4.293439991092513064e-01
8.587204586588621791e-02 4.264579716040467483e-01
8.664218437382163740e-02 4.235905175172849368e-01
8.743570486590050705e-02 4.207415130544894244e-01
8.825298172783295481e-02 4.179108367924133094e-01
8.909439158877824338e-02 4.150983696209377682e-01
8.996031305841693804e-02 4.123039946812603884e-01
9.085112644980791741e-02 4.095275973006686221e-01
9.176721348792227229e-02 4.067690649242157730e-01
9.270895700378177506e-02 4.040282870436313623e-01
9.367674061416893239e-02 4.013051551238104309e-01
9.467094838691487990e-02 3.985995625272376608e-01
9.569196449181496811e-02 3.959114044367082474e-01
9.674017283726510374e-02 3.932405777767114530e-01
9.781595669275898464e-02 3.905869811338444908e-01
9.891969829743356424e-02 3.879505146766213386e-01
1.000517784548998479e-01 3.853310800750359699e-01
1.012125761146471375e-01 3.827285804202325004e-01
1.024024679403607030e-01 3.801429201446239192e-01
1.036218278655468422e-01 3.775740049427870337e-01
1.048710266369133753e-01 3.750217416934472636e-01
1.061504313460089471e-01 3.724860383828495491e-01
1.074604049496808433e-01 3.699668040297914295e-01
1.088013057799667727e-01 3.674639486125753640e-01
1.101734870440932573e-01 3.649773829981139417e-01
1.115772963153094655e-01 3.625070188734010324e-01
1.130130750153420099e-01 3.600527686795354509e-01
1.144811578893116244e-01 3.576145455484626146e-01
1.159818724740081658e-01 3.551922632425744131e-01
1.175155385604740310e-01 3.527858360972832563e-01
1.190824676518986852e-01 3.503951789666634453e-01
1.206829624178785004e-01 3.480202071722290347e-01
1.223173161461444947e-01 3.456608364548960921e-01
1.239858121929077045e-01 3.433169829301546128e-01
1.256887234330161807e-01 3.409885630464557504e-01
1.274263117111588961e-01 3.386754935468008765e-01
1.291988272953894512e-01 3.363776914335001589e-01
1.310065083342780989e-01 3.340950739360531996e-01
1.328495803190300750e-01 3.318275584820883362e-01
1.347282555519356551e-01 3.295750626712836140e-01
1.366427326225393701e-01 3.273375042521807776e-01
1.385931958929325913e-01 3.251148011017928607e-01
1.405798149935868768e-01 3.229068712078972947e-01
1.426027443311520260e-01 3.207136326538977955e-01
1.446621226096446444e-01 3.185350036061331824e-01
1.467580723664488884e-01 3.163709023035065071e-01
1.488906995245411757e-01 3.142212470493027654e-01
1.510600929623347743e-01 3.120859562050635749e-01
1.532663241025181422e-01 3.099649481863837597e-01
1.555094465212321364e-01 3.078581414604955602e-01
1.577894955788977926e-01 3.057654545455076867e-01
1.601064880739642149e-01 3.036868060111665435e-01
1.624604219208008460e-01 3.016221144810105614e-01
1.648512758529031286e-01 2.995712986357911833e-01
1.672790091525241940e-01 2.975342772180380457e-01
1.697435614077774102e-01 2.955109690376492848e-01
1.722448522981869512e-01 2.935012929783940017e-01
1.747827814095852805e-01 2.915051680052166971e-01
1.773572280791769484e-01 2.895225131722414802e-01
1.799680512715021163e-01 2.875532476313761299e-01
1.826150894859428220e-01 2.855972906414242507e-01
1.852981606963219618e-01 2.836545615776180917e-01
1.880170623230464078e-01 2.817249799414903721e-01
1.907715712381463091e-01 2.798084653710090630e-01
1.935614438034592710e-01 2.779049376509050151e-01
1.963864159421031819e-01 2.760143167231275951e-01
1.992462032432757713e-01 2.741365226973681013e-01
2.021405011003110375e-01 2.722714758615973896e-01
2.050689848818161576e-01 2.704190966925674178e-01
2.080313101356050798e-01 2.685793058662326316e-01
2.110271128250386929e-01 2.667520242680505582e-01
2.140560095972774968e-01 2.649371730031265249e-01
2.171175980828492502e-01 2.631346734061699166e-01
2.202114572258346559e-01 2.613444470512350515e-01
2.233371476438772429e-01 2.595664157612220801e-01
2.264942120171302420e-01 2.578005016171171504e-01
2.296821755051643710e-01 2.560466269669547379e-01
2.329005461907757701e-01 2.543047144344868227e-01
2.361488155495544417e-01 2.525746869275475870e-01
2.394264589439989710e-01 2.508564676461041421e-01
2.427329361408953612e-01 2.491499800899859285e-01
2.460676918506157496e-01 2.474551480662879610e-01
2.494301562869366828e-01 2.457718956964449475e-01
2.528197457459275266e-01 2.441001474229742285e-01
2.562358632024163696e-01 2.424398280158888419e-01
2.596778989225064782e-01 2.407908625787807955e-01
2.631452310905846304e-01 2.391531765545785171e-01
2.666372264492443689e-01 2.375266957309815075e-01
2.701532409505281174e-01 2.359113462455771359e-01
2.736926204168868559e-01 2.343070545906454361e-01
2.772547012102524744e-01 2.327137476176578124e-01
2.808388109076237482e-01 2.311313525414767089e-01
2.844442689815780967e-01 2.295597969442634001e-01
2.880703874841374357e-01 2.279990087791020914e-01
2.917164717324418066e-01 2.264489163733482135e-01
2.953818209947112194e-01 2.249094484317090969e-01
2.990657291750120073e-01 2.233805340390658811e-01
3.027674854953809058e-01 2.218621026630454296e-01
3.064863751739062003e-01 2.203540841563505492e-01
3.102216800974112454e-01 2.188564087588579232e-01
3.139726794874377336e-01 2.173690070994921397e-01
3.177386505582815435e-01 2.158918101978845316e-01
3.215188691658922293e-01 2.144247494658260422e-01
3.253126104465066115e-01 2.129677567085219159e-01
3.291191494439520415e-01 2.115207641256569848e-01
3.329377617246175314e-01 2.100837043122801284e-01
3.367677239791589394e-01 2.086565102595152599e-01
3.406083146100705727e-01 2.072391153551074727e-01
3.444588143043241235e-01 2.058314533838113691e-01
3.483185065903443012e-01 2.044334585276298133e-01
3.521866783786579136e-01 2.030450653659093829e-01
3.560626204856232602e-01 2.016662088753006787e-01
3.599456281397113155e-01 2.002968244295893763e-01
3.638350014698794044e-01 1.989368477994049866e-01
3.677300459756415729e-01 1.975862151518137655e-01
3.716300729785046442e-01 1.962448630498017099e-01
3.755344000545007277e-01 1.949127284516535275e-01
3.794423514476084613e-01 1.935897487102331838e-01
3.833532584639119389e-01 1.922758615721718856e-01
3.872664598464042873e-01 1.909710051769680506e-01
3.911813021303961468e-01 1.896751180560046768e-01
3.950971399795399353e-01 1.883881391314889686e-01
3.990133365025319012e-01 1.871100077153184105e-01
4.029292635505984932e-01 1.858406635078779789e-01
4.068443019959179785e-01 1.845800465967727122e-01
4.107578419911696033e-01 1.833280974554993004e-01
4.146692832104414417e-01 1.820847569420606382e-01
4.185780350717616671e-01 1.808499662975274758e-01
4.224835169415541158e-01 1.796236671445495536e-01
4.263851583213465468e-01 1.784058014858207475e-01
4.302823990170886459e-01 1.771963117025002477e-01
4.341746892914631339e-01 1.759951405525936319e-01
4.380614899995930456e-01 1.748022311692960795e-01
4.419422727085708380e-01 1.736175270593008080e-01
4.458165198012518093e-01 1.724409721010748131e-01
4.496837245647684611e-01 1.712725105431051054e-01
4.535433912642366505e-01 1.701120870021169407e-01
4.573950352021360910e-01 1.689596464612666271e-01
4.612381827638535881e-01 1.678151342683111558e-01
4.650723714498872230e-01 1.666784961337561266e-01
4.688971498952138051e-01 1.655496781289844122e-01
4.727120778763242992e-01 1.644286266843667244e-01
4.765167263064341019e-01 1.633152885873563054e-01
4.803106772193753149e-01 1.622096109805689912e-01
4.840935237426771121e-01 1.611115413598501744e-01
4.878648700603354094e-01 1.600210275723303044e-01
4.916243313657720493e-01 1.589380178144698952e-01
4.953715338054761053e-01 1.578624606300956801e-01
4.991061144138149719e-01 1.567943049084289664e-01
5.028277210394951346e-01 1.557334998821071348e-01
5.065360122641445750e-01 1.546799951251996152e-01
5.102306573134806067e-01 1.536337405512194221e-01
5.139113359615159471e-01 1.525946864111306367e-01
5.175777384282467253e-01 1.515627832913535311e-01
5.212295652712557459e-01 1.505379821117675265e-01
5.248665272716517283e-01 1.495202341237131527e-01
5.284883453147558585e-01 1.485094909079935632e-01
5.320947502659318928e-01 1.475057043728765227e-01
5.356854828419473913e-01 1.465088267520972543e-01
5.392602934782396717e-01 1.455188106028630357e-01
5.428189421924457525e-01 1.445356088038599607e-01
5.463611984445472247e-01 1.435591745532626140e-01
5.498868409939635660e-01 1.425894613667469113e-01
5.533956577539183019e-01 1.416264230755068243e-01
5.568874456433873243e-01 1.406700138242753806e-01
5.603620104369287924e-01 1.397201880693503817e-01
5.638191666126761703e-01 1.387769005766250341e-01
5.672587371987722893e-01 1.378401064196244918e-01
5.706805536185002303e-01 1.369097609775476732e-01
5.740844555343613820e-01 1.359858199333159046e-01
5.774702906913387057e-01 1.350682392716274771e-01
5.808379147595668091e-01 1.341569752770193358e-01
5.841871911766257641e-01 1.332519845319357632e-01
5.875179909896580677e-01 1.323532239148042799e-01
5.908301926975031426e-01 1.314606505981192608e-01
5.941236820930270168e-01 1.305742220465331560e-01
5.973983521058217061e-01 1.296938960149559006e-01
6.006541026454306209e-01 1.288196305466622615e-01
6.038908404452542067e-01 1.279513839714077339e-01
6.071084789072759280e-01 1.270891149035528467e-01
6.103069379477410461e-01 1.262327822401961841e-01
6.134861438439116466e-01 1.253823451593162608e-01
6.166460290820130474e-01 1.245377631179222233e-01
6.197865322064791682e-01 1.236989958502136833e-01
6.229075976705954476e-01 1.228660033657497791e-01
6.260091756886306813e-01 1.220387459476274111e-01
6.290912220895422680e-01 1.212171841506688580e-01
6.321536981723325788e-01 1.204012787996189132e-01
6.351965705631267278e-01 1.195909909873514587e-01
6.382198110740362473e-01 1.187862820730856694e-01
6.412233965638670652e-01 1.179871136806118354e-01
6.442073088007240766e-01 1.171934476965270089e-01
6.471715343265597165e-01 1.164052462684802003e-01
6.501160643237074988e-01 1.156224718034274956e-01
6.530408944834383833e-01 1.148450869658970419e-01
6.559460248765702772e-01 1.140730546762638159e-01
6.588314598261606481e-01 1.133063381090342880e-01
6.616972077823030096e-01 1.125449006911410088e-01
6.645432811990474864e-01 1.117887061002471732e-01
6.673696964134616660e-01 1.110377182630610110e-01
6.701764735268422868e-01 1.102919013536602377e-01
6.729636362880861977e-01 1.095512197918263875e-01
6.757312119792276972e-01 1.088156382413891649e-01
6.784792313031418054e-01 1.080851216085806227e-01
6.812077282734149142e-01 1.073596350403994426e-01
6.839167401063787066e-01 1.066391439229850829e-01
6.866063071153015729e-01 1.059236138800017935e-01
6.892764726067313052e-01 1.052130107710326640e-01
6.919272827789758606e-01 1.045073006899834983e-01
6.945587866227135310e-01 1.038064499634965693e-01
6.971710358237154237e-01 1.031104251493742546e-01
6.997640846676679294e-01 1.024191930350125124e-01
7.023379899470744148e-01 1.017327206358441538e-01
7.048928108702215978e-01 1.010509751937919143e-01
7.074286089721859572e-01 1.003739241757312939e-01
7.099454480278634128e-01 9.970153527196305709e-02
7.124433939669968519e-01 9.903377639469555793e-02
7.149225147911797418e-01 9.837061567653658523e-02
7.173828804928110703e-01 9.771202146899499175e-02
7.198245629759769670e-01 9.705796234099176023e-02
7.222476359792323608e-01 9.640840707738078386e-02
7.246521750002572482e-01 9.576332467747905586e-02
7.270382572223597073e-01 9.512268435360635155e-02
7.294059614427994553e-01 9.448645552963444438e-02
7.317553680029017515e-01 9.385460783954566177e-02
7.340865587199356668e-01 9.322711112600076677e-02
7.363996168207266324e-01 9.260393543891627666e-02
7.386946268769748469e-01 9.198505103405092698e-02
7.409716747422508965e-01 9.137042837160150310e-02
7.432308474906381690e-01 9.076003811480770622e-02
7.454722333569938630e-01 9.015385112856637295e-02
7.476959216787996132e-01 8.955183847805457675e-02
7.499020028395696480e-01 8.895397142736198581e-02
7.520905682137917214e-01 8.836022143813210272e-02
7.542617101133661794e-01 8.777056016821249695e-02
7.564155217355184035e-01 8.718495947031403015e-02
7.585520971121535450e-01 8.660339139067881054e-02
7.606715310606242397e-01 8.602582816775714014e-02
7.627739191358838822e-01 8.545224223089309401e-02
7.648593575839955916e-01 8.488260619901895343e-02
7.669279432969698940e-01 8.431689287935821564e-02
7.689797737689024748e-01 8.375507526613731879e-02
7.710149470533829152e-01 8.319712653930590174e-02
7.730335617221496536e-01 8.264302006326561256e-02
7.750357168249618622e-01 8.209272938560745192e-02
7.770215118506617058e-01 8.154622823585748470e-02
7.789910466894007790e-01 8.100349052423098939e-02
7.809444215960047453e-01 8.046449034039497572e-02
7.828817371544496417e-01 7.992920195223890412e-02
7.848030942434246482e-01 7.939759980465377343e-02
7.867085940029560076e-01 7.886965851831928553e-02
7.885983378020682277e-01 7.834535288849926726e-02
7.904724272074566960e-01 7.782465788384511363e-02
7.923309639531487258e-01 7.730754864520733571e-02
7.941740499111289431e-01 7.679400048445508831e-02
7.960017870629058079e-01 7.628398888330360783e-02
7.978142774719980679e-01 7.577748949214965779e-02
7.996116232573143856e-01 7.527447812891475964e-02
8.013939265674095980e-01 7.477493077789619524e-02
8.031612895555919618e-01 7.427882358862593348e-02
8.049138143558616232e-01 7.378613287473705096e-02
8.066516030596592168e-01 7.329683511283795194e-02
8.083747576934048329e-01 7.281090694139422115e-02
8.100833801968054804e-01 7.232832515961801212e-02
8.117775724019136163e-01 7.184906672636486025e-02
8.134574360129157578e-01 7.137310875903815632e-02
8.151230725866328575e-01 7.090042853250089205e-02
8.167745835137146804e-01 7.043100347799489958e-02
8.184120700005081961e-01 6.996481118206730743e-02
8.200356330515843339e-01 6.950182938550437950e-02
8.216453734529040043e-01 6.904203598227255656e-02
8.232413917556078431e-01 6.858540901846672810e-02
8.248237882604113613e-01 6.813192669126552636e-02
8.263926630025911768e-01 6.768156734789390616e-02
8.279481157375444544e-01 6.723430948459269141e-02
8.294902459269074546e-01 6.679013174559501886e-02
8.310191527252169807e-01 6.634901292210998447e-02
8.325349349671007371e-01 6.591093195131299265e-02
8.340376911549809424e-01 6.547586791534314166e-02
8.355275194472780997e-01 6.504380004030728413e-02
8.370045176471001547e-01 6.461470769529104041e-02
8.384687831914038325e-01 6.418857039137637610e-02
8.399204131406151630e-01 6.376536778066607680e-02
8.413595041686957599e-01 6.334507965531464835e-02
8.427861525536428644e-01 6.292768594656603098e-02
8.442004541684090535e-01 6.251316672379773898e-02
8.456025044722325079e-01 6.210150219357163381e-02
8.469923985023637414e-01 6.169267269869105341e-02
8.483702308661781322e-01 6.128665871726447778e-02
8.497360957336621556e-01 6.088344086177558540e-02
8.510900868302651023e-01 6.048299987815954071e-02
8.524322974301019595e-01 6.008531664488580420e-02
8.537628203494996848e-01 5.969037217204697932e-02
8.550817479408759914e-01 5.929814760045405003e-02
8.563891720869399871e-01 5.890862420073773864e-02
8.576851841952070066e-01 5.852178337245603212e-02
8.589698751928156462e-01 5.813760664320775234e-02
8.602433355216402289e-01 5.775607566775228102e-02
8.615056551336877089e-01 5.737717222713523829e-02
8.627569234867731307e-01 5.700087822782015645e-02
8.639972295404609870e-01 5.662717570082609342e-02
8.652266617522690328e-01 5.625604680087119974e-02
8.664453080741225666e-01 5.588747380552204491e-02
8.676532559490538477e-01 5.552143911434886947e-02
8.688505923081369930e-01 5.515792524808656172e-02
8.700374035676537998e-01 5.479691484780140759e-02
8.712137756264798361e-01 5.443839067406350263e-02
8.723797938636862481e-01 5.408233560612490248e-02
8.735355431363497347e-01 5.372873264110335917e-02
8.746811077775631382e-01 5.337756489317164316e-02
8.758165715946422125e-01 5.302881559275241657e-02
8.769420178675193522e-01 5.268246808571870610e-02
8.780575293473212861e-01 5.233850583259971184e-02
8.791631882551220745e-01 5.199691240779218820e-02
8.802590762808671920e-01 5.165767149877716069e-02
8.813452745824624790e-01 5.132076690534206204e-02
8.824218637850226310e-01 5.098618253880810719e-02
8.834889239802734551e-01 5.065390242126310144e-02
8.845465347261032285e-01 5.032391068479941110e-02
8.855947750462578316e-01 4.999619157075717996e-02
8.866337234301739922e-01 4.967072942897274995e-02
8.876634578329481995e-01 4.934750871703225128e-02
8.886840556754329601e-01 4.902651399953029260e-02
8.896955938444596201e-01 4.870772994733368888e-02
8.906981486931799807e-01 4.839114133685037955e-02
8.916917960415259303e-01 4.807673304930319691e-02
8.926766111767789891e-01 4.776449007000874158e-02
8.936526688542493213e-01 4.745439748766114990e-02
8.946200432980579986e-01 4.714644049362078787e-02
8.955788082020197383e-01 4.684060438120783015e-02
8.965290367306214536e-01 4.653687454500068932e-02
8.974708015200942857e-01 4.623523648013926762e-02
8.984041746795745631e-01 4.593567578163295501e-02
8.993292277923509159e-01 4.563817814367344960e-02
9.002460319171936565e-01 4.534272935895222734e-02
9.011546575897636524e-01 4.504931531798271604e-02
9.020551748240972501e-01 4.475792200842716728e-02
9.029476531141649165e-01 4.446853551442810082e-02
9.038321614354997147e-01 4.418114201594433577e-02
9.047087682468930581e-01 4.389572778809164300e-02
9.055775414921554134e-01 4.361227920048785928e-02
9.064385486019385096e-01 4.333078271660252556e-02
9.072918564956176102e-01 4.305122489311102169e-02
9.081375315832296291e-01 4.277359237925307950e-02
9.089756397674659816e-01 4.249787191619575771e-02
9.098062464457178367e-01 4.222405033640076744e-02
9.106294165121695539e-01 4.195211456299612757e-02
9.114452143599407474e-01 4.168205160915217783e-02
9.122537038832736478e-01 4.141384857746186615e-02
9.130549484797619852e-01 4.114749265932525490e-02
9.138490110526223953e-01 4.088297113433832231e-02
9.146359540130039045e-01 4.062027136968591329e-02
9.154158392823352752e-01 4.035938081953890227e-02
9.161887282947062117e-01 4.010028702445543602e-02
9.169546819992835385e-01 3.984297761078638145e-02
9.177137608627575771e-01 3.958744029008477022e-02
9.184660248718194975e-01 3.933366285851937899e-02
9.192115335356663142e-01 3.908163319629229249e-02
9.199503458885321949e-01 3.883133926706044958e-02
9.206825204922460815e-01 3.858276911736127635e-02
9.214081154388118478e-01 3.833591087604210079e-02
9.221271883530103297e-01 3.809075275369366853e-02
9.228397963950233374e-01 3.784728304208738459e-02
9.235459962630762076e-01 3.760549011361657284e-02
9.242458441960978988e-01 3.736536242074145475e-02
9.249393959763990702e-01 3.712688849543804848e-02
9.256267069323648178e-01 3.689005694865075263e-02
9.263078319411617301e-01 3.665485646974880884e-02
9.269828254314583793e-01 3.642127582598639335e-02
9.276517413861581351e-01 3.618930386196649723e-02
9.283146333451416377e-01 3.595892949910844266e-02
9.289715544080212606e-01 3.573014173511911140e-02
9.296225572369021251e-01 3.550292964346777463e-02
9.302676940591529942e-01 3.527728237286452406e-02
9.309070166701827187e-01 3.505318914674233205e-02
9.315405764362233443e-01 3.483063926274264366e-02
9.321684242971185475e-01 3.460962209220449365e-02
9.327906107691160686e-01 3.439012707965719007e-02
9.334071859476631428e-01 3.417214374231643953e-02
9.340181995102052603e-01 3.395566166958393500e-02
9.346237007189871493e-01 3.374067052255043386e-02
9.352237384238537565e-01 3.352716003350220131e-02
9.358183610650523399e-01 3.331512000543088853e-02
9.364076166760347819e-01 3.310454031154674154e-02
9.369915528862576837e-01 3.289541089479521008e-02
9.375702169239821249e-01 3.268772176737682472e-02
9.381436556190704268e-01 3.248146301027043242e-02
9.387119154057808057e-01 3.227662477275967251e-02
9.392750423255576964e-01 3.207319727196271397e-02
9.398330820298191890e-01 3.187117079236525402e-02
9.403860797827393592e-01 3.167053568535670854e-02
9.409340804640258238e-01 3.147128236876958057e-02
9.414771285716913019e-01 3.127340132642203452e-02
9.420152682248207343e-01 3.107688310766359985e-02
9.425485431663300773e-01 3.088171832692397298e-02
9.430769967657192110e-01 3.068789766326497984e-02
9.436006720218179655e-01 3.049541185993556378e-02
9.441196115655233756e-01 3.030425172392988559e-02
9.446338576625301631e-01 3.011440812554841417e-02
9.451434522160514495e-01 2.992587199796208422e-02
9.456484367695316973e-01 2.973863433677942369e-02
9.461488525093499913e-01 2.955268619961666857e-02
9.466447402675141065e-01 2.936801870567083347e-02
9.471361405243443610e-01 2.918462303529572102e-02
9.476230934111476989e-01 2.900249042958085582e-02
9.481056387128817819e-01 2.882161218993330512e-02
9.485838158708074230e-01 2.864197967766238251e-02
9.490576639851308061e-01 2.846358431356720009e-02
9.495272218176346035e-01 2.828641757752707944e-02
9.499925277942972146e-01 2.811047100809476590e-02
9.504536200079006791e-01 2.793573620209243921e-02
9.509105362206267120e-01 2.776220481421051711e-02
9.513633138666401923e-01 2.758986855660920667e-02
9.518119900546615497e-01 2.741871919852281389e-02
9.522566015705251630e-01 2.724874856586675942e-02
9.526971848797264331e-01 2.707994854084730743e-02
9.531337761299548683e-01 2.691231106157398328e-02
9.535664111536156229e-01 2.674582812167464532e-02
9.539951254703367134e-01 2.658049176991323509e-02
9.544199542894635790e-01 2.641629410981010881e-02
9.548409325125398750e-01 2.625322729926503340e-02
9.552580947357752761e-01 2.609128355018275336e-02
9.556714752524990697e-01 2.593045512810113196e-02
9.560811080556006480e-01 2.577073435182185637e-02
9.564870268399554565e-01 2.561211359304368940e-02
9.568892650048377302e-01 2.545458527599823301e-02
9.572878556563181318e-01 2.529814187708821424e-02
9.576828316096488436e-01 2.514277592452824825e-02
9.580742253916330053e-01 2.498847999798808200e-02
9.584620692429804967e-01 2.483524672823830132e-02
9.588463951206499525e-01 2.468306879679843871e-02
9.592272347001751243e-01 2.453193893558754807e-02
9.596046193779778077e-01 2.438184992657718014e-02
9.599785802736663376e-01 2.423279460144669648e-02
9.603491482323186501e-01 2.408476584124103273e-02
9.607163538267515790e-01 2.393775657603074841e-02
9.610802273597753853e-01 2.379175978457446008e-02
9.614407988664337434e-01 2.364676849398358871e-02
9.617980981162286280e-01 2.350277577938938989e-02
9.621521546153312121e-01 2.335977476361232597e-02
9.625029976087774441e-01 2.321775861683365166e-02
9.628506560826493033e-01 2.307672055626932076e-02
9.631951587662415104e-01 2.293665384584609584e-02
9.635365341342132517e-01 2.279755179587990982e-02
9.638748104087249136e-01 2.265940776275641652e-02
9.642100155615609403e-01 2.252221514861377921e-02
9.645421773162372592e-01 2.238596740102761704e-02
9.648713231500943843e-01 2.225065801269810600e-02
9.651974802963761979e-01 2.211628052113927961e-02
9.655206757462928557e-01 2.198282850837040767e-02
9.658409362510705920e-01 2.185029560060956430e-02
9.661582883239862030e-01 2.171867546796926035e-02
9.664727582423866536e-01 2.158796182415418166e-02
9.667843720496945847e-01 2.145814842616101947e-02
9.670931555573996086e-01 2.132922907398034779e-02
9.673991343470338400e-01 2.120119761030058239e-02
9.677023337721346596e-01 2.107404792021393483e-02
9.680027789601920452e-01 2.094777393092444109e-02
9.683004948145815804e-01 2.082236961145796442e-02
9.685955060164834762e-01 2.069782897237419650e-02
9.688878370267870466e-01 2.057414606548067099e-02
9.691775120879808636e-01 2.045131498354869556e-02
9.694645552260295895e-01 2.032932986003129980e-02
9.697489902522350436e-01 2.020818486878307382e-02
9.700308407650848341e-01 2.008787422378196380e-02
9.703101301520861144e-01 1.996839217885297557e-02
9.705868815915850156e-01 1.984973302739377957e-02
9.708611180545732022e-01 1.973189110210219269e-02
9.711328623064795496e-01 1.961486077470557532e-02
9.714021369089491653e-01 1.949863645569203940e-02
9.716689642216067568e-01 1.938321259404354388e-02
9.719333664038087850e-01 1.926858367697081853e-02
9.721953654163795200e-01 1.915474422965010581e-02
9.724549830233354397e-01 1.904168881496172416e-02
9.727122407935953063e-01 1.892941203323042151e-02
9.729671601026768091e-01 1.881790852196753294e-02
9.732197621343796623e-01 1.870717295561489038e-02
9.734700678824562692e-01 1.859720004529051215e-02
9.737180981522680634e-01 1.848798453853604112e-02
9.739638735624291943e-01 1.837952121906592448e-02
9.742074145464372226e-01 1.827180490651830053e-02
9.744487413542909371e-01 1.816483045620763750e-02
9.746878740540942943e-01 1.805859275887903431e-02
9.749248325336484777e-01 1.795308674046424205e-02
9.751596365020310797e-01 1.784830736183935437e-02
9.753923054911618484e-01 1.774424961858417013e-02
9.756228588573560012e-01 1.764090854074320397e-02
9.758513157828656581e-01 1.753827919258835188e-02
9.760776952774079529e-01 1.743635667238319087e-02
9.763020161796807095e-01 1.733513611214889880e-02
9.765242971588666832e-01 1.723461267743177372e-02
9.767445567161237019e-01 1.713478156707238381e-02
9.769628131860650377e-01 1.703563801297627162e-02
9.771790847382253453e-01 1.693717727988627159e-02
9.773933893785154980e-01 1.683939466515636113e-02
9.776057449506663222e-01 1.674228549852709719e-02
9.778161691376586750e-01 1.664584514190257589e-02
9.780246794631424212e-01 1.655006898912895694e-02
9.782312932928447502e-01 1.645495246577447640e-02
9.784360278359645058e-01 1.636049102891100684e-02
9.786389001465573001e-01 1.626668016689709548e-02
9.788399271249073053e-01 1.617351539916252884e-02
9.790391255188888309e-01 1.608099227599433731e-02
9.792365119253155781e-01 1.598910637832430884e-02
9.794321027912787914e-01 1.589785331751795636e-02
9.796259144154755294e-01 1.580722873516492502e-02
9.798179629495229470e-01 1.571722830287086009e-02
9.800082643992646947e-01 1.562784772205069728e-02
9.801968346260642173e-01 1.553908272372338945e-02
9.803836893480875059e-01 1.545092906830801936e-02
9.805688441415759682e-01 1.536338254542134879e-02
9.807523144421070871e-01 1.527643897367674322e-02
9.809341155458457528e-01 1.519009420048448265e-02
9.811142626107840492e-01 1.510434410185344800e-02
9.812927706579709364e-01 1.501918458219418315e-02
9.814696545727310539e-01 1.493461157412329793e-02
9.816449291058741977e-01 1.485062103826922074e-02
9.818186088748930285e-01 1.476720896307930249e-02
9.819907083651514546e-01 1.468437136462823027e-02
9.821612419310629116e-01 1.460210428642777676e-02
9.823302237972583173e-01 1.452040379923784374e-02
9.824976680597438117e-01 1.443926600087882227e-02
9.826635886870487280e-01 1.435868701604522610e-02
9.828279995213642373e-01 1.427866299612063142e-02
9.829909142796711130e-01 1.419919011899388114e-02
9.831523465548589469e-01 1.412026458887653130e-02
9.833123098168350396e-01 1.404188263612160537e-02
9.834708174136237435e-01 1.396404051704354388e-02
9.836278825724567021e-01 1.388673451373943074e-02
9.837835184008534295e-01 1.380996093391142869e-02
9.839377378876922320e-01 1.373371611069045331e-02
9.840905539042726913e-01 1.365799640246104750e-02
9.842419792053679339e-01 1.358279819268747024e-02
9.843920264302689072e-01 1.350811788974098406e-02
9.845407081038181074e-01 1.343395192672832208e-02
9.846880366374362037e-01 1.336029676132134518e-02
9.848340243301380026e-01 1.328714887558787514e-02
9.849786833695406418e-01 1.321450477582367805e-02
9.851220258328625690e-01 1.314236099238561863e-02
9.852640636879139713e-01 1.307071407952595764e-02
9.854048087940784351e-01 1.299956061522779607e-02
9.855442729032860560e-01 1.292889720104163816e-02
9.856824676609785563e-01 1.285872046192309583e-02
9.858194046070650751e-01 1.278902704607170517e-02
9.859550951768700777e-01 1.271981362477084439e-02
9.860895507020730477e-01 1.265107689222877418e-02
9.862227824116402974e-01 1.258281356542074840e-02
9.863548014327470081e-01 1.251502038393222625e-02
9.864856187916937191e-01 1.244769410980316876e-02
9.866152454148124917e-01 1.238083152737339335e-02
9.867436921293660790e-01 1.231442944312900398e-02
9.868709696644397678e-01 1.224848468554987080e-02
9.869970886518236730e-01 1.218299410495816623e-02
9.871220596268895919e-01 1.211795457336794883e-02
9.872458930294577550e-01 1.205336298433576543e-02
9.873685992046578042e-01 1.198921625281229933e-02
9.874901884037812216e-01 1.192551131499503848e-02
9.876106707851263211e-01 1.186224512818194118e-02
9.877300564148364659e-01 1.179941467062613041e-02
9.878483552677295165e-01 1.173701694139157696e-02
9.879655772281216164e-01 1.167504896020978358e-02
9.880817320906422063e-01 1.161350776733745087e-02
9.881968295610430442e-01 1.155239042341511639e-02
9.883108792569993417e-01 1.149169400932678782e-02
9.884238907089037962e-01 1.143141562606052319e-02
9.885358733606537385e-01 1.137155239456997743e-02
9.886468365704319528e-01 1.131210145563690816e-02
9.887567896114792809e-01 1.125305996973461828e-02
9.888657416728615646e-01 1.119442511689234566e-02
9.889737018602289265e-01 1.113619409656058795e-02
9.890806791965688349e-01 1.107836412747734492e-02
9.891866826229523957e-01 1.102093244753529766e-02
9.892917209992738714e-01 1.096389631364988633e-02
9.893958031049836510e-01 1.090725300162830903e-02
9.894989376398146685e-01 1.085099980603941063e-02
9.896011332245027159e-01 1.079513404008448398e-02
9.897023984014999831e-01 1.073965303546894207e-02
9.898027416356821595e-01 1.068455414227488694e-02
9.899021713150495394e-01 1.062983472883455814e-02
9.900006957514215777e-01 1.057549218160463468e-02
9.900983231811260055e-01 1.052152390504141992e-02
9.901950617656801734e-01 1.046792732147689038e-02
9.902909195924686214e-01 1.041469987099557203e-02
9.903859046754125428e-01 1.036183901131229081e-02
9.904800249556341418e-01 1.030934221765075591e-02
9.905732883021153290e-01 1.025720698262297566e-02
9.906657025123500881e-01 1.020543081610950607e-02
9.907572753129907372e-01 1.015401124514052345e-02
9.908480143604895263e-01 1.010294581377772262e-02
9.909379272417332407e-01 1.005223208299701673e-02
9.910270214746730311e-01 1.000186763057205920e-02
9.911153045089478031e-01 9.951850050958546343e-03
9.912027837265030561e-01 9.902176955179345721e-03
9.912894664422030599e-01 9.852845970710386037e-03
9.913753599044384801e-01 9.803854741367358863e-03
9.914604712957281185e-01 9.755200927193178467e-03
9.915448077333148813e-01 9.706882204346230919e-03
9.916283762697576387e-01 9.658896264989391689e-03
9.917111838935163126e-01 9.611240817179799584e-03
9.917932375295330782e-01 9.563913584759393960e-03
9.918745440398065716e-01 9.516912307246210012e-03
9.919551102239630991e-01 9.470234739726418258e-03
9.920349428198211861e-01 9.423878652747108217e-03
9.921140485039520174e-01 9.377841832209804149e-03
9.921924338922336606e-01 9.332122079264731918e-03
9.922701055404012926e-01 9.286717210205791898e-03
9.923470699445924303e-01 9.241625056366274335e-03
9.924233335418870539e-01 9.196843464015279010e-03
9.924989027108425121e-01 9.152370294254849603e-03
9.925737837720243206e-01 9.108203422917831443e-03
9.926479829885316297e-01 9.064340740466412735e-03
9.927215065665185856e-01 9.020780151891377024e-03
9.927943606557099177e-01 8.977519576612042612e-03
9.928665513499130846e-01 8.934556948376897595e-03
9.929380846875254241e-01 8.891890215164916650e-03
9.930089666520359737e-01 8.849517339087550893e-03
9.930792031725242941e-01 8.807436296291402955e-03
9.931488001241531860e-01 8.765645076861564716e-03
9.932177633286579654e-01 8.724141684725631590e-03
9.932860985548311872e-01 8.682924137558358652e-03
9.933538115190029272e-01 8.641990466686989836e-03
9.934209078855164021e-01 8.601338716997237663e-03
9.934873932671999253e-01 8.560966946839899602e-03
9.935532732258340882e-01 8.520873227938128430e-03
9.936185532726150571e-01 8.481055645295339229e-03
9.936832388686135387e-01 8.441512297103744358e-03
9.937473354252297497e-01 8.402241294653526801e-03
9.938108483046437236e-01 8.363240762242632811e-03
9.938737828202628410e-01 8.324508837087185587e-03
9.939361442371634769e-01 8.286043669232523445e-03
9.939979377725305376e-01 8.247843421464843422e-03
9.940591685960916690e-01 8.209906269223450279e-03
9.941198418305482454e-01 8.172230400513624815e-03
9.941799625520021388e-01 8.134814015820075045e-03
9.942395357903789366e-01 8.097655328020991056e-03
9.942985665298471609e-01 8.060752562302691410e-03
9.943570597092333818e-01 8.024103956074864555e-03
9.944150202224342205e-01 7.987707758886374021e-03
9.944724529188246898e-01 7.951562232341667300e-03
9.945293626036613155e-01 7.915665650017743304e-03
9.945857540384840378e-01 7.880016297381700965e-03
9.946416319415123386e-01 7.844612471708844667e-03
9.946970009880392594e-01 7.809452482001375158e-03
9.947518658108208678e-01 7.774534648907613019e-03
9.948062310004628372e-01 7.739857304641798059e-03
9.948601011058032517e-01 7.705418792904433420e-03
9.949134806342916360e-01 7.671217468803182178e-03
9.949663740523655431e-01 7.637251698774303460e-03
9.950187857858230345e-01 7.603519860504632383e-03
9.950707202201910517e-01 7.570020342854100366e-03
9.951221817010922344e-01 7.536751545778781064e-03
9.951731745346070745e-01 7.503711880254476663e-03
9.952237029876329633e-01 7.470899768200819392e-03
9.952737712882405718e-01 7.438313642405906465e-03
9.953233836260266809e-01 7.405951946451446756e-03
9.953725441524632345e-01 7.373813134638422702e-03
9.954212569812442846e-01 7.341895671913268272e-03
9.954695261886290503e-01 7.310198033794556086e-03
9.955173558137822010e-01 7.278718706300184131e-03
9.955647498591111422e-01 7.247456185875066417e-03
9.956117122905996375e-01 7.216408979319323229e-03
9.956582470381390992e-01 7.185575603716964042e-03
9.957043579958566593e-01 7.154954586365063103e-03
9.957500490224401313e-01 7.124544464703418123e-03
9.957953239414599755e-01 7.094343786244704242e-03
9.958401865416889320e-01 7.064351108505094630e-03
9.958846405774179900e-01 7.034564998935370281e-03
9.959286897687699147e-01 7.004984034852497314e-03
9.959723378020096662e-01 6.975606803371680459e-03
9.960155883298527080e-01 6.946431901338881443e-03
9.960584449717693190e-01 6.917457935263803155e-03
9.961009113142873517e-01 6.888683521253335246e-03
9.961429909112914372e-01 6.860107284945455956e-03
9.961846872843200806e-01 6.831727861443594521e-03
9.962260039228592046e-01 6.803543895251440259e-03
9.962669442846341372e-01 6.775554040208203559e-03
9.963075117958980487e-01 6.747756959424317490e-03
9.963477098517181663e-01 6.720151325217595638e-03
9.963875418162595476e-01 6.692735819049808882e-03
9.964270110230658561e-01 6.665509131463721003e-03
9.964661207753378047e-01 6.638469962020539759e-03
9.965048743462092684e-01 6.611617019237812920e-03
9.965432749790203992e-01 6.584949020527739762e-03
9.965813258875889646e-01 6.558464692135913647e-03
9.966190302564782444e-01 6.532162769080493078e-03
9.966563912412639281e-01 6.506041995091774340e-03
9.966934119687967941e-01 6.480101122552196953e-03
9.967300955374647220e-01 6.454338912436755928e-03
9.967664450174511526e-01 6.428754134253821667e-03
9.968024634509915494e-01 6.403345565986369274e-03
9.968381538526281949e-01 6.378111994033618115e-03
9.968735192094609898e-01 6.353052213153065168e-03
9.969085624813982527e-01 6.328165026402922562e-03
9.969432866014030781e-01 6.303449245084945425e-03
9.969776944757391401e-01 6.278903688687666532e-03
9.970117889842131653e-01 6.254527184830004777e-03
9.970455729804155176e-01 6.230318569205276109e-03
9.970790492919590076e-01 6.206276685525582634e-03
9.971122207207151478e-01 6.182400385466588558e-03
9.971450900430479658e-01 6.158688528612672568e-03
9.971776600100464849e-01 6.135139982402456650e-03
9.972099333477540961e-01 6.111753622074721747e-03
9.972419127573972641e-01 6.088528330614680767e-03
9.972736009156104586e-01 6.065462998700630638e-03
9.973050004746603081e-01 6.042556524650968645e-03
9.973361140626672006e-01 6.019807814371574799e-03
9.973669442838249966e-01 5.997215781303556759e-03
9.973974937186185219e-01 5.974779346371354716e-03
9.974277649240396171e-01 5.952497437931200154e-03
9.974577604338006331e-01 5.930368991719934570e-03
9.974874827585463732e-01 5.908392950804178603e-03
9.975169343860638138e-01 5.886568265529850720e-03
9.975461177814904934e-01 5.864893893472037170e-03
9.975750353875196819e-01 5.843368799385195884e-03
9.976036896246056607e-01 5.821991955153721192e-03
9.976320828911655614e-01 5.800762339742832063e-03
9.976602175637797609e-01 5.779678939149809035e-03
9.976880959973911667e-01 5.758740746355565931e-03
9.977157205255011707e-01 5.737946761276547722e-03
9.977430934603656043e-01 5.717295990716969242e-03
9.977702170931878056e-01 5.696787448321373112e-03
9.977970936943101332e-01 5.676420154527528524e-03
9.978237255134035921e-01 5.656193136519634471e-03
9.978501147796563497e-01 5.636105428181869062e-03
9.978762637019598092e-01 5.616156070052233731e-03
9.979021744690936835e-01 5.596344109276735722e-03
9.979278492499085162e-01 5.576668599563875013e-03
9.979532901935077582e-01 5.557128601139448704e-03
9.979784994294265132e-01 5.537723180701665908e-03
9.980034790678106171e-01 5.518451411376569700e-03
9.980282311995922750e-01 5.499312372673771307e-03
9.980527578966654767e-01 5.480305150442481808e-03
9.980770612120589691e-01 5.461428836827853482e-03
9.981011431801082301e-01 5.442682530227617790e-03
9.981250058166251105e-01 5.424065335249023470e-03
9.981486511190672539e-01 5.405576362666071263e-03
9.981720810667039645e-01 5.387214729377040948e-03
9.981952976207828510e-01 5.368979558362316738e-03
9.982183027246932516e-01 5.350869978642494584e-03
9.982410983041292152e-01 5.332885125236785234e-03
9.982636862672498168e-01 5.315024139121699194e-03
9.982860685048395855e-01 5.297286167190021385e-03
9.983082468904661555e-01 5.279670362210061620e-03
9.983302232806370302e-01 5.262175882785189579e-03
9.983519995149551240e-01 5.244801893313651674e-03
9.983735774162721954e-01 5.227547563948655926e-03
9.983949587908418355e-01 5.210412070558739610e-03
9.984161454284700143e-01 5.193394594688408375e-03
9.984371391026651832e-01 5.176494323519040784e-03
9.984579415707867112e-01 5.159710449830071273e-03
9.984785545741913237e-01 5.143042171960432452e-03
9.984989798383792081e-01 5.126488693770267155e-03
9.985192190731385642e-01 5.110049224602903305e-03
9.985392739726880462e-01 5.093722979247091581e-03
9.985591462158186493e-01 5.077509177899499834e-03
9.985788374660345967e-01 5.061407046127467703e-03
9.985983493716918957e-01 5.045415814832022311e-03
9.986176835661366713e-01 5.029534720211140293e-03
9.986368416678417237e-01 5.013763003723267428e-03
9.986558252805415314e-01 4.998099912051091540e-03
9.986746359933670325e-01 4.982544697065560864e-03
9.986932753809780738e-01 4.967096615790150479e-03
9.987117450036951949e-01 4.951754930365378539e-03
9.987300464076307449e-01 4.936518908013562759e-03
9.987481811248173358e-01 4.921387821003823243e-03
9.987661506733366279e-01 4.906360946617322957e-03
9.987839565574463396e-01 4.891437567112747603e-03
9.988016002677057026e-01 4.876616969692029215e-03
9.988190832811005837e-01 4.861898446466296139e-03
9.988364070611667200e-01 4.847281294422066747e-03
9.988535730581121763e-01 4.832764815387670387e-03
9.988705827089391365e-01 4.818348315999900801e-03
9.988874374375635856e-01 4.804031107670898512e-03
9.989041386549349921e-01 4.789812506555265678e-03
9.989206877591535472e-01 4.775691833517400377e-03
9.989370861355879594e-01 4.761668414099062482e-03
9.989533351569911401e-01 4.747741578487158116e-03
9.989694361836146674e-01 4.733910661481748744e-03
9.989853905633230280e-01 4.720175002464278846e-03
9.990011996317061937e-01 4.706533945366023902e-03
9.990168647121916434e-01 4.692986838636754345e-03
9.990323871161548297e-01 4.679533035213617222e-03
9.990477681430286472e-01 4.666171892490229497e-03
9.990630090804130115e-01 4.652902772285988191e-03
9.990781112041817735e-01 4.639725040815586080e-03
9.990930757785897454e-01 4.626638068658739909e-03
9.991079040563787261e-01 4.613641230730134574e-03
9.991225972788818632e-01 4.600733906249559850e-03
9.991371566761279022e-01 4.587915478712264843e-03
9.991515834669442153e-01 4.575185335859509317e-03
9.991658788590580542e-01 4.562542869649323200e-03
9.991800440491986901e-01 4.549987476227463842e-03
9.991940802231965568e-01 4.537518555898575369e-03
9.992079885560833930e-01 4.525135513097545796e-03
9.992217702121893863e-01 4.512837756361058432e-03
9.992354263452419838e-01 4.500624698299345375e-03
9.992489580984614816e-01 4.488495755568132697e-03
9.992623666046567266e-01 4.476450348840775584e-03
9.992756529863207060e-01 4.464487902780588623e-03
9.992888183557235848e-01 4.452607846013371257e-03
9.993018638150060751e-01 4.440809611100111041e-03
9.993147904562719175e-01 4.429092634509882928e-03
9.993275993616789199e-01 4.417456356592937630e-03
9.993402916035298844e-01 4.405900221553965199e-03
9.993528682443618694e-01 4.394423677425555487e-03
9.993653303370355623e-01 4.383026176041827753e-03
9.993776789248233205e-01 4.371707173012253679e-03
9.993899150414959909e-01 4.360466127695657342e-03
9.994020397114100618e-01 4.349302503174386041e-03
9.994140539495929287e-01 4.338215766228670223e-03
9.994259587618284923e-01 4.327205387311157739e-03
9.994377551447402031e-01 4.316270840521615505e-03
9.994494440858755491e-01 4.305411603581815912e-03
9.994610265637883240e-01 4.294627157810588895e-03
9.994725035481202280e-01 4.283916988099050090e-03
9.994838759996825805e-01 4.273280582885996375e-03
9.994951448705360342e-01 4.262717434133471428e-03
9.995063111040711767e-01 4.252227037302505619e-03
9.995173756350862471e-01 4.241808891329011157e-03
9.995283393898667379e-01 4.231462498599853315e-03
9.995392032862617793e-01 4.221187364929083856e-03
9.995499682337618541e-01 4.210982999534336642e-03
9.995606351335740714e-01 4.200848915013384588e-03
9.995712048786984383e-01 4.190784627320863140e-03
9.995816783540016903e-01 4.180789655745149012e-03
9.995920564362921201e-01 4.170863522885400257e-03
9.996023399943926302e-01 4.161005754628755056e-03
9.996125298892135635e-01 4.151215880127685776e-03
9.996226269738247572e-01 4.141493431777510878e-03
9.996326320935263743e-01 4.131837945194060356e-03
9.996425460859207357e-01 4.122248959191496427e-03
9.996523697809813758e-01 4.112726015760284279e-03
9.996621040011233195e-01 4.103268660045317207e-03
9.996717495612712501e-01 4.093876440324193539e-03
9.996813072689282320e-01 4.084548907985634941e-03
9.996907779242431014e-01 4.075285617508067788e-03
9.997001623200771903e-01 4.066086126438337237e-03
9.997094612420712734e-01 4.056949995370577426e-03
9.997186754687106269e-01 4.047876787925223062e-03
9.997278057713905319e-01 4.038866070728168445e-03
9.997368529144812221e-01 4.029917413390065282e-03
9.997458176553910558e-01 4.021030388485771420e-03
9.997547007446305756e-01 4.012204571533926206e-03
9.997635029258749029e-01 4.003439540976688922e-03
9.997722249360263547e-01 3.994734878159591704e-03
9.997808675052758387e-01 3.986090167311552059e-03
9.997894313571639158e-01 3.977504995525009412e-03
9.997979172086417510e-01 3.968978952736206510e-03
9.998063257701307327e-01 3.960511631705601783e-03
9.998146577455819806e-01 3.952102627998419632e-03
9.998229138325356313e-01 3.943751539965330809e-03
9.998310947221787925e-01 3.935457968723273317e-03
9.998392010994033852e-01 3.927221518136394737e-03
9.998472336428639862e-01 3.919041794797136803e-03
9.998551930250340058e-01 3.910918408007441407e-03
9.998630799122625312e-01 3.902850969760093651e-03
9.998708949648296151e-01 3.894839094720183720e-03
9.998786388370017875e-01 3.886882400206707541e-03
9.998863121770866780e-01 3.878980506174287135e-03
9.998939156274877504e-01 3.871133035195016298e-03
9.999014498247575933e-01 3.863339612440436395e-03
9.999089153996510992e-01 3.855599865663632709e-03
9.999163129771785341e-01 3.847913425181453528e-03
9.999236431766579392e-01 3.840279923856854995e-03
9.999309066117668676e-01 3.832698997081363922e-03
9.999381038905935659e-01 3.825170282757662903e-03
9.999452356156882660e-01 3.817693421282297283e-03
9.999523023841130343e-01 3.810268055528497500e-03
9.999593047874922869e-01 3.802893830829121979e-03
9.999662434120623056e-01 3.795570394959719290e-03
9.999731188387199765e-01 3.788297398121700903e-03
9.999799316430713070e-01 3.781074492925637093e-03
9.999866823954802753e-01 3.773901334374663019e-03
9.999933716611159040e-01 3.766777579848000577e-03
1.000000000000000000e+00 3.759702889084595625e-03
