5.937229650049685725e-01 1.110223024625156540e-16
5.942272729934026110e-01 2.349136822388242507e-03
5.947129785900141519e-01 4.689192962432198186e-03
5.951801187867096221e-01 7.020211124861175378e-03
5.956287315821946482e-01 9.342233761684193283e-03
5.960588559943210685e-01 1.165530307606388316e-02
5.964705320719749793e-01 1.395946102613287998e-02
5.968638009065000416e-01 1.625474932875592415e-02
5.972387046426442803e-01 1.854120946323589703e-02
5.975952864890241578e-01 2.081888267496689870e-02
5.979335907280962648e-01 2.308780997903325805e-02
5.982536627256316297e-01 2.534803216375591806e-02
5.985555489396801043e-01 2.759958979418675185e-02
5.988392969290253776e-01 2.984252321555147525e-02
5.991049553611161871e-01 3.207687255664237735e-02
5.993525740194738383e-01 3.430267773315964774e-02
5.995822038105667051e-01 3.651997845100474205e-02
5.997938967701466062e-01 3.872881420952378750e-02
5.999877060690448349e-01 4.092922430470313788e-02
6.001636860184188516e-01 4.312124783231752190e-02
6.003218920744498588e-01 4.530492369103134020e-02
6.004623808424847109e-01 4.748029058545222281e-02
6.005852100806199356e-01 4.964738702914039958e-02
6.006904387027250936e-01 5.180625134757144146e-02
6.007781267809034764e-01 5.395692168105514774e-02
6.008483355473868137e-01 5.609943598760969152e-02
6.009011273958639876e-01 5.823383204579146710e-02
6.009365658822432010e-01 6.036014745748286003e-02
6.009547157248437133e-01 6.247841965063649639e-02
6.009556428040219167e-01 6.458868588197730354e-02
6.009394141612287576e-01 6.669098323966260455e-02
6.009060979974991668e-01 6.878534864590157838e-02
6.008557636713778294e-01 7.087181885953253158e-02
6.007884816962795194e-01 7.295043047856075713e-02
6.007043237372882150e-01 7.502121994265564808e-02
6.006033626073974396e-01 7.708422353560828721e-02
6.004856722631939370e-01 7.913947738775006790e-02
6.003513277999893427e-01 8.118701747833090288e-02
6.002004054464037397e-01 8.322687963786090659e-02
6.000329825584043153e-01 8.525909955041233168e-02
5.998491376128052277e-01 8.728371275588353573e-02
5.996489502002334548e-01 8.930075465222608866e-02
5.994325010175662882e-01 9.131026049763391050e-02
5.991998718598462448e-01 9.331226541269543873e-02
5.989511456116811683e-01 9.530680438250926922e-02
5.986864062381339613e-01 9.729391225876282689e-02
5.984057387751116064e-01 9.927362376177506498e-02
5.981092293192600273e-01 1.012459734825033042e-01
5.977969650173725613e-01 1.032109958845128794e-01
5.974690340553208134e-01 1.051687253059135907e-01
5.971255256465162198e-01 1.071191959612586286e-01
5.967665300199118672e-01 1.090624419434089720e-01
5.963921384075534515e-01 1.109984972253627022e-01
5.960024430316880339e-01 1.129273956620500119e-01
5.955975370914436962e-01 1.148491709920921311e-01
5.951775147490860896e-01 1.167638568395272802e-01
5.947424711158652011e-01 1.186714867155007624e-01
5.942925022374625499e-01 1.205720940199216384e-01
5.938277050790492506e-01 1.224657120430847623e-01
5.933481775099660460e-01 1.243523739672589556e-01
5.928540182880372988e-01 1.262321128682410976e-01
5.923453270435312668e-01 1.281049617168763533e-01
5.918222042627756529e-01 1.299709533805442074e-01
5.912847512714438647e-01 1.318301206246116353e-01
5.907330702175219717e-01 1.336824961138513013e-01
5.901672640539696868e-01 1.355281124138277837e-01
5.895874365210862500e-01 1.373670019922488272e-01
5.889936921285958693e-01 1.391991972202838435e-01
5.883861361374647103e-01 1.410247303738487723e-01
5.877648745414598697e-01 1.428436336348578584e-01
5.871300140484676522e-01 1.446559390924411215e-01
5.864816620615798115e-01 1.464616787441296308e-01
5.858199266599619648e-01 1.482608844970071393e-01
5.851449165795195029e-01 1.500535881688280782e-01
5.844567411933694334e-01 1.518398214891027997e-01
5.837555104921361426e-01 1.536196161001491811e-01
5.830413350640795134e-01 1.553930035581112534e-01
5.823143260750716088e-01 1.571600153339449690e-01
5.815745952484336900e-01 1.589206828143703287e-01
5.808222548446455580e-01 1.606750373027907575e-01
5.800574176409418747e-01 1.624231100201787292e-01
5.792801969108067883e-01 1.641649321059295286e-01
5.784907064033806279e-01 1.659005346186808172e-01
5.776890603227889942e-01 1.676299485370996711e-01
5.768753733074107881e-01 1.693532047606364221e-01
5.760497604090932811e-01 1.710703341102460806e-01
5.752123370723289941e-01 1.727813673290758967e-01
5.743632191134060427e-01 1.744863350831211690e-01
5.735025226995432712e-01 1.761852679618468587e-01
5.726303643280222788e-01 1.778781964787776726e-01
5.717468608053291046e-01 1.795651510720547295e-01
5.708521292263148972e-01 1.812461621049592519e-01
5.699462869533885589e-01 1.829212598664045064e-01
5.690294515957516897e-01 1.845904745713944362e-01
5.681017409886877090e-01 1.862538363614503201e-01
5.671632731729137067e-01 1.879113753050043467e-01
5.662141663740081210e-01 1.895631213977613250e-01
5.652545389819230159e-01 1.912091045630281982e-01
5.642845095305915049e-01 1.928493546520118063e-01
5.633041966776386467e-01 1.944839014440831182e-01
5.623137191842086935e-01 1.961127746470119337e-01
5.613131958949149070e-01 1.977360038971675005e-01
5.603027457179217130e-01 1.993536187596889331e-01
5.592824876051701866e-01 2.009656487286241022e-01
5.582525405327517509e-01 2.025721232270364380e-01
5.572130234814421934e-01 2.041730716070816465e-01
5.561640554174014373e-01 2.057685231500521184e-01
5.551057552730482847e-01 2.073585070663924723e-01
5.540382419281173476e-01 2.089430524956824575e-01
5.529616341909044941e-01 2.105221885065914345e-01
5.518760507797102477e-01 2.120959440968011034e-01
5.507816103044858025e-01 2.136643481928994781e-01
5.496784312486875379e-01 2.152274296502451056e-01
5.485666319513500255e-01 2.167852172528009769e-01
5.474463305893785270e-01 2.183377397129410147e-01
5.463176451600708639e-01 2.198850256712261420e-01
5.451806934638716573e-01 2.214271036961529271e-01
5.440355930873648216e-01 2.229640022838733637e-01
5.428824613865093074e-01 2.244957498578874500e-01
5.417214154701230910e-01 2.260223747687076790e-01
5.405525721836186293e-01 2.275439052934966622e-01
5.393760480929947754e-01 2.290603696356778851e-01
5.381919594690898201e-01 2.305717959245199289e-01
5.370004222720964338e-01 2.320782122146948234e-01
5.358015521363457268e-01 2.335796464858105326e-01
5.345954643553604280e-01 2.350761266419185702e-01
5.333822738671805119e-01 2.365676805109964143e-01
5.321620952399666038e-01 2.380543358444054958e-01
5.309350426578789417e-01 2.395361203163263175e-01
5.297012299072381136e-01 2.410130615231680373e-01
5.284607703629675690e-01 2.424851869829576234e-01
5.272137769753193481e-01 2.439525241347044737e-01
5.259603622568854719e-01 2.454151003377439411e-01
5.247006382698953253e-01 2.468729428710593199e-01
5.234347166138006990e-01 2.483260789325828499e-01
5.221627084131490459e-01 2.497745356384761806e-01
5.208847243057457277e-01 2.512183400223908514e-01
5.196008744311038097e-01 2.526575190347101207e-01
5.183112684191859554e-01 2.540920995417708106e-01
5.170160153794325364e-01 2.555221083250681646e-01
5.157152238900820640e-01 2.569475720804422769e-01
5.144090019877767261e-01 2.583685174172483112e-01
5.130974571574596910e-01 2.597849708575092897e-01
5.117806963225568495e-01 2.611969588350542271e-01
5.104588258354473274e-01 2.626045076946398327e-01
5.091319514682175473e-01 2.640076436910587798e-01
5.078001784037011745e-01 2.654063929882335415e-01
5.064636112268008361e-01 2.668007816582970149e-01
5.051223539160913933e-01 2.681908356806604887e-01
5.037765098357032123e-01 2.695765809410701763e-01
5.024261817274825459e-01 2.709580432306509801e-01
5.010714717034290278e-01 2.723352482449418188e-01
4.997124812384057257e-01 2.737082215829189646e-01
4.983493111631213113e-01 2.750769887460114971e-01
4.969820616573824568e-01 2.764415751371075425e-01
4.956108322436117986e-01 2.778020060595526308e-01
4.942357217806311320e-01 2.791583067161407250e-01
4.928568284577063974e-01 2.805105022080995880e-01
4.914742497888515693e-01 2.818586175340689337e-01
4.900880826073888974e-01 2.832026775890749137e-01
4.886984230607629431e-01 2.845427071634989424e-01
4.873053666056040845e-01 2.858787309420436351e-01
4.859090080030404879e-01 2.872107735026953046e-01
4.845094413142536638e-01 2.885388593156844594e-01
4.831067598962751619e-01 2.898630127424441927e-01
4.817010563980215210e-01 2.911832580345684596e-01
4.802924227565630311e-01 2.924996193327691341e-01
4.788809501936241997e-01 2.938121206658343976e-01
4.774667292123113693e-01 2.951207859495879049e-01
4.760498495940651553e-01 2.964256389858498375e-01
4.746304003958332629e-01 2.977267034614006214e-01
4.732084699474602418e-01 2.990240029469480865e-01
4.717841458492915141e-01 3.003175608960976239e-01
4.703575149699867897e-01 3.016074006443286715e-01
4.689286634445399837e-01 3.028935454079744183e-01
4.674976766725016386e-01 3.041760182832092818e-01
4.660646393164010748e-01 3.054548422450413803e-01
4.646296353003627200e-01 3.067300401463141091e-01
4.631927478089149508e-01 3.080016347167133794e-01
4.617540592859858961e-01 3.092696485617857372e-01
4.603136514340844254e-01 3.105341041619632536e-01
4.588716052136606605e-01 3.117950238716006295e-01
4.574280008426435673e-01 3.130524299180206249e-01
4.559829177961509661e-01 3.143063444005721463e-01
4.545364348063694049e-01 3.155567892896984361e-01
4.530886298625992348e-01 3.168037864260185854e-01
4.516395802114606672e-01 3.180473575194218139e-01
4.501893623572597036e-01 3.192875241481736293e-01
4.487380520625060543e-01 3.205243077580381961e-01
4.472857243485838241e-01 3.217577296614126947e-01
4.458324534965678598e-01 3.229878110364788890e-01
4.443783130481843147e-01 3.242145729263681275e-01
4.429233758069106575e-01 3.254380362383442193e-01
4.414677138392116840e-01 3.266582217430009649e-01
4.400113984759085328e-01 3.278751500734781166e-01
4.385545003136772646e-01 3.290888417246939923e-01
4.370970892166713417e-01 3.302993170525965194e-01
4.356392343182690086e-01 3.315065962734315974e-01
4.341810040229368006e-01 3.327106994630315562e-01
4.327224660082096275e-01 3.339116465561215996e-01
4.312636872267827659e-01 3.351094573456466774e-01
4.298047339087126550e-01 3.363041514821178968e-01
4.283456715637221635e-01 3.374957484729790291e-01
4.268865649836092180e-01 3.386842676819946663e-01
4.254274782447532433e-01 3.398697283286580273e-01
4.239684747107178575e-01 3.410521494876213033e-01
4.225096170349461611e-01 3.422315500881468742e-01
4.210509671635453977e-01 3.434079489135811736e-01
4.195925863381582133e-01 3.445813646008500930e-01
4.181345350989172927e-01 3.457518156399778109e-01
4.166768732874805981e-01 3.469193203736271602e-01
4.152196600501441015e-01 3.480838969966641994e-01
4.137629538410294572e-01 3.492455635557450977e-01
4.123068124253438382e-01 3.504043379489273358e-01
4.108512928827082744e-01 3.515602379253037757e-01
4.093964516105530471e-01 3.527132810846604904e-01
4.079423443275765893e-01 3.538634848771593511e-01
4.064890260772658914e-01 3.550108666030442617e-01
4.050365512314751948e-01 3.561554434123711532e-01
4.035849734940605282e-01 3.572972323047634013e-01
4.021343459045688684e-01 3.584362501291903369e-01
4.006847208419765938e-01 3.595725135837717357e-01
3.992361500284787867e-01 3.607060392156058448e-01
3.977886845333236110e-01 3.618368434206223894e-01
3.963423747766913197e-01 3.629649424434605587e-01
3.948972705336146749e-01 3.640903523773715289e-01
3.934534209379403347e-01 3.652130891641454102e-01
3.920108744863254335e-01 3.663331685940635074e-01
3.905696790422729103e-01 3.674506063058751160e-01
3.891298818401964787e-01 3.685654177867981884e-01
3.876915294895206809e-01 3.696776183725465348e-01
3.862546679788074755e-01 3.707872232473794494e-01
3.848193426799118022e-01 3.718942474441775392e-01
3.833855983521627930e-01 3.729987058445420889e-01
3.819534791465680756e-01 3.741006131789190725e-01
3.805230286100408366e-01 3.751999840267472575e-01
3.790942896896468683e-01 3.762968328166306220e-01
3.776673047368707126e-01 3.773911738265347537e-01
3.762421155118974569e-01 3.784830211840067848e-01
3.748187631879118520e-01 3.795723888664195300e-01
3.733972883554099731e-01 3.806592907012382732e-01
3.719777310265232062e-01 3.817437403663123119e-01
3.705601306393537797e-01 3.828257513901881515e-01
3.691445260623191782e-01 3.839053371524461244e-01
3.677309555985044387e-01 3.849825108840607690e-01
3.663194569900215525e-01 3.860572856677819686e-01
3.649100674223738627e-01 3.871296744385399613e-01
3.635028235288250142e-01 3.881996899838712212e-01
3.620977613947697904e-01 3.892673449443669886e-01
3.606949165621076148e-01 3.903326518141427837e-01
3.592943240336158306e-01 3.913956229413295684e-01
3.578960182773226473e-01 3.924562705285856712e-01
3.565000332308783104e-01 3.935146066336294712e-01
3.551064023059229413e-01 3.945706431697926231e-01
3.537151583924518228e-01 3.956243919065934866e-01
3.523263338631742458e-01 3.966758644703298753e-01
3.509399605778675824e-01 3.977250723446924541e-01
3.495560698877249184e-01 3.987720268713955685e-01
3.481746926396941388e-01 3.998167392508290563e-01
3.467958591808092406e-01 4.008592205427266020e-01
3.454195993625123196e-01 4.018994816668538528e-01
3.440459425449655662e-01 4.029375334037137435e-01
3.426749176013518250e-01 4.039733863952692516e-01
3.413065529221644967e-01 4.050070511456833611e-01
3.399408764194846722e-01 4.060385380220765672e-01
3.385779155312449440e-01 4.070678572553000363e-01
3.372176972254807836e-01 4.080950189407245299e-01
3.358602480045660421e-01 4.091200330390468709e-01
3.345055939094350173e-01 4.101429093771097323e-01
3.331537605237888666e-01 4.111636576487375239e-01
3.318047729782851452e-01 4.121822874155868233e-01
3.304586559547113556e-01 4.131988081080111286e-01
3.291154336901422894e-01 4.142132290259387117e-01
3.277751299810784946e-01 4.152255593397652378e-01
3.264377681875680892e-01 4.162358080912588187e-01
3.251033712373089246e-01 4.172439841944773908e-01
3.237719616297326519e-01 4.182500964366994145e-01
3.224435614400701366e-01 4.192541534793658986e-01
3.211181923233961122e-01 4.202561638590339710e-01
3.197958755186541824e-01 4.212561359883422174e-01
3.184766318526625062e-01 4.222540781569865675e-01
3.171604817440977220e-01 4.232499985327059511e-01
3.158474452074581107e-01 4.242439051622793889e-01
3.145375418570064419e-01 4.252358059725316330e-01
3.132307909106907262e-01 4.262257087713481329e-01
3.119272111940426528e-01 4.272136212486998819e-01
3.106268211440555982e-01 4.281995509776759246e-01
3.093296388130387653e-01 4.291835054155236362e-01
3.080356818724504508e-01 4.301654919046984382e-01
3.067449676167073314e-01 4.311455176739190653e-01
3.054575129669725442e-01 4.321235898392312702e-01
3.041733344749193435e-01 4.330997154050768572e-01
3.028924483264725520e-01 4.340739012653703766e-01
3.016148703455270308e-01 4.350461542045808150e-01
3.003406159976417245e-01 4.360164808988191698e-01
2.990697003937112797e-01 4.369848879169314637e-01
2.978021382936136829e-01 4.379513817215956450e-01
2.965379441098345836e-01 4.389159686704245944e-01
2.952771319110671921e-01 4.398786550170719067e-01
2.940197154257893075e-01 4.408394469123418924e-01
2.927657080458152539e-01 4.417983504053029087e-01
2.915151228298257235e-01 4.427553714444046884e-01
2.902679725068713079e-01 4.437105158785967784e-01
2.890242694798543788e-01 4.446637894584515305e-01
2.877840258289848796e-01 4.456151978372868694e-01
2.865472533152141343e-01 4.465647465722930587e-01
2.853139633836424549e-01 4.475124411256596879e-01
2.840841671669045443e-01 4.484582868657035482e-01
2.828578754885292534e-01 4.494022890679989501e-01
2.816350988662768007e-01 4.503444529165067101e-01
2.804158475154511221e-01 4.512847835047050227e-01
2.792001313521882411e-01 4.522232858367186692e-01
2.779879599967202131e-01 4.531599648284496684e-01
2.767793427766168657e-01 4.540948253087057074e-01
2.755742887300014488e-01 4.550278720203286831e-01
2.743728066087437467e-01 4.559591096213219119e-01
2.731749048816294323e-01 4.568885426859755627e-01
2.719805917375049953e-01 4.578161757059902026e-01
2.707898750883990235e-01 4.587420130915995653e-01
2.696027625726209465e-01 4.596660591726896561e-01
2.684192615578345764e-01 4.605883181999158582e-01
2.672393791441096678e-01 4.615087943458179298e-01
2.660631221669492730e-01 4.624274917059312262e-01
2.648904972002934510e-01 4.633444142998950355e-01
2.637215105595011044e-01 4.642595660725576945e-01
2.625561683043069472e-01 4.651729508950773750e-01
2.613944762417567125e-01 4.660845725660199834e-01
2.602364399291186015e-01 4.669944348124520639e-01
2.590820646767725277e-01 4.679025412910299275e-01
2.579313555510756029e-01 4.688088955890840070e-01
2.567843173772061949e-01 4.697135012256988817e-01
2.556409547419841166e-01 4.706163616527877513e-01
2.545012719966694981e-01 4.715174802561624690e-01
2.533652732597384549e-01 4.724168603565980229e-01
2.522329624196367748e-01 4.733145052108915785e-01
2.511043431375112878e-01 4.742104180129160795e-01
2.499794188499196990e-01 4.751046018946674110e-01
2.488581927715178832e-01 4.759970599273066760e-01
2.477406678977259746e-01 4.768877951221954792e-01
2.466268470073713637e-01 4.777768104319253251e-01
2.455167326653122650e-01 4.786641087513405779e-01
2.444103272250377490e-01 4.795496929185547597e-01
2.433076328312480108e-01 4.804335657159600759e-01
2.422086514224119913e-01 4.813157298712309462e-01
2.411133847333050140e-01 4.821961880583188753e-01
2.400218342975243280e-01 4.830749428984421057e-01
2.389340014499854448e-01 4.839519969610669436e-01
2.378498873293954929e-01 4.848273527648820913e-01
2.367694928807075883e-01 4.857010127787654286e-01
2.356928188575543315e-01 4.865729794227435789e-01
2.346198658246599900e-01 4.874432550689437038e-01
2.335506341602339164e-01 4.883118420425374140e-01
2.324851240583422074e-01 4.891787426226771318e-01
2.314233355312608209e-01 4.900439590434240156e-01
2.303652684118072669e-01 4.909074934946688895e-01
2.293109223556539789e-01 4.917693481230441810e-01
2.282602968436205915e-01 4.926295250328281972e-01
2.272133911839477882e-01 4.934880262868407419e-01
2.261702045145511653e-01 4.943448539073315162e-01
2.251307358052554441e-01 4.952000098768586378e-01
2.240949838600104771e-01 4.960534961391603881e-01
2.230629473190872680e-01 4.969053146000168564e-01
2.220346246612553420e-01 4.977554671281045895e-01
2.210100142059409078e-01 4.986039555558421377e-01
2.199891141153674790e-01 4.994507816802261635e-01
2.189719223966762884e-01 5.002959472636606675e-01
2.179584369040294956e-01 5.011394540347757776e-01
2.169486553406937412e-01 5.019813036892391001e-01
2.159425752611072724e-01 5.028214978905579668e-01
2.149401940729270821e-01 5.036600382708722456e-01
2.139415090390589524e-01 5.044969264317397117e-01
2.129465172796694006e-01 5.053321639449113167e-01
2.119552157741803056e-01 5.061657523530986857e-01
2.109676013632446612e-01 5.069976931707320666e-01
2.099836707507063416e-01 5.078279878847098416e-01
2.090034205055409933e-01 5.086566379551389350e-01
2.080268470637803846e-01 5.094836448160666720e-01
2.070539467304196579e-01 5.103090098762034232e-01
2.060847156813067071e-01 5.111327345196368110e-01
2.051191499650151240e-01 5.119548201065369231e-01
2.041572455047002688e-01 5.127752679738525332e-01
2.031989980999383549e-01 5.135940794359983297e-01
2.022444034285491021e-01 5.144112557855342605e-01
2.012934570484012919e-01 5.152267982938347757e-01
2.003461543992025584e-01 5.160407082117502986e-01
1.994024908042723032e-01 5.168529867702595926e-01
1.984624614722987346e-01 5.176636351811130243e-01
1.975260614990795860e-01 5.184726546374679446e-01
1.965932858692468477e-01 5.192800463145144096e-01
1.956641294579752888e-01 5.200858113700926877e-01
1.947385870326759916e-01 5.208899509453026599e-01
1.938166532546732324e-01 5.216924661651034523e-01
1.928983226808661522e-01 5.224933581389052950e-01
1.919835897653752177e-01 5.232926279611530562e-01
1.910724488611722505e-01 5.240902767119002270e-01
1.901648942216968008e-01 5.248863054573758014e-01
1.892609200024557570e-01 5.256807152505409420e-01
1.883605202626089659e-01 5.264735071316396509e-01
1.874636889665387551e-01 5.272646821287387819e-01
1.865704199854055778e-01 5.280542412582609479e-01
1.856807070986883357e-01 5.288421855255095450e-01
1.847945439957103808e-01 5.296285159251841179e-01
1.839119242771500851e-01 5.304132334418889538e-01
1.830328414565379758e-01 5.311963390506331262e-01
1.821572889617386615e-01 5.319778337173219906e-01
1.812852601364185468e-01 5.327577183992416865e-01
1.804167482414998913e-01 5.335359940455344230e-01
1.795517464566002142e-01 5.343126615976669935e-01
1.786902478814573758e-01 5.350877219898908521e-01
1.778322455373415600e-01 5.358611761496948622e-01
1.769777323684530446e-01 5.366330249982491640e-01
1.761267012433057610e-01 5.374032694508432684e-01
1.752791449560978654e-01 5.381719104173146029e-01
1.744350562280682082e-01 5.389389488024707298e-01
1.735944277088399268e-01 5.397043855065040141e-01
1.727572519777501592e-01 5.404682214253978545e-01
1.719235215451663246e-01 5.412304574513271405e-01
1.710932288537897472e-01 5.419910944730497171e-01
1.702663662799459576e-01 5.427501333762917435e-01
1.694429261348618931e-01 5.435075750441258347e-01
1.686229006659298868e-01 5.442634203573413210e-01
1.678062820579591108e-01 5.450176701948081792e-01
1.669930624344149184e-01 5.457703254338335253e-01
1.661832338586436419e-01 5.465213869505120003e-01
1.653767883350871770e-01 5.472708556200678309e-01
1.645737178104830223e-01 5.480187323171916702e-01
1.637740141750534395e-01 5.487650179163694464e-01
1.629776692636809576e-01 5.495097132922059924e-01
1.621846748570726637e-01 5.502528193197401274e-01
1.613950226829118373e-01 5.509943368747552972e-01
1.606087044169978162e-01 5.517342668340823320e-01
1.598257116843733172e-01 5.524726100758962088e-01
1.590460360604407652e-01 5.532093674800069305e-01
1.582696690720656330e-01 5.539445399281435201e-01
1.574966021986691223e-01 5.546781283042321320e-01
1.567268268733085224e-01 5.554101334946683899e-01
1.559603344837464656e-01 5.561405563885830627e-01
1.551971163735079706e-01 5.568693978781018572e-01
1.544371638429270499e-01 5.575966588585998807e-01
1.536804681501812153e-01 5.583223402289501092e-01
1.529270205123147708e-01 5.590464428917648609e-01
1.521768121062516688e-01 5.597689677536337172e-01
1.514298340697967094e-01 5.604899157253541153e-01
1.506860775026256372e-01 5.612092877221569465e-01
1.499455334672641360e-01 5.619270846639268235e-01
1.492081929900571646e-01 5.626433074754166874e-01
1.484740470621260799e-01 5.633579570864573061e-01
1.477430866403159904e-01 5.640710344321607783e-01
1.470153026481318959e-01 5.647825404531199300e-01
1.462906859766647250e-01 5.654924760956014929e-01
1.455692274855071577e-01 5.662008423117353972e-01
1.448509180036581245e-01 5.669076400596972931e-01
1.441357483304178677e-01 5.676128703038877399e-01
1.434237092362729005e-01 5.683165340151060674e-01
1.427147914637696413e-01 5.690186321707187966e-01
1.420089857283792778e-01 5.697191657548239530e-01
1.413062827193520832e-01 5.704181357584103829e-01
1.406066731005617410e-01 5.711155431795127413e-01
1.399101475113403437e-01 5.718113890233615937e-01
1.392166965673025114e-01 5.725056743025288553e-01
1.385263108611611838e-01 5.731984000370696775e-01
1.378389809635329755e-01 5.738895672546588944e-01
1.371546974237342065e-01 5.745791769907234725e-01
1.364734507705671618e-01 5.752672302885715183e-01
1.357952315130976917e-01 5.759537281995158464e-01
1.351200301414227090e-01 5.766386717829941055e-01
1.344478371274289152e-01 5.773220621066850189e-01
1.337786429255420906e-01 5.780039002466201836e-01
1.331124379734676122e-01 5.786841872872918735e-01
1.324492126929212032e-01 5.793629243217575109e-01
1.317889574903521321e-01 5.800401124517398088e-01
1.311316627576557536e-01 5.807157527877238046e-01
1.304773188728787225e-01 5.813898464490487861e-01
1.298259162009146594e-01 5.820623945639982200e-01
1.291774450941911567e-01 5.827333982698852388e-01
1.285318958933487909e-01 5.834028587131344645e-01
1.278892589279111425e-01 5.840707770493609452e-01
1.272495245169459333e-01 5.847371544434452062e-01
1.266126829697187262e-01 5.854019920696048596e-01
1.259787245863377425e-01 5.860652911114636598e-01
1.253476396583903529e-01 5.867270527621161191e-01
1.247194184695717967e-01 5.873872782241902346e-01
1.240940512963052411e-01 5.880459687099055532e-01
1.234715284083540698e-01 5.887031254411301262e-01
1.228518400694267321e-01 5.893587496494321343e-01
1.222349765377724884e-01 5.900128425761306250e-01
1.216209280667702730e-01 5.906654054723416980e-01
1.210096849055095625e-01 5.913164395990228028e-01
1.204012372993633617e-01 5.919659462270139283e-01
1.197955754905536407e-01 5.926139266370760161e-01
1.191926897187091106e-01 5.932603821199260441e-01
1.185925702214157829e-01 5.939053139762705547e-01
1.179952072347597580e-01 5.945487235168358531e-01
1.174005909938623526e-01 5.951906120623955410e-01
1.168087117334090097e-01 5.958309809437958293e-01
1.162195596881697712e-01 5.964698315019778541e-01
1.156331250935130894e-01 5.971071650879986592e-01
1.150493981859125325e-01 5.977429830630482943e-01
1.144683692034463851e-01 5.983772867984653576e-01
1.138900283862902540e-01 5.990100776757508738e-01
1.133143659772024581e-01 5.996413570865781750e-01
1.127413722220029779e-01 6.002711264328023377e-01
1.121710373700454122e-01 6.008993871264661779e-01
1.116033516746822718e-01 6.015261405898049141e-01
1.110383053937235021e-01 6.021513882552480545e-01
1.104758887898878994e-01 6.027751315654200637e-01
1.099160921312491990e-01 6.033973719731382523e-01
1.093589056916745017e-01 6.040181109414092253e-01
1.088043197512564841e-01 6.046373499434225529e-01
1.082523245967399461e-01 6.052550904625438877e-01
1.077029105219410310e-01 6.058713339923051944e-01
1.071560678281607837e-01 6.064860820363933147e-01
1.066117868245927136e-01 6.070993361086373108e-01
1.060700578287230300e-01 6.077110977329932551e-01
1.055308711667268806e-01 6.083213684435280211e-01
1.049942171738561525e-01 6.089301497844009647e-01
1.044600861948232762e-01 6.095374433098441624e-01
1.039284685841775913e-01 6.101432505841415388e-01
1.033993547066773822e-01 6.107475731816047748e-01
1.028727349376546973e-01 6.113504126865499932e-01
1.023485996633753947e-01 6.119517706932713352e-01
1.018269392813929697e-01 6.125516488060138709e-01
1.013077442008968321e-01 6.131500486389438453e-01
1.007910048430558092e-01 6.137469718161201460e-01
1.002767116413543214e-01 6.143424199714608847e-01
9.976485504192500464e-02 6.149363947487120896e-01
9.925542550387500551e-02 6.155288978014126222e-01
9.874841349960705728e-02 6.161199307928588720e-01
9.824380951513489446e-02 6.167094953960686743e-01
9.774160405039411526e-02 6.172975932937425636e-01
9.724178761954771488e-02 6.178842261782256928e-01
9.674435075128562378e-02 6.184693957514668661e-01
9.624928398912024896e-02 6.190531037249776825e-01
9.575657789167668632e-02 6.196353518197903476e-01
9.526622303297727079e-02 6.202161417664138199e-01
9.477821000272235175e-02 6.207954753047897345e-01
9.429252940656507320e-02 6.213733541842469954e-01
9.380917186638182415e-02 6.219497801634548129e-01
9.332812802053824797e-02 6.225247550103762961e-01
9.284938852415003385e-02 6.230982805022193816e-01
9.237294404933893421e-02 6.236703584253880939e-01
9.189878528548478531e-02 6.242409905754324750e-01
9.142690293947197677e-02 6.248101787569977361e-01
9.095728773593259042e-02 6.253779247837720767e-01
9.048993041748432109e-02 6.259442304784351707e-01
9.002482174496351242e-02 6.265090976726042094e-01
8.956195249765486199e-02 6.270725282067797224e-01
8.910131347351635256e-02 6.276345239302916212e-01
8.864289548939952024e-02 6.281950867012434658e-01
8.818668938126583701e-02 6.287542183864556211e-01
8.773268600439909637e-02 6.293119208614098570e-01
8.728087623361313607e-02 6.298681960101906174e-01
8.683125096345578608e-02 6.304230457254280662e-01
8.638380110840881976e-02 6.309764719082386897e-01
8.593851760308346410e-02 6.315284764681666774e-01
8.549539140241269042e-02 6.320790613231237476e-01
8.505441348183828687e-02 6.326282283993291955e-01
8.461557483749593267e-02 6.331759796312488309e-01
8.417886648639461011e-02 6.337223169615340268e-01
8.374427946659324107e-02 6.342672423409598803e-01
8.331180483737354869e-02 6.348107577283623737e-01
8.288143367940836725e-02 6.353528650905768682e-01
8.245315709492750944e-02 6.358935664023739331e-01
8.202696620787930382e-02 6.364328636463965072e-01
8.160285216408824649e-02 6.369707588130956166e-01
8.118080613141009927e-02 6.375072539006665373e-01
8.076081929988243591e-02 6.380423509149840688e-01
8.034288288187241278e-02 6.385760518695371424e-01
7.992698811222098687e-02 6.391083587853640946e-01
7.951312624838335896e-02 6.396392736909872756e-01
7.910128857056686336e-02 6.401687986223461024e-01
7.869146638186452769e-02 6.406969356227324441e-01
7.828365100838663437e-02 6.412236867427227871e-01
7.787783379938784112e-02 6.417490540401126209e-01
7.747400612739163694e-02 6.422730395798490477e-01
7.707215938831224467e-02 6.427956454339636139e-01
7.667228500157197146e-02 6.433168736815055855e-01
7.627437441021733822e-02 6.438367264084738917e-01
7.587841908103021282e-02 6.443552057077495121e-01
7.548441050463772228e-02 6.448723136790280863e-01
7.509234019561827900e-02 6.453880524287511911e-01
7.470219969260427639e-02 6.459024240700389496e-01
7.431398055838334127e-02 6.464154307226213092e-01
7.392767437999547830e-02 6.469270745127697619e-01
7.354327276882721698e-02 6.474373575732290664e-01
7.316076736070453723e-02 6.479462820431485248e-01
7.278014981598146527e-02 6.484538500680131490e-01
7.240141181962678196e-02 6.489600637995754928e-01
7.202454508130773370e-02 6.494649253957862634e-01
7.164954133547118964e-02 6.499684370207259310e-01
7.127639234142224556e-02 6.504706008445355625e-01
7.090508988340038510e-02 6.509714190433483205e-01
7.053562577065286554e-02 6.514708937992199633e-01
7.016799183750555002e-02 6.519690273000604552e-01
6.980217994343140830e-02 6.524658217395651327e-01
6.943818197311690810e-02 6.529612793171453156e-01
6.907598983652496472e-02 6.534554022378595839e-01
6.871559546895689152e-02 6.539481927123451666e-01
6.835699083111101970e-02 6.544396529567492182e-01
6.800016790913931963e-02 6.549297851926594305e-01
6.764511871470146875e-02 6.554185916470358642e-01
6.729183528501725409e-02 6.559060745521423375e-01
6.694030968291642125e-02 6.563922361454774812e-01
6.659053399688596997e-02 6.568770786697066821e-01
6.624250034111589525e-02 6.573606043725930270e-01
6.589620085554259710e-02 6.578428155069298011e-01
6.555162770588951471e-02 6.583237143304718764e-01
6.520877308370720549e-02 6.588033031058673217e-01
6.486762920640964936e-02 6.592815841005903454e-01
6.452818831730988691e-02 6.597585595868720176e-01
6.419044268565254896e-02 6.602342318416339895e-01
6.385438460664560889e-02 6.607086031464199927e-01
6.352000640148902644e-02 6.611816757873288930e-01
6.318730041740228121e-02 6.616534520549468557e-01
6.285625902764968576e-02 6.621239342442806208e-01
6.252687463156392234e-02 6.625931246546905573e-01
6.219913965456780325e-02 6.630610255898234939e-01
6.187304654819425487e-02 6.635276393575464393e-01
6.154858779010397019e-02 6.639929682698800795e-01
6.122575588410206215e-02 6.644570146429320534e-01
6.090454336015305170e-02 6.649197807968314500e-01
6.058494277439330222e-02 6.653812690556624165e-01
6.026694670914223284e-02 6.658414817473992109e-01
5.995054777291208836e-02 6.663004212038394769e-01
5.963573860041615493e-02 6.667580897605402956e-01
5.932251185257453319e-02 6.672144897567520161e-01
5.901086021651935631e-02 6.676696235353543063e-01
5.870077640559778764e-02 6.681234934427907612e-01
5.839225315937401906e-02 6.685761018290049540e-01
5.808528324362871587e-02 6.690274510473761538e-01
5.777985945035857274e-02 6.694775434546551551e-01
5.747597459777276097e-02 6.699263814109011062e-01
5.717362153028915372e-02 6.703739672794173377e-01
5.687279311852855290e-02 6.708203034266888576e-01
5.657348225930747265e-02 6.712653922223186242e-01
5.627568187562981272e-02 6.717092360389653738e-01
5.597938491667731054e-02 6.721518372522815588e-01
5.568458435779766180e-02 6.725931982408497323e-01
5.539127320049275216e-02 6.730333213861219299e-01
5.509944447240466836e-02 6.734722090723577193e-01
5.480909122730059924e-02 6.739098636865619163e-01
5.452020654505673747e-02 6.743462876184249666e-01
5.423278353164051602e-02 6.747814832602607726e-01
5.394681531909195638e-02 6.752154530069465199e-01
5.366229506550390660e-02 6.756481992558627248e-01
5.337921595500072502e-02 6.760797244068326162e-01
5.309757119771596479e-02 6.765100308620626279e-01
5.281735402976905913e-02 6.769391210260835567e-01
5.253855771324111856e-02 6.773669973056899440e-01
5.226117553614861855e-02 6.777936621098827885e-01
5.198520081241730928e-02 6.782191178498097051e-01
5.171062688185423806e-02 6.786433669387075263e-01
5.143744711011855042e-02 6.790664117918436826e-01
5.116565488869251332e-02 6.794882548264588040e-01
5.089524363484965175e-02 6.799088984617092102e-01
5.062620679162366244e-02 6.803283451186097341e-01
5.035853782777499621e-02 6.807465972199774340e-01
5.009223023775777328e-02 6.811636571903740833e-01
4.982727754168425616e-02 6.815795274560512151e-01
4.956367328528987759e-02 6.819942104448928344e-01
4.930141103989582607e-02 6.824077085863613501e-01
4.904048440237296358e-02 6.828200243114410650e-01
4.878088699510174653e-02 6.832311600525837747e-01
4.852261246593447819e-02 6.836411182436545886e-01
4.826565448815434145e-02 6.840499013198761968e-01
4.801000676043498672e-02 6.844575117177764678e-01
4.775566300679878751e-02 6.848639518751334920e-01
4.750261697657398585e-02 6.852692242309230686e-01
4.725086244435172667e-02 6.856733312252649704e-01
4.700039320994209291e-02 6.860762752993707636e-01
4.675120309832880849e-02 6.864780588954906282e-01
4.650328595962438527e-02 6.868786844568623984e-01
4.625663566902293855e-02 6.872781544276584942e-01
4.601124612675411285e-02 6.876764712529350732e-01
4.576711125803467617e-02 6.880736373785809601e-01
4.552422501302033631e-02 6.884696552512667989e-01
4.528258136675678003e-02 6.888645273183939821e-01
4.504217431912993508e-02 6.892582560280451354e-01
4.480299789481545503e-02 6.896508438289340459e-01
4.456504614322798208e-02 6.900422931703558138e-01
4.432831313846907761e-02 6.904326065021377801e-01
4.409279297927526375e-02 6.908217862745908988e-01
4.385847978896539878e-02 6.912098349384609985e-01
4.362536771538660929e-02 6.915967549448800433e-01
4.339345093086122152e-02 6.919825487453190593e-01
4.316272363213125018e-02 6.923672187915396181e-01
4.293318004030399759e-02 6.927507675355473182e-01
4.270481440079587632e-02 6.931331974295442677e-01
4.247762098327712010e-02 6.935145109258826768e-01
4.225159408161394126e-02 6.938947104770184504e-01
4.202672801381213130e-02 6.942737985354652253e-01
4.180301712195944042e-02 6.946517775537488504e-01
4.158045577216706867e-02 6.950286499843614241e-01
4.135903835451104626e-02 6.954044182797172180e-01
4.113875928297372475e-02 6.957790848921067139e-01
4.091961299538360297e-02 6.961526522736535272e-01
4.070159395335570807e-02 6.965251228762693314e-01
4.048469664223119935e-02 6.968964991516104490e-01
4.026891557101652808e-02 6.972667835510347745e-01
4.005424527232226417e-02 6.976359785255576984e-01
3.984068030230147883e-02 6.980040865258105853e-01
3.962821524058801614e-02 6.983711100019966977e-01
3.941684469023354342e-02 6.987370514038508951e-01
3.920656327764560078e-02 6.991019131805961129e-01
3.899736565252387432e-02 6.994656977809028398e-01
3.878924648779724649e-02 6.998284076528473729e-01
3.858220047955962517e-02 7.001900452438711842e-01
3.837622234700610591e-02 7.005506130007403964e-01
3.817130683236880095e-02 7.009101133695050390e-01
3.796744870085133616e-02 7.012685487954596342e-01
3.776464274056490211e-02 7.016259217231033407e-01
3.756288376246186278e-02 7.019822345961002075e-01
3.736216660027102954e-02 7.023374898572409819e-01
3.716248611043115879e-02 7.026916899484036971e-01
3.696383717202533781e-02 7.030448373105153692e-01
3.676621468671381621e-02 7.033969343835140275e-01
3.656961357866839180e-02 7.037479836063109673e-01
3.637402879450446491e-02 7.040979874167530017e-01
3.617945530321442504e-02 7.044469482515857139e-01
3.598588809610048234e-02 7.047948685464158203e-01
3.579332218670672194e-02 7.051417507356754211e-01
3.560175261075126940e-02 7.054875972525851413e-01
3.541117442605823395e-02 7.058324105291184924e-01
3.522158271248998496e-02 7.061761929959660122e-01
3.503297257187820701e-02 7.065189470825000706e-01
3.484533912795539923e-02 7.068606752167392315e-01
3.465867752628648546e-02 7.072013798253142802e-01
3.447298293419931436e-02 7.075410633334332511e-01
3.428825054071604761e-02 7.078797281648472328e-01
3.410447555648354889e-02 7.082173767418165067e-01
3.392165321370410602e-02 7.085540114850773508e-01
3.373977876606593096e-02 7.088896348138080672e-01
3.355884748867321576e-02 7.092242491455961195e-01
3.337885467797674366e-02 7.095578568964059363e-01
3.319979565170350089e-02 7.098904604805458263e-01
3.302166574878673266e-02 7.102220623106363373e-01
3.284446032929588810e-02 7.105526647975776156e-01
3.266817477436612105e-02 7.108822703505188745e-01
3.249280448612812400e-02 7.112108813768260873e-01
3.231834488763729585e-02 7.115385002820520111e-01
3.214479142280368684e-02 7.118651294699041010e-01
3.197213955632061122e-02 7.121907713422153119e-01
3.180038477359437010e-02 7.125154282989136778e-01
3.162952258067375233e-02 7.128391027379913369e-01
3.145954850417831405e-02 7.131617970554764430e-01
3.129045809122776856e-02 7.134835136454029669e-01
3.112224690937148708e-02 7.138042548997814984e-01
3.095491054651666740e-02 7.141240232085710460e-01
3.078844461085772366e-02 7.144428209596500601e-01
3.062284473080467695e-02 7.147606505387880116e-01
3.045810655491265617e-02 7.150775143296184133e-01
3.029422575180995558e-02 7.153934147136095101e-01
3.013119801012709154e-02 7.157083540700381885e-01
2.996901903842585924e-02 7.160223347759624435e-01
2.980768456512716824e-02 7.163353592061938446e-01
2.964719033844076534e-02 7.166474297332714460e-01
2.948753212629318110e-02 7.169585487274356961e-01
2.932870571625645351e-02 7.172687185566014589e-01
2.917070691547729577e-02 7.175779415863325905e-01
2.901353155060515387e-02 7.178862201798165144e-01
2.885717546772137432e-02 7.181935566978384644e-01
2.870163453226759476e-02 7.184999534987565051e-01
2.854690462897480074e-02 7.188054129384768842e-01
2.839298166179149430e-02 7.191099373704290532e-01
2.823986155381297269e-02 7.194135291455416858e-01
2.808754024720983011e-02 7.197161906122184760e-01
2.793601370315690335e-02 7.200179241163140453e-01
2.778527790176188450e-02 7.203187320011104067e-01
2.763532884199437767e-02 7.206186166072939825e-01
2.748616254161528882e-02 7.209175802729321791e-01
2.733777503710443924e-02 7.212156253334505163e-01
2.719016238359117654e-02 7.215127541216098672e-01
2.704332065478254332e-02 7.218089689674844767e-01
2.689724594289244486e-02 7.221042721984395341e-01
2.675193435857114999e-02 7.223986661391093023e-01
2.660738203083401476e-02 7.226921531113752462e-01
2.646358510699164945e-02 7.229847354343452714e-01
2.632053975257830913e-02 7.232764154243314092e-01
2.617824215128217169e-02 7.235671953948299429e-01
2.603668850487428355e-02 7.238570776565000919e-01
2.589587503313850458e-02 7.241460645171435839e-01
2.575579797380112002e-02 7.244341582816843372e-01
2.561645358246034121e-02 7.247213612521485882e-01
2.547783813251658369e-02 7.250076757276451289e-01
2.533994791510219002e-02 7.252931040043448796e-01
2.520277923901148576e-02 7.255776483754629025e-01
2.506632843063083538e-02 7.258613111312380850e-01
2.493059183386892030e-02 7.261440945589145990e-01
2.479556581008712790e-02 7.264260009427235820e-01
2.466124673803005152e-02 7.267070325638637085e-01
2.452763101375587951e-02 7.269871917004837591e-01
2.439471505056667322e-02 7.272664806276644134e-01
2.426249527893986624e-02 7.275449016173998196e-01
2.413096814645876442e-02 7.278224569385808307e-01
2.400013011774337901e-02 7.280991488569767967e-01
2.386997767438170381e-02 7.283749796352188000e-01
2.374050731486077037e-02 7.286499515327824472e-01
2.361171555449825821e-02 7.289240668059713268e-01
2.348359892537354998e-02 7.291973277079000226e-01
2.335615397625956380e-02 7.294697364884779045e-01
2.322937727255458551e-02 7.297412953943934744e-01
2.310326539621376796e-02 7.300120066690973797e-01
2.297781494568129634e-02 7.302818725527870924e-01
2.285302253582244258e-02 7.305508952823918101e-01
2.272888479785561966e-02 7.308190770915565793e-01
2.260539837928532414e-02 7.310864202106266418e-01
2.248255994383374645e-02 7.313529268666337790e-01
2.236036617137426852e-02 7.316185992832802132e-01
2.223881375786385117e-02 7.318834396809245080e-01
2.211789941527564363e-02 7.321474502765674686e-01
2.199761987153292520e-02 7.324106332838377087e-01
2.187797187044171476e-02 7.326729909129771068e-01
2.175895217162382433e-02 7.329345253708277053e-01
2.164055755045124485e-02 7.331952388608179438e-01
2.152278479797919974e-02 7.334551335829487817e-01
2.140563072088030871e-02 7.337142117337807079e-01
2.128909214137819639e-02 7.339724755064208628e-01
2.117316589718210018e-02 7.342299270905094932e-01
2.105784884142036795e-02 7.344865686722079623e-01
2.094313784257595401e-02 7.347424024341855375e-01
2.082902978442047193e-02 7.349974305556077336e-01
2.071552156594880234e-02 7.352516552121234339e-01
2.060261010131436699e-02 7.355050785758532328e-01
2.049029231976395860e-02 7.357577028153774457e-01
2.037856516557334796e-02 7.360095300957247844e-01
2.026742559798233589e-02 7.362605625783602559e-01
2.015687059113069335e-02 7.365108024211745041e-01
2.004689713399354645e-02 7.367602517784721528e-01
1.993750223031764968e-02 7.370089128009609247e-01
1.982868289855710398e-02 7.372567876357414285e-01
1.972043617181018504e-02 7.375038784262952785e-01
1.961275909775550552e-02 7.377501873124756582e-01
1.950564873858851023e-02 7.379957164304971062e-01
1.939910217095808243e-02 7.382404679129240810e-01
1.929311648590437134e-02 7.384844438886626339e-01
1.918768878879495432e-02 7.387276464829490852e-01
1.908281619926277539e-02 7.389700778173416973e-01
1.897849585114341764e-02 7.392117400097100166e-01
1.887472489241281970e-02 7.394526351742261028e-01
1.877150048512510327e-02 7.396927654213553138e-01
1.866881980535062269e-02 7.399321328578473134e-01
1.856668004311445852e-02 7.401707395867268557e-01
1.846507840233424513e-02 7.404085877072852373e-01
1.836401210075910839e-02 7.406456793150719697e-01
1.826347836990871443e-02 7.408820165018858983e-01
1.816347445501165225e-02 7.411176013557670972e-01
1.806399761494481560e-02 7.413524359609888759e-01
1.796504512217300675e-02 7.415865223980496745e-01
1.786661426268787434e-02 7.418198627436654036e-01
1.776870233594807225e-02 7.420524590707611168e-01
1.767130665481897456e-02 7.422843134484644612e-01
1.757442454551272348e-02 7.425154279420974612e-01
1.747805334752849937e-02 7.427458046131695246e-01
1.738219041359301276e-02 7.429754455193704477e-01
1.728683310960110742e-02 7.432043527145633099e-01
1.719197881455647448e-02 7.434325282487775910e-01
1.709762492051303262e-02 7.436599741682023978e-01
1.700376883251542015e-02 7.438866925151803589e-01
1.691040796854137440e-02 7.441126853282004072e-01
1.681753975944211277e-02 7.443379546418922299e-01
1.672516164888537826e-02 7.445625024870197173e-01
1.663327109329648668e-02 7.447863308904749680e-01
1.654186556180081702e-02 7.450094418752726266e-01
1.645094253616607993e-02 7.452318374605435558e-01
1.636049951074503017e-02 7.454535196615298398e-01
1.627053399241806808e-02 7.456744904895789006e-01
1.618104350053617413e-02 7.458947519521383906e-01
1.609202556686384344e-02 7.461143060527505311e-01
1.600347773552279751e-02 7.463331547910473374e-01
1.591539756293536279e-02 7.465513001627454015e-01
1.582778261776784934e-02 7.467687441596412290e-01
1.574063048087481764e-02 7.469854887696063539e-01
1.565393874524323437e-02 7.472015359765824538e-01
1.556770501593629508e-02 7.474168877605774641e-01
1.548192691003824617e-02 7.476315460976605820e-01
1.539660205659909575e-02 7.478455129599581586e-01
1.531172809657921352e-02 7.480587903156498131e-01
1.522730268279481880e-02 7.482713801289639921e-01
1.514332347986269145e-02 7.484832843601741947e-01
1.505978816414610399e-02 7.486945049655955309e-01
1.497669442370042070e-02 7.489050438975801693e-01
1.489403995821836357e-02 7.491149031045146733e-01
1.481182247897694371e-02 7.493240845308160036e-01
1.473003970878306035e-02 7.495325901169285210e-01
1.464868938192009917e-02 7.497404217993199893e-01
1.456776924409464158e-02 7.499475815104792442e-01
1.448727705238306296e-02 7.501540711789133065e-01
1.440721057517890813e-02 7.503598927291432741e-01
1.432756759213993369e-02 7.505650480817027681e-01
1.424834589413526142e-02 7.507695391531347129e-01
1.416954328319341982e-02 7.509733678559884495e-01
1.409115757244949751e-02 7.511765360988178486e-01
1.401318658609418399e-02 7.513790457861784233e-01
1.393562815932114507e-02 7.515808988186253314e-01
1.385848013827506442e-02 7.517820970927110436e-01
1.378174038000146151e-02 7.519826425009832338e-01
1.370540675239428907e-02 7.521825369319827814e-01
1.362947713414552897e-02 7.523817822702423275e-01
1.355394941469412196e-02 7.525803803962836103e-01
1.347882149417556352e-02 7.527783331866165772e-01
1.340409128337072264e-02 7.529756425137372755e-01
1.332975670365676990e-02 7.531723102461267416e-01
1.325581568695588519e-02 7.533683382482493363e-01
1.318226617568651893e-02 7.535637283805514119e-01
1.310910612271265485e-02 7.537584824994604249e-01
1.303633349129496022e-02 7.539526024573832697e-01
1.296394625504160292e-02 7.541460901027057240e-01
1.289194239785851348e-02 7.543389472797914497e-01
1.282031991390120140e-02 7.545311758289807713e-01
1.274907680752546124e-02 7.547227775865903432e-01
1.267821109323918893e-02 7.549137543849120391e-01
1.260772079565397608e-02 7.551041080522131743e-01
1.253760394943670420e-02 7.552938404127350625e-01
1.246785859926202722e-02 7.554829532866929043e-01
1.239848279976440981e-02 7.556714484902760098e-01
1.232947461549049883e-02 7.558593278356465772e-01
1.226083212085171681e-02 7.560465931309404697e-01
1.219255340007729949e-02 7.562332461802667716e-01
1.212463654716700034e-02 7.564192887837073442e-01
1.205707966584446122e-02 7.566047227373179362e-01
1.198988086951080501e-02 7.567895498331272952e-01
1.192303828119756215e-02 7.569737718591380560e-01
1.185655003352104053e-02 7.571573905993269626e-01
1.179041426863591813e-02 7.573404078336450906e-01
1.172462913818950181e-02 7.575228253380187349e-01
1.165919280327643026e-02 7.577046448843494098e-01
1.159410343439204460e-02 7.578858682405151814e-01
1.152935921138853459e-02 7.580664971703705568e-01
1.146495832342864230e-02 7.582465334337479268e-01
1.140089896894158628e-02 7.584259787864584546e-01
1.133717935557743139e-02 7.586048349802926305e-01
1.127379770016345706e-02 7.587831037630213826e-01
1.121075222865908216e-02 7.589607868783975198e-01
1.114804117611178924e-02 7.591378860661562866e-01
1.108566278661382576e-02 7.593144030620172513e-01
1.102361531325690702e-02 7.594903395976853044e-01
1.096189701809024974e-02 7.596656974008517693e-01
1.090050617207571904e-02 7.598404781951964004e-01
1.083944105504563993e-02 7.600146837003883826e-01
1.077869995565861050e-02 7.601883156320884405e-01
1.071828117135786851e-02 7.603613757019500596e-01
1.065818300832721555e-02 7.605338656176210410e-01
1.059840378144949469e-02 7.607057870827461654e-01
1.053894181426373589e-02 7.608771417969679707e-01
1.047979543892296750e-02 7.610479314559294162e-01
1.042096299615236088e-02 7.612181577512755482e-01
1.036244283520726395e-02 7.613878223706553872e-01
1.030423331383167884e-02 7.615569269977245925e-01
1.024633279821662857e-02 7.617254733121470167e-01
1.018873966295907874e-02 7.618934629895973698e-01
1.013145229102030420e-02 7.620608977017631069e-01
1.007446907368569899e-02 7.622277791163472038e-01
1.001778841052347602e-02 7.623941088970702662e-01
9.961408709344032886e-03 7.625598887036731943e-01
9.905328386159983900e-03 7.627251201919195145e-01
9.849545865145303836e-03 7.628898050135981546e-01
9.794059578595915028e-03 7.630539448165259975e-01
9.738867966889053207e-03 7.632175412445504348e-01
9.683969478444520718e-03 7.633805959375525862e-01
9.629362569683941331e-03 7.635431105314496314e-01
9.575045704992346529e-03 7.637050866581978070e-01
9.521017356678651566e-03 7.638665259457954049e-01
9.467276004936575617e-03 7.640274300182858802e-01
9.413820137805561927e-03 7.641878004957607384e-01
9.360648251132475117e-03 7.643476389943621996e-01
9.307758848533076446e-03 7.645069471262874172e-01
9.255150441353388047e-03 7.646657264997904768e-01
9.202821548631612281e-03 7.648239787191865036e-01
9.150770697060051084e-03 7.649817053848544379e-01
9.098996420947580432e-03 7.651389080932404774e-01
9.047497262181680711e-03 7.652955884368619621e-01
8.996271770190689132e-03 7.654517480043098177e-01
8.945318501907051356e-03 7.656073883802533286e-01
8.894636021729906972e-03 7.657625111454424705e-01
8.844222901487897026e-03 7.659171178767121280e-01
8.794077720402082576e-03 7.660712101469857593e-01
8.744199065050195507e-03 7.662247895252789487e-01
8.694585529329001972e-03 7.663778575767030699e-01
8.645235714418775252e-03 7.665304158624690611e-01
8.596148228746769426e-03 7.666824659398914221e-01
8.547321687951026092e-03 7.668340093623917664e-01
8.498754714844847236e-03 7.669850476795033734e-01
8.450445939380712979e-03 7.671355824368741860e-01
8.402393998615198534e-03 7.672856151762715848e-01
8.354597536673336045e-03 7.674351474355861624e-01
8.307055204712976426e-03 7.675841807488358315e-01
8.259765660890594496e-03 7.677327166461698216e-01
8.212727570325872861e-03 7.678807566538728979e-01
8.165939605066618867e-03 7.680283022943699134e-01
8.119400444054680754e-03 7.681753550862294722e-01
8.073108773091641766e-03 7.683219165441687037e-01
8.027063284804070165e-03 7.684679881790572598e-01
7.981262678609435390e-03 7.686135714979218658e-01
7.935705660682690343e-03 7.687586680039506515e-01
7.890390943921632427e-03 7.689032791964977021e-01
7.845317247914040948e-03 7.690474065710873885e-01
7.800483298903593266e-03 7.691910516194190306e-01
7.755887829756669127e-03 7.693342158293713373e-01
7.711529579929377043e-03 7.694769006850070703e-01
7.667407295434358616e-03 7.696191076665775954e-01
7.623519728807814921e-03 7.697608382505276570e-01
7.579865639076754924e-03 7.699020939095000404e-01
7.536443791726576968e-03 7.700428761123401245e-01
7.493252958668650265e-03 7.701831863241009879e-01
7.450291918207563313e-03 7.703230260060480727e-01
7.407559455009704585e-03 7.704623966156638470e-01
7.365054360070621975e-03 7.706012996066530230e-01
7.322775430683492459e-03 7.707397364289468866e-01
7.280721470407369722e-03 7.708777085287089603e-01
7.238891289035875864e-03 7.710152173483395543e-01
7.197283702565115959e-03 7.711522643264805410e-01
7.155897533163146917e-03 7.712888508980211277e-01
7.114731609138558177e-03 7.714249784941021870e-01
7.073784764909607503e-03 7.715606485421215854e-01
7.033055840973245765e-03 7.716958624657394017e-01
6.992543683874141713e-03 7.718306216848831447e-01
6.952247146175150050e-03 7.719649276157527495e-01
6.912165086425781091e-03 7.720987816708257956e-01
6.872296369132779859e-03 7.722321852588626134e-01
6.832639864729594947e-03 7.723651397849121691e-01
6.793194449546180458e-03 7.724976466503166161e-01
6.753959005780130198e-03 7.726297072527171794e-01
6.714932421465702461e-03 7.727613229860588184e-01
6.676113590445176271e-03 7.728924952405966664e-01
6.637501412339430473e-03 7.730232254029002492e-01
6.599094792517967711e-03 7.731535148558597026e-01
6.560892642070603742e-03 7.732833649786911012e-01
6.522893877778046523e-03 7.734127771469416768e-01
6.485097422082808372e-03 7.735417527324954801e-01
6.447502203061228343e-03 7.736702931035790431e-01
6.410107154394162343e-03 7.737983996247668195e-01
6.372911215338783464e-03 7.739260736569865129e-01
6.335913330700604362e-03 7.740533165575251839e-01
6.299112450804500440e-03 7.741801296800343568e-01
6.262507531467509381e-03 7.743065143745360146e-01
6.226097533970631481e-03 7.744324719874284835e-01
6.189881425030518969e-03 7.745580038614912066e-01
6.153858176772608601e-03 7.746831113358915166e-01
6.118026766703477115e-03 7.748077957461898535e-01
6.082386177682641559e-03 7.749320584243453158e-01
6.046935397896691100e-03 7.750559006987221000e-01
6.011673420830643266e-03 7.751793238940948294e-01
5.976599245242075753e-03 7.753023293316541054e-01
5.941711875133814935e-03 7.754249183290131686e-01
5.907010319727401537e-03 7.755470922002128953e-01
5.872493593436112214e-03 7.756688522557284582e-01
5.838160715838869308e-03 7.757901998024746559e-01
5.804010711653595500e-03 7.759111361438119081e-01
5.770042610711123565e-03 7.760316625795524725e-01
5.736255447929106133e-03 7.761517804059661074e-01
5.702648263286036467e-03 7.762714909157862886e-01
5.669220101795380273e-03 7.763907953982159826e-01
5.635970013479707497e-03 7.765096951389337532e-01
5.602897053345379241e-03 7.766281914200998671e-01
5.570000281356790595e-03 7.767462855203621785e-01
5.537278762411279587e-03 7.768639787148622355e-01
5.504731566313481039e-03 7.769812722752413858e-01
5.472357767750679614e-03 7.770981674696471053e-01
5.440156446267496726e-03 7.772146655627385492e-01
5.408126686241243597e-03 7.773307678156929912e-01
5.376267576856830210e-03 7.774464754862121518e-01
5.344578212082673474e-03 7.775617898285280827e-01
5.313057690645606179e-03 7.776767120934094946e-01
5.281705116006896183e-03 7.777912435281676418e-01
5.250519596337821504e-03 7.779053853766628723e-01
5.219500244495467456e-03 7.780191388793107343e-01
5.188646177998523790e-03 7.781325052730880820e-01
5.157956519004081031e-03 7.782454857915395152e-01
5.127430394282872506e-03 7.783580816647832634e-01
5.097066935196292725e-03 7.784702941195178472e-01
5.066865277672305545e-03 7.785821243790282953e-01
5.036824562182462550e-03 7.786935736631922511e-01
5.006943933718144280e-03 7.788046431884863008e-01
4.977222541767911679e-03 7.789153341679924125e-01
4.947659540293414260e-03 7.790256478114041538e-01
4.918254087707407685e-03 7.791355853250331309e-01
4.889005346850106015e-03 7.792451479118153168e-01
4.859912484967088275e-03 7.793543367713171577e-01
4.830974673685761722e-03 7.794631530997422342e-01
4.802191088993712498e-03 7.795715980899378117e-01
4.773560911215835034e-03 7.796796729314006136e-01
4.745083324991572482e-03 7.797873788102838155e-01
4.716757519253489406e-03 7.798947169094029297e-01
4.688582687204734256e-03 7.800016884082430213e-01
4.660558026296945933e-03 7.801082944829641486e-01
4.632682738208604434e-03 7.802145363064083572e-01
4.604956028823048442e-03 7.803204150481064527e-01
4.577377108206825973e-03 7.804259318742835516e-01
4.549945190588267074e-03 7.805310879478662978e-01
4.522659494335612429e-03 7.806358844284890797e-01
4.495519241936363208e-03 7.807403224725003588e-01
4.468523659974965589e-03 7.808444032329695528e-01
4.441671979112826740e-03 7.809481278596932530e-01
4.414963434066332404e-03 7.810514974992015524e-01
4.388397263586307773e-03 7.811545132947649295e-01
4.361972710437256318e-03 7.812571763864005758e-01
4.335689021376487595e-03 7.813594879108791691e-01
4.309545447133134033e-03 7.814614490017307569e-01
4.283541242388277936e-03 7.815630607892521953e-01
4.257675665754190319e-03 7.816643244005128111e-01
4.231947979753791778e-03 7.817652409593616181e-01
4.206357450800668474e-03 7.818658115864334235e-01
4.180903349179088124e-03 7.819660373991560443e-01
4.155584949023349850e-03 7.820659195117558582e-01
4.130401528298688341e-03 7.821654590352652425e-01
4.105352368780623706e-03 7.822646570775286801e-01
4.080436756035976664e-03 7.823635147432097536e-01
4.055653979402662479e-03 7.824620331337972523e-01
4.031003331970262060e-03 7.825602133476121658e-01
4.006484110560815104e-03 7.826580564798140127e-01
3.982095615709391190e-03 7.827555636224075020e-01
3.957837151644438833e-03 7.828527358642493050e-01
3.933708026269466806e-03 7.829495742910544953e-01
3.909707551142949100e-03 7.830460799854032095e-01
3.885835041460117267e-03 7.831422540267471977e-01
3.862089816033864587e-03 7.832380974914165961e-01
3.838471197275983293e-03 7.833336114526263660e-01
3.814978511178512832e-03 7.834287969804831775e-01
3.791611087294866067e-03 7.835236551419916262e-01
3.768368258721843667e-03 7.836181870010613393e-01
3.745249362080760314e-03 7.837123936185133033e-01
3.722253737499459092e-03 7.838062760520865258e-01
3.699380728593881784e-03 7.838998353564448074e-01
3.676629682449972236e-03 7.839930725831831815e-01
3.653999949605912789e-03 7.840859887808350193e-01
3.631490884033583555e-03 7.841785849948779141e-01
3.609101843121353959e-03 7.842708622677408981e-01
3.586832187655986104e-03 7.843628216388111030e-01
3.564681281804760182e-03 7.844544641444399780e-01
3.542648493098599083e-03 7.845457908179505058e-01
3.520733192413638690e-03 7.846368026896433090e-01
3.498934753954463517e-03 7.847275007868037555e-01
3.477252555236565179e-03 7.848178861337081758e-01
3.455685977069022918e-03 7.849079597516308571e-01
3.434234403537739233e-03 7.849977226588507051e-01
3.412897221987676311e-03 7.850871758706576831e-01
3.391673823006535748e-03 7.851763203993595841e-01
3.370563600407439075e-03 7.852651572542885816e-01
3.349565951212607473e-03 7.853536874418081126e-01
3.328680275635931274e-03 7.854419119653193171e-01
3.307905977066982750e-03 7.855298318252676992e-01
3.287242462054140724e-03 7.856174480191498999e-01
3.266689140287937221e-03 7.857047615415204689e-01
3.246245424585292305e-03 7.857917733839979713e-01
3.225910730872527665e-03 7.858784845352724258e-01
3.205684478169379403e-03 7.859648959811111890e-01
3.185566088573121846e-03 7.860510087043661720e-01
3.165554987242247265e-03 7.861368236849801683e-01
3.145650602380256622e-03 7.862223418999937374e-01
3.125852365220449514e-03 7.863075643235515333e-01
3.106159710009381847e-03 7.863924919269090763e-01
3.086572073991433740e-03 7.864771256784397480e-01
3.067088897393266400e-03 7.865614665436410080e-01
3.047709623407945934e-03 7.866455154851409448e-01
3.028433698179844313e-03 7.867292734627053807e-01
3.009260570788763189e-03 7.868127414332440894e-01
2.990189693234834856e-03 7.868959203508176792e-01
2.971220520423534239e-03 7.869788111666440322e-01
2.952352510149913734e-03 7.870614148291049661e-01
2.933585123083615187e-03 7.871437322837531170e-01
2.914917822754325982e-03 7.872257644733182680e-01
2.896350075536346935e-03 7.873075123377140105e-01
2.877881350633826329e-03 7.873889768140442946e-01
2.859511120065882928e-03 7.874701588366102012e-01
2.841238858652062049e-03 7.875510593369168255e-01
2.823064043997569605e-03 7.876316792436789394e-01
2.804986156478728176e-03 7.877120194828287625e-01
2.787004679228211046e-03 7.877920809775216249e-01
2.769119098121386457e-03 7.878718646481430721e-01
2.751328901760552448e-03 7.879513714123153045e-01
2.733633581462280304e-03 7.880306021849038389e-01
2.716032631241760420e-03 7.881095578780238364e-01
2.698525547800034730e-03 7.881882394010469861e-01
2.681111830508564609e-03 7.882666476606081662e-01
2.663790981396241264e-03 7.883447835606113285e-01
2.646562505134841814e-03 7.884226480022369365e-01
2.629425909025706609e-03 7.885002418839480720e-01
2.612380702985528380e-03 7.885775661014968740e-01
2.595426399532585471e-03 7.886546215479314226e-01
2.578562513773530185e-03 7.887314091136020666e-01
2.561788563389622020e-03 7.888079296861680856e-01
2.545104068622960902e-03 7.888841841506039065e-01
2.528508552263386555e-03 7.889601733892064317e-01
2.512001539634933778e-03 7.890358982816004785e-01
2.495582558582509769e-03 7.891113597047461070e-01
2.479251139459015540e-03 7.891865585329449484e-01
2.463006815111579151e-03 7.892614956378465330e-01
2.446849120868899163e-03 7.893361718884548406e-01
2.430777594528032992e-03 7.894105881511350731e-01
2.414791776341740359e-03 7.894847452896196494e-01
2.398891209005160619e-03 7.895586441650154219e-01
2.383075437643045191e-03 7.896322856358093389e-01
2.367344009797212045e-03 7.897056705578754388e-01
2.351696475413889154e-03 7.897787997844811780e-01
2.336132386830724883e-03 7.898516741662939822e-01
2.320651298764464521e-03 7.899242945513875735e-01
2.305252768298626798e-03 7.899966617852485218e-01
2.289936354870514279e-03 7.900687767107825721e-01
2.274701620259445001e-03 7.901406401683211955e-01
2.259548128574095927e-03 7.902122529956279173e-01
2.244475446240068450e-03 7.902836160279050892e-01
2.229483141988342076e-03 7.903547300977996626e-01
2.214570786842395833e-03 7.904255960354102939e-01
2.199737954106995019e-03 7.904962146682932289e-01
2.184984219355090573e-03 7.905665868214689640e-01
2.170309160417049910e-03 7.906367133174286854e-01
2.155712357367667309e-03 7.907065949761403756e-01
2.141193392515505778e-03 7.907762326150555854e-01
2.126751850390240506e-03 7.908456270491153184e-01
2.112387317731223568e-03 7.909147790907568032e-01
2.098099383475937607e-03 7.909836895499200438e-01
2.083887638748449511e-03 7.910523592340531485e-01
2.069751676847642052e-03 7.911207889481201017e-01
2.055691093236333700e-03 7.911889794946058707e-01
2.041705485528955144e-03 7.912569316735234004e-01
2.027794453481002179e-03 7.913246462824199412e-01
2.013957598977600405e-03 7.913921241163828224e-01
2.000194526022180952e-03 7.914593659680464466e-01
1.986504840725045185e-03 7.915263726275980627e-01
1.972888151292928605e-03 7.915931448827844275e-01
1.959344068017121465e-03 7.916596835189178005e-01
1.945872203263254718e-03 7.917259893188826059e-01
1.932472171459753696e-03 7.917920630631409828e-01
1.919143589087513035e-03 7.918579055297398916e-01
1.905886074668572405e-03 7.919235174943167754e-01
1.892699248755680408e-03 7.919888997301061107e-01
1.879582733921636439e-03 7.920540530079454022e-01
1.866536154747966414e-03 7.921189780962817339e-01
1.853559137815263824e-03 7.921836757611776525e-01
1.840651311692087511e-03 7.922481467663176069e-01
1.827812306924525565e-03 7.923123918730139437e-01
1.815041756026203323e-03 7.923764118402133461e-01
1.802339293466848069e-03 7.924402074245029404e-01
1.789704555663296226e-03 7.925037793801161801e-01
1.777137180968169083e-03 7.925671284589396182e-01
1.764636809660213856e-03 7.926302554105184583e-01
1.752203083933867589e-03 7.926931609820629943e-01
1.739835647889265147e-03 7.927558459184547157e-01
1.727534147522136188e-03 7.928183109622527480e-01
1.715298230713924177e-03 7.928805568536991810e-01
1.703127547221683358e-03 7.929425843307260635e-01
1.691021748668086744e-03 7.930043941289608433e-01
1.678980488531767179e-03 7.930659869817331398e-01
1.667003422137214308e-03 7.931273636200799615e-01
1.655090206645670747e-03 7.931885247727527011e-01
1.643240501044584967e-03 7.932494711662224640e-01
1.631453966138507461e-03 7.933102035246866190e-01
1.619730264539431808e-03 7.933707225700747934e-01
1.608069060656913685e-03 7.934310290220544237e-01
1.596470020688967040e-03 7.934911235980374178e-01
1.584932812612627195e-03 7.935510070131860383e-01
1.573457106173958842e-03 7.936106799804185652e-01
1.562042572879507318e-03 7.936701432104157350e-01
1.550688885986306609e-03 7.937293974116264028e-01
1.539395720492886532e-03 7.937884432902739817e-01
1.528162753130279938e-03 7.938472815503616609e-01
1.516989662352696833e-03 7.939059128936791776e-01
1.505876128327976460e-03 7.939643380198083689e-01
1.494821832929371652e-03 7.940225576261291662e-01
1.483826459725778868e-03 7.940805724078255912e-01
1.472889693973189473e-03 7.941383830578916392e-01
1.462011222605696936e-03 7.941959902671371641e-01
1.451190734226059931e-03 7.942533947241940950e-01
1.440427919098152820e-03 7.943105971155217659e-01
1.429722469136640584e-03 7.943675981254131324e-01
1.419074077899318276e-03 7.944243984360011002e-01
1.408482440578118222e-03 7.944809987272634100e-01
1.397947253990339256e-03 7.945373996770295211e-01
1.387468216569875956e-03 7.945936019609856071e-01
1.377045028359336065e-03 7.946496062526809956e-01
1.366677391000714614e-03 7.947054132235338297e-01
1.356365007727400318e-03 7.947610235428366199e-01
1.346107583355515835e-03 7.948164378777625716e-01
1.335904824275813141e-03 7.948716568933709148e-01
1.325756438445124807e-03 7.949266812526128989e-01
1.315662135378148356e-03 7.949815116163377882e-01
1.305621626139008562e-03 7.950361486432981906e-01
1.295634623333152824e-03 7.950905929901560532e-01
1.285700841099357561e-03 7.951448453114886572e-01
1.275819995101512561e-03 7.951989062597937252e-01
1.265991802520405329e-03 7.952527764854959713e-01
1.256215982045616464e-03 7.953064566369520971e-01
1.246492253867859112e-03 7.953599473604568981e-01
1.236820339670874347e-03 7.954132493002489257e-01
1.227199962623104490e-03 7.954663630985161493e-01
1.217630847370587688e-03 7.955192893954015076e-01
1.208112720028631237e-03 7.955720288290086817e-01
1.198645308173817980e-03 7.956245820354079790e-01
1.189228340837011899e-03 7.956769496486415516e-01
1.179861548494698376e-03 7.957291323007293915e-01
1.170544663062322854e-03 7.957811306216747704e-01
1.161277417885520080e-03 7.958329452394699022e-01
1.152059547733563782e-03 7.958845767801016047e-01
1.142890788791373069e-03 7.959360258675568511e-01
1.133770878651851888e-03 7.959872931238283211e-01
1.124699556308561554e-03 7.960383791689202848e-01
1.115676562148504303e-03 7.960892846208535989e-01
1.106701637944351724e-03 7.961400100956715908e-01
1.097774526847228316e-03 7.961905562074458320e-01
1.088894973379717079e-03 7.962409235682813557e-01
1.080062723428198979e-03 7.962911127883220974e-01
1.071277524235192402e-03 7.963411244757566676e-01
1.062539124393580003e-03 7.963909592368239032e-01
1.053847273837948961e-03 7.964406176758181966e-01
1.045201723838040664e-03 7.964901003950947134e-01
1.036602226991867326e-03 7.965394079950753881e-01
1.028048537218384517e-03 7.965885410742543637e-01
1.019540409750496757e-03 7.966375002292026553e-01
1.011077601128396175e-03 7.966862860545748104e-01
1.002659869191901976e-03 7.967348991431133509e-01
9.942869730745762524e-04 7.967833400856544346e-01
9.859586731956193617e-04 7.968316094711336284e-01
9.776747312543188073e-04 7.968797078865910155e-01
9.694349102223887016e-04 7.969276359171764135e-01
9.612389743374194495e-04 7.969753941461552582e-01
9.530866890962164106e-04 7.970229831549131561e-01
9.449778212480275386e-04 7.970704035229623230e-01
9.369121387882151097e-04 7.971176558279460256e-01
9.288894109509282515e-04 7.971647406456442431e-01
9.209094082034408046e-04 7.972116585499791075e-01
9.129719022386018068e-04 7.972584101130198997e-01
9.050766659693953997e-04 7.973049959049888225e-01
8.972234735212802903e-04 7.973514164942656635e-01
8.894121002267496578e-04 7.973976724473936795e-01
8.816423226184477713e-04 7.974437643290843702e-01
8.739139184226196733e-04 7.974896927022233628e-01
8.662266665533380205e-04 7.975354581278748523e-01
8.585803471058417458e-04 7.975810611652873749e-01
8.509747413498747193e-04 7.976265023718990266e-01
8.434096317241346341e-04 7.976717823033423471e-01
8.358848018298337124e-04 7.977169015134498720e-01
8.284000364240373671e-04 7.977618605542591279e-01
8.209551214144461539e-04 7.978066599760178512e-01
8.135498438521793219e-04 7.978513003271894277e-01
8.061839919266677867e-04 7.978957821544572226e-01
7.988573549591038159e-04 7.979401060027309089e-01
7.915697233961127566e-04 7.979842724151505751e-01
7.843208888047570326e-04 7.980282819330924982e-01
7.771106438654307169e-04 7.980721350961739180e-01
7.699387823669745501e-04 7.981158324422583661e-01
7.628050991997925578e-04 7.981593745074605506e-01
7.557093903506340027e-04 7.982027618261515745e-01
7.486514528968202242e-04 7.982459949309639313e-01
7.416310849998053456e-04 7.982890743527967237e-01
7.346480859002912922e-04 7.983320006208204367e-01
7.277022559116774758e-04 7.983747742624821564e-01
7.207933964147317241e-04 7.984173958035105656e-01
7.139213098519281431e-04 7.984598657679211620e-01
7.070857997216739577e-04 7.985021846780208099e-01
7.002866705726473739e-04 7.985443530544131807e-01
6.935237279984685088e-04 7.985863714160033044e-01
6.867967786318152079e-04 7.986282402800030100e-01
6.801056301393160197e-04 7.986699601619355882e-01
6.734500912152219243e-04 7.987115315756407874e-01
6.668299715768544189e-04 7.987529550332799211e-01
6.602450819589433806e-04 7.987942310453403083e-01
6.536952341076318618e-04 7.988353601206409360e-01
6.471802407757021314e-04 7.988763427663366778e-01
6.406999157170245596e-04 7.989171794879237343e-01
6.342540736812285473e-04 7.989578707892438514e-01
6.278425304082624336e-04 7.989984171724902051e-01
6.214651026232864695e-04 7.990388191382110650e-01
6.151216080314547696e-04 7.990790771853155672e-01
6.088118653124752200e-04 7.991191918110781556e-01
6.025356941157244961e-04 7.991591635111435776e-01
5.962929150546969481e-04 7.991989927795313253e-01
5.900833497023416641e-04 7.992386801086411863e-01
5.839068205854003324e-04 7.992782259892570185e-01
5.777631511797443054e-04 7.993176309105525235e-01
5.716521659051565507e-04 7.993568953600955762e-01
5.655736901205576928e-04 7.993960198238527770e-01
5.595275501183438749e-04 7.994350047861944475e-01
5.535135731202789344e-04 7.994738507298996266e-01
5.475315872717212429e-04 7.995125581361604006e-01
5.415814216374048584e-04 7.995511274845864547e-01
5.356629061957773885e-04 7.995895592532106244e-01
5.297758718350031870e-04 7.996278539184926704e-01
5.239201503475232613e-04 7.996660119553244961e-01
5.180955744253923356e-04 7.997040338370345891e-01
5.123019776552828475e-04 7.997419200353927948e-01
5.065391945140440555e-04 7.997796710206150905e-01
5.008070603640391028e-04 7.998172872613676931e-01
4.951054114478159462e-04 7.998547692247726104e-01
4.894340848839995317e-04 7.998921173764113046e-01
4.837929186624068123e-04 7.999293321803299106e-01
4.781817516393838119e-04 7.999664140990436767e-01
4.726004235331426884e-04 8.000033635935415166e-01
4.670487749194318639e-04 8.000401811232906724e-01
4.615266472265400211e-04 8.000768671462408221e-01
4.560338827309662335e-04 8.001134221188296314e-01
4.505703245530900958e-04 8.001498464959863055e-01
4.451358166523977644e-04 8.001861407311364749e-01
4.397302038230410659e-04 8.002223052762069688e-01
4.343533316893966045e-04 8.002583405816300344e-01
4.290050467018469149e-04 8.002942470963478883e-01
4.236851961318954807e-04 8.003300252678172688e-01
4.183936280683919762e-04 8.003656755420137658e-01
4.131301914126472852e-04 8.004011983634364835e-01
4.078947358744366980e-04 8.004365941751127034e-01
4.026871119675590194e-04 8.004718634186015480e-01
3.975071710053956764e-04 8.005070065339991991e-01
3.923547650969139156e-04 8.005420239599430055e-01
3.872297471423369331e-04 8.005769161336160344e-01
3.821319708289250272e-04 8.006116834907511803e-01
3.770612906264236841e-04 8.006463264656359380e-01
3.720175617835108639e-04 8.006808454911165107e-01
3.670006403233561088e-04 8.007152409986022512e-01
3.620103830391796507e-04 8.007495134180701024e-01
3.570466474906996979e-04 8.007836631780689274e-01
3.521092919996915427e-04 8.008176907057238392e-01
3.471981756457687140e-04 8.008515964267401976e-01
3.423131582628302638e-04 8.008853807654086054e-01
3.374541004347308970e-04 8.009190441446087938e-01
3.326208634909511019e-04 8.009525869858138414e-01
3.278133095033775035e-04 8.009860097090946152e-01
3.230313012818619711e-04 8.010193127331241003e-01
3.182747023700027711e-04 8.010524964751815080e-01
3.135433770422579869e-04 8.010855613511566053e-01
3.088371902986164486e-04 8.011185077755541561e-01
3.041560078618221752e-04 8.011513361614976958e-01
2.994996961732665497e-04 8.011840469207340831e-01
2.948681223887694713e-04 8.012166404636378303e-01
2.902611543751376644e-04 8.012491171992148775e-01
2.856786607063899197e-04 8.012814775351073671e-01
2.811205106595382475e-04 8.013137218775969739e-01
2.765865742113682302e-04 8.013458506316100127e-01
2.720767220345532422e-04 8.013778642007212127e-01
2.675908254936576469e-04 8.014097629871572703e-01
2.631287566418061274e-04 8.014415473918024002e-01
2.586903882166868840e-04 8.014732178142007779e-01
2.542755936371099423e-04 8.015047746525619798e-01
2.498842469994544402e-04 8.015362183037645361e-01
2.455162230735608020e-04 8.015675491633598160e-01
2.411713972999551814e-04 8.015987676255769134e-01
2.368496457852975468e-04 8.016298740833255332e-01
2.325508452996061237e-04 8.016608689282012090e-01
2.282748732723716145e-04 8.016917525504886344e-01
2.240216077888934620e-04 8.017225253391659923e-01
2.197909275872822477e-04 8.017531876819091741e-01
2.155827120544628883e-04 8.017837399650951102e-01
2.113968412226219229e-04 8.018141825738065442e-01
2.072331957665429769e-04 8.018445158918355853e-01
2.030916569992768927e-04 8.018747403016880382e-01
1.989721068692551498e-04 8.019048561845869560e-01
1.948744279567371507e-04 8.019348639204770812e-01
1.907985034704795524e-04 8.019647638880282869e-01
1.867442172441835524e-04 8.019945564646400182e-01
1.827114537336083089e-04 8.020242420264450667e-01
1.787000980126851601e-04 8.020538209483132341e-01
1.747100357704090001e-04 8.020832936038557737e-01
1.707411533078406762e-04 8.021126603654288312e-01
1.667933375345542757e-04 8.021419216041374423e-01
1.628664759654174787e-04 8.021710776898397510e-01
1.589604567174829342e-04 8.022001289911504518e-01
1.550751685063245233e-04 8.022290758754447859e-01
1.512105006434838472e-04 8.022579187088627606e-01
1.473663430329175128e-04 8.022866578563123685e-01
1.435425861678885084e-04 8.023152936814739178e-01
1.397391211278575796e-04 8.023438265468036956e-01
1.359558395750415372e-04 8.023722568135378541e-01
1.321926337519707673e-04 8.024005848416959630e-01
1.284493964777144726e-04 8.024288109900852284e-01
1.247260211452161371e-04 8.024569356163039346e-01
1.210224017176297906e-04 8.024849590767453300e-01
1.173384327264326288e-04 8.025128817266014014e-01
1.136740092669841218e-04 8.025407039198666492e-01
1.100290269966386347e-04 8.025684260093418620e-01
1.064033821308596472e-04 8.025960483466378914e-01
1.027969714411103297e-04 8.026235712821792045e-01
9.920969225130082947e-05 8.026509951652076591e-01
9.564144243490169117e-05 8.026783203437863889e-01
9.209212041172420982e-05 8.027055471648032459e-01
8.856162514603305169e-05 8.027326759739747963e-01
8.504985614243842917e-05 8.027597071158496522e-01
8.155671344367565467e-05 8.027866409338122455e-01
7.808209762760753847e-05 8.028134777700868252e-01
7.462590980411576425e-05 8.028402179657405657e-01
7.118805161265839843e-05 8.028668618606875640e-01
6.776842521916126572e-05 8.028934097936923919e-01
6.436693331313136923e-05 8.029198621023738713e-01
6.098347910510337755e-05 8.029462191232081825e-01
5.761796632397508944e-05 8.029724811915328608e-01
5.427029921356574249e-05 8.029986486415505720e-01
5.094038253050658938e-05 8.030247218063322201e-01
4.762812154135431797e-05 8.030507010178208338e-01
4.433342201970447150e-05 8.030765866068348968e-01
4.105619024363793557e-05 8.031023789030722337e-01
3.779633299283435832e-05 8.031280782351133407e-01
3.455375754579659286e-05 8.031536849304248271e-01
3.132837167807434042e-05 8.031791993153629683e-01
2.812008365826734746e-05 8.032046217151773693e-01
2.492880224624904884e-05 8.032299524540147395e-01
2.175443669039101025e-05 8.032551918549213354e-01
1.859689672478737066e-05 8.032803402398478454e-01
1.545609256703439627e-05 8.033053979296517211e-01
1.233193491467776681e-05 8.033303652441013964e-01
9.224334944102352551e-06 8.033552425018790633e-01
6.133204306757455981e-06 8.033800300205848899e-01
3.058455127047388089e-06 8.034047281167397969e-01
0.000000000000000000e+00 8.034293371057893429e-01
