0.000000000000000000e+00 7.153076986047124386e-01
3.755243600017332817e-03 7.131890287983955190e-01
7.488864848305576416e-03 7.110642097965841346e-01
1.120104189580550802e-02 7.089334852881126192e-01
1.489195115631281041e-02 7.067970966723701176e-01
1.856176731149150605e-02 7.046552829862706702e-01
2.221066331627186141e-02 7.025082808358353859e-01
2.583881040462743250e-02 7.003563243322892262e-01
2.944637809572792086e-02 6.981996450325739234e-01
3.303353420046184485e-02 6.960384718841707841e-01
3.660044482832314205e-02 6.938730311741263534e-01
4.014727439465537451e-02 6.917035464821716939e-01
4.367418562824809669e-02 6.895302386378219239e-01
4.718133957927672650e-02 6.873533256813424419e-01
5.066889562757947996e-02 6.851730228284658164e-01
5.413701149126382006e-02 6.829895424387426583e-01
5.758584323563276097e-02 6.808030939874096799e-01
6.101554528242492115e-02 6.786138840406554795e-01
6.442627041935733434e-02 6.764221162341692573e-01
6.781816980996402400e-02 6.742279912548516663e-01
7.119139300371923884e-02 6.720317068255721171e-01
7.454608794643846625e-02 6.698334576928579587e-01
7.788240099094567714e-02 6.676334356173961870e-01
8.120047690799692131e-02 6.654318293672378815e-01
8.450045889745305683e-02 6.632288247135895709e-01
8.778248859968940110e-02 6.610246044290820633e-01
9.104670610723220037e-02 6.588193482884068253e-01
9.429324997661381325e-02 6.566132330712115550e-01
9.752225724043495081e-02 6.544064325671519189e-01
1.007338634196246474e-01 6.521991175829917609e-01
1.039282025358876371e-01 6.499914559516558610e-01
1.071054071243288108e-01 6.477836125431319925e-01
1.102656082462454279e-01 6.455757492771271311e-01
1.134089355020772016e-01 6.433680251373852244e-01
1.165355170445024902e-01 6.411605961875721515e-01
1.196454795916741531e-01 6.389536155886414992e-01
1.227389484405815301e-01 6.367472336175913350e-01
1.258160474805325446e-01 6.345415976875323771e-01
1.288768992067435004e-01 6.323368523689817389e-01
1.319216247340291304e-01 6.301331394123055318e-01
1.349503438105825737e-01 6.279305977712350550e-01
1.379631748318370654e-01 6.257293636273801862e-01
1.409602348543995687e-01 6.235295704156711416e-01
1.439416396100483553e-01 6.213313488506593263e-01
1.469075035197855428e-01 6.191348269536107729e-01
1.498579397079355946e-01 6.169401300803289967e-01
1.527930600162837882e-01 6.147473809496459829e-01
1.557129750182434380e-01 6.125566996725222424e-01
1.586177940330464331e-01 6.103682037817010908e-01
1.615076251399489848e-01 6.081820082618607515e-01
1.643825751924441469e-01 6.059982255802141005e-01
1.672427498324751127e-01 6.038169657175059823e-01
1.700882535046419619e-01 6.016383361993614676e-01
1.729191894703936416e-01 5.994624421279381998e-01
1.757356598222015176e-01 5.972893862138413112e-01
1.785377654977051698e-01 5.951192688082591609e-01
1.813256062938254365e-01 5.929521879352801506e-01
1.840992808808395997e-01 5.907882393243544250e-01
1.868588868164108296e-01 5.886275164428635964e-01
1.896045205595692229e-01 5.864701105287674077e-01
1.923362774846354428e-01 5.843161106232909185e-01
1.950542518950859616e-01 5.821656036036277904e-01
1.977585370373512452e-01 5.800186742156264730e-01
2.004492251145443271e-01 5.778754051064337594e-01
2.031264073001152193e-01 5.757358768570713936e-01
2.057901737514251650e-01 5.736001680149200865e-01
2.084406136232391793e-01 5.714683551260890670e-01
2.110778150811297715e-01 5.693405127676489652e-01
2.137018653147914060e-01 5.672167135797110404e-01
2.163128505512601496e-01 5.650970282973293290e-01
2.189108560680345095e-01 5.629815257822126107e-01
2.214959662060973500e-01 5.608702730542272086e-01
2.240682643828316722e-01 5.587633353226766353e-01
2.266278331048313666e-01 5.566607760173434283e-01
2.291747539806011646e-01 5.545626568192802974e-01
2.317091077331457916e-01 5.524690376913385936e-01
2.342309742124436545e-01 5.503799769084213311e-01
2.367404324078050681e-01 5.482955310874539911e-01
2.392375604601111316e-01 5.462157552170594510e-01
2.417224356739331448e-01 5.441407026869308217e-01
2.441951345295283460e-01 5.420704253168947551e-01
2.466557326947136364e-01 5.400049733856557843e-01
2.491043050366134048e-01 5.379443956592175891e-01
2.515409256332802324e-01 5.358887394189741915e-01
2.539656677851890310e-01 5.338380504894661982e-01
2.563786040266018418e-01 5.317923732657969804e-01
2.587798061368024038e-01 5.297517507407079052e-01
2.611693451512017150e-01 5.277162245313027356e-01
2.635472913723110322e-01 5.256858349054265300e-01
2.659137143805831993e-01 5.236606208076894919e-01
2.682686830451225246e-01 5.216406198851386566e-01
2.706122655342607652e-01 5.196258685125731969e-01
2.729445293260014394e-01 5.176164018175033465e-01
2.752655412183292460e-01 5.156122537047521659e-01
2.775753673393883680e-01 5.136134568806998146e-01
2.798740731575251051e-01 5.116200428771702224e-01
2.821617234911991678e-01 5.096320420749601565e-01
2.844383825187607462e-01 5.076494837270123517e-01
2.867041137880951274e-01 5.056723959812329250e-01
2.889589802261346430e-01 5.037008059029539631e-01
2.912030441482380549e-01 5.017347394970430585e-01
2.934363672674390466e-01 4.997742217296627931e-01
2.956590107035622639e-01 4.978192765496790573e-01
2.978710349922094602e-01 4.958699269097235351e-01
3.000725000936151909e-01 4.939261947869105773e-01
3.022634654013731659e-01 4.919881012032114587e-01
3.044439897510335946e-01 4.900556662454895740e-01
3.066141314285729669e-01 4.881289090851977930e-01
3.087739481787364904e-01 4.862078479977417489e-01
3.109234972132539632e-01 4.842925003815126139e-01
3.130628352189311903e-01 4.823828827765914706e-01
3.151920183656160557e-01 4.804790108831287210e-01
3.173111023140411380e-01 4.785808995794035292e-01
3.194201422235448673e-01 4.766885629395635204e-01
3.215191927596703358e-01 4.748020142510522845e-01
3.236083081016439822e-01 4.729212660317243522e-01
3.256875419497358148e-01 4.710463300466540826e-01
3.277569475325002868e-01 4.691772173246416822e-01
3.298165776139014849e-01 4.673139381744186860e-01
3.318664845003218566e-01 4.654565022005581199e-01
3.339067200474570285e-01 4.636049183190932288e-01
3.359373356670963817e-01 4.617591947728476587e-01
3.379583823337924953e-01 4.599193391464817537e-01
3.399699105914191222e-01 4.580853583812591889e-01
3.419719705596201420e-01 4.562572587895359355e-01
3.439646119401500446e-01 4.544350460689787763e-01
3.459478840231066110e-01 4.526187253165141477e-01
3.479218356930594558e-01 4.508083010420130821e-01
3.498865154350729867e-01 4.490037771817159129e-01
3.518419713406262250e-01 4.472051571113999646e-01
3.537882511134318175e-01 4.454124436592946656e-01
3.557254020751539070e-01 4.436256391187488601e-01
3.576534711710266379e-01 4.418447452606520942e-01
3.595725049753755176e-01 4.400697633456160940e-01
3.614825496970418550e-01 4.383006941359185449e-01
3.633836511847122752e-01 4.365375379072139461e-01
3.652758549321544201e-01 4.347802944600149821e-01
3.671592060833597237e-01 4.330289631309482967e-01
3.690337494375957039e-01 4.312835428037889995e-01
3.708995294543678822e-01 4.295440319202755708e-01
3.727565902582932189e-01 4.278104284907122690e-01
3.746049756438868394e-01 4.260827301043592641e-01
3.764447290802619417e-01 4.243609339396163804e-01
3.782758937157459922e-01 4.226450367740025582e-01
3.800985123824125456e-01 4.209350349939364744e-01
3.819126276005326837e-01 4.192309246043195436e-01
3.837182815829435212e-01 4.175327012379260738e-01
3.855155162393389956e-01 4.158403601646045722e-01
3.873043731804813872e-01 4.141538963002916462e-01
3.890848937223364556e-01 4.124733042158438279e-01
3.908571188901327487e-01 4.107985781456896524e-01
3.926210894223455261e-01 4.091297119963049900e-01
3.943768457746088529e-01 4.074666993545161819e-01
3.961244281235544173e-01 4.058095334956320910e-01
3.978638763705797388e-01 4.041582073914101736e-01
3.995952301455474309e-01 4.025127137178585723e-01
4.013185288104142989e-01 4.008730448628773368e-01
4.030338114627952661e-01 3.992391929337422152e-01
4.047411169394589114e-01 3.976111497644336801e-01
4.064404838197596126e-01 3.959889069228140768e-01
4.081319504290048528e-01 3.943724557176556678e-01
4.098155548417594662e-01 3.927617872055230164e-01
4.114913348850892660e-01 3.911568921975113744e-01
4.131593281417432761e-01 3.895577612658448485e-01
4.148195719532757897e-01 3.879643847503370102e-01
4.164721034231115837e-01 3.863767527647150590e-01
4.181169594195520700e-01 3.847948552028125357e-01
4.197541765787257129e-01 3.832186817446315841e-01
4.213837913074833796e-01 3.816482218622767597e-01
4.230058397862384023e-01 3.800834648257654935e-01
4.246203579717544585e-01 3.785243997087140988e-01
4.262273815998794957e-01 3.769710153939044295e-01
4.278269461882298064e-01 3.754233005787325217e-01
4.294190870388223669e-01 3.738812437805414390e-01
4.310038392406585483e-01 3.723448333418413192e-01
4.325812376722585340e-01 3.708140574354171770e-01
4.341513170041482184e-01 3.692889040693294600e-01
4.357141117012997000e-01 3.677693610918061351e-01
4.372696560255250331e-01 3.662554161960314136e-01
4.388179840378257923e-01 3.647470569248315586e-01
4.403591296006982292e-01 3.632442706752599948e-01
4.418931263803945741e-01 3.617470447030838310e-01
4.434200078491420394e-01 3.602553661271745700e-01
4.449398072873210763e-01 3.587692219338035615e-01
4.464525577856012228e-01 3.572885989808447516e-01
4.479582922470382034e-01 3.558134840018871703e-01
4.494570433891306172e-01 3.543438636102577144e-01
4.509488437458388788e-01 3.528797243029576647e-01
4.524337256695666332e-01 3.514210524645123845e-01
4.539117213331039791e-01 3.499678343707387507e-01
4.553828627315352762e-01 3.485200561924297613e-01
4.568471816841115363e-01 3.470777039989588753e-01
4.583047098360870653e-01 3.456407637618058581e-01
4.597554786605232424e-01 3.442092213580049131e-01
4.611995194600571057e-01 3.427830625735185377e-01
4.626368633686388510e-01 3.413622731065358851e-01
4.640675413532362459e-01 3.399468385706996276e-01
4.654915842155070704e-01 3.385367444982612106e-01
4.669090225934422467e-01 3.371319763431670502e-01
4.683198869629773275e-01 3.357325194840762306e-01
4.697242076395746757e-01 3.343383592273118099e-01
4.711220147797773317e-01 3.329494808097462899e-01
4.725133383827331279e-01 3.315658694016230257e-01
4.738982082916923799e-01 3.301875101093161291e-01
4.752766541954775992e-01 3.288143879780268675e-01
4.766487056299260061e-01 3.274464879944221085e-01
4.780143919793071738e-01 3.260837950892120363e-01
4.793737424777140266e-01 3.247262941396712455e-01
4.807267862104284140e-01 3.233739699721033256e-01
4.820735521152638148e-01 3.220268073642492679e-01
4.834140689838821725e-01 3.206847910476424701e-01
4.847483654630881933e-01 3.193479057099105622e-01
4.860764700561002183e-01 3.180161359970248292e-01
4.873984111237985584e-01 3.166894665154994515e-01
4.887142168859519575e-01 3.153678818345400092e-01
4.900239154224217408e-01 3.140513664881441347e-01
4.913275346743459782e-01 3.127399049771534267e-01
4.926251024453016658e-01 3.114334817712596237e-01
4.939166464024471459e-01 3.101320813109640362e-01
4.952021940776449860e-01 3.088356880094924595e-01
4.964817728685645415e-01 3.075442862546665657e-01
4.977554100397666437e-01 3.062578604107309976e-01
4.990231327237684145e-01 3.049763948201406061e-01
5.002849679220908730e-01 3.036998738053037217e-01
5.015409425062880011e-01 3.024282816702874577e-01
5.027910832189586010e-01 3.011616027024816011e-01
5.040354166747411657e-01 2.998998211742253117e-01
5.052739693612923189e-01 2.986429213443948516e-01
5.065067676402474905e-01 2.973908874599550112e-01
5.077338377481677156e-01 2.961437037574730091e-01
5.089552057974691124e-01 2.949013544645984197e-01
5.101708977773371512e-01 2.936638238015073510e-01
5.113809395546270453e-01 2.924310959823123168e-01
5.125853568747484879e-01 2.912031552164394688e-01
5.137841753625358443e-01 2.899799857099725209e-01
5.149774205231054669e-01 2.887615716669652555e-01
5.161651177426980208e-01 2.875478972907220543e-01
5.173472922895079318e-01 2.863389467850483427e-01
5.185239693144997331e-01 2.851347043554706140e-01
5.196951738522112008e-01 2.839351542104279202e-01
5.208609308215443878e-01 2.827402805624329440e-01
5.220212650265442234e-01 2.815500676292066462e-01
5.231762011571641224e-01 2.803644996347847140e-01
5.243257637900211598e-01 2.791835608105963651e-01
5.254699773891398085e-01 2.780072353965177268e-01
5.266088663066821329e-01 2.768355076418990146e-01
5.277424547836701008e-01 2.756683618065662866e-01
5.288707669506946818e-01 2.745057821617982174e-01
5.299938268286155107e-01 2.733477529912794468e-01
5.311116583292503357e-01 2.721942585920292812e-01
5.322242852560532533e-01 2.710452832753074137e-01
5.333317313047849506e-01 2.699008113674975506e-01
5.344340200641712890e-01 2.687608272109677232e-01
5.355311750165532292e-01 2.676253151649093942e-01
5.366232195385288728e-01 2.664942596061554703e-01
5.377101769015837363e-01 2.653676449299769979e-01
5.387920702727145850e-01 2.642454555508592096e-01
5.398689227150433867e-01 2.631276759032588064e-01
5.409407571884232713e-01 2.620142904423399255e-01
5.420075965500359416e-01 2.609052836446921209e-01
5.430694635549815352e-01 2.598006400090294710e-01
5.441263808568593818e-01 2.587003440568710344e-01
5.451783710083428769e-01 2.576043803332034310e-01
5.462254564617450292e-01 2.565127334071255483e-01
5.472676595695772361e-01 2.554253878724772608e-01
5.483050025851016196e-01 2.543423283484493869e-01
5.493375076628750353e-01 2.532635394801791007e-01
5.503651968592866428e-01 2.521890059393274708e-01
5.513880921330893692e-01 2.511187124246426761e-01
5.524062153459230462e-01 2.500526436625069016e-01
5.534195882628336616e-01 2.489907844074684684e-01
5.544282325527835065e-01 2.479331194427589757e-01
5.554321697891571041e-01 2.468796335807961206e-01
5.564314214502599221e-01 2.458303116636723074e-01
5.574260089198124213e-01 2.447851385636290455e-01
5.584159534874364450e-01 2.437440991835188031e-01
5.594012763491378326e-01 2.427071784572520929e-01
5.603819986077824833e-01 2.416743613502331245e-01
5.613581412735668685e-01 2.406456328597813554e-01
5.623297252644836597e-01 2.396209780155413860e-01
5.632967714067824705e-01 2.386003818798808629e-01
5.642593004354246045e-01 2.375838295482755047e-01
5.652173329945331393e-01 2.365713061496839131e-01
5.661708896378394584e-01 2.355627968469093947e-01
5.671199908291222336e-01 2.345582868369516794e-01
5.680646569426450743e-01 2.335577613513475370e-01
5.690049082635870725e-01 2.325612056565008468e-01
5.699407649884695726e-01 2.315686050540011198e-01
5.708722472255799429e-01 2.305799448809334740e-01
5.717993749953887983e-01 2.295952105101776164e-01
5.727221682309648898e-01 2.286143873506970570e-01
5.736406467783847773e-01 2.276374608478186623e-01
5.745548303971397264e-01 2.266644164835039943e-01
5.754647387605370534e-01 2.256952397766094354e-01
5.763703914560991404e-01 2.247299162831390973e-01
5.772718079859580076e-01 2.237684315964882931e-01
5.781690077672458905e-01 2.228107713476785712e-01
5.790620101324832625e-01 2.218569212055839790e-01
5.799508343299626389e-01 2.209068668771495547e-01
5.808354995241284957e-01 2.199605941076019366e-01
5.817160247959549668e-01 2.190180886806512017e-01
5.825924291433197677e-01 2.180793364186860428e-01
5.834647314813738994e-01 2.171443231829610632e-01
5.843329506429101317e-01 2.162130348737766328e-01
5.851971053787268229e-01 2.152854574306515278e-01
5.860572143579891868e-01 2.143615768324887982e-01
5.869132961685880057e-01 2.134413790977344183e-01
5.877653693174944571e-01 2.125248502845291654e-01
5.886134522311134987e-01 2.116119764908549472e-01
5.894575632556331435e-01 2.107027438546730247e-01
5.902977206573716273e-01 2.097971385540571276e-01
5.911339426231219107e-01 2.088951468073204643e-01
5.919662472604935166e-01 2.079967548731357363e-01
5.927946525982518144e-01 2.071019490506504912e-01
5.936191765866545289e-01 2.062107156795953689e-01
5.944398370977859170e-01 2.053230411403885736e-01
5.952566519258890576e-01 2.044389118542327965e-01
5.960696387876949220e-01 2.035583142832083636e-01
5.968788153227496673e-01 2.026812349303601657e-01
5.976841990937393767e-01 2.018076603397799262e-01
5.984858075868126903e-01 2.009375770966834729e-01
5.992836582119017708e-01 2.000709718274826798e-01
6.000777683030396048e-01 1.992078311998529694e-01
6.008681551186771941e-01 1.983481419227960396e-01
6.016548358419970821e-01 1.974918907466984841e-01
6.024378275812257710e-01 1.966390644633845275e-01
6.032171473699434738e-01 1.957896499061663187e-01
6.039928121673927564e-01 1.949436339498882287e-01
6.047648388587842927e-01 1.941010035109679288e-01
6.055332442556016215e-01 1.932617455474334722e-01
6.062980450959039036e-01 1.924258470589554904e-01
6.070592580446254605e-01 1.915932950868765028e-01
6.078168996938762003e-01 1.907640767142361193e-01
6.085709865632378257e-01 1.899381790657914681e-01
6.093215351000598190e-01 1.891155893080359585e-01
6.100685616797530963e-01 1.882962946492131584e-01
6.108120826060816633e-01 1.874802823393271201e-01
6.115521141114541592e-01 1.866675396701498180e-01
6.122886723572118495e-01 1.858580539752254790e-01
6.130217734339160618e-01 1.850518126298710264e-01
6.137514333616349571e-01 1.842488030511736374e-01
6.144776680902261923e-01 1.834490126979854141e-01
6.152004934996213592e-01 1.826524290709150566e-01
6.159199254001062052e-01 1.818590397123157620e-01
6.166359795326007420e-01 1.810688322062721234e-01
6.173486715689382454e-01 1.802817941785814781e-01
6.180580171121414779e-01 1.794979132967357005e-01
6.187640316966991350e-01 1.787171772698974426e-01
6.194667307888395147e-01 1.779395738488755985e-01
6.201661297868044098e-01 1.771650908260975488e-01
6.208622440211195581e-01 1.763937160355792955e-01
6.215550887548663139e-01 1.756254373528922663e-01
6.222446791839497671e-01 1.748602426951292310e-01
6.229310304373673057e-01 1.740981200208663315e-01
6.236141575774749590e-01 1.733390573301242243e-01
6.242940756002527403e-01 1.725830426643261140e-01
6.249707994355692131e-01 1.718300641062540102e-01
6.256443439474439483e-01 1.710801097800028758e-01
6.263147239343103134e-01 1.703331678509327762e-01
6.269819541292750431e-01 1.695892265256190301e-01
6.276460492003788083e-01 1.688482740518000291e-01
6.283070237508543432e-01 1.681102987183241693e-01
6.289648923193835728e-01 1.673752888550937845e-01
6.296196693803541855e-01 1.666432328330078594e-01
6.302713693441150955e-01 1.659141190639035202e-01
6.309200065572296845e-01 1.651879360004944175e-01
6.315655953027300429e-01 1.644646721363089981e-01
6.322081498003682132e-01 1.637443160056261116e-01
6.328476842068675445e-01 1.630268561834093966e-01
6.334842126161726039e-01 1.623122812852404451e-01
6.341177490596984212e-01 1.616005799672497467e-01
6.347483075065784019e-01 1.608917409260471887e-01
6.353759018639113521e-01 1.601857528986498913e-01
6.360005459770078362e-01 1.594826046624100435e-01
6.366222536296347601e-01 1.587822850349399628e-01
6.372410385442602854e-01 1.580847828740375993e-01
6.378569143822967469e-01 1.573900870776087091e-01
6.384698947443430139e-01 1.566981865835893606e-01
6.390799931704261860e-01 1.560090703698672199e-01
6.396872231402417341e-01 1.553227274542003933e-01
6.402915980733933088e-01 1.546391468941366032e-01
6.408931313296317711e-01 1.539583177869300323e-01
6.414918362090930026e-01 1.532802292694583901e-01
6.420877259525343828e-01 1.526048705181376475e-01
6.426808137415717104e-01 1.519322307488367718e-01
6.432711126989140160e-01 1.512622992167909075e-01
6.438586358885981520e-01 1.505950652165135573e-01
6.444433963162224943e-01 1.499305180817088745e-01
6.450254069291797565e-01 1.492686471851812913e-01
6.456046806168888041e-01 1.486094419387458121e-01
6.461812302110256923e-01 1.479528917931369758e-01
6.467550684857547028e-01 1.472989862379162629e-01
6.473262081579569394e-01 1.466477148013807241e-01
6.478946618874595886e-01 1.459990670504678345e-01
6.484604422772639598e-01 1.453530325906629006e-01
6.490235618737725254e-01 1.447096010659029153e-01
6.495840331670150736e-01 1.440687621584817446e-01
6.501418685908747497e-01 1.434305055889535385e-01
6.506970805233125432e-01 1.427948211160358083e-01
6.512496812865915530e-01 1.421616985365120600e-01
6.517996831475003638e-01 1.415311276851334288e-01
6.523470983175755356e-01 1.409030984345202020e-01
6.528919389533233142e-01 1.402776006950621213e-01
6.534342171564408996e-01 1.396546244148193505e-01
6.539739449740369359e-01 1.390341595794214458e-01
6.545111343988503361e-01 1.384161962119664357e-01
6.550457973694705505e-01 1.378007243729202358e-01
6.555779457705543933e-01 1.371877341600140632e-01
6.561075914330440906e-01 1.365772157081427407e-01
6.566347461343837733e-01 1.359691591892616680e-01
6.571594215987360821e-01 1.353635548122841259e-01
6.576816294971965515e-01 1.347603928229772485e-01
6.582013814480087710e-01 1.341596635038588836e-01
6.587186890167782138e-01 1.335613571740926764e-01
6.592335637166852891e-01 1.329654641893838196e-01
6.597460170086981712e-01 1.323719749418745817e-01
6.602560603017837426e-01 1.317808798600382802e-01
6.607637049531200901e-01 1.311921694085741441e-01
6.612689622683053381e-01 1.306058340883018420e-01
6.617718435015687017e-01 1.300218644360549014e-01
6.622723598559789870e-01 1.294402510245747928e-01
6.627705224836526465e-01 1.288609844624037937e-01
6.632663424859623902e-01 1.282840553937790729e-01
6.637598309137433539e-01 1.277094544985244440e-01
6.642509987674999339e-01 1.271371724919446722e-01
6.647398569976112892e-01 1.265672001247162282e-01
6.652264165045362887e-01 1.259995281827814839e-01
6.657106881390186803e-01 1.254341474872397999e-01
6.661926827022892628e-01 1.248710488942396113e-01
6.666724109462707215e-01 1.243102232948710695e-01
6.671498835737788013e-01 1.237516616150569071e-01
6.676251112387240338e-01 1.231953548154449685e-01
6.680981045463139090e-01 1.226412938912991857e-01
6.685688740532522711e-01 1.220894698723911098e-01
6.690374302679396035e-01 1.215398738228914421e-01
6.695037836506722018e-01 1.209924968412608992e-01
6.699679446138402383e-01 1.204473300601420771e-01
6.704299235221262698e-01 1.199043646462496504e-01
6.708897306927019688e-01 1.193635918002622365e-01
6.713473763954254103e-01 1.188250027567132605e-01
6.718028708530359161e-01 1.182885887838813765e-01
6.722562242413503419e-01 1.177543411836821097e-01
6.727074466894576998e-01 1.172222512915584991e-01
6.731565482799126698e-01 1.166923104763717411e-01
6.736035390489295560e-01 1.161645101402929425e-01
6.740484289865747991e-01 1.156388417186928752e-01
6.744912280369592672e-01 1.151152966800339517e-01
6.749319460984299912e-01 1.145938665257605349e-01
6.753705930237609012e-01 1.140745427901902476e-01
6.758071786203430076e-01 1.135573170404047261e-01
6.762417126503744713e-01 1.130421808761409297e-01
6.766742048310494528e-01 1.125291259296817836e-01
6.771046648347465169e-01 1.120181438657482653e-01
6.775331022892168154e-01 1.115092263813893814e-01
6.779595267777707157e-01 1.110023652058746979e-01
6.783839478394650957e-01 1.104975521005845396e-01
6.788063749692889726e-01 1.099947788589021869e-01
6.792268176183489103e-01 1.094940373061052963e-01
6.796452851940535389e-01 1.089953192992573205e-01
6.800617870602987391e-01 1.084986167270992619e-01
6.804763325376499417e-01 1.080039215099415362e-01
6.808889309035259796e-01 1.075112255995561705e-01
6.812995913923809432e-01 1.070205209790680012e-01
6.817083231958860345e-01 1.065317996628478703e-01
6.821151354631111996e-01 1.060450536964042678e-01
6.825200373007047627e-01 1.055602751562760844e-01
6.829230377730743928e-01 1.050774561499245863e-01
6.833241459025656273e-01 1.045965888156268342e-01
6.837233706696408397e-01 1.041176653223681026e-01
6.841207210130579863e-01 1.036406778697347431e-01
6.845162058300470198e-01 1.031656186878078252e-01
6.849098339764879695e-01 1.026924800370557778e-01
6.853016142670866895e-01 1.022212542082281406e-01
6.856915554755507181e-01 1.017519335222494270e-01
6.860796663347644708e-01 1.012845103301123206e-01
6.864659555369641009e-01 1.008189770127720930e-01
6.868504317339108045e-01 1.003553259810407994e-01
6.872331035370651264e-01 9.989354967548091935e-02
6.876139795177590441e-01 9.943364056630055181e-02
6.879930682073686077e-01 9.897559115324761070e-02
6.883703780974854691e-01 9.851939396550535299e-02
6.887459176400876348e-01 9.806504156158635244e-02
6.891196952477107729e-01 9.761252652922891571e-02
6.894917192936167449e-01 9.716184148529161124e-02
6.898619981119646916e-01 9.671297907564946339e-02
6.902305399979780098e-01 9.626593197508992450e-02
6.905973532081134403e-01 9.582069288720806988e-02
6.909624459602285995e-01 9.537725454430390215e-02
6.913258264337487358e-01 9.493560970727854542e-02
6.916875027698332623e-01 9.449575116553043941e-02
6.920474830715410697e-01 9.405767173685297688e-02
6.924057754039970591e-01 9.362136426733125294e-02
6.927623877945553454e-01 9.318682163123936935e-02
6.931173282329640140e-01 9.275403673093840506e-02
6.934706046715288785e-01 9.232300249677405368e-02
6.938222250252761292e-01 9.189371188697448289e-02
6.941721971721144246e-01 9.146615788754897114e-02
6.945205289529975401e-01 9.104033351218621117e-02
6.948672281720846833e-01 9.061623180215305773e-02
6.952123025969016989e-01 9.019384582619383028e-02
6.955557599585011630e-01 8.977316868042917175e-02
6.958976079516214774e-01 8.935419348825579533e-02
6.962378542348464094e-01 8.893691340024600933e-02
6.965765064307631871e-01 8.852132159404790812e-02
6.969135721261204841e-01 8.810741127428545205e-02
6.972490588719852944e-01 8.769517567245921352e-02
6.975829741839000286e-01 8.728460804684667895e-02
6.979153255420387225e-01 8.687570168240332791e-02
6.982461203913623571e-01 8.646844989066426734e-02
6.985753661417738458e-01 8.606284600964519971e-02
6.989030701682730218e-01 8.565888340374427923e-02
6.992292398111096263e-01 8.525655546364474535e-02
6.995538823759377411e-01 8.485585560621644596e-02
6.998770051339675558e-01 8.445677727441824878e-02
7.001986153221186893e-01 8.405931393720178502e-02
7.005187201431706256e-01 8.366345908941319465e-02
7.008373267659149253e-01 8.326920625169775825e-02
7.011544423253053271e-01 8.287654897040264146e-02
7.014700739226077397e-01 8.248548081748063865e-02
7.017842286255497886e-01 8.209599539039491578e-02
7.020969134684698076e-01 8.170808631202330918e-02
7.024081354524651655e-01 8.132174723056206922e-02
7.027179015455402578e-01 8.093697181943215746e-02
7.030262186827536119e-01 8.055375377718299035e-02
7.033330937663644367e-01 8.017208682739940251e-02
7.036385336659791712e-01 7.979196471860605655e-02
7.039425452186972576e-01 7.941338122417418433e-02
7.042451352292555811e-01 7.903633014222755104e-02
7.045463104701739088e-01 7.866080529554941858e-02
7.048460776818981088e-01 7.828680053148895368e-02
7.051444435729443683e-01 7.791430972186841331e-02
7.054414148200414125e-01 7.754332676289055204e-02
7.057369980682737243e-01 7.717384557504658460e-02
7.060311999312225417e-01 7.680586010302348221e-02
7.063240269911079672e-01 7.643936431561260125e-02
7.066154857989295213e-01 7.607435220561842293e-02
7.069055828746061421e-01 7.571081778976673782e-02
7.071943247071161842e-01 7.534875510861382963e-02
7.074817177546368629e-01 7.498815822645621409e-02
7.077677684446823658e-01 7.462902123124004472e-02
7.080524831742425196e-01 7.427133823447051864e-02
7.083358683099201247e-01 7.391510337112261464e-02
7.086179301880682901e-01 7.356031079955105412e-02
7.088986751149266574e-01 7.320695470140203831e-02
7.091781093667579583e-01 7.285502928152265412e-02
7.094562391899830178e-01 7.250452876787361056e-02
7.097330708013160905e-01 7.215544741143986585e-02
7.100086103878994193e-01 7.180777948614303074e-02
7.102828641074366844e-01 7.146151928875299486e-02
7.105558380883270075e-01 7.111666113880099616e-02
7.108275384297979560e-01 7.077319937849158027e-02
7.110979712020371046e-01 7.043112837261622516e-02
7.113671424463250403e-01 7.009044250846596658e-02
7.116350581751658133e-01 6.975113619574535573e-02
7.119017243724186095e-01 6.941320386648619500e-02
7.121671469934274246e-01 6.907663997496127362e-02
7.124313319651514043e-01 6.874143899759954657e-02
7.126942851862936301e-01 6.840759543289975930e-02
7.129560125274307936e-01 6.807510380134640382e-02
7.132165198311407606e-01 6.774395864532400946e-02
7.134758129121305803e-01 6.741415452903298799e-02
7.137338975573641608e-01 6.708568603840581179e-02
7.139907795261885015e-01 6.675854778102274789e-02
7.142464645504604803e-01 6.643273438602803616e-02
7.145009583346723092e-01 6.610824050404662255e-02
7.147542665560773223e-01 6.578506080710089243e-02
7.150063948648139878e-01 6.546318998852829196e-02
7.152573488840312521e-01 6.514262276289839448e-02
7.155071342100112197e-01 6.482335386593085502e-02
7.157557564122936089e-01 6.450537805441325379e-02
7.160032210337975433e-01 6.418869010611938375e-02
7.162495335909446759e-01 6.387328481972776029e-02
7.164946995737805358e-01 6.355915701474068591e-02
7.167387244460960982e-01 6.324630153140353706e-02
7.169816136455486877e-01 6.293471323062349576e-02
7.172233725837822149e-01 6.262438699388972463e-02
7.174640066465467481e-01 6.231531772319331974e-02
7.177035211938189718e-01 6.200750034094748564e-02
7.179419215599198711e-01 6.170092978990737720e-02
7.181792130536337471e-01 6.139560103309238404e-02
7.184154009583264555e-01 6.109150905370563933e-02
7.186504905320620917e-01 6.078864885505608218e-02
7.188844870077208959e-01 6.048701546048018685e-02
7.191173955931149386e-01 6.018660391326369208e-02
7.193492214711045829e-01 5.988740927656299728e-02
7.195799697997141697e-01 5.958942663332911227e-02
7.198096457122469261e-01 5.929265108622894243e-02
7.200382543173993177e-01 5.899707775756901640e-02
7.202658006993758466e-01 5.870270178921832560e-02
7.204922899180019602e-01 5.840951834253216290e-02
7.207177270088380716e-01 5.811752259827573930e-02
7.209421169832914700e-01 5.782670975654846668e-02
7.211654648287293412e-01 5.753707503670746348e-02
7.213877755085897903e-01 5.724861367729350281e-02
7.216090539624939737e-01 5.696132093595429602e-02
7.218293051063567889e-01 5.667519208937110697e-02
7.220485338324965641e-01 5.639022243318303484e-02
7.222667450097461916e-01 5.610640728191329529e-02
7.224839434835614860e-01 5.582374196889472451e-02
7.227001340761313175e-01 5.554222184619617142e-02
7.229153215864854154e-01 5.526184228454933400e-02
7.231295107906026143e-01 5.498259867327492945e-02
7.233427064415187679e-01 5.470448642020941943e-02
7.235549132694341079e-01 5.442750095163317869e-02
7.237661359818194917e-01 5.415163771219710931e-02
7.239763792635234285e-01 5.387689216485125332e-02
7.241856477768769951e-01 5.360325979077218417e-02
7.243939461618004172e-01 5.333073608929139731e-02
7.246012790359073197e-01 5.305931657782414490e-02
7.248076509946091983e-01 5.278899679179782645e-02
7.250130666112202249e-01 5.251977228458126756e-02
7.252175304370600539e-01 5.225163862741444287e-02
7.254210470015578505e-01 5.198459140933764377e-02
7.256236208123545417e-01 5.171862623712086826e-02
7.258252563554050685e-01 5.145373873519509811e-02
7.260259580950807479e-01 5.118992454558168870e-02
7.262257304742707475e-01 5.092717932782309109e-02
7.264245779144826720e-01 5.066549875891435128e-02
7.266225048159434818e-01 5.040487853323361023e-02
7.268195155576996358e-01 5.014531436247360308e-02
7.270156144977167889e-01 4.988680197557360252e-02
7.272108059729793794e-01 4.962933711865091801e-02
7.274050942995888835e-01 4.937291555493295014e-02
7.275984837728634025e-01 4.911753306469035518e-02
7.277909786674343628e-01 4.886318544516876639e-02
7.279825832373452155e-01 4.860986851052195856e-02
7.281733017161480248e-01 4.835757809174534572e-02
7.283631383170008355e-01 4.810631003660903460e-02
7.285520972327630407e-01 4.785606020959110030e-02
7.287401826360926371e-01 4.760682449181252718e-02
7.289273986795408167e-01 4.735859878097015141e-02
7.291137494956474452e-01 4.711137899127193496e-02
7.292992391970354316e-01 4.686516105337068527e-02
7.294838718765057628e-01 4.661994091430032849e-02
7.296676516071305407e-01 4.637571453740896299e-02
7.298505824423471289e-01 4.613247790229602074e-02
7.300326684160507451e-01 4.589022700474720828e-02
7.302139135426872762e-01 4.564895785667011374e-02
7.303943218173458707e-01 4.540866648603059108e-02
7.305738972158501987e-01 4.516934893678881124e-02
7.307526436948506010e-01 4.493100126883597945e-02
7.309305651919142388e-01 4.469361955793105246e-02
7.311076656256167983e-01 4.445719989563801100e-02
7.312839488956319745e-01 4.422173838926257705e-02
7.314594188828213994e-01 4.398723116179026338e-02
7.316340794493247923e-01 4.375367435182375697e-02
7.318079344386481111e-01 4.352106411352130166e-02
7.319809876757527034e-01 4.328939661653430360e-02
7.321532429671437914e-01 4.305866804594593589e-02
7.323247041009577352e-01 4.282887460221052045e-02
7.324953748470501846e-01 4.260001250109135551e-02
7.326652589570830099e-01 4.237207797360054151e-02
7.328343601646106764e-01 4.214506726593836294e-02
7.330026821851670649e-01 4.191897663943222607e-02
7.331702287163512910e-01 4.169380237047726201e-02
7.333370034379134150e-01 4.146954075047593058e-02
7.335030100118389296e-01 4.124618808577851237e-02
7.336682520824346909e-01 4.102374069762337871e-02
7.338327332764127409e-01 4.080219492207803889e-02
7.339964572029744616e-01 4.058154710998007619e-02
7.341594274538938425e-01 4.036179362687786210e-02
7.343216476036020790e-01 4.014293085297238051e-02
7.344831212092688411e-01 3.992495518305883007e-02
7.346438518108862059e-01 3.970786302646878152e-02
7.348038429313501485e-01 3.949165080701122488e-02
7.349630980765426980e-01 3.927631496291594804e-02
7.351216207354134280e-01 3.906185194677591621e-02
7.352794143800600590e-01 3.884825822548931828e-02
7.354364824658099486e-01 3.863553028020316749e-02
7.355928284313000276e-01 3.842366460625623592e-02
7.357484556985567359e-01 3.821265771312254422e-02
7.359033676730759588e-01 3.800250612435485120e-02
7.360575677439022968e-01 3.779320637752880963e-02
7.362110592837080025e-01 3.758475502418656689e-02
7.363638456488711403e-01 3.737714862978147590e-02
7.365159301795545232e-01 3.717038377362191781e-02
7.366673161997829844e-01 3.696445704881679006e-02
7.368180070175214258e-01 3.675936506221988420e-02
7.369680059247515347e-01 3.655510443437537393e-02
7.371173161975487220e-01 3.635167179946230398e-02
7.372659410961588389e-01 3.614906380524152141e-02
7.374138838650740047e-01 3.594727711300016448e-02
7.375611477331085464e-01 3.574630839749848299e-02
7.377077359134744938e-01 3.554615434691510423e-02
7.378536516038564086e-01 3.534681166279440845e-02
7.379988979864864351e-01 3.514827705999257201e-02
7.381434782282185747e-01 3.495054726662405464e-02
7.382873954806026262e-01 3.475361902400941894e-02
7.384306528799583491e-01 3.455748908662203966e-02
7.385732535474481830e-01 3.436215422203525716e-02
7.387152005891508555e-01 3.416761121087064090e-02
7.388564970961342127e-01 3.397385684674503192e-02
7.389971461445268286e-01 3.378088793621936148e-02
7.391371507955910580e-01 3.358870129874647059e-02
7.392765140957939796e-01 3.339729376661904059e-02
7.394152390768791161e-01 3.320666218491941102e-02
7.395533287559377111e-01 3.301680341146695508e-02
7.396907861354790059e-01 3.282771431676856366e-02
7.398276142035011826e-01 3.263939178396657592e-02
7.399638159335608645e-01 3.245183270878926329e-02
7.400993942848435037e-01 3.226503399949931516e-02
7.402343522022325484e-01 3.207899257684487804e-02
7.403686926163783877e-01 3.189370537400848526e-02
7.405024184437674073e-01 3.170916933655787417e-02
7.406355325867903794e-01 3.152538142239635910e-02
7.407680379338109633e-01 3.134233860171309338e-02
7.408999373592330961e-01 3.116003785693410855e-02
7.410312337235687163e-01 3.097847618267290937e-02
7.411619298735050432e-01 3.079765058568251224e-02
7.412920286419715232e-01 3.061755808480570717e-02
7.414215328482065548e-01 3.043819571092720722e-02
7.415504452978234351e-01 3.025956050692546473e-02
7.416787687828766407e-01 3.008164952762426569e-02
7.418065060819274414e-01 2.990445983974487909e-02
7.419336599601096260e-01 2.972798852185853935e-02
7.420602331691934506e-01 2.955223266433903984e-02
7.421862284476521410e-01 2.937718936931499325e-02
7.423116485207250648e-01 2.920285575062286920e-02
7.424364961004820129e-01 2.902922893376025382e-02
7.425607738858878148e-01 2.885630605583855424e-02
7.426844845628652880e-01 2.868408426553692436e-02
7.428076308043587428e-01 2.851256072305574651e-02
7.429302152703967099e-01 2.834173260007011308e-02
7.430522406081552234e-01 2.817159707968430737e-02
7.431737094520196596e-01 2.800215135638528530e-02
7.432946244236469102e-01 2.783339263599737823e-02
7.434149881320275544e-01 2.766531813563655184e-02
7.435348031735469210e-01 2.749792508366588617e-02
7.436540721320470393e-01 2.733121071964916826e-02
7.437727975788863688e-01 2.716517229430659430e-02
7.438909820730017497e-01 2.699980706947024967e-02
7.440086281609681329e-01 2.683511231803870078e-02
7.441257383770589762e-01 2.667108532393369646e-02
7.442423152433054190e-01 2.650772338205442669e-02
7.443583612695565677e-01 2.634502379823477902e-02
7.444738789535385592e-01 2.618298388919870767e-02
7.445888707809130702e-01 2.602160098251626863e-02
7.447033392253368245e-01 2.586087241656109814e-02
7.448172867485192139e-01 2.570079554046578174e-02
7.449307158002808071e-01 2.554136771407911066e-02
7.450436288186115252e-01 2.538258630792344928e-02
7.451560282297274851e-01 2.522444870315121435e-02
7.452679164481290641e-01 2.506695229150246451e-02
7.453792958766576326e-01 2.491009447526248977e-02
7.454901689065521753e-01 2.475387266721873480e-02
7.456005379175061343e-01 2.459828429061938770e-02
7.457104052777234759e-01 2.444332677913085838e-02
7.458197733439745347e-01 2.428899757679625626e-02
7.459286444616523015e-01 2.413529413799320178e-02
7.460370209648271578e-01 2.398221392739263713e-02
7.461449051763023865e-01 2.382975441991741494e-02
7.462522994076692395e-01 2.367791310070044286e-02
7.463592059593613381e-01 2.352668746504504860e-02
7.464656271207094074e-01 2.337607501838245838e-02
7.465715651699948996e-01 2.322607327623193996e-02
7.466770223745045065e-01 2.307667976416005740e-02
7.467820009905832279e-01 2.292789201774025898e-02
7.468865032636884393e-01 2.277970758251302019e-02
7.469905314284420728e-01 2.263212401394443241e-02
7.470940877086844623e-01 2.248513887738790018e-02
7.471971743175260805e-01 2.233874974804361813e-02
7.472997934574008294e-01 2.219295421091849185e-02
7.474019473201174435e-01 2.204774986078750221e-02
7.475036380869115593e-01 2.190313430215384827e-02
7.476048679284974519e-01 2.175910514921008954e-02
7.477056390051192158e-01 2.161566002579906609e-02
7.478059534666021690e-01 2.147279656537437464e-02
7.479058134524034784e-01 2.133051241096339812e-02
7.480052210916630084e-01 2.118880521512689352e-02
7.481041785032536140e-01 2.104767263992168846e-02
7.482026877958312117e-01 2.090711235686204539e-02
7.483007510678849616e-01 2.076712204688169194e-02
7.483983704077867838e-01 2.062769940029596238e-02
7.484955478938406515e-01 2.048884211676404998e-02
7.485922855943322185e-01 2.035054790525103741e-02
7.486885855675771140e-01 2.021281448399092628e-02
7.487844498619705691e-01 2.007563958044866759e-02
7.488798805160351568e-01 1.993902093128374631e-02
7.489748795584694196e-01 1.980295628231243388e-02
7.490694490081958312e-01 1.966744338847148388e-02
7.491635908744087580e-01 1.953248001378093957e-02
7.492573071566214216e-01 1.939806393130805162e-02
7.493505998447143046e-01 1.926419292312975262e-02
7.494434709189812249e-01 1.913086478029801807e-02
7.495359223501770751e-01 1.899807730280234086e-02
7.496279560995635638e-01 1.886582829953420415e-02
7.497195741189568441e-01 1.873411558825111012e-02
7.498107783507723667e-01 1.860293699554116387e-02
7.499015707280720644e-01 1.847229035678699116e-02
7.499919531746097601e-01 1.834217351613054436e-02
7.500819276048759088e-01 1.821258432643790837e-02
7.501714959241445602e-01 1.808352064926421754e-02
7.502606600285166571e-01 1.795498035481812860e-02
7.503494218049665543e-01 1.782696132192740368e-02
7.504377831313853164e-01 1.769946143800393834e-02
7.505257458766264600e-01 1.757247859900923359e-02
7.506133119005491405e-01 1.744601070942009002e-02
7.507004830540626727e-01 1.732005568219385783e-02
7.507872611791703843e-01 1.719461143873501907e-02
7.508736481090130255e-01 1.706967590885977160e-02
7.509596456679125120e-01 1.694524703076361050e-02
7.510452556714145578e-01 1.682132275098668917e-02
7.511304799263324172e-01 1.669790102438017954e-02
7.512153202307887412e-01 1.657497981407329846e-02
7.512997783742587643e-01 1.645255709143933487e-02
7.513838561376128267e-01 1.633063083606256516e-02
7.514675552931577851e-01 1.620919903570527953e-02
7.515508776046796457e-01 1.608825968627503045e-02
7.516338248274849754e-01 1.596781079179065976e-02
7.517163987084425347e-01 1.584785036435143457e-02
7.517986009860246899e-01 1.572837642410229719e-02
7.518804333903482684e-01 1.560938699920322303e-02
7.519618976432158597e-01 1.549088012579613594e-02
7.520429954581563381e-01 1.537285384797248966e-02
7.521237285404654971e-01 1.525530621774162654e-02
7.522040985872463503e-01 1.513823529499846998e-02
7.522841072874490997e-01 1.502163914749221618e-02
7.523637563219116586e-01 1.490551585079402663e-02
7.524430473633987315e-01 1.478986348826571984e-02
7.525219820766416712e-01 1.467468015102835199e-02
7.526005621183781136e-01 1.455996393793146382e-02
7.526787891373905026e-01 1.444571295552066204e-02
7.527566647745458361e-01 1.433192531800764336e-02
7.528341906628339686e-01 1.421859914723866414e-02
7.529113684274063578e-01 1.410573257266400926e-02
7.529881996856144788e-01 1.399332373130723894e-02
7.530646860470480153e-01 1.388137076773443557e-02
7.531408291135730515e-01 1.376987183402422765e-02
7.532166304793699307e-01 1.365882508973692566e-02
7.532920917309705588e-01 1.354822870188454598e-02
7.533672144472964849e-01 1.343808084490083488e-02
7.534420001996957605e-01 1.332837970061118149e-02
7.535164505519802436e-01 1.321912345820253076e-02
7.535905670604625683e-01 1.311031031419440662e-02
7.536643512739926720e-01 1.300193847240860290e-02
7.537378047339947651e-01 1.289400614393987343e-02
7.538109289745035246e-01 1.278651154712673321e-02
7.538837255222003986e-01 1.267945290752192644e-02
7.539561958964493549e-01 1.257282845786378278e-02
7.540283416093334079e-01 1.246663643804679644e-02
7.541001641656893684e-01 1.236087509509242732e-02
7.541716650631443697e-01 1.225554268312112338e-02
7.542428457921506180e-01 1.215063746332334382e-02
7.543137078360206971e-01 1.204615770393047125e-02
7.543842526709627627e-01 1.194210168018705609e-02
7.544544817661147373e-01 1.183846767432239488e-02
7.545243965835799482e-01 1.173525397552177552e-02
7.545939985784608783e-01 1.163245887989916572e-02
7.546632891988938052e-01 1.153008069046845829e-02
7.547322698860826629e-01 1.142811771711649271e-02
7.548009420743335696e-01 1.132656827657441134e-02
7.548693071910881347e-01 1.122543069239045899e-02
7.549373666569573205e-01 1.112470329490222731e-02
7.550051218857548596e-01 1.102438442120956541e-02
7.550725742845307842e-01 1.092447241514704626e-02
7.551397252536041771e-01 1.082496562725687728e-02
7.552065761865967009e-01 1.072586241476136681e-02
7.552731284704650161e-01 1.062716114153650082e-02
7.553393834855337552e-01 1.052886017808485342e-02
7.554053426055274967e-01 1.043095790150860847e-02
7.554710071976038499e-01 1.033345269548324730e-02
7.555363786223853184e-01 1.023634295023079233e-02
7.556014582339911634e-01 1.013962706249338375e-02
7.556662473800694890e-01 1.004330343550674520e-02
7.557307474018288840e-01 9.947370478974426611e-03
7.557949596340701737e-01 9.851826609040936766e-03
7.558588854052173955e-01 9.756670248266541279e-03
7.559225260373496624e-01 9.661899825600839264e-03
7.559858828462315827e-01 9.567513776357006172e-03
7.560489571413450127e-01 9.473510542186036609e-03
7.561117502259190326e-01 9.379888571051320234e-03
7.561742633969610328e-01 9.286646317202995604e-03
7.562364979452873559e-01 9.193782241152415047e-03
7.562984551555530510e-01 9.101294809647275663e-03
7.563601363062828487e-01 9.009182495645640110e-03
7.564215426699005818e-01 8.917443778291955780e-03
7.564826755127591618e-01 8.826077142890742522e-03
7.565435360951707766e-01 8.735081080882833859e-03
7.566041256714359786e-01 8.644454089819841869e-03
7.566644454898732164e-01 8.554194673339732269e-03
7.567244967928488109e-01 8.464301341142399515e-03
7.567842808168048219e-01 8.374772608964797804e-03
7.568437987922895793e-01 8.285606998556516167e-03
7.569030519439852167e-01 8.196803037656019697e-03
7.569620414907372030e-01 8.108359259965780552e-03
7.570207686455828755e-01 8.020274205128741229e-03
7.570792346157797503e-01 7.932546418703556590e-03
7.571374406028335002e-01 7.845174452141501220e-03
7.571953878025269313e-01 7.758156862762266570e-03
7.572530774049472946e-01 7.671492213729980136e-03
7.573105105945143745e-01 7.585179074030001800e-03
7.573676885500084666e-01 7.499216018445387100e-03
7.574246124445978001e-01 7.413601627532795391e-03
7.574812834458661825e-01 7.328334487600063341e-03
7.575377027158398668e-01 7.243413190682224112e-03
7.575938714110155292e-01 7.158836334518858813e-03
7.576497906823866924e-01 7.074602522530892834e-03
7.577054616754710370e-01 6.990710363797059124e-03
7.577608855303370472e-01 6.907158473031915769e-03
7.578160633816306557e-01 6.823945470562420290e-03
7.578709963586020004e-01 6.741069982305281094e-03
7.579256855851316255e-01 6.658530639744975055e-03
7.579801321797570157e-01 6.576326079910543854e-03
7.580343372556982429e-01 6.494454945352945430e-03
7.580883019208846108e-01 6.412915884123848720e-03
7.581420272779803016e-01 6.331707549752429998e-03
7.581955144244097999e-01 6.250828601223612502e-03
7.582487644523840942e-01 6.170277702955528909e-03
7.583017784489259894e-01 6.090053524777983007e-03
7.583545574958950874e-01 6.010154741910800347e-03
7.584071026700136553e-01 5.930580034941401735e-03
7.584594150428916048e-01 5.851328089803264909e-03
7.585114956810512510e-01 5.772397597754941323e-03
7.585633456459521806e-01 5.693787255357518617e-03
7.586149659940164547e-01 5.615495764453859451e-03
7.586663577766530331e-01 5.537521832146841128e-03
7.587175220402817555e-01 5.459864170778372383e-03
7.587684598263588764e-01 5.382521497908077102e-03
7.588191721714000471e-01 5.305492536292200079e-03
7.588696601070055170e-01 5.228776013862623806e-03
7.589199246598837822e-01 5.152370663705663212e-03
7.589699668518752329e-01 5.076275224041637557e-03
7.590197876999762450e-01 5.000488438203998243e-03
7.590693882163628281e-01 4.925009054618345594e-03
7.591187694084142734e-01 4.849835826781778714e-03
7.591679322787363571e-01 4.774967513243244532e-03
7.592168778251849881e-01 4.700402877581777439e-03
7.592656070408889679e-01 4.626140688387514466e-03
7.593141209142736381e-01 4.552179719240267985e-03
7.593624204290834179e-01 4.478518748689763740e-03
7.594105065644047858e-01 4.405156560235989893e-03
7.594583802946892614e-01 4.332091942308435861e-03
7.595060425897757206e-01 4.259323688246663409e-03
7.595534944149131551e-01 4.186850596279989567e-03
7.596007367307830993e-01 4.114671469508057733e-03
7.596477704935216124e-01 4.042785115881186719e-03
7.596945966547419271e-01 3.971190348180164698e-03
7.597412161615563209e-01 3.899885983997597450e-03
7.597876299565978764e-01 3.828870845717924354e-03
7.598338389780429081e-01 3.758143760497656416e-03
7.598798441596319453e-01 3.687703560246724521e-03
7.599256464306923808e-01 3.617549081608717465e-03
7.599712467161587881e-01 3.547679165942452251e-03
7.600166459365956806e-01 3.478092659302212120e-03
7.600618450082176070e-01 3.408788412418761737e-03
7.601068448429112445e-01 3.339765280680917492e-03
7.601516463482562713e-01 3.271022124116118590e-03
7.601962504275460164e-01 3.202557807372108378e-03
7.602406579798091091e-01 3.134371199697949528e-03
7.602848698998294630e-01 3.066461174925705357e-03
7.603288870781677034e-01 2.998826611451343993e-03
7.603727104011810400e-01 2.931466392216974803e-03
7.604163407510444728e-01 2.864379404691974607e-03
7.604597790057706641e-01 2.797564540854557968e-03
7.605030260392307007e-01 2.731020697174124656e-03
7.605460827211736330e-01 2.664746774592274825e-03
7.605889499172473478e-01 2.598741678505267494e-03
7.606316284890178858e-01 2.533004318746145955e-03
7.606741192939895368e-01 2.467533609566086028e-03
7.607164231856250458e-01 2.402328469617187601e-03
7.607585410133647086e-01 2.337387821934155951e-03
7.608004736226463560e-01 2.272710593916871247e-03
7.608422218549245608e-01 2.208295717312735995e-03
7.608837865476902884e-01 2.144142128198911479e-03
7.609251685344903260e-01 2.080248766964776230e-03
7.609663686449458231e-01 2.016614578294606552e-03
7.610073877047723867e-01 1.953238511149923973e-03
7.610482265357981779e-01 1.890119518752952921e-03
7.610888859559834518e-01 1.827256558568191025e-03
7.611293667794390982e-01 1.764648592285977813e-03
7.611696698164454045e-01 1.702294585805508298e-03
7.612097958734709291e-01 1.640193509217291457e-03
7.612497457531908207e-01 1.578344336786496882e-03
7.612895202545050255e-01 1.516746046935968373e-03
7.613291201725573831e-01 1.455397622229459564e-03
7.613685462987533903e-01 1.394298049354869562e-03
7.614077994207781863e-01 1.333446319107145506e-03
7.614468803226152049e-01 1.272841426372406382e-03
7.614857897845638268e-01 1.212482370110845586e-03
7.615245285832574762e-01 1.152368153340077583e-03
7.615630974916811624e-01 1.092497783119594779e-03
7.616014972791895765e-01 1.032870270533114976e-03
7.616397287115244108e-01 9.734846306734823429e-04
7.616777925508320113e-01 9.143398826256809997e-04
7.617156895556813634e-01 8.554350494509588287e-04
7.617534204810805232e-01 7.967691581706182191e-04
7.617909860784944920e-01 7.383412397501398772e-04
7.618283870958626469e-01 6.801503290830845927e-04
7.618656242776153942e-01 6.221954649752170496e-04
7.619026983646913775e-01 5.644756901285186146e-04
7.619396100945543537e-01 5.069900511259772813e-04
7.619763602012105119e-01 4.497375984150453476e-04
7.620129494152246830e-01 3.927173862924293601e-04
7.620493784637372148e-01 3.359284728885469917e-04
7.620856480704808478e-01 2.793699201517618746e-04
7.621217589557970351e-01 2.230407938335066120e-04
7.621577118366522630e-01 1.669401634720735217e-04
7.621935074266550370e-01 1.110671023778486699e-04
7.622291464360710922e-01 5.542068761765772678e-05
7.622646295718410459e-01 0.000000000000000000e+00
