1.000000000000000000e+00 5.920252450990713677e-02
9.930645863635023662e-01 5.944970125957303037e-02
9.861797396592715259e-01 5.969978382099035141e-02
9.793450839605010172e-01 5.995280699546982894e-02
9.725602460737984289e-01 6.020880587320797533e-02
9.658248555192919804e-01 6.046781583332127424e-02
9.591385445108938645e-01 6.072987254380928651e-02
9.525009479367204657e-01 6.099501196144511972e-02
9.459117033396694518e-01 6.126327033159117974e-02
9.393704508981508550e-01 6.153468418793876099e-02
9.328768334069713619e-01 6.180929035216937290e-02
9.264304962583740366e-01 6.208712593353619968e-02
9.200310874232273672e-01 6.236822832836376451e-02
9.136782574323667472e-01 6.265263521946394520e-02
9.073716593580859469e-01 6.294038457546656529e-02
9.011109487957776887e-01 6.323151465006254801e-02
8.948957838457217706e-01 6.352606398115799580e-02
8.887258250950210714e-01 6.382407138993700935e-02
8.826007355996834391e-01 6.412557597983155333e-02
8.765201808668500183e-01 6.443061713539650903e-02
8.704838288371660182e-01 6.473923452108767962e-02
8.644913498672961438e-01 6.505146807994126312e-02
8.585424167125831341e-01 6.536735803215257268e-02
8.526367045098461883e-01 6.568694487355208889e-02
8.467738907603216125e-01 6.601026937397705407e-02
8.409536553127426872e-01 6.633737257553663780e-02
8.351756803465576473e-01 6.666829579076850865e-02
8.294396503552861066e-01 6.700308060068529969e-02
8.237452521300128172e-01 6.734176885270856672e-02
8.180921747430164315e-01 6.768440265848865711e-02
8.124801095315339339e-01 6.803102439160844950e-02
8.069087500816591874e-01 6.838167668516886843e-02
8.013777922123743735e-01 6.873640242925456445e-02
7.958869339597136605e-01 6.909524476827755279e-02
7.904358755610587650e-01 6.945824709819715947e-02
7.850243194395636337e-01 6.982545306361416515e-02
7.796519701887100195e-01 7.019690655473738439e-02
7.743185345569905120e-01 7.057265170422082068e-02
7.690237214327195758e-01 7.095273288386945432e-02
7.637672418289707110e-01 7.133719470121194228e-02
7.585488088686397345e-01 7.172608199593837053e-02
7.533681377696325177e-01 7.211943983620111576e-02
7.482249458301762912e-01 7.251731351477733178e-02
7.431189524142540748e-01 7.291974854509108983e-02
7.380498789371604529e-01 7.332679065709342414e-02
7.330174488511786990e-01 7.373848579299879802e-02
7.280213876313769150e-01 7.415488010287613063e-02
7.230614227615242973e-01 7.457601994009274704e-02
7.181372837201240866e-01 7.500195185660978037e-02
7.132487019665638694e-01 7.543272259812737468e-02
7.083954109273823407e-01 7.586837909907805100e-02
7.035771459826501983e-01 7.630896847746708456e-02
6.987936444524651680e-01 7.675453802955786720e-02
6.940446455835604933e-01 7.720513522440153320e-02
6.893298905360247808e-01 7.766080769820891960e-02
6.846491223701327566e-01 7.812160324856380622e-02
6.800020860332864903e-01 7.858756982847624195e-02
6.753885283470649759e-01 7.905875554027444463e-02
6.708081979943814055e-01 7.953520862933448343e-02
6.662608455067483559e-01 8.001697747764641155e-02
6.617462232516471143e-01 8.050411059721578055e-02
6.572640854200032523e-01 8.099665662329982863e-02
6.528141880137651176e-01 8.149466430747705215e-02
6.483962888335851327e-01 8.199818251054964702e-02
6.440101474666025672e-01 8.250726019527784838e-02
6.396555252743272302e-01 8.302194641894547478e-02
6.353321853806223052e-01 8.354229032575620495e-02
6.310398926597855507e-01 8.406834113905975459e-02
6.267784137247278675e-01 8.460014815340781424e-02
6.225475169152487886e-01 8.513776072643901294e-02
6.183469722864057827e-01 8.568122827059287960e-02
6.141765515969784817e-01 8.623060024465238615e-02
6.100360282980260562e-01 8.678592614511503045e-02
6.059251775215364066e-01 8.734725549739241757e-02
6.018437760691651706e-01 8.791463784683829774e-02
5.977916024010657692e-01 8.848812274960540791e-02
5.937684366248070500e-01 8.906775976333106137e-02
5.897740604843790813e-01 8.965359843765213776e-02
5.858082573492847667e-01 9.024568830454975099e-02
5.818708122037166142e-01 9.084407886852417791e-02
5.779615116358186588e-01 9.144881959660070003e-02
5.740801438270296542e-01 9.205995990816727426e-02
5.702264985415097520e-01 9.267754916464465698e-02
5.664003671156472297e-01 9.330163665899027237e-02
5.626015424476445981e-01 9.393227160503681006e-02
5.588298189871835353e-01 9.456950312666669023e-02
5.550849927251670923e-01 9.521338024682401979e-02
5.513668611835389477e-01 9.586395187636528870e-02
5.476752234051757151e-01 9.652126680275066595e-02
5.440098799438557453e-01 9.718537367857726927e-02
5.403706328542990933e-01 9.785632100995671212e-02
5.367572856822799832e-01 9.853415714473874598e-02
5.331696434548095498e-01 9.921893026058295484e-02
5.296075126703886360e-01 9.991068835288115235e-02
5.260707012893283130e-01 1.006094792225325635e-01
5.225590187241381246e-01 1.013153504635746077e-01
5.190722758299808337e-01 1.020283494506717958e-01
5.156102848951911177e-01 1.027485233264655989e-01
5.121728596318601001e-01 1.034759189887883707e-01
5.087598151664809443e-01 1.042105830777443759e-01
5.053709680306576191e-01 1.049525619626611589e-01
5.020061361518732834e-01 1.057019017289147628e-01
4.986651388443199551e-01 1.064586481646322830e-01
4.953477967997849118e-01 1.072228467472755437e-01
4.920539320785963233e-01 1.079945426301095329e-01
4.887833681006242270e-01 1.087737806285600239e-01
4.855359296363379595e-01 1.095606052064640595e-01
4.823114427979172669e-01 1.103550604622179909e-01
4.791097350304173164e-01 1.111571901148272479e-01
4.759306351029863880e-01 1.119670374898626419e-01
4.727739731001341372e-01 1.127846455053278796e-01
4.696395804130518159e-01 1.136100566574430037e-01
4.665272897309801770e-01 1.144433130063493009e-01
4.634369350326278947e-01 1.152844561617402674e-01
4.603683515776361146e-01 1.161335272684243941e-01
4.573213758980905208e-01 1.169905669918250984e-01
4.542958457900788671e-01 1.178556155034234804e-01
4.512916003052935832e-01 1.187287124661496329e-01
4.483084797426783452e-01 1.196098970197283506e-01
4.453463256401178905e-01 1.204992077659856331e-01
4.424049807661700195e-01 1.213966827541215349e-01
4.394842891118392880e-01 1.223023594659564534e-01
4.365840958823910545e-01 1.232162748011566139e-01
4.337042474892059407e-01 1.241384650624458019e-01
4.308445915416727612e-01 1.250689659408098509e-01
4.280049768391201992e-01 1.260078125007007832e-01
4.251852533627864528e-01 1.269550391652474464e-01
4.223852722678248517e-01 1.279106797014799290e-01
4.196048858753464450e-01 1.288747672055748084e-01
4.168439476644979491e-01 1.298473340881284022e-01
4.141023122645744459e-01 1.308284120594657152e-01
4.113798354471662200e-01 1.318180321149924616e-01
4.086763741183396803e-01 1.328162245205975478e-01
4.059917863108506997e-01 1.338230187981139518e-01
4.033259311763910393e-01 1.348384437108460232e-01
4.006786689778661370e-01 1.358625272491702785e-01
3.980498610817045368e-01 1.368952966162185203e-01
3.954393699501982384e-01 1.379367782136508014e-01
3.928470591338732998e-01 1.389869976275261432e-01
3.902727932638904718e-01 1.400459796142800306e-01
3.877164380444752534e-01 1.411137480868155658e-01
3.851778602453770350e-01 1.421903261007177732e-01
3.826569276943571629e-01 1.432757358405986059e-01
3.801535092697045926e-01 1.443699986065811458e-01
3.776674748927805747e-01 1.454731348009314917e-01
3.751986955205900975e-01 1.465851639148464669e-01
3.727470431383810290e-01 1.477061045154060281e-01
3.703123907522702374e-01 1.488359742326979263e-01
3.678946123818966352e-01 1.499747897471240266e-01
3.654935830531004237e-01 1.511225667768959224e-01
3.631091787906293167e-01 1.522793200657285850e-01
3.607412766108700763e-01 1.534450633707403200e-01
3.583897545146067509e-01 1.546198094505674969e-01
3.560544914798044469e-01 1.558035700537020452e-01
3.537353674544186366e-01 1.569963559070603198e-01
3.514322633492303893e-01 1.581981767047913878e-01
3.491450610307068603e-01 1.594090410973328376e-01
3.468736433138872588e-01 1.606289566807223290e-01
3.446178939552944076e-01 1.618579299861725440e-01
3.423776976458711152e-01 1.630959664699181966e-01
3.401529400039426942e-01 1.643430705033417927e-01
3.379435075682041822e-01 1.655992453633871320e-01
3.357492877907330975e-01 1.668644932232670741e-01
3.335701690300278965e-01 1.681388151434738132e-01
3.314060405440714674e-01 1.694222110630985434e-01
3.292567924834207127e-01 1.707146797914681768e-01
3.271223158843213352e-01 1.720162190001057190e-01
3.250025026618487134e-01 1.733268252150217958e-01
3.228972456030743676e-01 1.746464938093436059e-01
3.208064383602589609e-01 1.759752189962882629e-01
3.187299754440709454e-01 1.773129938224868030e-01
3.166677522168320769e-01 1.786598101616653500e-01
3.146196648857889633e-01 1.800156587086889637e-01
3.125856104964118698e-01 1.813805289739748583e-01
3.105654869257202799e-01 1.827544092782798502e-01
3.085591928756353797e-01 1.841372867478682507e-01
3.065666278663605193e-01 1.855291473100646737e-01
3.045876922297885425e-01 1.869299756891975306e-01
3.026222871029379258e-01 1.883397554029373477e-01
3.006703144214162293e-01 1.897584687590350150e-01
2.987316769129125249e-01 1.911860968524637938e-01
2.968062780907181342e-01 1.926226195629694438e-01
2.948940222472767880e-01 1.940680155530321582e-01
2.929948144477634853e-01 1.955222622662438625e-01
2.911085605236934937e-01 1.969853359261039827e-01
2.892351670665606611e-01 1.984572115352371546e-01
2.873745414215062577e-01 1.999378628750347886e-01
2.855265916810182936e-01 2.014272625057239030e-01
2.836912266786611458e-01 2.029253817668644488e-01
2.818683559828369378e-01 2.044321907782776782e-01
2.800578898905778935e-01 2.059476584414067779e-01
2.782597394213703335e-01 2.074717524411109904e-01
2.764738163110112557e-01 2.090044392478946356e-01
2.747000330054965578e-01 2.105456841205710083e-01
2.729383026549425661e-01 2.120954511093622596e-01
2.711885391075400942e-01 2.136537030594347630e-01
2.694506569035421961e-01 2.152204016148700771e-01
2.677245712692852830e-01 2.167955072230706159e-01
2.660101981112441560e-01 2.183789791395996382e-01
2.643074540101216230e-01 2.199707754334539189e-01
2.626162562149723656e-01 2.215708529927679915e-01
2.609365226373617785e-01 2.231791675309478251e-01
2.592681718455597806e-01 2.247956735932322425e-01
2.576111230587707079e-01 2.264203245636794981e-01
2.559652961413980132e-01 2.280530726725760737e-01
2.543306115973459347e-01 2.296938690042650555e-01
2.527069905643566927e-01 2.313426635053907610e-01
2.510943548083847676e-01 2.329994049935558975e-01
2.494926267180080093e-01 2.346640411663869774e-01
2.479017292988755783e-01 2.363365186110047977e-01
2.463215861681933017e-01 2.380167828138944341e-01
2.447521215492470259e-01 2.397047781711707237e-01
2.431932602659632181e-01 2.414004479992337693e-01
2.416449277375080640e-01 2.431037345458093579e-01
2.401070499729247021e-01 2.448145790013687983e-01
2.385795535658089550e-01 2.465329215109220429e-01
2.370623656890236686e-01 2.482587011861780990e-01
2.355554140894521864e-01 2.499918561180667076e-01
2.340586270827906545e-01 2.517323233896139878e-01
2.325719335483795724e-01 2.534800390891659427e-01
2.310952629240749512e-01 2.552349383239521652e-01
2.296285452011588568e-01 2.569969552339829155e-01
2.281717109192895609e-01 2.587660230062716060e-01
2.267246911614918814e-01 2.605420738893753363e-01
2.252874175491871023e-01 2.623250392082450699e-01
2.238598222372630842e-01 2.641148493793781249e-01
2.224418379091846198e-01 2.659114339262637072e-01
2.210333977721439247e-01 2.677147214951133836e-01
2.196344355522515113e-01 2.695246398708684987e-01
2.182448854897674761e-01 2.713411159934743799e-01
2.168646823343731989e-01 2.731640759744131675e-01
2.154937613404835917e-01 2.749934451134865565e-01
2.141320582625999003e-01 2.768291479158378476e-01
2.127795093507029167e-01 2.786711081092054232e-01
2.114360513456871038e-01 2.805192486613969360e-01
2.101016214748348265e-01 2.823734917979754955e-01
2.087761574473316617e-01 2.842337590201474140e-01
2.074595974498218975e-01 2.860999711228423559e-01
2.061518801420047231e-01 2.879720482129755066e-01
2.048529446522709407e-01 2.898499097278821046e-01
2.035627305733800352e-01 2.917334744539145097e-01
2.022811779581776270e-01 2.936226605451909832e-01
2.010082273153534493e-01 2.955173855424871321e-01
1.997438196052391257e-01 2.974175663922591917e-01
1.984878962356466936e-01 2.993231194657892114e-01
1.972403990577465960e-01 3.012339605784418173e-01
1.960012703619860297e-01 3.031500050090230602e-01
1.947704528740470675e-01 3.050711675192301908e-01
1.935478897508441098e-01 3.069973623731829804e-01
1.923335245765615820e-01 3.089285033570262629e-01
1.911273013587304059e-01 3.108645037985935389e-01
1.899291645243440796e-01 3.128052765871218721e-01
1.887390589160139465e-01 3.147507341930075864e-01
1.875569297881631015e-01 3.167007886875936040e-01
1.863827228032593486e-01 3.186553517629776011e-01
1.852163840280866280e-01 3.206143347518325415e-01
1.840578599300548568e-01 3.225776486472282656e-01
1.829070973735479333e-01 3.245452041224459738e-01
1.817640436163097950e-01 3.265169115507750575e-01
1.806286463058682235e-01 3.284926810252840612e-01
1.795008534759961472e-01 3.304724223785548975e-01
1.783806135432103868e-01 3.324560452023727075e-01
1.772678753033073984e-01 3.344434588673612097e-01
1.761625879279359874e-01 3.364345725425554878e-01
1.750647009612064098e-01 3.384292952149028366e-01
1.739741643163361662e-01 3.404275357086831155e-01
1.728909282723316565e-01 3.424292027048407849e-01
1.718149434707057499e-01 3.444342047602192425e-01
1.707461609122309654e-01 3.464424503266905764e-01
1.696845319537279295e-01 3.484538477701714099e-01
1.686300083048890008e-01 3.504683053895181755e-01
1.675825420251363107e-01 3.524857314352935478e-01
1.665420855205148043e-01 3.545060341283966521e-01
1.655085915406189212e-01 3.565291216785501649e-01
1.644820131755536652e-01 3.585549023026364801e-01
1.634623038529289252e-01 3.605832842428768892e-01
1.624494173348872694e-01 3.626141757848463931e-01
1.614433077151647689e-01 3.646474852753181506e-01
1.604439294161844609e-01 3.666831211399307344e-01
1.594512371861822875e-01 3.687209919006724235e-01
1.584651860963649517e-01 3.707610061931768120e-01
1.574857315380999712e-01 3.728030727838234637e-01
1.565128292201366789e-01 3.748471005866385042e-01
1.555464351658588373e-01 3.768929986799897658e-01
1.545865057105678120e-01 3.789406763230714348e-01
1.536329974987965807e-01 3.809900429721732595e-01
1.526858674816535810e-01 3.830410082967296570e-01
1.517450729141967825e-01 3.850934821951442766e-01
1.508105713528372638e-01 3.871473748103855805e-01
1.498823206527719609e-01 3.892025965453497771e-01
1.489602789654454473e-01 3.912590580779872207e-01
1.480444047360403304e-01 3.933166703761878380e-01
1.471346567009960415e-01 3.953753447124235820e-01
1.462309938855553826e-01 3.974349926781431397e-01
1.453333756013390765e-01 3.994955261979172279e-01
1.444417614439472974e-01 4.015568575433308141e-01
1.435561112905885950e-01 4.036188993466198194e-01
1.426763852977353253e-01 4.056815646140500831e-01
1.418025438988053943e-01 4.077447667390365349e-01
1.409345478018704523e-01 4.098084195149994113e-01
1.400723579873894842e-01 4.118724371479576818e-01
1.392159357059678804e-01 4.139367342688560214e-01
1.383652424761420696e-01 4.160012259456253303e-01
1.375202400821883553e-01 4.180658276949744123e-01
1.366808905719567313e-01 4.201304554939128688e-01
1.358471562547287903e-01 4.221950257910032089e-01
1.350189996990994734e-01 4.242594555173425097e-01
1.341963837308824403e-01 4.263236620972717383e-01
1.333792714310387262e-01 4.283875634588140691e-01
1.325676261336285189e-01 4.304510780438399742e-01
1.317614114237854184e-01 4.325141248179610876e-01
1.309605911357132890e-01 4.345766232801512863e-01
1.301651293507051221e-01 4.366384934720962119e-01
1.293749903951836033e-01 4.386996559872710089e-01
1.285901388387634681e-01 4.407600319797476129e-01
1.278105394923348404e-01 4.428195431727317000e-01
1.270361574061676657e-01 4.448781118668297396e-01
1.262669578680367111e-01 4.469356609480487075e-01
1.255029064013669649e-01 4.489921138955277335e-01
1.247439687633992711e-01 4.510473947890039081e-01
1.239901109433755172e-01 4.531014283160137435e-01
1.232412991607436809e-01 4.551541397788312349e-01
1.224974998633819590e-01 4.572054551011446311e-01
1.217586797258419784e-01 4.592553008344729126e-01
1.210248056476108391e-01 4.613036041643250873e-01
1.202958447513914203e-01 4.633502929161025796e-01
1.195717643814011993e-01 4.653952955607484898e-01
1.188525321016888903e-01 4.674385412201442769e-01
1.181381156944687760e-01 4.694799596722574742e-01
1.174284831584726241e-01 4.715194813560413256e-01
1.167236027073187965e-01 4.735570373760907281e-01
1.160234427678982494e-01 4.755925595070545353e-01
1.153279719787774216e-01 4.776259801978088304e-01
1.146371591886175267e-01 4.796572325753929444e-01
1.139509734546101105e-01 4.816862504487108287e-01
1.132693840409287472e-01 4.837129683120008350e-01
1.125923604171963494e-01 4.857373213480767338e-01
1.119198722569683113e-01 4.877592454313430803e-01
1.112518894362307387e-01 4.897786771305869258e-01
1.105883820319140676e-01 4.917955537115505926e-01
1.099293203204214364e-01 4.938098131392866796e-01
1.092746747761717818e-01 4.958213940803000153e-01
1.086244160701575201e-01 4.978302359044786685e-01
1.079785150685163841e-01 4.998362786868176810e-01
1.073369428311175128e-01 5.018394632089384633e-01
1.066996706101611958e-01 5.038397309604079055e-01
1.060666698487924831e-01 5.058370241398589817e-01
1.054379121797281993e-01 5.078312856559180632e-01
1.048133694238972680e-01 5.098224591279403306e-01
1.041930135890941078e-01 5.118104888865582236e-01
1.035768168686449636e-01 5.137953199740458166e-01
1.029647516400869212e-01 5.157768981445022272e-01
1.023567904638595510e-01 5.177551698638573896e-01
1.017529060820088205e-01 5.197300823097040778e-01
1.011530714169032452e-01 5.217015833709596206e-01
1.005572595699620736e-01 5.236696216473608612e-01
9.996544382039522503e-02 5.256341464487938042e-01
9.937759762395502461e-02 5.275951077944655010e-01
9.879369461169931754e-02 5.295524564119175048e-01
9.821370858876606047e-02 5.315061437358858942e-01
9.763761353315897340e-02 5.334561219070129701e-01
9.706538359454432163e-02 5.354023437704104049e-01
9.649699309305855011e-02 5.373447628740809501e-01
9.593241651812653426e-02 5.392833334671998102e-01
9.537162852729057227e-02 5.412180104982593498e-01
9.481460394504964695e-02 5.431487496130814607e-01
9.426131776170909582e-02 5.450755071527004780e-01
9.371174513224028724e-02 5.469982401511187531e-01
9.316586137515042720e-02 5.489169063329406573e-01
9.262364197136209454e-02 5.508314641108861265e-01
9.208506256310261540e-02 5.527418725831876323e-01
9.155009895280291632e-02 5.546480915308745763e-01
9.101872710200598071e-02 5.565500814149472175e-01
9.049092313028443690e-02 5.584478033734444624e-01
8.996666331416758311e-02 5.603412192184072937e-01
8.944592408607726641e-02 5.622302914327422796e-01
8.892868203327292109e-02 5.641149831669868275e-01
8.841491389680530832e-02 5.659952582359817352e-01
8.790459657047899888e-02 5.678710811154508153e-01
8.739770709982355723e-02 5.697424169384929238e-01
8.689422268107310776e-02 5.716092314919883899e-01
8.639412066015428326e-02 5.734714912129236231e-01
8.589737853168258330e-02 5.753291631846352283e-01
8.540397393796674008e-02 5.771822151329788486e-01
8.491388466802117507e-02 5.790306154224221791e-01
8.442708865658654638e-02 5.808743330520687032e-01
8.394356398315791501e-02 5.827133376516123731e-01
8.346328887102086314e-02 5.845475994772265649e-01
8.298624168629521736e-02 5.863770894073898621e-01
8.251240093698627986e-02 5.882017789386527751e-01
8.204174527204356748e-02 5.900216401813443978e-01
8.157425348042687818e-02 5.918366458552265508e-01
8.110990449017972670e-02 5.936467692850928568e-01
8.064867736750991334e-02 5.954519843963186343e-01
8.019055131587712881e-02 5.972522657103633836e-01
7.973550567508776166e-02 5.990475883402269774e-01
7.928351992039640861e-02 6.008379279858626631e-01
7.883457366161440716e-02 6.026232609295503195e-01
7.838864664222507106e-02 6.044035640312298563e-01
7.794571873850560106e-02 6.061788147237990865e-01
7.750576995865564311e-02 6.079489910083770710e-01
7.706878044193229971e-02 6.097140714495357106e-01
7.663473045779170545e-02 6.114740351705005850e-01
7.620360040503693089e-02 6.132288618483251463e-01
7.577537081097207583e-02 6.149785317090379344e-01
7.535002233056288523e-02 6.167230255227661440e-01
7.492753574560319374e-02 6.184623245988374318e-01
7.450789196388769853e-02 6.201964107808612958e-01
7.409107201839069956e-02 6.219252664417921350e-01
7.367705706645071018e-02 6.236488744789764338e-01
7.326582838896111838e-02 6.253672183091839587e-01
7.285736738956653802e-02 6.270802818636275200e-01
7.245165559386496090e-02 6.287880495829701877e-01
7.204867464861575144e-02 6.304905064123231817e-01
7.164840632095302586e-02 6.321876377962364346e-01
7.125083249760481852e-02 6.338794296736810496e-01
7.085593518411770209e-02 6.355658684730286501e-01
7.046369650408690344e-02 6.372469411070261769e-01
7.007409869839177630e-02 6.389226349677681327e-01
6.968712412443663073e-02 6.405929379216703801e-01
6.930275525539696113e-02 6.422578383044417194e-01
6.892097467947076728e-02 6.439173249160605739e-01
6.854176509913516291e-02 6.455713870157527845e-01
6.816510933040816067e-02 6.472200143169754005e-01
6.779099030211539756e-02 6.488631969824063539e-01
6.741939105516205066e-02 6.505009256189403510e-01
6.705029474180965177e-02 6.521331912726945346e-01
6.668368462495787019e-02 6.537599854240223607e-01
6.631954407743123614e-02 6.553812999825385788e-01
6.595785658127055473e-02 6.569971272821557573e-01
6.559860572702932990e-02 6.586074600761340214e-01
6.524177521307475414e-02 6.602122915321433361e-01
6.488734884489358312e-02 6.618116152273415542e-01
6.453531053440247911e-02 6.634054251434674532e-01
6.418564429926314208e-02 6.649937156619504242e-01
6.383833426220193730e-02 6.665764815590380366e-01
6.349336465033408872e-02 6.681537180009409216e-01
6.315071979449235484e-02 6.697254205389977511e-01
6.281038412856015940e-02 6.712915851048596450e-01
6.247234218880917678e-02 6.728522080056948962e-01
6.213657861324123344e-02 6.744072859194157887e-01
6.180307814093460861e-02 6.759568158899275092e-01
6.147182561139458157e-02 6.775007953223991519e-01
6.114280596390830186e-02 6.790392219785585937e-01
6.081600423690381590e-02 6.805720939720123486e-01
6.049140556731334717e-02 6.820994097635885156e-01
6.016899518994073270e-02 6.836211681567065934e-01
5.984875843683293978e-02 6.851373682927722752e-01
5.953068073665564175e-02 6.866480096465988892e-01
5.921474761407297810e-02 6.881530920218561498e-01
5.890094468913120024e-02 6.896526155465454444e-01
5.858925767664633494e-02 6.911465806685048729e-01
5.827967238559586538e-02 6.926349881509401563e-01
5.797217471851425635e-02 6.941178390679867416e-01
5.766675067089239992e-02 6.955951348002994417e-01
5.736338633058094688e-02 6.970668770306729378e-01
5.706206787719741297e-02 6.985330677396910382e-01
5.676278158153714309e-02 6.999937092014074658e-01
5.646551380498799483e-02 7.014488039790568452e-01
5.617025099894879664e-02 7.028983549207961090e-01
5.587697970425148375e-02 7.043423651554782117e-01
5.558568655058695324e-02 7.057808380884569299e-01
5.529635825593456205e-02 7.072137773974230823e-01
5.500898162599522634e-02 7.086411870282737224e-01
5.472354355362817058e-02 7.100630711910129733e-01
5.444003101829118091e-02 7.114794343556853917e-01
5.415843108548448748e-02 7.128902812483424167e-01
5.387873090619809541e-02 7.142956168470415701e-01
5.360091771636264768e-02 7.156954463778784081e-01
5.332497883630372970e-02 7.170897753110522244e-01
5.305090167019965719e-02 7.184786093569646148e-01
5.277867370554266413e-02 7.198619544623515720e-01
5.250828251260344914e-02 7.212398168064499959e-01
5.223971574389914274e-02 7.226122027971962902e-01
5.197296113366460524e-02 7.239791190674603749e-01
5.170800649732702065e-02 7.253405724713124503e-01
5.144483973098382817e-02 7.266965700803239558e-01
5.118344881088391501e-02 7.280471191799030573e-01
5.092382179291202182e-02 7.293922272656629957e-01
5.066594681207645806e-02 7.307319020398256315e-01
5.040981208199994679e-02 7.320661514076579612e-01
5.015540589441373071e-02 7.333949834739436069e-01
4.990271661865473135e-02 7.347184065394876118e-01
4.965173270116599036e-02 7.360364290976557644e-01
4.940244266500013609e-02 7.373490598309476729e-01
4.915483510932594502e-02 7.386563076076038126e-01
4.890889870893806030e-02 7.399581814782467681e-01
4.866462221376970099e-02 7.412546906725557827e-01
4.842199444840841749e-02 7.425458445959755016e-01
4.818100431161489311e-02 7.438316528264586891e-01
4.794164077584473632e-02 7.451121251112425847e-01
4.770389288677320122e-02 7.463872713636577894e-01
4.746774976282296804e-02 7.476571016599724562e-01
4.723320059469474780e-02 7.489216262362682341e-01
4.700023464490091230e-02 7.501808554853507394e-01
4.676884124730194131e-02 7.514347999536925560e-01
4.653900980664578413e-02 7.526834703384093217e-01
4.631072979811012152e-02 7.539268774842694532e-01
4.608399076684741719e-02 7.551650323807354015e-01
4.585878232753281408e-02 7.563979461590392139e-01
4.563509416391487578e-02 7.576256300892897366e-01
4.541291602836904084e-02 7.588480955776117920e-01
4.519223774145395695e-02 7.600653541633187738e-01
4.497304919147045166e-02 7.612774175161169943e-01
4.475534033402336909e-02 7.624842974333408963e-01
4.453910119158600855e-02 7.636860058372221260e-01
4.432432185306735967e-02 7.648825547721885831e-01
4.411099247338196722e-02 7.660739564021949999e-01
4.389910327302249532e-02 7.672602230080861618e-01
4.368864453763494221e-02 7.684413669849895490e-01
4.347960661759649181e-02 7.696174008397405064e-01
4.327197992759596740e-02 7.707883371883366141e-01
4.306575494621692202e-02 7.719541887534239200e-01
4.286092221552331022e-02 7.731149683618128154e-01
4.265747234064770632e-02 7.742706889420241101e-01
4.245539598938211784e-02 7.754213635218660805e-01
4.225468389177131079e-02 7.765670052260391643e-01
4.205532683970869545e-02 7.777076272737725171e-01
4.185731568653467544e-02 7.788432429764888809e-01
4.166064134663754331e-02 7.799738657354982063e-01
4.146529479505680488e-02 7.810995090397216956e-01
4.127126706708902915e-02 7.822201864634424906e-01
4.107854925789609923e-02 7.833359116640870035e-01
4.088713252211589877e-02 7.844466983800333360e-01
4.069700807347546162e-02 7.855525604284482322e-01
4.050816718440651554e-02 7.866535117031513424e-01
4.032060118566336421e-02 7.877495661725085752e-01
4.013430146594320486e-02 7.888407378773514278e-01
3.994925947150881201e-02 7.899270409289238515e-01
3.976546670581351806e-02 7.910084895068569821e-01
3.958291472912858072e-02 7.920850978571699619e-01
3.940159515817285435e-02 7.931568802902970727e-01
3.922149966574475788e-02 7.942238511791422928e-01
3.904261998035653963e-02 7.952860249571589435e-01
3.886494788587083193e-02 7.963434161164556491e-01
3.868847522113946780e-02 7.973960392059281643e-01
3.851319387964455970e-02 7.984439088294159603e-01
3.833909580914177107e-02 7.994870396438852334e-01
3.816617301130589140e-02 8.005254463576357837e-01
3.799441754137856259e-02 8.015591437285330967e-01
3.782382150781821162e-02 8.025881465622652922e-01
3.765437707195221084e-02 8.036124697106239445e-01
3.748607644763116142e-02 8.046321280698091050e-01
3.731891190088536259e-02 8.056471365787584160e-01
3.715287574958344580e-02 8.066575102174994294e-01
3.698796036309309754e-02 8.076632640055263490e-01
3.682415816194394009e-02 8.086644130001985342e-01
3.666146161749252869e-02 8.096609722951629839e-01
3.649986325158940947e-02 8.106529570187995803e-01
3.633935563624829390e-02 8.116403823326883149e-01
3.617993139331729391e-02 8.126232634300992741e-01
3.602158319415223880e-02 8.136016155345046075e-01
3.586430375929199749e-02 8.145754538981119230e-01
3.570808585813586844e-02 8.155447938004202202e-01
3.555292230862300284e-02 8.165096505467965837e-01
3.539880597691380526e-02 8.174700394670739723e-01
3.524572977707337434e-02 8.184259759141705448e-01
3.509368667075687953e-02 8.193774752627295266e-01
3.494266966689700549e-02 8.203245529077790588e-01
3.479267182139324927e-02 8.212672242634134756e-01
3.464368623680325748e-02 8.222055047614940104e-01
3.449570606203606477e-02 8.231394098503691525e-01
3.434872449204727507e-02 8.240689549936155434e-01
3.420273476753616509e-02 8.249941556687973021e-01
3.405773017464471669e-02 8.259150273662457797e-01
3.391370404465845340e-02 8.268315855878571874e-01
3.377064975370931699e-02 8.277438458459104309e-01
3.362856072248027184e-02 8.286518236619019318e-01
3.348743041591185909e-02 8.295555345654003210e-01
3.334725234291057577e-02 8.304549940929188967e-01
3.320802005605911350e-02 8.313502177868055121e-01
3.306972715132837359e-02 8.322412211941515592e-01
3.293236726779139728e-02 8.331280198657170510e-01
3.279593408733901677e-02 8.340106293548742444e-01
3.266042133439733819e-02 8.348890652165685822e-01
3.252582277564703556e-02 8.357633430062954005e-01
3.239213221974437951e-02 8.366334782790950664e-01
3.225934351704406317e-02 8.374994865885632134e-01
3.212745055932376970e-02 8.383613834858789637e-01
3.199644727951051620e-02 8.392191845188482491e-01
3.186632765140867685e-02 8.400729052309634515e-01
3.173708568942978231e-02 8.409225611604792539e-01
3.160871544832401930e-02 8.417681678395038114e-01
3.148121102291342316e-02 8.426097407931059102e-01
3.135456654782678432e-02 8.434472955384365589e-01
3.122877619723623405e-02 8.442808475838665672e-01
3.110383418459549201e-02 8.451104124281390018e-01
3.097973476237980001e-02 8.459360055595356309e-01
3.085647222182748631e-02 8.467576424550586900e-01
3.073404089268322315e-02 8.475753385796273021e-01
3.061243514294284887e-02 8.483891093852866661e-01
3.049164937859988322e-02 8.491989703104333431e-01
3.037167804339361080e-02 8.500049367790529775e-01
3.025251561855881940e-02 8.508070241999720063e-01
3.013415662257706851e-02 8.516052479661233576e-01
3.001659561092962641e-02 8.523996234538250283e-01
2.989982717585191671e-02 8.531901660220724271e-01
2.978384594608956062e-02 8.539768910118429313e-01
2.966864658665601534e-02 8.547598137454139877e-01
2.955422379859166948e-02 8.555389495256938703e-01
2.944057231872459351e-02 8.563143136355645391e-01
2.932768691943273692e-02 8.570859213372377106e-01
2.921556240840767621e-02 8.578537878716221421e-01
2.910419362841988253e-02 8.586179284577039050e-01
2.899357545708549505e-02 8.593783582919378716e-01
2.888370280663457926e-02 8.601350925476516363e-01
2.877457062368087362e-02 8.608881463744602058e-01
2.866617388899302468e-02 8.616375348976930137e-01
2.855850761726727235e-02 8.623832732178321470e-01
2.845156685690161322e-02 8.631253764099606762e-01
2.834534668977142097e-02 8.638638595232237538e-01
2.823984223100646160e-02 8.645987375802987041e-01
2.813504862876941778e-02 8.653300255768774374e-01
2.803096106403576634e-02 8.660577384811587454e-01
2.792757475037512330e-02 8.667818912333508097e-01
2.782488493373398014e-02 8.675024987451842584e-01
2.772288689221983141e-02 8.682195758994361023e-01
2.762157593588668997e-02 8.689331375494619980e-01
2.752094740652201096e-02 8.696431985187403901e-01
2.742099667743498267e-02 8.703497736004246477e-01
2.732171915324614273e-02 8.710528775569067461e-01
2.722311026967842718e-02 8.717525251193880553e-01
2.712516549334948943e-02 8.724487309874616736e-01
2.702788032156543119e-02 8.731415098287034215e-01
2.693125028211581715e-02 8.738308762782702743e-01
2.683527093307003578e-02 8.745168449385105625e-01
2.673993786257497160e-02 8.751994303785811669e-01
2.664524668865399931e-02 8.758786471340738178e-01
2.655119305900726506e-02 8.765545097066500535e-01
2.645777265081326185e-02 8.772270325636849497e-01
2.636498117053169901e-02 8.778962301379193978e-01
2.627281435370764848e-02 8.785621168271195991e-01
2.618126796477695042e-02 8.792247069937456638e-01
2.609033779687290264e-02 8.798840149646282027e-01
2.600001967163416763e-02 8.805400550306521357e-01
2.591030943901398084e-02 8.811928414464491599e-01
2.582120297709053491e-02 8.818423884300975457e-01
2.573269619187865814e-02 8.824887101628294817e-01
2.564478501714266556e-02 8.831318207887453031e-01
2.555746541421045556e-02 8.837717344145366027e-01
2.547073337178882430e-02 8.844084651092151139e-01
2.538458490577993540e-02 8.850420269038498100e-01
2.529901605909904219e-02 8.856724337913097767e-01
2.521402290149336173e-02 8.862996997260159660e-01
2.512960152936213540e-02 8.869238386236976135e-01
2.504574806557786568e-02 8.875448643611568711e-01
2.496245865930872207e-02 8.881627907760401008e-01
2.487972948584209545e-02 8.887776316666147203e-01
2.479755674640931468e-02 8.893894007915530420e-01
2.471593666801148725e-02 8.899981118697233295e-01
2.463486550324651275e-02 8.906037785799849615e-01
2.455433953013718557e-02 8.912064145609924770e-01
2.447435505196045996e-02 8.918060334110033960e-01
2.439490839707778719e-02 8.924026486876934783e-01
2.431599591876660790e-02 8.929962739079768674e-01
2.423761399505290973e-02 8.935869225478331179e-01
2.415975902854491583e-02 8.941746080421386633e-01
2.408242744626781437e-02 8.947593437845053899e-01
2.400561569949962587e-02 8.953411431271235399e-01
2.392932026360809761e-02 8.959200193806101664e-01
2.385353763788870124e-02 8.964959858138641380e-01
2.377826434540367476e-02 8.970690556539251403e-01
2.370349693282211914e-02 8.976392420858381183e-01
2.362923197026115668e-02 8.982065582525236014e-01
2.355546605112811276e-02 8.987710172546525822e-01
2.348219579196375584e-02 8.993326321505257237e-01
2.340941783228655398e-02 8.998914159559587844e-01
2.333712883443794794e-02 9.004473816441718181e-01
2.326532548342865464e-02 9.010005421456838137e-01
2.319400448678598028e-02 9.015509103482114428e-01
2.312316257440212228e-02 9.020984990965723593e-01
2.305279649838348419e-02 9.026433211925940503e-01
2.298290303290097952e-02 9.031853893950257950e-01
2.291347897404132083e-02 9.037247164194553983e-01
2.284452113965927331e-02 9.042613149382313642e-01
2.277602636923090756e-02 9.047951975803872893e-01
2.270799152370780311e-02 9.053263769315721410e-01
2.264041348537220583e-02 9.058548655339840883e-01
2.257328915769315700e-02 9.063806758863076629e-01
2.250661546518356940e-02 9.069038204436561390e-01
2.244038935325822978e-02 9.074243116175167989e-01
2.237460778809275547e-02 9.079421617757008622e-01
2.230926775648347377e-02 9.084573832422963013e-01
2.224436626570823125e-02 9.089699882976250978e-01
2.217990034338811894e-02 9.094799891782036072e-01
2.211586703735011344e-02 9.099873980767073656e-01
2.205226341549061664e-02 9.104922271419381152e-01
2.198908656563992176e-02 9.109944884787957164e-01
2.192633359542753638e-02 9.114941941482521681e-01
2.186400163214844219e-02 9.119913561673302915e-01
2.180208782263020131e-02 9.124859865090845235e-01
2.174058933310097502e-02 9.129780971025855951e-01
2.167950334905837523e-02 9.134676998329086528e-01
2.161882707513922489e-02 9.139548065411231548e-01
2.155855773499016845e-02 9.144394290242879864e-01
2.149869257113912191e-02 9.149215790354479072e-01
2.143922884486759717e-02 9.154012682836328851e-01
2.138016383608387291e-02 9.158785084338623150e-01
2.132149484319698779e-02 9.163533111071494597e-01
2.126321918299158009e-02 9.168256878805106647e-01
2.120533419050357055e-02 9.172956502869764606e-01
2.114783721889663959e-02 9.177632098156058849e-01
2.109072563933957201e-02 9.182283779115026912e-01
2.103399684088435792e-02 9.186911659758348891e-01
2.097764823034515419e-02 9.191515853658570601e-01
2.092167723217801950e-02 9.196096473949342265e-01
2.086608128836146825e-02 9.200653633325688308e-01
2.081085785827780157e-02 9.205187444044301559e-01
2.075600441859523290e-02 9.209698017923863000e-01
2.070151846315081492e-02 9.214185466345379272e-01
2.064739750283412292e-02 9.218649900252547935e-01
2.059363906547171177e-02 9.223091430152146053e-01
2.054024069571236746e-02 9.227510166114430978e-01
2.048719995491309412e-02 9.231906217773582224e-01
2.043451442102588861e-02 9.236279694328146661e-01
2.038218168848522985e-02 9.240630704541509255e-01
2.033019936809636261e-02 9.244959356742388223e-01
2.027856508692429949e-02 9.249265758825355732e-01
2.022727648818356191e-02 9.253550018251358589e-01
2.017633123112867743e-02 9.257812242048277795e-01
2.012572699094538481e-02 9.262052536811501424e-01
2.007546145864257461e-02 9.266271008704511924e-01
2.002553234094495149e-02 9.270467763459495636e-01
1.997593736018641805e-02 9.274642906377965623e-01
1.992667425420416305e-02 9.278796542331413377e-01
1.987774077623344696e-02 9.282928775761962736e-01
1.982913469480312302e-02 9.287039710683050453e-01
1.978085379363182100e-02 9.291129450680121193e-01
1.973289587152484217e-02 9.295198098911338080e-01
1.968525874227175856e-02 9.299245758108304338e-01
1.963794023454465063e-02 9.303272530576816024e-01
1.959093819179708040e-02 9.307278518197605877e-01
1.954425047216371003e-02 9.311263822427124914e-01
1.949787494836058635e-02 9.315228544298325142e-01
1.945180950758611596e-02 9.319172784421461131e-01
1.940605205142268558e-02 9.323096642984902704e-01
1.936060049573895547e-02 9.327000219755967603e-01
1.931545277059279128e-02 9.330883614081756372e-01
1.927060682013485154e-02 9.334746924890012787e-01
1.922606060251283097e-02 9.338590250689988714e-01
1.918181208977634208e-02 9.342413689573322300e-01
1.913785926778241789e-02 9.346217339214937248e-01
1.909420013610167374e-02 9.350001296873935441e-01
1.905083270792507985e-02 9.353765659394519538e-01
1.900775500997136866e-02 9.357510523206922226e-01
1.896496508239505982e-02 9.361235984328336590e-01
1.892246097869510271e-02 9.364942138363867574e-01
1.888024076562413306e-02 9.368629080507498985e-01
1.883830252309834016e-02 9.372296905543051615e-01
1.879664434410793783e-02 9.375945707845170229e-01
1.875526433462822509e-02 9.379575581380311666e-01
1.871416061353128532e-02 9.383186619707741816e-01
1.867333131249822309e-02 9.386778915980548144e-01
1.863277457593201861e-02 9.390352562946655546e-01
1.859248856087098237e-02 9.393907652949851084e-01
1.855247143690276837e-02 9.397444277930824263e-01
1.851272138607897369e-02 9.400962529428203984e-01
1.847323660283030355e-02 9.404462498579615470e-01
1.843401529388234011e-02 9.407944276122741645e-01
1.839505567817182122e-02 9.411407952396385612e-01
1.835635598676354716e-02 9.414853617341549796e-01
1.831791446276779742e-02 9.418281360502517296e-01
1.827972936125831990e-02 9.421691271027941017e-01
1.824179894919088565e-02 9.425083437671943898e-01
1.820412150532237094e-02 9.428457948795221366e-01
1.816669532013039101e-02 9.431814892366147118e-01
1.812951869573349584e-02 9.435154355961896666e-01
1.809258994581185859e-02 9.438476426769565331e-01
1.805590739552856080e-02 9.441781191587298450e-01
1.801946938145133556e-02 9.445068736825429356e-01
1.798327425147491082e-02 9.448339148507614027e-01
1.794732036474381773e-02 9.451592512271981272e-01
1.791160609157576439e-02 9.454828913372279597e-01
1.787612981338547805e-02 9.458048436679040716e-01
1.784088992260913359e-02 9.461251166680734181e-01
1.780588482262919492e-02 9.464437187484934233e-01
1.777111292769986001e-02 9.467606582819496630e-01
1.773657266287295350e-02 9.470759436033724388e-01
1.770226246392431202e-02 9.473895830099553494e-01
1.766818077728072103e-02 9.477015847612735300e-01
1.763432605994728897e-02 9.480119570794024453e-01
1.760069677943533473e-02 9.483207081490369061e-01
1.756729141369077138e-02 9.486278461176108623e-01
1.753410845102296514e-02 9.489333790954168624e-01
1.750114639003405928e-02 9.492373151557266242e-01
1.746840373954881148e-02 9.495396623349114940e-01
1.743587901854487185e-02 9.498404286325630164e-01
1.740357075608355009e-02 9.501396220116147262e-01
1.737147749124104759e-02 9.504372503984628295e-01
1.733959777304015099e-02 9.507333216830886613e-01
1.730793016038240095e-02 9.510278437191799217e-01
1.727647322198069130e-02 9.513208243242537998e-01
1.724522553629236066e-02 9.516122712797782102e-01
1.721418569145270402e-02 9.519021923312956934e-01
1.718335228520896998e-02 9.521905951885459851e-01
1.715272392485476735e-02 9.524774875255882511e-01
1.712229922716493671e-02 9.527628769809254328e-01
1.709207681833085912e-02 9.530467711576274814e-01
1.706205533389621581e-02 9.533291776234543713e-01
1.703223341869315038e-02 9.536101039109804445e-01
1.700260972677889934e-02 9.538895575177183117e-01
1.697318292137283205e-02 9.541675459062425313e-01
1.694395167479392089e-02 9.544440765043139541e-01
1.691491466839864163e-02 9.547191567050040684e-01
1.688607059251927972e-02 9.549927938668192340e-01
1.685741814640268413e-02 9.552649953138253602e-01
1.682895603814938898e-02 9.555357683357722509e-01
1.680068298465320353e-02 9.558051201882181713e-01
1.677259771154117340e-02 9.560730580926544153e-01
1.674469895311395465e-02 9.563395892366303164e-01
1.671698545228661112e-02 9.566047207738780367e-01
1.668945596052980040e-02 9.568684598244370232e-01
1.666210923781134140e-02 9.571308134747787966e-01
1.663494405253822250e-02 9.573917887779322955e-01
1.660795918149896022e-02 9.576513927536078885e-01
1.658115340980636718e-02 9.579096323883231623e-01
1.655452553084072603e-02 9.581665146355269336e-01
1.652807434619330343e-02 9.584220464157241492e-01
1.650179866561030453e-02 9.586762346166013415e-01
1.647569730693715720e-02 9.589290860931504179e-01
1.644976909606320897e-02 9.591806076677942272e-01
1.642401286686678841e-02 9.594308061305101276e-01
1.639842746116063413e-02 9.596796882389557748e-01
1.637301172863770207e-02 9.599272607185928008e-01
1.634776452681733702e-02 9.601735302628116031e-01
1.632268472099182577e-02 9.604185035330555786e-01
1.629777118417327295e-02 9.606621871589454686e-01
1.627302279704089666e-02 9.609045877384031487e-01
1.624843844788862249e-02 9.611457118377767506e-01
1.622401703257308689e-02 9.613855659919631202e-01
1.619975745446195631e-02 9.616241567045332728e-01
1.617565862438261406e-02 9.618614904478551830e-01
1.615171946057119071e-02 9.620975736632171316e-01
1.612793888862195865e-02 9.623324127609521605e-01
1.610431584143703909e-02 9.625660141205607534e-01
1.608084925917647318e-02 9.627983840908342916e-01
1.605753808920865056e-02 9.630295289899777345e-01
1.603438128606101201e-02 9.632594551057331866e-01
1.601137781137117536e-02 9.634881686955019120e-01
1.598852663383831807e-02 9.637156759864676792e-01
1.596582672917492771e-02 9.639419831757183310e-01
1.594327708005888189e-02 9.641670964303687974e-01
1.592087667608584056e-02 9.643910218876827756e-01
1.589862451372197477e-02 9.646137656551942996e-01
1.587651959625700077e-02 9.648353338108299759e-01
1.585456093375756451e-02 9.650557324030302198e-01
1.583274754302090720e-02 9.652749674508703803e-01
1.581107844752887431e-02 9.654930449441823104e-01
1.578955267740221602e-02 9.657099708436746033e-01
1.576816926935523805e-02 9.659257510810538294e-01
1.574692726665069195e-02 9.661403915591442182e-01
1.572582571905506432e-02 9.663538981520088944e-01
1.570486368279408115e-02 9.665662767050690052e-01
1.568404022050857646e-02 9.667775330352239571e-01
1.566335440121064196e-02 9.669876729309708763e-01
1.564280530024007507e-02 9.671967021525234021e-01
1.562239199922111493e-02 9.674046264319314803e-01
1.560211358601949760e-02 9.676114514732000460e-01
1.558196915469978183e-02 9.678171829524068182e-01
1.556195780548296978e-02 9.680218265178216486e-01
1.554207864470443651e-02 9.682253877900239836e-01
1.552233078477211967e-02 9.684278723620205476e-01
1.550271334412500583e-02 9.686292857993632488e-01
1.548322544719190133e-02 9.688296336402661968e-01
1.546386622435049797e-02 9.690289213957229419e-01
1.544463481188667470e-02 9.692271545496231600e-01
1.542553035195413577e-02 9.694243385588684481e-01
1.540655199253427969e-02 9.696204788534897867e-01
1.538769888739635779e-02 9.698155808367620034e-01
1.536897019605791212e-02 9.700096498853204574e-01
1.535036508374546492e-02 9.702026913492759475e-01
1.533188272135550291e-02 9.703947105523296202e-01
1.531352228541569584e-02 9.705857127918882110e-01
1.529528295804640815e-02 9.707757033391780643e-01
1.527716392692245705e-02 9.709646874393592642e-01
1.525916438523514627e-02 9.711526703116397652e-01
1.524128353165453247e-02 9.713396571493888576e-01
1.522352057029198284e-02 9.715256531202504098e-01
1.520587471066297061e-02 9.717106633662556670e-01
1.518834516765012015e-02 9.718946930039364940e-01
1.517093116146651238e-02 9.720777471244370638e-01
1.515363191761924695e-02 9.722598307936259898e-01
1.513644666687324371e-02 9.724409490522083477e-01
1.511937464521528884e-02 9.726211069158369193e-01
1.510241509381833949e-02 9.728003093752233266e-01
1.508556725900606597e-02 9.729785613962488311e-01
1.506883039221762477e-02 9.731558679200743578e-01
1.505220374997269690e-02 9.733322338632512949e-01
1.503568659383674490e-02 9.735076641178314061e-01
1.501927819038651434e-02 9.736821635514749662e-01
1.500297781117577653e-02 9.738557370075618946e-01
1.498678473270129499e-02 9.740283893052986697e-01
1.497069823636903128e-02 9.742001252398285738e-01
1.495471760846058158e-02 9.743709495823383859e-01
1.493884214009984224e-02 9.745408670801672946e-01
1.492307112721990257e-02 9.747098824569137010e-01
1.490740387053016668e-02 9.748780004125428000e-01
1.489183967548369548e-02 9.750452256234933834e-01
1.487637785224477614e-02 9.752115627427841993e-01
1.486101771565670991e-02 9.753770164001203113e-01
1.484575858520983428e-02 9.755415912019984592e-01
1.483059978500973243e-02 9.757052917318131957e-01
1.481554064374570462e-02 9.758681225499619138e-01
1.480058049465940787e-02 9.760300881939489859e-01
1.478571867551374715e-02 9.761911931784911234e-01
1.477095452856196783e-02 9.763514419956209611e-01
1.475628740051694414e-02 9.765108391147910849e-01
1.474171664252071044e-02 9.766693889829771713e-01
1.472724161011416434e-02 9.768270960247814605e-01
1.471286166320700736e-02 9.769839646425352297e-01
1.469857616604787649e-02 9.771399992164016002e-01
1.468438448719467521e-02 9.772952041044766780e-01
1.467028599948512653e-02 9.774495836428922502e-01
1.465628008000750999e-02 9.776031421459165927e-01
1.464236611007161022e-02 9.777558839060557228e-01
1.462854347517985459e-02 9.779078131941536522e-01
1.461481156499865909e-02 9.780589342594934177e-01
1.460116977332996148e-02 9.782092513298963343e-01
1.458761749808295226e-02 9.783587686118220272e-01
1.457415414124600683e-02 9.785074902904672411e-01
1.456077910885879637e-02 9.786554205298654274e-01
1.454749181098460159e-02 9.788025634729844437e-01
1.453429166168280877e-02 9.789489232418259190e-01
1.452117807898159821e-02 9.790945039375215098e-01
1.450815048485081665e-02 9.792393096404318209e-01
1.449520830517503703e-02 9.793833444102427732e-01
1.448235096972681074e-02 9.795266122860626368e-01
1.446957791214008131e-02 9.796691172865186203e-01
1.445688856988380962e-02 9.798108634098524616e-01
1.444428238423575706e-02 9.799518546340166836e-01
1.443175880025645424e-02 9.800920949167697405e-01
1.441931726676335540e-02 9.802315881957708310e-01
1.440695723630516095e-02 9.803703383886750444e-01
1.439467816513632058e-02 9.805083493932269523e-01
1.438247951319171318e-02 9.806456250873556435e-01
1.437036074406149513e-02 9.807821693292670950e-01
1.435832132496611853e-02 9.809179859575384297e-01
1.434636072673153157e-02 9.810530787912103978e-01
1.433447842376454374e-02 9.811874516298795257e-01
1.432267389402835586e-02 9.813211082537911523e-01
1.431094661901825479e-02 9.814540524239309116e-01
1.429929608373749564e-02 9.815862878821157711e-01
1.428772177667332263e-02 9.817178183510856249e-01
1.427622318977317048e-02 9.818486475345942210e-01
1.426479981842102354e-02 9.819787791174993119e-01
1.425345116141394156e-02 9.821082167658524709e-01
1.424217672093873975e-02 9.822369641269895757e-01
1.423097600254883202e-02 9.823650248296192933e-01
1.421984851514124064e-02 9.824924024839132297e-01
1.420879377093374647e-02 9.826191006815930828e-01
1.419781128544220748e-02 9.827451229960204593e-01
1.418690057745803854e-02 9.828704729822838049e-01
1.417606116902583001e-02 9.829951541772868895e-01
1.416529258542112597e-02 9.831191700998352934e-01
1.415459435512837066e-02 9.832425242507236707e-01
1.414396600981897463e-02 9.833652201128222359e-01
1.413340708432956651e-02 9.834872611511635832e-01
1.412291711664035929e-02 9.836086508130275075e-01
1.411249564785369351e-02 9.837293925280274909e-01
1.410214222217271579e-02 9.838494897081951907e-01
1.409185638688019784e-02 9.839689457480659263e-01
1.408163769231751336e-02 9.840877640247628344e-01
1.407148569186375195e-02 9.842059478980808018e-01
1.406139994191497357e-02 9.843235007105709533e-01
1.405138000186361216e-02 9.844404257876231412e-01
1.404142543407801806e-02 9.845567264375501004e-01
1.403153580388213743e-02 9.846724059516697158e-01
1.402171067953533572e-02 9.847874676043871789e-01
1.401194963221235809e-02 9.849019146532776992e-01
1.400225223598342353e-02 9.850157503391679947e-01
1.399261806779446456e-02 9.851289778862177826e-01
1.398304670744749192e-02 9.852416005020006029e-01
1.397353773758110325e-02 9.853536213775845320e-01
1.396409074365111483e-02 9.854650436876134512e-01
1.395470531391133917e-02 9.855758705903857608e-01
1.394538103939448916e-02 9.856861052279352053e-01
1.393611751389320537e-02 9.857957507261099206e-01
1.392691433394122047e-02 9.859048101946511489e-01
1.391777109879465887e-02 9.860132867272723978e-01
1.390868741041345266e-02 9.861211834017377109e-01
1.389966287344289800e-02 9.862285032799399387e-01
1.389069709519532257e-02 9.863352494079777877e-01
1.388178968563189009e-02 9.864414248162339804e-01
1.387294025734453311e-02 9.865470325194519718e-01
1.386414842553799175e-02 9.866520755168126655e-01
1.385541380801199977e-02 9.867565567920105751e-01
1.384673602514357310e-02 9.868604793133308739e-01
1.383811469986942488e-02 9.869638460337237795e-01
1.382954945766851421e-02 9.870666598908811595e-01
1.382103992654469711e-02 9.871689238073108053e-01
1.381258573700950079e-02 9.872706406904115939e-01
1.380418652206503137e-02 9.873718134325479845e-01
1.379584191718696840e-02 9.874724449111238478e-01
1.378755156030770507e-02 9.875725379886567401e-01
1.377931509179960122e-02 9.876720955128508450e-01
1.377113215445832477e-02 9.877711203166702481e-01
1.376300239348633887e-02 9.878696152184121004e-01
1.375492545647648973e-02 9.879675830217791166e-01
1.374690099339569670e-02 9.880650265159514056e-01
1.373892865656877772e-02 9.881619484756583027e-01
1.373100810066236327e-02 9.882583516612505337e-01
1.372313898266893685e-02 9.883542388187708250e-01
1.371532096189096925e-02 9.884496126800255134e-01
1.370755369992518111e-02 9.885444759626543787e-01
1.369983686064689399e-02 9.886388313702014763e-01
1.369217011019450460e-02 9.887326815921853029e-01
1.368455311695405616e-02 9.888260293041675197e-01
1.367698555154391732e-02 9.889188771678236733e-01
1.366946708679957039e-02 9.890112278310113636e-01
1.366199739775849839e-02 9.891030839278390774e-01
1.365457616164517628e-02 9.891944480787348004e-01
1.364720305785617482e-02 9.892853228905142959e-01
1.363987776794535305e-02 9.893757109564488283e-01
1.363259997560915988e-02 9.894656148563323317e-01
1.362536936667203477e-02 9.895550371565492442e-01
1.361818562907191228e-02 9.896439804101411220e-01
1.361104845284581526e-02 9.897324471568732518e-01
1.360395753011556241e-02 9.898204399233011541e-01
1.359691255507356096e-02 9.899079612228361968e-01
1.358991322396870677e-02 9.899950135558118758e-01
1.358295923509237127e-02 9.900815994095486516e-01
1.357605028876449939e-02 9.901677212584196752e-01
1.356918608731977165e-02 9.902533815639152914e-01
1.356236633509391026e-02 9.903385827747074321e-01
1.355559073841003208e-02 9.904233273267143423e-01
1.354885900556511945e-02 9.905076176431638624e-01
1.354217084681658655e-02 9.905914561346578218e-01
1.353552597436892199e-02 9.906748451992348770e-01
1.352892410236043730e-02 9.907577872224339055e-01
1.352236494685009338e-02 9.908402845773562895e-01
1.351584822580443462e-02 9.909223396247290871e-01
1.350937365908459753e-02 9.910039547129668724e-01
1.350294096843341653e-02 9.910851321782336854e-01
1.349654987746260783e-02 9.911658743445048714e-01
1.349020011164005911e-02 9.912461835236279217e-01
1.348389139827719380e-02 9.913260620153840907e-01
1.347762346651641685e-02 9.914055121075489030e-01
1.347139604731866815e-02 9.914845360759529935e-01
1.346520887345102960e-02 9.915631361845418379e-01
1.345906167947445720e-02 9.916413146854362592e-01
1.345295420173155468e-02 9.917190738189913812e-01
1.344688617833446342e-02 9.917964158138566910e-01
1.344085734915282521e-02 9.918733428870346591e-01
1.343486745580181434e-02 9.919498572439402473e-01
1.342891624163027910e-02 9.920259610784587512e-01
1.342300345170893520e-02 9.921016565730043091e-01
1.341712883281866338e-02 9.921769458985785217e-01
1.341129213343887454e-02 9.922518312148268516e-01
1.340549310373595482e-02 9.923263146700977977e-01
1.339973149555180425e-02 9.924003984014986290e-01
1.339400706239243267e-02 9.924740845349532270e-01
1.338831955941664417e-02 9.925473751852582627e-01
1.338266874342481164e-02 9.926202724561400403e-01
1.337705437284769650e-02 9.926927784403104527e-01
1.337147620773538638e-02 9.927648952195224918e-01
1.336593400974627269e-02 9.928366248646265380e-01
1.336042754213611836e-02 9.929079694356249819e-01
1.335495656974720891e-02 9.929789309817281806e-01
1.334952085899755898e-02 9.930495115414084140e-01
1.334412017787021260e-02 9.931197131424548408e-01
1.333875429590260231e-02 9.931895378020281218e-01
1.333342298417598826e-02 9.932589875267138213e-01
1.332812601530496827e-02 9.933280643125769194e-01
1.332286316342705737e-02 9.933967701452147692e-01
1.331763420419234366e-02 9.934651069998102768e-01
1.331243891475321003e-02 9.935330768411857472e-01
1.330727707375413058e-02 9.936006816238549533e-01
1.330214846132153454e-02 9.936679232920758720e-01
1.329705285905374325e-02 9.937348037799030864e-01
1.329199005001096764e-02 9.938013250112396335e-01
1.328695981870538396e-02 9.938674888998886292e-01
1.328196195109127356e-02 9.939332973496055601e-01
1.327699623455522865e-02 9.939987522541485765e-01
1.327206245790642745e-02 9.940638554973300067e-01
1.326716041136697874e-02 9.941286089530674275e-01
1.326228988656232531e-02 9.941930144854337348e-01
1.325745067651171345e-02 9.942570739487076592e-01
1.325264257561874562e-02 9.943207891874238369e-01
1.324786537966196609e-02 9.943841620364226586e-01
1.324311888578554378e-02 9.944471943208998965e-01
1.323840289248999491e-02 9.945098878564556655e-01
1.323371719962298382e-02 9.945722444491442715e-01
1.322906160837017571e-02 9.946342658955223959e-01
1.322443592124616582e-02 9.946959539826979446e-01
1.321983994208545191e-02 9.947573104883785655e-01
1.321527347603349521e-02 9.948183371809199427e-01
1.321073632953781093e-02 9.948790358193735361e-01
1.320622831033914195e-02 9.949394081535339884e-01
1.320174922746269498e-02 9.949994559239873082e-01
1.319729889120941323e-02 9.950591808621571666e-01
1.319287711314733741e-02 9.951185846903529697e-01
1.318848370610301024e-02 9.951776691218160442e-01
1.318411848415293637e-02 9.952364358607661554e-01
1.317978126261511174e-02 9.952948866024481367e-01
1.317547185804060841e-02 9.953530230331775197e-01
1.317119008820521325e-02 9.954108468303870527e-01
1.316693577210112202e-02 9.954683596626718867e-01
1.316270872992869427e-02 9.955255631898352053e-01
1.315850878308827410e-02 9.955824590629334114e-01
1.315433575417204563e-02 9.956390489243209796e-01
1.315018946695595964e-02 9.956953344076954204e-01
1.314606974639171560e-02 9.957513171381420225e-01
1.314197641859879244e-02 9.958069987321774841e-01
1.313790931085652945e-02 9.958623807977948772e-01
1.313386825159628193e-02 9.959174649345069463e-01
1.312985307039360450e-02 9.959722527333900732e-01
1.312586359796051073e-02 9.960267457771276867e-01
1.312189966613776758e-02 9.960809456400535611e-01
1.311796110788725038e-02 9.961348538881950043e-01
1.311404775728435522e-02 9.961884720793152681e-01
1.311015944951045981e-02 9.962418017629566247e-01
1.310629602084542426e-02 9.962948444804824444e-01
1.310245730866016825e-02 9.963476017651199390e-01
1.309864315140926889e-02 9.964000751420012403e-01
1.309485338862363679e-02 9.964522661282062543e-01
1.309108786090322496e-02 9.965041762328034070e-01
1.308734640990978811e-02 9.965558069568916100e-01
1.308362887835970954e-02 9.966071597936410065e-01
1.307993511001685066e-02 9.966582362283343821e-01
1.307626494968546979e-02 9.967090377384074662e-01
1.307261824320317921e-02 9.967595657934898989e-01
1.306899483743395422e-02 9.968098218554453105e-01
1.306539458026119080e-02 9.968598073784116220e-01
1.306181732058080830e-02 9.969095238088414579e-01
1.305826290829439906e-02 9.969589725855410034e-01
1.305473119430243002e-02 9.970081551397100839e-01
1.305122203049748075e-02 9.970570728949820216e-01
1.304773526975754223e-02 9.971057272674619387e-01
1.304427076593934684e-02 9.971541196657662809e-01
1.304082837387175210e-02 9.972022514910613422e-01
1.303740794934917131e-02 9.972501241371023450e-01
1.303400934912504056e-02 9.972977389902711876e-01
1.303063243090534125e-02 9.973450974296153015e-01
1.302727705334215738e-02 9.973922008268852890e-01
1.302394307602727959e-02 9.974390505465730028e-01
1.302063035948586474e-02 9.974856479459488501e-01
1.301733876517011460e-02 9.975319943750996510e-01
1.301406815545302041e-02 9.975780911769659420e-01
1.301081839362214047e-02 9.976239396873786136e-01
1.300758934387342101e-02 9.976695412350963243e-01
1.300438087130505183e-02 9.977148971418418055e-01
1.300119284191138952e-02 9.977600087223387204e-01
1.299802512257688426e-02 9.978048772843478575e-01
1.299487758107008631e-02 9.978495041287037681e-01
1.299175008603765946e-02 9.978938905493498490e-01
1.298864250699846394e-02 9.979380378333748691e-01
1.298555471433766526e-02 9.979819472610486075e-01
1.298248657930087605e-02 9.980256201058569365e-01
1.297943797398836037e-02 9.980690576345373488e-01
1.297640877134925534e-02 9.981122611071141515e-01
1.297339884517584654e-02 9.981552317769329941e-01
1.297040807009787466e-02 9.981979708906960624e-01
1.296743632157688723e-02 9.982404796884967180e-01
1.296448347590061986e-02 9.982827594038531371e-01
1.296154941017742951e-02 9.983248112637438387e-01
1.295863400233075204e-02 9.983666364886403244e-01
1.295573713109360835e-02 9.984082362925421616e-01
1.295285867600313480e-02 9.984496118830097355e-01
1.294999851739517260e-02 9.984907644611985544e-01
1.294715653639886936e-02 9.985316952218924458e-01
1.294433261493133439e-02 9.985724053535361966e-01
1.294152663569232871e-02 9.986128960382698594e-01
1.293873848215897591e-02 9.986531684519599494e-01
1.293596803858053888e-02 9.986932237642336396e-01
1.293321518997320174e-02 9.987330631385106239e-01
1.293047982211490039e-02 9.987726877320355356e-01
1.292776182154019814e-02 9.988120986959103664e-01
1.292506107553517171e-02 9.988512971751264402e-01
1.292237747213236670e-02 9.988902843085960548e-01
1.291971090010574606e-02 9.989290612291846783e-01
1.291706124896570794e-02 9.989676290637421463e-01
1.291442840895412440e-02 9.990059889331341925e-01
1.291181227103940787e-02 9.990441419522739785e-01
1.290921272691162268e-02 9.990820892301529588e-01
1.290662966897761915e-02 9.991198318698715219e-01
1.290406299035621283e-02 9.991573709686705218e-01
1.290151258487338623e-02 9.991947076179610310e-01
1.289897834705752352e-02 9.992318429033554272e-01
1.289646017213469213e-02 9.992687779046978136e-01
1.289395795602393813e-02 9.993055136960935503e-01
1.289147159533262157e-02 9.993420513459398968e-01
1.288900098735178829e-02 9.993783919169554331e-01
1.288654603005156239e-02 9.994145364662101461e-01
1.288410662207658056e-02 9.994504860451547401e-01
1.288168266274145393e-02 9.994862416996500576e-01
1.287927405202625615e-02 9.995218044699962778e-01
1.287688069057205120e-02 9.995571753909624491e-01
1.287450247967644561e-02 9.995923554918150211e-01
1.287213932128916834e-02 9.996273457963468223e-01
1.286979111800769238e-02 9.996621473229054811e-01
1.286745777307287189e-02 9.996967610844222918e-01
1.286513919036461756e-02 9.997311880884407476e-01
1.286283527439760314e-02 9.997654293371440737e-01
1.286054593031699458e-02 9.997994858273842045e-01
1.285827106389420861e-02 9.998333585507086507e-01
1.285601058152271298e-02 9.998670484933894764e-01
1.285376439021383710e-02 9.999005566364503883e-01
1.285153239759261913e-02 9.999338839556939362e-01
1.284931451189368946e-02 9.999670314217293798e-01
1.284711064195716984e-02 1.000000000000000000e+00
