0.000000000000000000e+00 8.988991991123969072e-01
8.844060594722202850e-03 8.922397556335517343e-01
1.766041196250889289e-02 8.856292391598981073e-01
2.643139773902480893e-02 8.790673047256869488e-01
3.514563509595491908e-02 8.725536099852618799e-01
4.379568683212320401e-02 8.660878148869121107e-01
5.237666133398921620e-02 8.596695814774284461e-01
6.088534732727002297e-02 8.532985737846416896e-01
6.931966572266223814e-02 8.469744577474742631e-01
7.767831442442152401e-02 8.406969011754278354e-01
8.596053339028797424e-02 8.344655737265217477e-01
9.416594628149121959e-02 8.282801468968710168e-01
1.022944518800094071e-01 8.221402940175921437e-01
1.103461484445386054e-01 8.160456902562680526e-01
1.183212802401419905e-01 8.099960126211671607e-01
1.262201992306875020e-01 8.039909399670264190e-01
1.340433372916335353e-01 7.980301530016081779e-01
1.417911858212699272e-01 7.921133342925029686e-01
1.494642806207004959e-01 7.862401682738259234e-01
1.570631905701351805e-01 7.804103412525726924e-01
1.645885090706789011e-01 7.746235414144819753e-01
1.720408475214774136e-01 7.688794588293066390e-01
1.794208303093398627e-01 7.631777854554353535e-01
1.867290909324981207e-01 7.575182151438316636e-01
1.939662689820783603e-01 7.519004436412779491e-01
2.011330077774603486e-01 7.463241685929233871e-01
2.082299525039262855e-01 7.407890895441464618e-01
2.152577487389200073e-01 7.352949079417444578e-01
2.222170412810051676e-01 7.298413271344726949e-01
2.291084732161191573e-01 7.244280523729536014e-01
2.359326851709807604e-01 7.190547908089802709e-01
2.426903147149552797e-01 7.137212514942398167e-01
2.493819958803219494e-01 7.084271453784823924e-01
2.560083587774611980e-01 7.031721853071604134e-01
2.625700292865068564e-01 6.979560860185642923e-01
2.690676288108808656e-01 6.927785641404782258e-01
2.755017740811257498e-01 6.876393381863834531e-01
2.818730769997873642e-01 6.825381285512273077e-01
2.881821445199282961e-01 6.774746575067869259e-01
2.944295785512930363e-01 6.724486491966443769e-01
3.006159758892842371e-01 6.674598296307989731e-01
3.067419281628164240e-01 6.625079266799329680e-01
3.128080217978340682e-01 6.575926700693535132e-01
3.188148379938638977e-01 6.527137913726281937e-01
3.247629527114354042e-01 6.478710240049321278e-01
3.306529366685836413e-01 6.430641032161237280e-01
3.364853553449540513e-01 6.382927660835668870e-01
3.422607689922788632e-01 6.335567515047124676e-01
3.479797326501998800e-01 6.288558001894579697e-01
3.536427961665803421e-01 6.241896546522960332e-01
3.592505042215853317e-01 6.195580592042673196e-01
3.648033963549273118e-01 6.149607599447304285e-01
3.703020069957652094e-01 6.103975047529617282e-01
3.757468654948261655e-01 6.058680432795952031e-01
3.811384961583844655e-01 6.013721269379160850e-01
3.864774182837864558e-01 5.969095088950169270e-01
3.917641461962574345e-01 5.924799440628272240e-01
3.969991892867640315e-01 5.880831890890256819e-01
4.021830520507402307e-01 5.837190023478464607e-01
4.073162341275106124e-01 5.793871439307836102e-01
4.123992303402699289e-01 5.750873756372085754e-01
4.174325307364958881e-01 5.708194609649015483e-01
4.224166206286918968e-01 5.665831651005114322e-01
4.273519806353676120e-01 5.623782549099445305e-01
4.322390867221808097e-01 5.582044989286951697e-01
4.370784102431717333e-01 5.540616673521197022e-01
4.418704179820328592e-01 5.499495320256638786e-01
4.466155721933627865e-01 5.458678664350467002e-01
4.513143306438613944e-01 5.418164456964078557e-01
4.559671466534277462e-01 5.377950465464229612e-01
4.605744691361280951e-01 5.338034473323933771e-01
4.651367426410064621e-01 5.298414280023135969e-01
4.696544073927122476e-01 5.259087700949205413e-01
4.741278993319243407e-01 5.220052567297311930e-01
4.785576501555530715e-01 5.181306725970704630e-01
4.829440873567042436e-01 5.142848039480941713e-01
4.872876342643918113e-01 5.104674385848102514e-01
4.915887100829877676e-01 5.066783658501026189e-01
4.958477299313982511e-01 5.029173766177592597e-01
5.000651048819590994e-01 4.991842632825096437e-01
5.042412419990414119e-01 4.954788197500730185e-01
5.083765443773636816e-01 4.918008414272204698e-01
5.124714111800028338e-01 4.881501252118537471e-01
5.165262376761020624e-01 4.845264694831038499e-01
5.205414152782710246e-01 4.809296740914500434e-01
5.245173315796758384e-01 4.773595403488632982e-01
5.284543703908171075e-01 4.738158710189749323e-01
5.323529117759944196e-01 4.702984703072734529e-01
5.362133320894557631e-01 4.668071438513307081e-01
5.400360040112313076e-01 4.633416987110594576e-01
5.438212965826523249e-01 4.599019433590033623e-01
5.475695752415540296e-01 4.564876876706619457e-01
5.512812018571626727e-01 4.530987429148516377e-01
5.549565347646686631e-01 4.497349217441034552e-01
5.585959287994860523e-01 4.463960381850996528e-01
5.621997353311980472e-01 4.430819076291500069e-01
5.657683022971924380e-01 4.397923468227089572e-01
5.693019742359852753e-01 4.365271738579349359e-01
5.728010923202370153e-01 4.332862081632916640e-01
5.762659943894614667e-01 4.300692704941943001e-01
5.796970149824285379e-01 4.268761829236997762e-01
5.830944853692645591e-01 4.237067688332420978e-01
5.864587335832501802e-01 4.205608529034148280e-01
5.897900844523190633e-01 4.174382611047992020e-01
5.930888596302592575e-01 4.143388206888404257e-01
5.963553776276186991e-01 4.112623601787721572e-01
5.995899538423175024e-01 4.082087093605886174e-01
6.027929005899697046e-01 4.051776992740668826e-01
6.059645271339151318e-01 4.021691622038375824e-01
6.091051397149658264e-01 3.991829316705062247e-01
6.122150415808671475e-01 3.962188424218243687e-01
6.152945330154779846e-01 3.932767304239116468e-01
6.183439113676699739e-01 3.903564328525281901e-01
6.213634710799502692e-01 3.874577880843991240e-01
6.243535037168091995e-01 3.845806356885889121e-01
6.273142979927950336e-01 3.817248164179284364e-01
6.302461398003185167e-01 3.788901722004940353e-01
6.331493122371891769e-01 3.760765461311370572e-01
6.360240956338867324e-01 3.732837824630665935e-01
6.388707675805683772e-01 3.705117265994840592e-01
6.416896029538159407e-01 3.677602250852692878e-01
6.444808739431235889e-01 3.650291255987199168e-01
6.472448500771301738e-01 3.623182769433426209e-01
6.499817982495967872e-01 3.596275290396955260e-01
6.526919827451336253e-01 3.569567329172848025e-01
6.553756652646769432e-01 3.543057407065122177e-01
6.580331049507186503e-01 3.516744056306752020e-01
6.606645584122923243e-01 3.490625819980189837e-01
6.632702797497156411e-01 3.464701251938412385e-01
6.658505205790927750e-01 3.438968916726480307e-01
6.684055300565798774e-01 3.413427389503621567e-01
6.709355549024131893e-01 3.388075255965836696e-01
6.734408394247044516e-01 3.362911112269009184e-01
6.759216255430056108e-01 3.337933564952541010e-01
6.783781528116428206e-01 3.313141230863502207e-01
6.808106584428248453e-01 3.288532737081286683e-01
6.832193773295260897e-01 3.264106720842783194e-01
6.856045420681464719e-01 3.239861829468058119e-01
6.879663829809516962e-01 3.215796720286540067e-01
6.903051281382936999e-01 3.191910060563716289e-01
6.926210033806163846e-01 3.168200527428325364e-01
6.949142323402448529e-01 3.144666807800061692e-01
6.971850364629649244e-01 3.121307598317767384e-01
6.994336350293897109e-01 3.098121605268134848e-01
7.016602451761199122e-01 3.075107544514898983e-01
7.038650819166969441e-01 3.052264141428515654e-01
7.060483581623522298e-01 3.029590130816344207e-01
7.082102847425530978e-01 3.007084256853311821e-01
7.103510704253505059e-01 2.984745273013063027e-01
7.124709219375255920e-01 2.962571941999595504e-01
7.145700439845419361e-01 2.940563035679381043e-01
7.166486392703020902e-01 2.918717335013953917e-01
7.187069085167112625e-01 2.897033629992991077e-01
7.207450504830507088e-01 2.875510719567858642e-01
7.227632619851620532e-01 2.854147411585623573e-01
7.247617379144435379e-01 2.832942522723549406e-01
7.267406712566616411e-01 2.811894878424044952e-01
7.287002531105792880e-01 2.791003312830084848e-01
7.306406727064009843e-01 2.770266668721085290e-01
7.325621174240397604e-01 2.749683797449247180e-01
7.344647728112035923e-01 2.729253558876340024e-01
7.363488226013074067e-01 2.708974821310957681e-01
7.382144487312083392e-01 2.688846461446209313e-01
7.400618313587690178e-01 2.668867364297867750e-01
7.418911488802488741e-01 2.649036423142955288e-01
7.437025779475254783e-01 2.629352539458780225e-01
7.454962934851482315e-01 2.609814622862403066e-01
7.472724687072247463e-01 2.590421591050552363e-01
7.490312751341429154e-01 2.571172369739961328e-01
7.507728826091292218e-01 2.552065892608145203e-01
7.524974593146456225e-01 2.533101101234601638e-01
7.542051717886258944e-01 2.514276945042446254e-01
7.558961849405541056e-01 2.495592381240456792e-01
7.575706620673847702e-01 2.477046374765552450e-01
7.592287648693086810e-01 2.458637898225681795e-01
7.608706534653639775e-01 2.440365931843128111e-01
7.624964864088948913e-01 2.422229463398229976e-01
7.641064207028598343e-01 2.404227488173508176e-01
7.657006118149889407e-01 2.386359008898201184e-01
7.672792136927947260e-01 2.368623035693202539e-01
7.688423787784348651e-01 2.351018586016403455e-01
7.703902580234306408e-01 2.333544684608434006e-01
7.719230009032415074e-01 2.316200363438795096e-01
7.734407554316962141e-01 2.298984661652391237e-01
7.749436681752841505e-01 2.281896625516450783e-01
7.764318842673064713e-01 2.264935308367830302e-01
7.779055474218889987e-01 2.248099770560713084e-01
7.793647999478577892e-01 2.231389079414688448e-01
7.808097827624798093e-01 2.214802309163197425e-01
7.822406354050686073e-01 2.198338540902381455e-01
7.836574960504579801e-01 2.181996862540286353e-01
7.850605015223424132e-01 2.165776368746441527e-01
7.864497873064886235e-01 2.149676160901816679e-01
7.878254875638173171e-01 2.133695347049141544e-01
7.891877351433569387e-01 2.117833041843588671e-01
7.905366615950709663e-01 2.102088366503818140e-01
7.918723971825603059e-01 2.086460448763388653e-01
7.931950708956404528e-01 2.070948422822515012e-01
7.945048104627968621e-01 2.055551429300193078e-01
7.958017423635176391e-01 2.040268615186660028e-01
7.970859918405063249e-01 2.025099133796225415e-01
7.983576829117748908e-01 2.010042144720427526e-01
7.996169383826187138e-01 1.995096813781553902e-01
8.008638798574745365e-01 1.980262312986487139e-01
8.020986277516625185e-01 1.965537820480904863e-01
8.033213013030129357e-01 1.950922520503806101e-01
8.045320185833803039e-01 1.936415603342380720e-01
8.057308965100437037e-01 1.922016265287204151e-01
8.069180508569968602e-01 1.907723708587767408e-01
8.080935962661267569e-01 1.893537141408337954e-01
8.092576462582838914e-01 1.879455777784135861e-01
8.104103132442438406e-01 1.865478837577844162e-01
8.115517085355612448e-01 1.851605546436427829e-01
8.126819423553187649e-01 1.837835135748283610e-01
8.138011238487699028e-01 1.824166842600704053e-01
8.149093610938784593e-01 1.810599909737643509e-01
8.160067611117545194e-01 1.797133585517811660e-01
8.170934298769887416e-01 1.783767123873066796e-01
8.181694723278852832e-01 1.770499784267116627e-01
8.192349923765949171e-01 1.757330831654533299e-01
8.202900929191492274e-01 1.744259536440057046e-01
8.213348758453961063e-01 1.731285174438210728e-01
8.223694420488388834e-01 1.718407026833208562e-01
8.233938914363784223e-01 1.705624380139163510e-01
8.244083229379608468e-01 1.692936526160587762e-01
8.254128345161304559e-01 1.680342761953178554e-01
8.264075231754888229e-01 1.667842389784912616e-01
8.273924849720626362e-01 1.655434717097402642e-01
8.283678150225782799e-01 1.643119056467557959e-01
8.293336075136477081e-01 1.630894725569527193e-01
8.302899557108625039e-01 1.618761047136908493e-01
8.312369519678006746e-01 1.606717348925258415e-01
8.321746877349438520e-01 1.594762963674865031e-01
8.331032535685091167e-01 1.582897229073796375e-01
8.340227391391927814e-01 1.571119487721235330e-01
8.349332332408294643e-01 1.559429087091062094e-01
8.358348237989670082e-01 1.547825379495736398e-01
8.367275978793558000e-01 1.536307722050418434e-01
8.376116416963576006e-01 1.524875476637375105e-01
8.384870406212697747e-01 1.513528009870638291e-01
8.393538791905695851e-01 1.502264693060928469e-01
8.402122411140774405e-01 1.491084902180843663e-01
8.410622092830404295e-01 1.479988017830293767e-01
8.419038657781362511e-01 1.468973425202197980e-01
8.427372918774000965e-01 1.458040514048442038e-01
8.435625680640725932e-01 1.447188678646075255e-01
8.443797740343722547e-01 1.436417317763762913e-01
8.451889887051907690e-01 1.425725834628491784e-01
8.459902902217143472e-01 1.415113636892517679e-01
8.467837559649693535e-01 1.404580136600555029e-01
8.475694625592947729e-01 1.394124750157216264e-01
8.483474858797418472e-01 1.383746898294684335e-01
8.491179010594005483e-01 1.373446006040631717e-01
8.498807824966548852e-01 1.363221502686376985e-01
8.506362038623677124e-01 1.353072821755266775e-01
8.513842381069944842e-01 1.342999400971306434e-01
8.521249574676278415e-01 1.333000682228013822e-01
8.528584334749733653e-01 1.323076111557507373e-01
8.535847369602568291e-01 1.313225139099816197e-01
8.543039380620643941e-01 1.303447219072435548e-01
8.550161062331156359e-01 1.293741809740081017e-01
8.557213102469699573e-01 1.284108373384690305e-01
8.564196182046682759e-01 1.274546376275637050e-01
8.571110975413090971e-01 1.265055288640165587e-01
8.577958150325603048e-01 1.255634584634043316e-01
8.584738368011080034e-01 1.246283742312437326e-01
8.591452283230411879e-01 1.237002243600998641e-01
8.598100544341750195e-01 1.227789574267168504e-01
8.604683793363115951e-01 1.218645223891686724e-01
8.611202666034395437e-01 1.209568685840324287e-01
8.617657791878735596e-01 1.200559457235814698e-01
8.624049794263333180e-01 1.191617038929998484e-01
8.630379290459633257e-01 1.182740935476173094e-01
8.636646891702930429e-01 1.173930655101650400e-01
8.642853203251407157e-01 1.165185709680506276e-01
8.648998824444568134e-01 1.156505614706551111e-01
8.655084348761125090e-01 1.147889889266483499e-01
8.661110363876305396e-01 1.139338056013252665e-01
8.667077451718602221e-01 1.130849641139610728e-01
8.672986188525968476e-01 1.122424174351869253e-01
8.678837144901466738e-01 1.114061188843850081e-01
8.684630885868364070e-01 1.105760221271017141e-01
8.690367970924702812e-01 1.097520811724812528e-01
8.696048954097324035e-01 1.089342503707179111e-01
8.701674383995372519e-01 1.081224844105272975e-01
8.707244803863268823e-01 1.073167383166361288e-01
8.712760751633177314e-01 1.065169674472901118e-01
8.718222759976946845e-01 1.057231274917819208e-01
8.723631356357551825e-01 1.049351744679954956e-01
8.728987063080028141e-01 1.041530647199701010e-01
8.734290397341910595e-01 1.033767549154815946e-01
8.739541871283178498e-01 1.026062020436416811e-01
8.744741992035709455e-01 1.018413634125155953e-01
8.749891261772254625e-01 1.010821966467566613e-01
8.754990177754932157e-01 1.003286596852592805e-01
8.760039232383246555e-01 9.958071077882779676e-02
8.765038913241636198e-01 9.883830848786412382e-02
8.769989703146563453e-01 9.810141168007258106e-02
8.774892080193134047e-01 9.736997952818027269e-02
8.779746517801269023e-01 9.664397150767534139e-02
8.784553484761420394e-01 9.592334739456276349e-02
8.789313445279844927e-01 9.520806726313479906e-02
8.794026859023424958e-01 9.449809148375987178e-02
8.798694181164065098e-01 9.379338072068688081e-02
8.803315862422640414e-01 9.309389592986583306e-02
8.807892349112526054e-01 9.239959835678479561e-02
8.812424083182699430e-01 9.171044953432305746e-02
8.816911502260409428e-01 9.102641128061983444e-02
8.821355039693445921e-01 9.034744569695896121e-02
8.825755124591985190e-01 8.967351516566945957e-02
8.830112181870025667e-01 8.900458234804131674e-02
8.834426632286422887e-01 8.834061018225669581e-02
8.838698892485524761e-01 8.768156188133713336e-02
8.842929375037399398e-01 8.702740093110494790e-02
8.847118488477682119e-01 8.637809108816085768e-02
8.851266637347026123e-01 8.573359637787525411e-02
8.855374222230164571e-01 8.509388109239612863e-02
8.859441639794598533e-01 8.445890978867021115e-02
8.863469282828903006e-01 8.382864728647920760e-02
8.867457540280653250e-01 8.320305866649124749e-02
8.871406797293990287e-01 8.258210926832598719e-02
8.875317435246810049e-01 8.196576468863436826e-02
8.879189831787592802e-01 8.135399077919258648e-02
8.883024360871875080e-01 8.074675364501027186e-02
8.886821392798358588e-01 8.014401964245265741e-02
8.890581294244671584e-01 7.954575537737673674e-02
8.894304428302778343e-01 7.895192770328052223e-02
8.897991154514038881e-01 7.836250371946784643e-02
8.901641828903935627e-01 7.777745076922426559e-02
8.905256804016450367e-01 7.719673643800872842e-02
8.908836428948107011e-01 7.662032855165745726e-02
8.912381049381690179e-01 7.604819517460115197e-02
8.915891007619619613e-01 7.548030460809607156e-02
8.919366642617012619e-01 7.491662538846755037e-02
8.922808290014410115e-01 7.435712628536694790e-02
8.926216282170195138e-01 7.380177630004158829e-02
8.929590948192683841e-01 7.325054466361691219e-02
8.932932613971908964e-01 7.270340083539206244e-02
8.936241602211091317e-01 7.216031450114779311e-02
8.939518232457801528e-01 7.162125557146703514e-02
8.942762821134817575e-01 7.108619418006778545e-02
8.945975681570683680e-01 7.055510068214843056e-02
8.949157124029968324e-01 7.002794565274539362e-02
8.952307455743222508e-01 6.950469988510288299e-02
8.955426980936652681e-01 6.898533438905440907e-02
8.958516000861497242e-01 6.846982038941729076e-02
8.961574813823117713e-01 6.795812932439793119e-02
8.964603715209809032e-01 6.745023284400963881e-02
8.967602997521320063e-01 6.694610280850155082e-02
8.970572950397105449e-01 6.644571128680021310e-02
8.973513860644288798e-01 6.594903055496170730e-02
8.976426012265368293e-01 6.545603309463565722e-02
8.979309686485634767e-01 6.496669159154067064e-02
8.982165161780332197e-01 6.448097893395121627e-02
8.984992713901549521e-01 6.399886821119515901e-02
8.987792615904852678e-01 6.352033271216306343e-02
8.990565138175647952e-01 6.304534592382848857e-02
8.993310548455297759e-01 6.257388152977871876e-02
8.996029111866971073e-01 6.210591340875704081e-02
8.998721090941252942e-01 6.164141563321512418e-02
9.001386745641488663e-01 6.118036246787683652e-02
9.004026333388897019e-01 6.072272836831260623e-02
9.006640109087421520e-01 6.026848797952377712e-02
9.009228325148349592e-01 5.981761613453795423e-02
9.011791231514689748e-01 5.937008785301489677e-02
9.014329075685303394e-01 5.892587833986207002e-02
9.016842102738811260e-01 5.848496298386141046e-02
9.019330555357253365e-01 5.804731735630541678e-02
9.021794673849534707e-01 5.761291720964378804e-02
9.024234696174618930e-01 5.718173847614038685e-02
9.026650857964521046e-01 5.675375726653908437e-02
9.029043392547051461e-01 5.632894986874059651e-02
9.031412530968353503e-01 5.590729274648875702e-02
9.033758502015216685e-01 5.548876253806667158e-02
9.036081532237164593e-01 5.507333605500219775e-02
9.038381845968340711e-01 5.466099028078297284e-02
9.040659665349162211e-01 5.425170236958154479e-02
9.042915210347783894e-01 5.384544964498971797e-02
9.045148698781327878e-01 5.344220959876189170e-02
9.047360346336927872e-01 5.304195988956827978e-02
9.049550366592552519e-01 5.264467834175667882e-02
9.051718971037632233e-01 5.225034294412422842e-02
9.053866369093482858e-01 5.185893184869794226e-02
9.055992768133527271e-01 5.147042336952400987e-02
9.058098373503324918e-01 5.108479598146653533e-02
9.060183388540399285e-01 5.070202831901482465e-02
9.062248014593872192e-01 5.032209917509966601e-02
9.064292451043914900e-01 4.994498749991804765e-02
9.066316895320992719e-01 4.957067239976753470e-02
9.068321542924938639e-01 4.919913313588863968e-02
9.070306587443828228e-01 4.883034912331485344e-02
9.072272220572676904e-01 4.846429992973344536e-02
9.074218632131947349e-01 4.810096527435236968e-02
9.076146010085889282e-01 4.774032502677760803e-02
9.078054540560678287e-01 4.738235920589695116e-02
9.079944407862402533e-01 4.702704797877343967e-02
9.081815794494851879e-01 4.667437165954668732e-02
9.083668881177147103e-01 4.632431070834164277e-02
9.085503846861190391e-01 4.597684573018612220e-02
9.087320868748945957e-01 4.563195747393711255e-02
9.089120122309554128e-01 4.528962683121318111e-02
9.090901781296275574e-01 4.494983483533598889e-02
9.092666017763266773e-01 4.461256266027990858e-02
9.094413002082202269e-01 4.427779161962808185e-02
9.096142902958721521e-01 4.394550316553857972e-02
9.097855887448724754e-01 4.361567888771511470e-02
9.099552120974501168e-01 4.328830051238807819e-02
9.101231767340707268e-01 4.296334990130201703e-02
9.102894988750184213e-01 4.264080905071032657e-02
9.104541945819620841e-01 4.232066009037782628e-02
9.106172797595065704e-01 4.200288528259121801e-02
9.107787701567285898e-01 4.168746702117531733e-02
9.109386813686974893e-01 4.137438783051872182e-02
9.110970288379811599e-01 4.106363036460503046e-02
9.112538278561376215e-01 4.075517740605161254e-02
9.114090935651915082e-01 4.044901186515581504e-02
9.115628409590965653e-01 4.014511677894838648e-02
9.117150848851831579e-01 3.984347531025367317e-02
9.118658400455924573e-01 3.954407074675647671e-02
9.120151209986960827e-01 3.924688650007590596e-02
9.121629421605019772e-01 3.895190610484700056e-02
9.123093178060465158e-01 3.865911321780812759e-02
9.124542620707732921e-01 3.836849161689515064e-02
9.125977889518979147e-01 3.808002520034325933e-02
9.127399123097598155e-01 3.779369798579446105e-02
9.128806458691605119e-01 3.750949410941228912e-02
9.130200032206894356e-01 3.722739782500261718e-02
9.131579978220358829e-01 3.694739350314169002e-02
9.132946429992890858e-01 3.666946563030981654e-02
9.134299519482247387e-01 3.639359880803194613e-02
9.135639377355796453e-01 3.611977775202446228e-02
9.136966133003131540e-01 3.584798729134885953e-02
9.138279914548569360e-01 3.557821236757019445e-02
9.139580848863522178e-01 3.531043803392375224e-02
9.140869061578751342e-01 3.504464945448670932e-02
9.142144677096495364e-01 3.478083190335545805e-02
9.143407818602486969e-01 3.451897076383092511e-02
9.144658608077850248e-01 3.425905152760766459e-02
9.145897166310873461e-01 3.400105979397072264e-02
9.147123612908683032e-01 3.374498126899749817e-02
9.148338066308784322e-01 3.349080176476537662e-02
9.149540643790505801e-01 3.323850719856680236e-02
9.150731461486325546e-01 3.298808359212790364e-02
9.151910634393077837e-01 3.273951707083455620e-02
9.153078276383066481e-01 3.249279386296366479e-02
9.154234500215060466e-01 3.224790029891988485e-02
9.155379417545177478e-01 3.200482281047856148e-02
9.156513138937671936e-01 3.176354793003377530e-02
9.157635773875610896e-01 3.152406228985238368e-02
9.158747430771445597e-01 3.128635262133339090e-02
9.159848216977480861e-01 3.105040575427231442e-02
9.160938238796244582e-01 3.081620861613232343e-02
9.162017601490749508e-01 3.058374823131937426e-02
9.163086409294661783e-01 3.035301172046322993e-02
9.164144765422364003e-01 3.012398629970425290e-02
9.165192772078925021e-01 2.989665927998508277e-02
9.166230530469967608e-01 2.967101806634730998e-02
9.167258140811445077e-01 2.944705015723403374e-02
9.168275702339313549e-01 2.922474314379686078e-02
9.169283313319122053e-01 2.900408470920856630e-02
9.170281071055496058e-01 2.878506262798119497e-02
9.171269071901537728e-01 2.856766476528738163e-02
9.172247411268129591e-01 2.835187907628944348e-02
9.173216183633148280e-01 2.813769360547135889e-02
9.174175482550586125e-01 2.792509648597629734e-02
9.175125400659591701e-01 2.771407593894947841e-02
9.176066029693409343e-01 2.750462027288547162e-02
9.176997460488240943e-01 2.729671788298004831e-02
9.177919782992016717e-01 2.709035725048802856e-02
9.178833086273083808e-01 2.688552694208423688e-02
9.179737458528804961e-01 2.668221560923067504e-02
9.180632987094075048e-01 2.648041198754746972e-02
9.181519758449762092e-01 2.628010489618870515e-02
9.182397858231046150e-01 2.608128323722302966e-02
9.183267371235701582e-01 2.588393599501903619e-02
9.184128381432277166e-01 2.568805223563452866e-02
9.184980971968210728e-01 2.549362110621111732e-02
9.185825225177853826e-01 2.530063183437225582e-02
9.186661222590426501e-01 2.510907372762771761e-02
9.187489044937889870e-01 2.491893617277951556e-02
9.188308772162739890e-01 2.473020863533526015e-02
9.189120483425730068e-01 2.454288065892396009e-02
9.189924257113514239e-01 2.435694186471626388e-02
9.190720170846218284e-01 2.417238195085014141e-02
9.191508301484935251e-01 2.398919069185989628e-02
9.192288725139143857e-01 2.380735793810939693e-02
9.193061517174065944e-01 2.362687361522997076e-02
9.193826752217938436e-01 2.344772772356218393e-02
9.194584504169220907e-01 2.326991033760172911e-02
9.195334846203736534e-01 2.309341160544975402e-02
9.196077850781729790e-01 2.291822174826663172e-02
9.196813589654875276e-01 2.274433105973050484e-02
9.197542133873195525e-01 2.257172990549927150e-02
9.198263553791932168e-01 2.240040872267723415e-02
9.198977919078332732e-01 2.223035801928452404e-02
9.199685298718379700e-01 2.206156837373207669e-02
9.200385761023457398e-01 2.189403043429882789e-02
9.201079373636944503e-01 2.172773491861423878e-02
9.201766203540744371e-01 2.156267261314337436e-02
9.202446317061759862e-01 2.139883437267720012e-02
9.203119779878292661e-01 2.123621111982521015e-02
9.203786657026388207e-01 2.107479384451294013e-02
9.204447012906117331e-01 2.091457360348214500e-02
9.205100911287791288e-01 2.075554151979641659e-02
9.205748415318126820e-01 2.059768878234835565e-02
9.206389587526335738e-01 2.044100664537162881e-02
9.207024489830171188e-01 2.028548642795668933e-02
9.207653183541902875e-01 2.013111951356949536e-02
9.208275729374237883e-01 1.997789734957455821e-02
9.208892187446182653e-01 1.982581144676054397e-02
9.209502617288856108e-01 1.967485337887031616e-02
9.210107077851227286e-01 1.952501478213375385e-02
9.210705627505817450e-01 1.937628735480478870e-02
9.211298324054331133e-01 1.922866285670110642e-02
9.211885224733240563e-01 1.908213310874773416e-02
9.212466386219313463e-01 1.893668999252395846e-02
9.213041864635085343e-01 1.879232544981335185e-02
9.213611715554279602e-01 1.864903148215724116e-02
9.214175994007173243e-01 1.850680015041195059e-02
9.214734754485911505e-01 1.836562357430859826e-02
9.215288050949773657e-01 1.822549393201666756e-02
9.215835936830375497e-01 1.808640345971057606e-02
9.216378465036840772e-01 1.794834445113935306e-02
9.216915687960898218e-01 1.781130925719998093e-02
9.217447657481951939e-01 1.767529028551317882e-02
9.217974424972085190e-01 1.754028000000362741e-02
9.218496041301019739e-01 1.740627092048130375e-02
9.219012556841035266e-01 1.727325562222781219e-02
9.219524021471828812e-01 1.714122673558460264e-02
9.220030484585332031e-01 1.701017694554518567e-02
9.220531995090480715e-01 1.688009899134912395e-02
9.221028601417942117e-01 1.675098566608057560e-02
9.221520351524783443e-01 1.662282981626783673e-02
9.222007292899114805e-01 1.649562434148854617e-02
9.222489472564662227e-01 1.636936219397511216e-02
9.222966937085318451e-01 1.624403637822458002e-02
9.223439732569636007e-01 1.611963995061105326e-02
9.223907904675280323e-01 1.599616601900100132e-02
9.224371498613435083e-01 1.587360774237134287e-02
9.224830559153177623e-01 1.575195833043074867e-02
9.225285130625791030e-01 1.563121104324294297e-02
9.225735256929054051e-01 1.551135919085333548e-02
9.226180981531475478e-01 1.539239613291898401e-02
9.226622347476494124e-01 1.527431527833966740e-02
9.227059397386633277e-01 1.515711008489373235e-02
9.227492173467618519e-01 1.504077405887516150e-02
9.227920717512453352e-01 1.492530075473352813e-02
9.228345070905455971e-01 1.481068377471705944e-02
9.228765274626252735e-01 1.469691676851858642e-02
9.229181369253739442e-01 1.458399343292349215e-02
9.229593394969995979e-01 1.447190751145999155e-02
9.230001391564169877e-01 1.436065279405296380e-02
9.230405398436318798e-01 1.425022311667978325e-02
9.230805454601210824e-01 1.414061236102914787e-02
9.231201598692100330e-01 1.403181445416157302e-02
9.231593868964449445e-01 1.392382336817310495e-02
9.231982303299629544e-01 1.381663311986114362e-02
9.232366939208574985e-01 1.371023777039359626e-02
9.232747813835410211e-01 1.360463142497914113e-02
9.233124963961031328e-01 1.349980823254082196e-02
9.233498426006659932e-01 1.339576238539219588e-02
9.233868236037364730e-01 1.329248811891525772e-02
9.234234429765535435e-01 1.318997971124102886e-02
9.234597042554341106e-01 1.308823148293258853e-02
9.234956109421138537e-01 1.298723779667054767e-02
9.235311665040855100e-01 1.288699305694074315e-02
9.235663743749340515e-01 1.278749170972348637e-02
9.236012379546678641e-01 1.268872824218725270e-02
9.236357606100472628e-01 1.259069718238181590e-02
9.236699456749096759e-01 1.249339309893604533e-02
9.237037964504916099e-01 1.239681060075659147e-02
9.237373162057470610e-01 1.230094433672901388e-02
9.237705081776638183e-01 1.220578899542157369e-02
9.238033755715756579e-01 1.211133930479124654e-02
9.238359215614717623e-01 1.201759003189106778e-02
9.238681492903038084e-01 1.192453598258014225e-02
9.239000618702886136e-01 1.183217200123676260e-02
9.239316623832097841e-01 1.174049297047163876e-02
9.239629538807141440e-01 1.164949381084512403e-02
9.239939393846073878e-01 1.155916948058544058e-02
9.240246218871452921e-01 1.146951497530968034e-02
9.240550043513230394e-01 1.138052532774602721e-02
9.240850897111611006e-01 1.129219560745886586e-02
9.241148808719886754e-01 1.120452092057588889e-02
9.241443807107243558e-01 1.111749640951631424e-02
9.241735920761536827e-01 1.103111725272210020e-02
9.242025177892048138e-01 1.094537866439115881e-02
9.242311606432200843e-01 1.086027589421112438e-02
9.242595234042264574e-01 1.077580422709778496e-02
9.242876088112025323e-01 1.069195898293218150e-02
9.243154195763425562e-01 1.060873551630248102e-02
9.243429583853191023e-01 1.052612921624596076e-02
9.243702278975418629e-01 1.044413550599376794e-02
9.243972307464144444e-01 1.036274984271756683e-02
9.244239695395892742e-01 1.028196771727740710e-02
9.244504468592186219e-01 1.020178465397225676e-02
9.244766652622046221e-01 1.012219621029153416e-02
9.245026272804457435e-01 1.004319797666974878e-02
9.245283354210815929e-01 9.964785576241586007e-03
9.245537921667348336e-01 9.886954664599545417e-03
9.245789999757508815e-01 9.809700929553133442e-03
9.246039612824357157e-01 9.733020090890387443e-03
9.246286784972905792e-01 9.656907900140399015e-03
9.246531540072445710e-01 9.581360140337502607e-03
9.246773901758857939e-01 9.506372625788794828e-03
9.247013893436890619e-01 9.431941201841098632e-03
9.247251538282421635e-01 9.358061744651258174e-03
9.247486859244695712e-01 9.284730160957654910e-03
9.247719879048540426e-01 9.211942387853500058e-03
9.247950620196563332e-01 9.139694392561459324e-03
9.248179104971321340e-01 9.067982172210276026e-03
9.248405355437473441e-01 8.996801753613281605e-03
9.248629393443914548e-01 8.926149193048016350e-03
9.248851240625880488e-01 8.856020576037626491e-03
9.249070918407042985e-01 8.786412017134481722e-03
9.249288448001573570e-01 8.717319659704125812e-03
9.249503850416194162e-01 8.648739675712335817e-03
9.249717146452205441e-01 8.580668265512736426e-03
9.249928356707496357e-01 8.513101657636190644e-03
9.250137501578533650e-01 8.446036108581633783e-03
9.250344601262330269e-01 8.379467902609571972e-03
9.250549675758394930e-01 8.313393351535136588e-03
9.250752744870665012e-01 8.247808794524469356e-03
9.250953828209419472e-01 8.182710597891440507e-03
9.251152945193172883e-01 8.118095154896476373e-03
9.251350115050546163e-01 8.053958885547163327e-03
9.251545356822130639e-01 7.990298236399184795e-03
9.251738689362322132e-01 7.927109680359700761e-03
9.251930131341140617e-01 7.864389716492059534e-03
9.252119701246037664e-01 7.802134869821952812e-03
9.252307417383678345e-01 7.740341691144458913e-03
9.252493297881709822e-01 7.679006756833528513e-03
9.252677360690513275e-01 7.618126668651470368e-03
9.252859623584935855e-01 7.557698053561545670e-03
9.253040104166007085e-01 7.497717563540673424e-03
9.253218819862638611e-01 7.438181875393690135e-03
9.253395787933310634e-01 7.379087690569718916e-03
9.253571025467732802e-01 7.320431734979204741e-03
9.253744549388499552e-01 7.262210758812503997e-03
9.253916376452721027e-01 7.204421536359473244e-03
9.254086523253642893e-01 7.147060865831611487e-03
9.254255006222247282e-01 7.090125569183980403e-03
9.254421841628844847e-01 7.033612491939233990e-03
9.254587045584636851e-01 6.977518503012980489e-03
9.254750634043277246e-01 6.921840494540143496e-03
9.254912622802414779e-01 6.866575381703099445e-03
9.255073027505213989e-01 6.811720102560481216e-03
9.255231863641865120e-01 6.757271617877314007e-03
9.255389146551087354e-01 6.703226910957371665e-03
9.255544891421602083e-01 6.649582987474977891e-03
9.255699113293603952e-01 6.596336875310360170e-03
9.255851827060213033e-01 6.543485624383893473e-03
9.256003047468909228e-01 6.491026306493119513e-03
9.256152789122964464e-01 6.438956015150543166e-03
9.256301066482841566e-01 6.387271865422539108e-03
9.256447893867603138e-01 6.335970993769479698e-03
9.256593285456286013e-01 6.285050557887195133e-03
9.256737255289270161e-01 6.234507736549210755e-03
9.256879817269639821e-01 6.184339729450871737e-03
9.257020985164524651e-01 6.134543757053689816e-03
9.257160772606425336e-01 6.085117060431799452e-03
9.257299193094533640e-01 6.036056901118858065e-03
9.257436259996035810e-01 5.987360560956500599e-03
9.257571986547402654e-01 5.939025341943016123e-03
9.257706385855667408e-01 5.891048566085355098e-03
9.257839470899691392e-01 5.843427575249360295e-03
9.257971254531419669e-01 5.796159731012995309e-03
9.258101749477118947e-01 5.749242414520461253e-03
9.258230968338608813e-01 5.702673026336313455e-03
9.258358923594478540e-01 5.656448986302353710e-03
9.258485627601289458e-01 5.610567733394411505e-03
9.258611092594771774e-01 5.565026725579569344e-03
9.258735330691004739e-01 5.519823439676829757e-03
9.258858353887587933e-01 5.474955371215894928e-03
9.258980174064794788e-01 5.430420034299721088e-03
9.259100802986726109e-01 5.386214961465407569e-03
9.259220252302444720e-01 5.342337703548971639e-03
9.259338533547097905e-01 5.298785829548124937e-03
9.259455658143033174e-01 5.255556926488824665e-03
9.259571637400899613e-01 5.212648599291047624e-03
9.259686482520743667e-01 5.170058470636007542e-03
9.259800204593088280e-01 5.127784180834593641e-03
9.259912814600002040e-01 5.085823387696808418e-03
9.260024323416163883e-01 5.044173766401427450e-03
9.260134741809911141e-01 5.002833009367990691e-03
9.260244080444278714e-01 4.961798826128460682e-03
9.260352349878029354e-01 4.921068943200213042e-03
9.260459560566676185e-01 4.880641103960248195e-03
9.260565722863485227e-01 4.840513068520291284e-03
9.260670847020483487e-01 4.800682613602891280e-03
9.260774943189444830e-01 4.761147532417298045e-03
9.260878021422868089e-01 4.721905634538225982e-03
9.260980091674954062e-01 4.682954745784062567e-03
9.261081163802561411e-01 4.644292708096187106e-03
9.261181247566159236e-01 4.605917379419954827e-03
9.261280352630772983e-01 4.567826633585458929e-03
9.261378488566915923e-01 4.530018360190291027e-03
9.261475664851509526e-01 4.492490464481968537e-03
9.261571890868806056e-01 4.455240867242804548e-03
9.261667175911287853e-01 4.418267504673445423e-03
9.261761529180569941e-01 4.381568328279294988e-03
9.261854959788284880e-01 4.345141304757493828e-03
9.261947476756966502e-01 4.308984415883343466e-03
9.262039089020915883e-01 4.273095658398617935e-03
9.262129805427069540e-01 4.237473043901207603e-03
9.262219634735848750e-01 4.202114598734318918e-03
9.262308585622012203e-01 4.167018363877339482e-03
9.262396666675487555e-01 4.132182394837369266e-03
9.262483886402200772e-01 4.097604761541528973e-03
9.262570253224904349e-01 4.063283548229823516e-03
9.262655775483982223e-01 4.029216853349004701e-03
9.262740461438263573e-01 3.995402789447655145e-03
9.262824319265811068e-01 3.961839483070828116e-03
9.262907357064719127e-01 3.928525074657018834e-03
9.262989582853891068e-01 3.895457718434802707e-03
9.263071004573815159e-01 3.862635582320361749e-03
9.263151630087330668e-01 3.830056847816343257e-03
9.263231467180387257e-01 3.797719709910940544e-03
9.263310523562799936e-01 3.765622376978083885e-03
9.263388806868986247e-01 3.733763070677742490e-03
9.263466324658711226e-01 3.702140025857669769e-03
9.263543084417815709e-01 3.670751490455814725e-03
9.263619093558933537e-01 3.639595725402733351e-03
9.263694359422214308e-01 3.608671004525887405e-03
9.263768889276030594e-01 3.577975614453166031e-03
9.263842690317677375e-01 3.547507854518960890e-03
9.263915769674068157e-01 3.517266036669020046e-03
9.263988134402425523e-01 3.487248485367744344e-03
9.264059791490958373e-01 3.457453537504262542e-03
9.264130747859542492e-01 3.427879542301615068e-03
9.264201010360381128e-01 3.398524861224383464e-03
9.264270585778675571e-01 3.369387867888096189e-03
9.264339480833271301e-01 3.340466947969189526e-03
9.264407702177316351e-01 3.311760499115745660e-03
9.264475256398895242e-01 3.283266930858341759e-03
9.264542150021669586e-01 3.254984664522120319e-03
9.264608389505508690e-01 3.226912133139525629e-03
9.264673981247110168e-01 3.199047781363040244e-03
9.264738931580620562e-01 3.171390065379475764e-03
9.264803246778244850e-01 3.143937452823930556e-03
9.264866933050855957e-01 3.116688422695412797e-03
9.264929996548587621e-01 3.089641465272241483e-03
9.264992443361437235e-01 3.062795082028335614e-03
9.265054279519845393e-01 3.036147785550946665e-03
9.265115510995284298e-01 3.009698099456947773e-03
9.265176143700830647e-01 2.983444558312009498e-03
9.265236183491739608e-01 2.957385707549220477e-03
9.265295636166008819e-01 2.931520103388263188e-03
9.265354507464937939e-01 2.905846312755810956e-03
9.265412803073683756e-01 2.880362913205369857e-03
9.265470528621807533e-01 2.855068492839785144e-03
9.265527689683822343e-01 2.829961650231305192e-03
9.265584291779728199e-01 2.805040994345531224e-03
9.265640340375544959e-01 2.780305144463368627e-03
9.265695840883843015e-01 2.755752730104976678e-03
9.265750798664263987e-01 2.731382390953829287e-03
9.265805219024035866e-01 2.707192776780664722e-03
9.265859107218492596e-01 2.683182547369544757e-03
9.265912468451574791e-01 2.659350372443358701e-03
9.265965307876333767e-01 2.635694931589993573e-03
9.266017630595433374e-01 2.612214914188948356e-03
9.266069441661634043e-01 2.588909019339391548e-03
9.266120746078292392e-01 2.565775955787441553e-03
9.266171548799833069e-01 2.542814441855001384e-03
9.266221854732236141e-01 2.520023205368260300e-03
9.266271668733504496e-01 2.497400983588082823e-03
9.266320995614136802e-01 2.474946523139398558e-03
9.266369840137589353e-01 2.452658579941480177e-03
9.266418207020739040e-01 2.430535919139775736e-03
9.266466100934337424e-01 2.408577315037074840e-03
9.266513526503460385e-01 2.386781551025562997e-03
9.266560488307955534e-01 2.365147419519764149e-03
9.266606990882887418e-01 2.343673721889039108e-03
9.266653038718971613e-01 2.322359268391971376e-03
9.266698636263008826e-01 2.301202878109531724e-03
9.266743787918316766e-01 2.280203378880352183e-03
9.266788498045154254e-01 2.259359607235666978e-03
9.266832770961140886e-01 2.238670408334475503e-03
9.266876610941674475e-01 2.218134635899926543e-03
9.266920022220346276e-01 2.197751152155924537e-03
9.266963008989347328e-01 2.177518827763291753e-03
9.267005575399873685e-01 2.157436541758372961e-03
9.267047725562527205e-01 2.137503181490085780e-03
9.267089463547715233e-01 2.117717642558636371e-03
9.267130793386036958e-01 2.098078828753680014e-03
9.267171719068683089e-01 2.078585651994924177e-03
9.267212244547808897e-01 2.059237032270733181e-03
9.267252373736927229e-01 2.040031897578176157e-03
9.267292110511279324e-01 2.020969183864518293e-03
9.267331458708210068e-01 2.002047834967934925e-03
9.267370422127543250e-01 1.983266802558225628e-03
9.267409004531940164e-01 1.964625046080081816e-03
9.267447209647271533e-01 1.946121532694133904e-03
9.267485041162972781e-01 1.927755237220885043e-03
9.267522502732398193e-01 1.909525142082757476e-03
9.267559597973180630e-01 1.891430237248692414e-03
9.267596330467574584e-01 1.873469520177528658e-03
9.267632703762804791e-01 1.855641995763046559e-03
9.267668721371407070e-01 1.837946676278345848e-03
9.267704386771571379e-01 1.820382581321111637e-03
9.267739703407473773e-01 1.802948737759879627e-03
9.267774674689609471e-01 1.785644179679302113e-03
9.267809303995124814e-01 1.768467948327412387e-03
9.267843594668140339e-01 1.751419092061667904e-03
9.267877550020076072e-01 1.734496666296991840e-03
9.267911173329967944e-01 1.717699733453148525e-03
9.267944467844790868e-01 1.701027362903007045e-03
9.267977436779764044e-01 1.684478630920027697e-03
9.268010083318669601e-01 1.668052620628635019e-03
9.268042410614152349e-01 1.651748421952148327e-03
9.268074421788030648e-01 1.635565131562821684e-03
9.268106119931593945e-01 1.619501852832216926e-03
9.268137508105901423e-01 1.603557695780355452e-03
9.268168589342081765e-01 1.587731777027645563e-03
9.268199366641620696e-01 1.572023219745477540e-03
9.268229842976654087e-01 1.556431153607373830e-03
9.268260021290252171e-01 1.540954714741249454e-03
9.268289904496705978e-01 1.525593045680895266e-03
9.268319495481810444e-01 1.510345295319348580e-03
9.268348797103138637e-01 1.495210618860931540e-03
9.268377812190319309e-01 1.480188177774954816e-03
9.268406543545313347e-01 1.465277139748977220e-03
9.268434993942680222e-01 1.450476678642953487e-03
9.268463166129847774e-01 1.435785974443271051e-03
9.268491062827377558e-01 1.421204213217008849e-03
9.268518686729224632e-01 1.406730587067750449e-03
9.268546040503006234e-01 1.392364294089842858e-03
9.268573126790247141e-01 1.378104538324542716e-03
9.268599948206645012e-01 1.363950529715829418e-03
9.268626507342317966e-01 1.349901484066440283e-03
9.268652806762056606e-01 1.335956622994682874e-03
9.268678849005569376e-01 1.322115173890803241e-03
9.268704636587730139e-01 1.308376369874908463e-03
9.268730171998821321e-01 1.294739449754112037e-03
9.268755457704772605e-01 1.281203657980123367e-03
9.268780496147398518e-01 1.267768244607947459e-03
9.268805289744637133e-01 1.254432465253696449e-03
9.268829840890780991e-01 1.241195581053733399e-03
9.268854151956711362e-01 1.228056858623816083e-03
9.268878225290122508e-01 1.215015570018462832e-03
9.268902063215752607e-01 1.202070992689874274e-03
9.268925668035605803e-01 1.189222409449075535e-03
9.268949042029175356e-01 1.176469108425504118e-03
9.268972187453665690e-01 1.163810383027263917e-03
9.268995106544206664e-01 1.151245531903044572e-03
9.269017801514070065e-01 1.138773858902042413e-03
9.269040274554887215e-01 1.126394673036323901e-03
9.269062527836856580e-01 1.114107288441856802e-03
9.269084563508953600e-01 1.101911024341095668e-03
9.269106383699142748e-01 1.089805205004679145e-03
9.269127990514576254e-01 1.077789159714681588e-03
9.269149386041801719e-01 1.065862222726976505e-03
9.269170572346963066e-01 1.054023733233933058e-03
9.269191551475999269e-01 1.042273035329110975e-03
9.269212325454843082e-01 1.030609477969623988e-03
9.269232896289616441e-01 1.019032414940723719e-03
9.269253265966823641e-01 1.007541204819717429e-03
9.269273436453542292e-01 9.961352109407739519e-04
9.269293409697614283e-01 9.848138013592855344e-04
9.269313187627836736e-01 9.735763488171178537e-04
9.269332772154140754e-01 9.624222307074159488e-04
9.269352165167785707e-01 9.513508290410754853e-04
9.269371368541532430e-01 9.403615304112156181e-04
9.269390384129829741e-01 9.294537259600943457e-04
9.269409213768994293e-01 9.186268113453577300e-04
9.269427859277383774e-01 9.078801867059560493e-04
9.269446322455573428e-01 8.972132566292811973e-04
9.269464605086533693e-01 8.866254301184151032e-04
9.269482708935797843e-01 8.761161205590450862e-04
9.269500635751635187e-01 8.656847456870453428e-04
9.269518387265217596e-01 8.553307275561694567e-04
9.269535965190790483e-01 8.450534925061869984e-04
9.269553371225833782e-01 8.348524711309091018e-04
9.269570607051229594e-01 8.247270982468801748e-04
9.269587674331423166e-01 8.146768128617365434e-04
9.269604574714581657e-01 8.047010581435642962e-04
9.269621309832757339e-01 7.947992813894799724e-04
9.269637881302040805e-01 7.849709339955435183e-04
9.269654290722720846e-01 7.752154714258940871e-04
9.269670539679436549e-01 7.655323531831070838e-04
9.269686629741331618e-01 7.559210427778850772e-04
9.269702562462205364e-01 7.463810076994148446e-04
9.269718339380661476e-01 7.369117193857244175e-04
9.269733962020261231e-01 7.275126531947062603e-04
9.269749431889662272e-01 7.181832883749184049e-04
9.269764750482774041e-01 7.089231080362745629e-04
9.269779919278895441e-01 6.997315991227326393e-04
9.269794939742859174e-01 6.906082523817635987e-04
9.269809813325173842e-01 6.815525623383722476e-04
9.269824541462164946e-01 6.725640272654542784e-04
9.269839125576111449e-01 6.636421491567068287e-04
9.269853567075383438e-01 6.547864336990949496e-04
9.269867867354579793e-01 6.459963902452070528e-04
9.269882027794662527e-01 6.372715317861654682e-04
9.269896049763087786e-01 6.286113749247590476e-04
9.269909934613942415e-01 6.200154398483537221e-04
9.269923683688067184e-01 6.114832503025802168e-04
9.269937298313195573e-01 6.030143335647997205e-04
9.269950779804077001e-01 5.946082204181246667e-04
9.269964129462600066e-01 5.862644451249954258e-04
9.269977348577927989e-01 5.779825454022002873e-04
9.269990438426612966e-01 5.697620623940080620e-04
9.270003400272727179e-01 5.616025406479652204e-04
9.270016235367979363e-01 5.535035280889166742e-04
9.270028944951840266e-01 5.454645759944698469e-04
9.270041530251658113e-01 5.374852389695705668e-04
9.270053992482781835e-01 5.295650749219671383e-04
9.270066332848670987e-01 5.217036450383405466e-04
9.270078552541022310e-01 5.139005137594354622e-04
9.270090652739875203e-01 5.061552487556353341e-04
9.270102634613730519e-01 4.984674209036477066e-04
9.270114499319663803e-01 4.908366042624123793e-04
9.270126248003434100e-01 4.832623760494536569e-04
9.270137881799599411e-01 4.757443166177877103e-04
9.270149401831618841e-01 4.682820094323858484e-04
9.270160809211968056e-01 4.608750410468598346e-04
9.270172105042244759e-01 4.535230010812574264e-04
9.270183290413270827e-01 4.462254821984146247e-04
9.270194366405204445e-01 4.389820800825283698e-04
9.270205334087641136e-01 4.317923934156198129e-04
9.270216194519714792e-01 4.246560238557739453e-04
9.270226948750204254e-01 4.175725760156012711e-04
9.270237597817631015e-01 4.105416574394782359e-04
9.270248142750363574e-01 4.035628785817868547e-04
9.270258584566710702e-01 3.966358527863755867e-04
9.270268924275026912e-01 3.897601962637997630e-04
9.270279162873802381e-01 3.829355280714485943e-04
9.270289301351767319e-01 3.761614700910076436e-04
9.270299340687980783e-01 3.694376470083637898e-04
9.270309281851928374e-01 3.627636862930661010e-04
9.270319125803615501e-01 3.561392181766764864e-04
9.270328873493659527e-01 3.495638756334518149e-04
9.270338525863381918e-01 3.430372943589166113e-04
9.270348083844899278e-01 3.365591127504341529e-04
9.270357548361213285e-01 3.301289718871114331e-04
9.270366920326300608e-01 3.237465155093710578e-04
9.270376200645198406e-01 3.174113899997443866e-04
9.270385390214095356e-01 3.111232443632205857e-04
9.270394489920416037e-01 3.048817302073736357e-04
9.270403500642906414e-01 2.986865017238216069e-04
9.270412423251720435e-01 2.925372156682426450e-04
9.270421258608501081e-01 2.864335313417232243e-04
9.270430007566468067e-01 2.803751105723284454e-04
9.270438670970496675e-01 2.743616176955621100e-04
9.270447249657198796e-01 2.683927195361590634e-04
9.270455744455008418e-01 2.624680853897665145e-04
9.270464156184254900e-01 2.565873870044033112e-04
9.270472485657247352e-01 2.507502985621412606e-04
9.270480733678352347e-01 2.449564966614525829e-04
9.270488901044070529e-01 2.392056602992242986e-04
9.270496988543110994e-01 2.334974708523285258e-04
9.270504996956474564e-01 2.278316120609691353e-04
9.270512927057521502e-01 2.222077700104740927e-04
9.270520779612051454e-01 2.166256331140870017e-04
9.270528555378373392e-01 2.110848920957586472e-04
9.270536255107382217e-01 2.055852399728275159e-04
9.270543879542632038e-01 2.001263720393664514e-04
9.270551429420400558e-01 1.947079858488631743e-04
9.270558905469772348e-01 1.893297811977889822e-04
9.270566308412695467e-01 1.839914601089454038e-04
9.270573638964064722e-01 1.786927268145888092e-04
9.270580897831778300e-01 1.734332877405542206e-04
9.270588085716816584e-01 1.682128514897129890e-04
9.270595203313303223e-01 1.630311288259855829e-04
9.270602251308572850e-01 1.578878326580213098e-04
9.270609230383241028e-01 1.527826780235441717e-04
9.270616141211267536e-01 1.477153820731436085e-04
9.270622984460020755e-01 1.426856640557305766e-04
9.270629760790342067e-01 1.376932453016621594e-04
9.270636470856613576e-01 1.327378492077535554e-04
9.270643115306814730e-01 1.278192012222900686e-04
9.270649694782592265e-01 1.229370288297060299e-04
9.270656209919315716e-01 1.180910615350416748e-04
9.270662661346141808e-01 1.132810308493992224e-04
9.270669049686075525e-01 1.085066702751769085e-04
9.270675375556028941e-01 1.037677152904148414e-04
9.270681639566882293e-01 9.906390333558334760e-05
9.270687842323542815e-01 9.439497379748473804e-05
9.270693984425000256e-01 8.976066799604165425e-05
9.270700066464387934e-01 8.516072916942007964e-05
9.270706089029040475e-01 8.059490245981848489e-05
9.270712052700545991e-01 7.606293489947901776e-05
9.270717958054809360e-01 7.156457539625460385e-05
9.270723805662099970e-01 6.709957472050831484e-05
9.270729596087113888e-01 6.266768549068046923e-05
9.270735329889021603e-01 5.826866215963288909e-05
9.270741007621530194e-01 5.390226100121520147e-05
9.270746629832926633e-01 4.956824009683113985e-05
9.270752197066142175e-01 4.526635932167177856e-05
9.270757709858793438e-01 4.099638033161490114e-05
9.270763168743244576e-01 3.675806655023539093e-05
9.270768574246649463e-01 3.255118315559357711e-05
9.270773926891010541e-01 2.837549706680153605e-05
9.270779227193223226e-01 2.423077693169961577e-05
9.270784475665130309e-01 2.011679311364478195e-05
9.270789672813568583e-01 1.603331767896509774e-05
9.270794819140417697e-01 1.198012438452522588e-05
9.270799915142651226e-01 7.956988664514774712e-06
9.270804961312382186e-01 3.963687618679934133e-06
9.270809958136909668e-01 0.000000000000000000e+00
