4.859492500944575522e-01 9.727567117623133752e-01
4.775603948378966956e-01 9.696187281415454828e-01
4.692502751927887239e-01 9.665563470541352897e-01
4.610184634912920520e-01 9.635682620570394930e-01
4.528646081124514389e-01 9.606531342117532457e-01
4.447884365391125971e-01 9.578095975528522210e-01
4.367897568790414242e-01 9.550362641771048544e-01
4.288684579026666999e-01 9.523317289672352803e-01
4.210245076882070947e-01 9.496945739665698660e-01
4.132579509928446804e-01 9.471233724220174954e-01
4.055689054877557043e-01 9.446166925133093750e-01
3.979575570066565815e-01 9.421731007863556329e-01
3.904241539633737101e-01 9.397911653081103545e-01
3.829690010948887391e-01 9.374694585596070606e-01
3.755924526832999932e-01 9.352065600829437830e-01
3.682949054040149939e-01 9.330010588970281127e-01
3.610767909389436259e-01 9.308515556959223725e-01
3.539385684831091172e-01 9.287566648426749394e-01
3.468807172614870593e-01 9.267150161706394496e-01
3.399037291604378730e-01 9.247252566034750432e-01
3.330081015652496257e-01 9.227860516042958317e-01
3.261943304823510248e-01 9.208960864638050525e-01
3.194629040119913999e-01 9.190540674367004836e-01
3.128142962248359193e-01 9.172587227351634009e-01
3.062489614841809038e-01 9.155088033878415743e-01
2.997673292444973381e-01 9.138030839723881860e-01
2.933697993468694643e-01 9.121403632293185737e-01
2.870567378226918098e-01 9.105194645646811358e-01
2.808284732087484858e-01 9.089392364488009246e-01
2.746852933695637100e-01 9.073985527181310795e-01
2.686274428166557371e-01 9.058963127870366394e-01
2.626551205090369434e-01 9.044314417761297742e-01
2.567684781149310869e-01 9.030028905635620884e-01
2.509676187111798962e-01 9.016096357654751481e-01
2.452525958941146333e-01 9.002506796515847842e-01
2.396234132737059541e-01 8.989250500016541245e-01
2.340800243215143128e-01 8.976317999083763821e-01
2.286223325422502839e-01 8.963700075319427363e-01
2.232501919385663225e-01 8.951387758113312776e-01
2.179634077389425162e-01 8.939372321370907537e-01
2.127617373591570438e-01 8.927645279901423869e-01
2.076448915687515440e-01 8.916198385508609103e-01
2.026125358350818750e-01 8.905023622824356222e-01
1.976642918189016607e-01 8.894113204922550198e-01
1.927997389969393627e-01 8.883459568748008905e-01
1.880184163885291193e-01 8.873055370392890495e-01
1.833198243650172587e-01 8.862893480250448874e-01
1.787034265223603757e-01 8.852966978073671944e-01
1.741686515990097384e-01 8.843269147964006871e-01
1.697148954228465678e-01 8.833793473313181766e-01
1.653415228725407804e-01 8.824533631719024829e-01
1.610478698402709741e-01 8.815483489894153646e-01
1.568332451842224806e-01 8.806637098584532142e-01
1.526969326606919530e-01 8.797988687513084161e-01
1.486381928269431274e-01 8.789532660361875083e-01
1.446562649071945206e-01 8.781263589804801928e-01
1.407503686152555833e-01 8.773176212601281332e-01
1.369197059283828732e-01 8.765265424760046997e-01
1.331634628078834925e-01 8.757526276780934760e-01
1.294808108628707766e-01 8.749953968981375452e-01
1.258709089543640358e-01 8.742543846913256589e-01
1.223329047376341405e-01 8.735291396874853564e-01
1.188659361413322291e-01 8.728192241521643968e-01
1.154691327824979297e-01 8.721242135579029275e-01
1.121416173170425301e-01 8.714436961659283165e-01
1.088825067257360724e-01 8.707772726184357381e-01
1.056909135361027152e-01 8.701245555415640931e-01
1.025659469809566682e-01 8.694851691591223286e-01
9.950671409458444749e-02 8.688587489170773726e-01
9.651232074781934678e-02 8.682449411187707078e-01
9.358187262344130897e-02 8.676434025708007480e-01
9.071447613350103190e-02 8.670538002394703181e-01
8.790923928029170664e-02 8.664758109176763368e-01
8.516527246279459451e-02 8.659091209020948199e-01
8.248168923049647994e-02 8.653534256804910063e-01
7.985760698653199263e-02 8.648084296289731965e-01
7.729214764213998556e-02 8.642738457189895751e-01
7.478443822443281430e-02 8.637493952338589631e-01
7.233361143949057492e-02 8.632348074946167849e-01
6.993880619277159649e-02 8.627298195949492099e-01
6.759916806881749451e-02 8.622341761449845432e-01
6.531384977219856225e-02 8.617476290237049419e-01
6.308201153160675201e-02 8.612699371397427583e-01
6.090282146896319748e-02 8.608008662003201472e-01
5.877545593535582480e-02 8.603401884880943484e-01
5.669909981557152978e-02 8.598876826456701705e-01
5.467294680293233178e-02 8.594431334675429746e-01
5.269619964608462936e-02 8.590063316992383458e-01
5.076807036933417283e-02 8.585770738434177485e-01
4.888778046805675181e-02 8.581551619727232350e-01
4.705456108065420029e-02 8.577404035491364986e-01
4.526765313846403682e-02 8.573326112496357787e-01
4.352630749497121698e-02 8.569316027979352324e-01
4.182978503560952355e-02 8.565372008020963879e-01
4.017735676938172240e-02 8.561492325978111717e-01
3.856830390346910331e-02 8.557675300971545607e-01
3.700191790194595765e-02 8.553919296426147900e-01
3.547750052965625844e-02 8.550222718662134902e-01
3.399436388226118044e-02 8.546584015535331202e-01
3.255183040341125267e-02 8.543001675124751726e-01
3.114923288994597694e-02 8.539474224465766206e-01
2.978591448598000291e-02 8.536000228327201844e-01
2.846122866668465701e-02 8.532578288030767677e-01
2.717453921253010218e-02 8.529207040311252985e-01
2.592522017471343698e-02 8.525885156215990968e-01
2.471265583245318975e-02 8.522611340042153261e-01
2.353624064279524752e-02 8.519384328310460885e-01
2.239537918353629031e-02 8.516202888773964919e-01
2.128948608983538549e-02 8.513065819460607919e-01
2.021798598505220035e-02 8.509971947748283805e-01
1.918031340631554116e-02 8.506920129471219338e-01
1.817591272529939239e-02 8.503909248056478187e-01
1.720423806464843608e-02 8.500938213689489542e-01
1.626475321047671230e-02 8.498005962507507727e-01
1.535693152132588946e-02 8.495111455819963631e-01
1.448025583395584626e-02 8.492253679354702101e-01
1.363421836630862582e-02 8.489431642529156052e-01
1.281832061796928102e-02 8.486644377745504730e-01
1.203207326842448133e-02 8.483890939708941259e-01
1.127499607340087806e-02 8.481170404768192395e-01
1.054661775954557346e-02 8.478481870277447818e-01
9.846475917694497149e-03 8.475824453978918482e-01
9.174116894957728974e-03 8.473197293405259067e-01
8.529095685833709695e-03 8.470599545301112920e-01
7.910975822551513659e-03 8.468030385063074483e-01
7.319329264826590631e-03 8.465489006197400856e-01
6.753736289199063769e-03 8.462974619794804143e-01
6.213785378116565283e-03 8.460486454021705072e-01
5.699073108906160812e-03 8.458023753627343932e-01
5.209204042774362442e-03 8.455585779466169294e-01
4.743790613961240688e-03 8.453171808034933843e-01
4.302453019164209636e-03 8.450781131023989978e-01
3.884819107340953259e-03 8.448413054882230044e-01
3.490524269989525585e-03 8.446066900395212684e-01
3.119211331998661407e-03 8.443742002275967939e-01
2.770530443149787914e-03 8.441437708768048109e-01
2.444138970350562268e-03 8.439153381260355857e-01
2.139701390668324876e-03 8.436888393913353212e-01
1.856889185228416395e-03 8.434642133296226252e-01
1.595380734036311310e-03 8.432413998034608005e-01
1.354861211776414720e-03 8.430203398468502085e-01
1.135022484635372919e-03 8.428009756320025136e-01
9.355630081936405773e-04 8.425832504370625031e-01
7.561877264252725439e-04 8.423671086147437315e-01
5.966079718384698083e-04 8.421524955618463482e-01
4.565413667916295992e-04 8.419393576896239129e-01
3.357117260082143062e-04 8.417276423949715536e-01
2.338489603186388877e-04 8.415172980324052698e-01
1.506889816478285127e-04 8.413082738868042920e-01
8.597360926665409409e-05 8.411005201468904069e-01
3.945047732423212494e-05 8.408939878794183809e-01
1.087294367374536108e-05 8.406886290040517240e-01
1.110223024625156540e-16 8.404843962689009240e-01
6.596183261597943215e-06 8.402812432267003917e-01
3.043148844916743201e-05 8.400791242116016910e-01
7.128128266942201918e-05 8.398779943165625150e-01
1.289262205533825423e-04 8.396778093713092028e-01
2.031521609924258343e-04 8.394785259208542572e-01
2.937500852023822162e-04 8.392801012045484343e-01
4.005160161112408801e-04 8.390824931356500871e-01
5.232509390717954290e-04 8.388856602813922203e-01
6.617607238910139245e-04 8.386895618435313837e-01
8.158560481736909509e-04 8.384941576393607487e-01
9.853523219730542237e-04 8.382994080831713823e-01
1.170069613742219516e-03 8.381052741681470630e-01
1.369832577577834165e-03 8.379117174486755415e-01
1.584470381747138390e-03 8.377187000230641445e-01
1.813816638490228783e-03 8.375261845166429575e-01
2.057709335085866620e-03 8.373341340652449283e-01
2.315990766172393300e-03 8.371425122990472367e-01
2.588507467310652288e-03 8.369512833267620522e-01
2.875110149778259405e-03 8.367604117201650205e-01
3.175653636583786188e-03 8.365698624989481580e-01
3.489996799687311579e-03 8.363796011158877164e-01
3.818002498415018486e-03 8.361895934423124732e-01
4.159537519055844790e-03 8.359998057538656768e-01
4.514472515624423643e-03 8.358102047165465454e-01
4.882681951780210028e-03 8.356207573730236593e-01
5.264044043885030000e-03 8.354314311292083683e-01
5.658440705188505504e-03 8.352421937410808850e-01
6.065757491125589596e-03 8.350530133017569634e-01
6.485883545711668141e-03 8.348638582287890575e-01
6.918711549021239193e-03 8.346746972516905227e-01
7.364137665736403271e-03 8.344854993996768666e-01
7.822061494749288357e-03 8.342962339896130564e-01
8.292386019804753872e-03 8.341068706141611111e-01
8.775017561167608449e-03 8.339173791301193184e-01
9.269865728301018848e-03 8.337277296469448595e-01
9.776843373540122784e-03 8.335378925154529606e-01
1.029586654674641277e-02 8.333478383166860182e-01
1.082685445092812504e-02 8.331575378509439300e-01
1.136972939881231159e-02 8.329669621269704116e-01
1.192441677035294134e-02 8.327760823512876387e-01
1.249084497116015324e-02 8.325848699176731094e-01
1.306894539183800497e-02 8.323932963967719534e-01
1.365865236821262041e-02 8.322013335258390265e-01
1.425990314243874568e-02 8.320089531986037956e-01
1.487263782496872633e-02 8.318161274552531292e-01
1.549679935736980596e-02 8.316228284725251108e-01
1.613233347597520240e-02 8.314290285539092107e-01
1.677918867635352917e-02 8.312347001199456020e-01
1.743731617858290672e-02 8.310398156986210649e-01
1.810666989331544130e-02 8.308443479158517109e-01
1.878720638861619552e-02 8.306482694860518601e-01
1.947888485756421595e-02 8.304515532027808566e-01
2.018166708659907549e-02 8.302541719294637135e-01
2.089551742460094008e-02 8.300560985901804800e-01
2.162040275268661826e-02 8.298573061605196699e-01
2.235629245471137949e-02 8.296577676584905303e-01
2.310315838845733438e-02 8.294574561354897124e-01
2.386097485749882896e-02 8.292563446673172356e-01
2.462971858372742240e-02 8.290544063452371937e-01
2.540936868052234843e-02 8.288516142670798725e-01
2.619990662655380387e-02 8.286479415283780625e-01
2.700131624020263299e-02 8.284433612135361225e-01
2.781358365458430626e-02 8.282378463870252450e-01
2.863669729315976298e-02 8.280313700846020364e-01
2.947064784592179354e-02 8.278239053045447493e-01
3.031542824614019693e-02 8.276154249989037259e-01
3.117103364765183571e-02 8.274059020647623885e-01
3.203746140268126652e-02 8.271953093355033371e-01
3.291471104017673621e-02 8.269836195720757788e-01
3.380278424464711051e-02 8.267708054542611817e-01
3.470168483548363714e-02 8.265568395719316008e-01
3.561141874675366470e-02 8.263416944162977895e-01
3.653199400744899794e-02 8.261253423711426569e-01
3.746342072217367924e-02 8.259077557040354067e-01
3.840571105225842885e-02 8.256889065575239162e-01
3.935887919728209283e-02 8.254687669403001360e-01
4.032294137698688719e-02 8.252473087183347378e-01
4.129791581357133978e-02 8.250245036059774550e-01
4.228382271434305562e-02 8.248003231570196769e-01
4.328068425471653935e-02 8.245747387557140762e-01
4.428852456153831163e-02 8.243477216077483849e-01
4.530736969672310988e-02 8.241192427311692104e-01
4.633724764118296591e-02 8.238892729472525600e-01
4.737818827903284014e-02 8.236577828713161908e-01
4.843022338205371646e-02 8.234247429034708965e-01
4.949338659439594945e-02 8.231901232193059581e-01
5.056771341750398996e-02 8.229538937605066495e-01
5.165324119524328239e-02 8.227160242253980238e-01
5.275000909921068182e-02 8.224764840594125381e-01
5.385805811420796285e-02 8.222352424454767439e-01
5.497743102385954650e-02 8.219922682943148207e-01
5.610817239635246256e-02 8.217475302346632926e-01
5.725032857027789746e-02 8.215009966033945954e-01
5.840394764055412136e-02 8.212526354355448310e-01
5.956907944440681391e-02 8.210024144542433788e-01
6.074577554738580520e-02 8.207503010605383675e-01
6.193408922939336314e-02 8.204962623231163432e-01
6.313407547070315484e-02 8.202402649679123581e-01
6.434579093794245974e-02 8.199822753676049292e-01
6.556929397001431958e-02 8.197222595309942017e-01
6.680464456393431227e-02 8.194601830922592089e-01
6.805190436055441605e-02 8.191960113000897881e-01
6.931113663014820681e-02 8.189297090066911533e-01
7.058240625782852273e-02 8.186612406566552425e-01
7.186577972877061793e-02 8.183905702756981704e-01
7.316132511320883047e-02 8.181176614592582386e-01
7.446911205118078581e-02 8.178424773609511700e-01
7.578921173698283109e-02 8.175649806808814590e-01
7.712169690331038829e-02 8.172851336538025091e-01
7.846664180504636654e-02 8.170028980371267791e-01
7.982412220266565939e-02 8.167182350987791661e-01
8.119421534522064388e-02 8.164311056048920712e-01
8.257699995287326455e-02 8.161414698073399254e-01
8.397255619893462253e-02 8.158492874311074061e-01
8.538096569137620939e-02 8.155545176614923397e-01
8.680231145377426127e-02 8.152571191311365206e-01
8.823667790564582170e-02 8.149570499068850005e-01
8.968415084213654520e-02 8.146542674764697400e-01
9.114481741301838635e-02 8.143487287350148485e-01
9.261876610095176598e-02 8.140403899713624103e-01
9.410608669897158052e-02 8.137292068542165691e-01
9.560687028714653923e-02 8.134151344181019816e-01
9.712120920836864180e-02 8.130981270491385304e-01
9.864919704322294702e-02 8.127781384706265211e-01
1.001909285838871178e-01 8.124551217284443627e-01
1.017464998070115589e-01 8.121290291762562896e-01
1.033160078455271913e-01 8.117998124605290133e-01
1.048995509593269038e-01 8.114674225053565282e-01
1.064972285047666167e-01 8.111318094970940695e-01
1.081091409029280026e-01 8.107929228688000034e-01
1.097353896065877965e-01 8.104507112844852035e-01
1.113760770658321908e-01 8.101051226231736901e-01
1.130313066922569165e-01 8.097561039627710899e-01
1.147011828216915053e-01 8.094036015637463555e-01
1.163858106753843380e-01 8.090475608526260798e-01
1.180852963195831995e-01 8.086879264053047356e-01
1.197997466234468344e-01 8.083246419301732821e-01
1.215292692152198928e-01 8.079576502510694702e-01
1.232739724366015421e-01 8.075868932900541752e-01
1.250339652952408009e-01 8.072123120500169779e-01
1.268093574152848735e-01 8.068338465971172102e-01
1.286002589859099876e-01 8.064514360430660167e-01
1.304067807077619046e-01 8.060650185272547619e-01
1.322290337372308278e-01 8.056745311987383307e-01
1.340671296284864367e-01 8.052799101980805396e-01
1.359211802731959962e-01 8.048810906390696518e-01
1.377912978378513786e-01 8.044780065903158750e-01
1.396775946986233974e-01 8.040705910567387260e-01
1.415801833736693993e-01 8.036587759609572501e-01
1.434991764528137370e-01 8.032424921245958638e-01
1.454346865245217391e-01 8.028216692495185880e-01
1.473868261000904623e-01 8.023962358990069932e-01
1.493557075349751795e-01 8.019661194788980652e-01
1.513414429471748868e-01 8.015312462186984233e-01
1.533441441325957832e-01 8.010915411526948748e-01
1.553639224773192273e-01 8.006469281010796246e-01
1.574008888666937889e-01 8.001973296511133427e-01
1.594551535911765683e-01 7.997426671383479624e-01
1.615268262488516182e-01 7.992828606279340775e-01
1.636160156445498615e-01 7.988178288960403606e-01
1.657228296855023375e-01 7.983474894114105380e-01
1.678473752734567226e-01 7.978717583170915617e-01
1.699897581931922863e-01 7.973905504123620647e-01
1.721500829973713342e-01 7.969037791348948518e-01
1.743284528876665185e-01 7.964113565431926167e-01
1.765249695921097262e-01 7.959131932993311898e-01
1.787397332386109206e-01 7.954091986520530622e-01
1.809728422246021928e-01 7.948992804202541507e-01
1.832243930827632816e-01 7.943833449769071020e-01
1.854944803427964750e-01 7.938612972334713191e-01
1.877831963892193645e-01 7.933330406248384481e-01
1.900906313151562443e-01 7.927984770948670601e-01
1.924168727721108363e-01 7.922575070825619292e-01
1.947620058157163436e-01 7.917100295089578577e-01
1.971261127474633890e-01 7.911559417647672232e-01
1.995092729524200470e-01 7.905951396988593061e-01
2.019115627329628460e-01 7.900275176076357875e-01
2.043330551385540428e-01 7.894529682253753622e-01
2.067738197916078047e-01 7.888713827156215164e-01
2.092339227095034726e-01 7.882826506636894104e-01
2.117134261228125203e-01 7.876866600703740229e-01
2.142123882898271381e-01 7.870832973469429339e-01
2.167308633074823687e-01 7.864724473115014547e-01
2.192689009187915872e-01 7.858539931868204764e-01
2.218265463169181162e-01 7.852278165997215176e-01
2.244038399460349664e-01 7.845937975821171140e-01
2.270008172991330175e-01 7.839518145738066934e-01
2.296175087129608272e-01 7.833017444271326291e-01
2.322539391602984615e-01 7.826434624136053841e-01
2.349101280397861702e-01 7.819768422326062174e-01
2.375860889635504902e-01 7.813017560222842439e-01
2.402818295428894579e-01 7.806180743727629823e-01
2.429973511723061419e-01 7.799256663417775126e-01
2.457326488121928110e-01 7.792243994728647039e-01
2.484877107705015797e-01 7.785141398162318538e-01
2.512625184837523618e-01 7.777947519524317510e-01
2.540570462977580490e-01 7.770660990189732775e-01
2.568712612484673752e-01 7.763280427399995576e-01
2.597051228433532311e-01 7.755804434591677676e-01
2.625585828437956293e-01 7.748231601758631681e-01
2.654315850489366024e-01 7.740560505848831374e-01
2.683240650815031936e-01 7.732789711197277649e-01
2.712359501761238967e-01 7.724917769996310080e-01
2.741671589706845547e-01 7.716943222804674152e-01
2.771176013012932593e-01 7.708864599096690862e-01
2.800871780014444479e-01 7.700680417852837634e-01
2.830757807059973707e-01 7.692389188193039518e-01
2.860832916605996479e-01 7.683989410053941871e-01
2.891095835372092804e-01 7.675479574911385772e-01
2.921545192563834714e-01 7.666858166549279652e-01
2.952179518170181538e-01 7.658123661875985144e-01
2.982997241342389971e-01 7.649274531789307385e-01
3.013996688861515505e-01 7.640309242091068986e-01
3.045176083701711667e-01 7.631226254452200264e-01
3.076533543696603479e-01 7.622024027429181725e-01
3.108067080315995989e-01 7.612701017532568226e-01
3.139774597560288649e-01 7.603255680348212087e-01
3.171653890979844181e-01 7.593686471711715846e-01
3.203702646826562805e-01 7.583991848936467717e-01
3.235918441344823870e-01 7.574170272095511747e-01
3.268298740208802622e-01 7.564220205357334859e-01
3.300840898113018840e-01 7.554140118375496371e-01
3.333542158522773136e-01 7.543928487731863530e-01
3.366399653590874674e-01 7.533583798432998968e-01
3.399410404246751005e-01 7.523104545459103898e-01
3.432571320463764231e-01 7.512489235364687712e-01
3.465879201710084789e-01 7.501736387929902605e-01
3.499330737588135509e-01 7.490844537861325314e-01
3.532922508667126760e-01 7.479812236540650527e-01
3.566650987512678395e-01 7.468638053819616207e-01
3.600512539916999044e-01 7.457320579859154641e-01
3.634503426332507114e-01 7.445858427010569880e-01
3.668619803511122823e-01 7.434250231736259096e-01
3.702857726350826661e-01 7.422494656567246718e-01
3.737213149950363578e-01 7.410590392094541512e-01
3.771681931872230553e-01 7.398536158991062539e-01
3.806259834613370252e-01 7.386330710060615701e-01
3.840942528282155211e-01 7.373972832310149439e-01
3.875725593479480979e-01 7.361461349041280577e-01
3.910604524380960623e-01 7.348795121956791521e-01
3.945574732016380315e-01 7.335973053277606848e-01
3.980631547741732001e-01 7.322994087865490886e-01
4.015770226898335293e-01 7.309857215346511339e-01
4.050985952652685906e-01 7.296561472230105316e-01
4.086273840009885250e-01 7.283105944018367639e-01
4.121628939992693086e-01 7.269489767300059135e-01
4.157046243977443600e-01 7.255712131823619515e-01
4.192520688177356902e-01 7.241772282543386119e-01
4.228047158263015248e-01 7.227669521633085514e-01
4.263620494109126025e-01 7.213403210460570536e-01
4.299235494656045153e-01 7.198972771517750946e-01
4.334886922873966153e-01 7.184377690299593722e-01
4.370569510817142733e-01 7.169617517126083417e-01
4.406277964755036525e-01 7.154691868901075225e-01
4.442006970366916274e-01 7.139600430801986697e-01
4.477751197986049592e-01 7.124342957894416184e-01
4.513505307879412953e-01 7.108919276665844889e-01
4.549263955548593641e-01 7.093329286472755957e-01
4.585021797037523994e-01 7.077572960895699428e-01
4.620773494232546241e-01 7.061650348997008386e-01
4.656513720140433854e-01 7.045561576476140342e-01
4.692237164130045324e-01 7.029306846717908730e-01
4.727938537123499430e-01 7.012886441729112574e-01
4.763612576723017522e-01 6.996300722959488683e-01
4.799254052259912529e-01 6.979550132003176088e-01
4.834857769752605172e-01 6.962635191177339866e-01
4.870418576761011975e-01 6.945556503974943396e-01
4.905931367125200282e-01 6.928314755389122226e-01
4.941391085576766207e-01 6.910910712107027898e-01
4.976792732212047543e-01 6.893345222571448661e-01
5.012131366816990896e-01 6.875619216909031328e-01
5.047402113034189508e-01 6.857733706724331579e-01
5.082600162363399843e-01 6.839689784759450664e-01
5.117720777987653236e-01 6.821488624419473901e-01
5.152759298417871614e-01 6.803131479164410411e-01
5.187711140949775590e-01 6.784619681768807586e-01
5.222571804927703676e-01 6.765954643450703410e-01
5.257336874810829563e-01 6.747137852872009400e-01
5.292002023038138159e-01 6.728170875012897678e-01
5.326563012689347065e-01 6.709055349923181977e-01
5.361015699939852830e-01 6.689792991354098772e-01
5.395356036308547321e-01 6.670385585274316576e-01
5.429580070698228900e-01 6.650834988274341164e-01
5.463683951229043601e-01 6.631143125863872001e-01
5.497663926866199757e-01 6.611311990666954852e-01
5.531516348843878994e-01 6.591343640520124225e-01
5.565237671887979243e-01 6.571240196478944640e-01
5.598824455240929421e-01 6.551003840738631734e-01
5.632273363492448226e-01 6.530636814474659602e-01
5.665581167220661296e-01 6.510141415609398408e-01
5.698744743448478367e-01 6.489519996511002864e-01
5.731761075920649429e-01 6.468774961630896492e-01
5.764627255207257495e-01 6.447908765086247662e-01
5.797340478639847472e-01 6.426923908193937773e-01
5.829898050086670391e-01 6.405822936962484171e-01
5.862297379573775391e-01 6.384608439548449255e-01
5.894535982758992709e-01 6.363283043683759521e-01
5.926611480265917553e-01 6.341849414080362735e-01
5.958521596885256733e-01 6.320310249818510417e-01
5.990264160650914382e-01 6.298668281724897344e-01
6.021837101798306335e-01 6.276926269746682108e-01
6.053238451612384941e-01 6.255087000327350655e-01
6.084466341172855008e-01 6.233153283790116017e-01
6.115519000004006056e-01 6.211127951734418673e-01
6.146394754636527180e-01 6.189013854450857721e-01
6.177092027088539883e-01 6.166813858359667666e-01
6.207609333272974261e-01 6.144530843477584714e-01
6.237945281338250769e-01 6.122167700917782174e-01
6.268098569949067667e-01 6.099727330427182626e-01
6.298067986513857797e-01 6.077212637965310194e-01
6.327852405365362864e-01 6.054626533328479887e-01
6.357450785900420343e-01 6.031971927822921131e-01
6.386862170684958206e-01 6.009251731990093992e-01
6.416085683529855199e-01 5.986468853387261202e-01
6.445120527543106714e-01 5.963626194426012717e-01
6.473965983163494364e-01 5.940726650271239695e-01
6.502621406180689734e-01 5.917773106802752814e-01
6.531086225746428608e-01 5.894768438641486696e-01
6.559359942381195463e-01 5.871715507241956900e-01
6.587442125980538243e-01 5.848617159052407199e-01
6.615332413824914770e-01 5.825476223743828452e-01
6.643030508596678985e-01 5.802295512508763853e-01
6.670536176407613205e-01 5.779077816430667758e-01
6.697849244840128335e-01 5.755825904924261049e-01
6.724969601005024167e-01 5.732542524247196125e-01
6.751897189618487616e-01 5.709230396083109227e-01
6.778632011100742538e-01 5.685892216195960192e-01
6.805174119698602642e-01 5.662530653155367633e-01
6.831523621633919241e-01 5.639148347132507677e-01
6.857680673279732408e-01 5.615747908765943430e-01
6.883645479365769759e-01 5.592331918096644650e-01
6.909418291214689534e-01 5.568902923571321661e-01
6.934999405010371376e-01 5.545463441113019920e-01
6.960389160099322847e-01 5.522015953257886078e-01
6.985587937326152019e-01 5.498562908356845469e-01
7.010596157403901074e-01 5.475106719840872049e-01
7.035414279319900377e-01 5.451649765548431947e-01
7.060042798777648176e-01 5.428194387113620678e-01
7.084482246675147810e-01 5.404742889413428619e-01
7.108733187619959981e-01 5.381297540072536023e-01
7.132796218481194384e-01 5.357860569023952246e-01
7.156671966978483956e-01 5.334434168123836084e-01
7.180361090307970651e-01 5.311020490818716411e-01
7.203864273805207219e-01 5.287621651863392280e-01
7.227182229644801836e-01 5.264239727087702825e-01
7.250315695576596831e-01 5.240876753210392813e-01
7.273265433698050675e-01 5.217534727698260877e-01
7.296032229262514601e-01 5.194215608668792949e-01
7.318616889522953084e-01 5.170921314834491245e-01
7.341020242610694080e-01 5.147653725487096876e-01
7.363243136448696102e-01 5.124414680519936427e-01
7.385286437698799222e-01 5.101205980486642755e-01
7.407151030742420428e-01 5.078029386694496994e-01
7.428837816694071616e-01 5.054886621330698659e-01
7.450347712447122905e-01 5.031779367619856336e-01
7.471681649751127363e-01 5.008709270011073578e-01
7.492840574320118741e-01 4.985677934392980237e-01
7.513825444971147238e-01 4.962686928335137138e-01
7.534637232792432693e-01 4.939737781354267554e-01
7.555276920340417979e-01 4.916831985203798938e-01
7.575745500865034288e-01 4.893970994185237178e-01
7.596043977562496607e-01 4.871156225479957858e-01
7.616173362854913309e-01 4.848389059500014531e-01
7.636134677696029271e-01 4.825670840256618410e-01
7.655928950902396446e-01 4.803002875745001621e-01
7.675557218509283519e-01 4.780386438344373934e-01
7.695020523150640779e-01 4.757822765231796147e-01
7.714319913462437395e-01 4.735313058808767739e-01
7.733456443508690548e-01 4.712858487139417463e-01
7.752431172229544698e-01 4.690460184399197763e-01
7.771245162910707105e-01 4.668119251333062714e-01
7.789899482673636744e-01 4.645836755722114741e-01
7.808395201985822709e-01 4.623613732857755343e-01
7.826733394190525939e-01 4.601451186022458284e-01
7.844915135055410271e-01 4.579350086976250456e-01
7.862941502339403366e-01 4.557311376448094364e-01
7.880813575377256797e-01 4.535335964631367345e-01
7.898532434681199144e-01 4.513424731682681434e-01
7.916099161559123631e-01 4.491578528223327815e-01
7.933514837748775195e-01 4.469798175842657484e-01
7.950780545067388516e-01 4.448084467602763103e-01
7.967897365076264116e-01 4.426438168543835872e-01
7.984866378759771788e-01 4.404860016189633409e-01
8.001688666218285118e-01 4.383350721052503562e-01
8.018365306374565238e-01 4.361910967137451189e-01
8.034897376693135307e-01 4.340541412444771652e-01
8.051285952912176080e-01 4.319242689470786933e-01
8.067532108787511813e-01 4.298015405706266945e-01
8.083636915848256832e-01 4.276860144132138553e-01
8.099601443163697567e-01 4.255777463712098196e-01
8.115426757121015910e-01 4.234767899881806130e-01
8.131113921213464213e-01 4.213831965034309235e-01
8.146663995838597794e-01 4.192970149001425950e-01
8.162078038106215239e-01 4.172182919530794676e-01
8.177357101655641225e-01 4.151470722758340282e-01
8.192502236482006595e-01 4.130833983675927801e-01
8.207514488771198158e-01 4.110273106593977932e-01
8.222394900743146273e-01 4.089788475598864492e-01
8.237144510503154882e-01 4.069380455004907304e-01
8.251764351900950922e-01 4.049049389800796206e-01
8.266255454397178903e-01 4.028795606090312953e-01
8.280618842937048640e-01 4.008619411527210019e-01
8.294855537830876369e-01 3.988521095744146372e-01
8.308966554641235014e-01 3.968500930775569202e-01
8.322952904076486025e-01 3.948559171474451679e-01
8.336815591890421873e-01 3.928696055922827890e-01
8.350555618787810497e-01 3.908911805836047249e-01
8.364173980335583014e-01 3.889206626960702851e-01
8.377671666879468182e-01 3.869580709466189372e-01
8.391049663465853792e-01 3.850034228329867192e-01
8.404308949768664050e-01 3.830567343715797213e-01
8.417450500021064208e-01 3.811180201347053043e-01
8.430475282951791494e-01 3.791872932871581670e-01
8.443384261725945805e-01 3.772645656221634836e-01
8.456178393890041445e-01 3.753498475966773329e-01
8.468858631321165564e-01 3.734431483660458628e-01
8.481425920180073463e-01 3.715444758180262985e-01
8.493881200868056425e-01 3.696538366061719039e-01
8.506225407987439979e-01 3.677712361825841159e-01
8.518459470305559389e-01 3.658966788300378470e-01
8.530584310722066910e-01 3.640301676934806219e-01
8.542600846239447598e-01 3.621717048109148740e-01
8.554509987936586013e-01 3.603212911436646237e-01
8.566312640945297208e-01 3.584789266060348645e-01
8.578009704429658822e-01 3.566446100943682085e-01
8.589602071568047670e-01 3.548183395155057873e-01
8.601090629537776477e-01 3.530001118146584016e-01
8.612476259502193088e-01 3.511899230026952479e-01
8.623759836600167761e-01 3.493877681828563286e-01
8.634942229937849767e-01 3.475936415768967613e-01
8.646024302582598908e-01 3.458075365506702026e-01
8.657006911559003148e-01 3.440294456391584932e-01
8.667890907846886872e-01 3.422593605709551845e-01
8.678677136381227619e-01 3.404972722922113837e-01
8.689366436053895804e-01 3.387431709900514676e-01
8.699959639717137483e-01 3.369970461154667696e-01
8.710457574188721352e-01 3.352588864056953444e-01
8.720861060258678910e-01 3.335286799060953600e-01
8.731170912697564512e-01 3.318064139915215538e-01
8.741387940266165391e-01 3.300920753872118585e-01
8.751512945726600545e-01 3.283856501891931901e-01
8.761546725854735262e-01 3.266871238842137259e-01
8.771490071453861281e-01 3.249964813692113319e-01
8.781343767369578224e-01 3.233137069703247990e-01
8.791108592505813002e-01 3.216387844614571057e-01
8.800785319841941678e-01 3.199716970823991424e-01
8.810374716450936061e-01 3.183124275565208938e-01
8.819877543518510610e-01 3.166609581080386260e-01
8.829294556363197488e-01 3.150172704788677391e-01
8.838626504457320898e-01 3.133813459450659478e-01
8.847874131448816293e-01 3.117531653328785568e-01
8.857038175183858941e-01 3.101327090343899417e-01
8.866119367730247447e-01 3.085199570227927790e-01
8.875118435401518902e-01 3.069148888672792452e-01
8.884036098781746826e-01 3.053174837475641779e-01
8.892873072750979713e-01 3.037277204680469689e-01
8.901630066511310169e-01 3.021455774716191867e-01
8.910307783613502508e-01 3.005710328531265851e-01
8.918906921984181002e-01 2.990040643724907188e-01
8.927428173953531054e-01 2.974446494674999331e-01
8.935872226283475550e-01 2.958927652662739494e-01
8.944239760196320832e-01 2.943483885994118143e-01
8.952531451403819007e-01 2.928114960118279875e-01
8.960747970136638818e-01 2.912820637742843388e-01
8.968889981174206216e-01 2.897600678946243846e-01
8.976958143874899099e-01 2.882454841287162006e-01
8.984953112206570669e-01 2.867382879911116733e-01
8.992875534777367008e-01 2.852384547654258640e-01
9.000726054866842185e-01 2.837459595144459223e-01
9.008505310457318727e-01 2.822607770899729918e-01
9.016213934265501218e-01 2.807828821424042109e-01
9.023852553774303065e-01 2.793122491300620291e-01
9.031421791264881982e-01 2.778488523282734990e-01
9.038922263848854222e-01 2.763926658382085400e-01
9.046354583500680890e-01 2.749436635954807251e-01
9.053719357090209696e-01 2.735018193785165863e-01
9.061017186415339930e-01 2.720671068166998774e-01
9.068248668234819565e-01 2.706394993982941255e-01
9.075414394301141163e-01 2.692189704781496884e-01
9.082514951393534375e-01 2.678054932852015346e-01
9.089550921351035040e-01 2.663990409297610773e-01
9.096522881105616465e-01 2.649995864106065024e-01
9.103431402715377319e-01 2.636071026218790303e-01
9.110277053397776159e-01 2.622215623597868861e-01
9.117060395562883723e-01 2.608429383291235304e-01
9.123781986846666303e-01 2.594712031496035909e-01
9.130442380144272452e-01 2.581063293620216026e-01
9.137042123643321911e-01 2.567482894342368871e-01
9.143581760857178997e-01 2.553970557669900110e-01
9.150061830658211548e-01 2.540526006995547093e-01
9.156482867311019902e-01 2.527148965152274940e-01
9.162845400505632565e-01 2.513839154466621650e-01
9.169149955390647477e-01 2.500596296810501107e-01
9.175397052606334425e-01 2.487420113651515052e-01
9.181587208317670834e-01 2.474310326101821778e-01
9.187720934247306515e-01 2.461266654965564848e-01
9.193798737708469559e-01 2.448288820784935149e-01
9.199821121637778987e-01 2.435376543884876233e-01
9.205788584627975224e-01 2.422529544416478497e-01
9.211701620960570658e-01 2.409747542399083287e-01
9.217560720638382499e-01 2.397030257761144645e-01
9.223366369417987931e-01 2.384377410379873163e-01
9.229119048842049366e-01 2.371788720119679672e-01
9.234819236271546439e-01 2.359263906869480953e-01
9.240467404917880323e-01 2.346802690578853046e-01
9.246064023874862592e-01 2.334404791293109849e-01
9.251609558150575285e-01 2.322069929187294823e-01
9.257104468699112187e-01 2.309797824599130189e-01
9.262549212452173553e-01 2.297588198060949161e-01
9.267944242350535378e-01 2.285440770330645632e-01
9.273290007375378785e-01 2.273355262421643541e-01
9.278586952579470637e-01 2.261331395631933638e-01
9.283835519118210922e-01 2.249368891572197660e-01
9.289036144280514717e-01 2.237467472193029883e-01
9.294189261519562040e-01 2.225626859811296043e-01
9.299295300483384485e-01 2.213846777135640709e-01
9.304354687045293115e-01 2.202126947291173087e-01
9.309367843334157566e-01 2.190467093843349033e-01
9.314335187764524182e-01 2.178866940821067022e-01
9.319257135066559838e-01 2.167326212739004720e-01
9.324134096315852549e-01 2.155844634619213940e-01
9.328966478963027775e-01 2.144421932011990606e-01
9.333754686863213745e-01 2.133057831016046402e-01
9.338499120305320256e-01 2.121752058297985410e-01
9.343200176041170923e-01 2.110504341111127946e-01
9.347858247314438929e-01 2.099314407313667141e-01
9.352473723889433987e-01 2.088181985386214912e-01
9.357046992079697256e-01 2.077106804448711763e-01
9.361578434776437474e-01 2.066088594276752621e-01
9.366068431476778366e-01 2.055127085317325353e-01
9.370517358311837297e-01 2.044222008703973081e-01
9.374925588074629612e-01 2.033373096271423597e-01
9.379293490247788689e-01 2.022580080569661432e-01
9.383621431031113902e-01 2.011842694877489235e-01
9.387909773368935396e-01 2.001160673215574004e-01
9.392158876977305670e-01 1.990533750359007037e-01
9.396369098371003536e-01 1.979961661849367616e-01
9.400540790890369314e-01 1.969444144006334829e-01
9.404674304727950185e-01 1.958980933938828661e-01
9.408769986954971243e-01 1.948571769555714761e-01
9.412828181547625572e-01 1.938216389576081777e-01
9.416849229413181144e-01 1.927914533539084596e-01
9.420833468415914513e-01 1.917665941813397890e-01
9.424781233402854674e-01 1.907470355606258883e-01
9.428692856229353714e-01 1.897327516972125983e-01
9.432568665784476503e-01 1.887237168820967703e-01
9.436408988016207200e-01 1.877199054926181887e-01
9.440214145956479230e-01 1.867212919932159654e-01
9.443984459746028737e-01 1.857278509361501850e-01
9.447720246659055965e-01 1.847395569621910205e-01
9.451421821127728995e-01 1.837563848012738754e-01
9.455089494766486524e-01 1.827783092731236625e-01
9.458723576396179666e-01 1.818053052878476628e-01
9.462324372068027234e-01 1.808373478464985196e-01
9.465892185087397825e-01 1.798744120416092551e-01
9.469427316037407616e-01 1.789164730576976448e-01
9.472930062802359386e-01 1.779635061717450562e-01
9.476400720590981708e-01 1.770154867536479770e-01
9.479839581959516037e-01 1.760723902666431195e-01
9.483246936834611729e-01 1.751341922677073226e-01
9.486623072536061185e-01 1.742008684079339176e-01
9.489968273799349596e-01 1.732723944328838916e-01
9.493282822798038145e-01 1.723487461829144030e-01
9.496566999165980683e-01 1.714298995934855352e-01
9.499821080019356101e-01 1.705158306954438485e-01
9.503045339978539729e-01 1.696065156152860576e-01
9.506240051189805973e-01 1.687019305754010601e-01
9.509405483346854426e-01 1.678020518942925365e-01
9.512541903712173896e-01 1.669068559867820101e-01
9.515649577138237669e-01 1.660163193641929213e-01
9.518728766088527804e-01 1.651304186345163849e-01
9.521779730658402885e-01 1.642491305025599591e-01
9.524802728595790358e-01 1.633724317700773199e-01
9.527798015321722325e-01 1.625002993358836134e-01
9.530765843950703697e-01 1.616327101959524892e-01
9.533706465310918254e-01 1.607696414434985899e-01
9.536620127964277049e-01 1.599110702690442753e-01
9.539507078226299175e-01 1.590569739604716926e-01
9.542367560185838204e-01 1.582073299030606339e-01
9.545201815724650984e-01 1.573621155795117410e-01
9.548010084536797670e-01 1.565213085699570517e-01
9.550792604147899656e-01 1.556848865519570024e-01
9.553549609934229858e-01 1.548528273004848854e-01
9.556281335141649791e-01 1.540251086878984266e-01
9.558988010904400090e-01 1.532017086839004838e-01
9.561669866263724504e-01 1.523826053554873106e-01
9.564327128186350668e-01 1.515677768668858283e-01
9.566960021582817664e-01 1.507572014794801296e-01
9.569568769325649260e-01 1.499508575517274345e-01
9.572153592267383937e-01 1.491487235390638322e-01
9.574714709258445033e-01 1.483507779938002535e-01
9.577252337164878782e-01 1.475569995650088950e-01
9.579766690885931357e-01 1.467673669984000950e-01
9.582257983371483823e-01 1.459818591361905504e-01
9.584726425639348291e-01 1.452004549169632064e-01
9.587172226792411989e-01 1.444231333755178204e-01
9.589595594035642545e-01 1.436498736427145317e-01
9.591996732692948946e-01 1.428806549453089936e-01
9.594375846223904825e-01 1.421154566057794000e-01
9.596733136240328532e-01 1.413542580421479622e-01
9.599068802522719990e-01 1.405970387677933919e-01
9.601383043036570974e-01 1.398437783912575005e-01
9.603676053948525526e-01 1.390944566160452478e-01
9.605948029642412678e-01 1.383490532404180184e-01
9.608199162735139298e-01 1.376075481571810144e-01
9.610429644092447488e-01 1.368699213534650960e-01
9.612639662844543187e-01 1.361361529105018509e-01
9.614829406401589340e-01 1.354062230033938885e-01
9.616999060469068050e-01 1.346801119008804726e-01
9.619148809063008398e-01 1.339577999650961582e-01
9.621278834525092138e-01 1.332392676513263208e-01
9.623389317537623944e-01 1.325244955077570230e-01
9.625480437138378420e-01 1.318134641752205516e-01
9.627552370735312781e-01 1.311061543869360690e-01
9.629605294121167391e-01 1.304025469682471572e-01
9.631639381487924201e-01 1.297026228363539202e-01
9.633654805441155267e-01 1.290063630000423123e-01
9.635651737014240270e-01 1.283137485594085803e-01
9.637630345682463018e-01 1.276247607055815969e-01
9.639590799376990260e-01 1.269393807204397540e-01
9.641533264498727274e-01 1.262575899763270781e-01
9.643457905932051322e-01 1.255793699357632409e-01
9.645364887058432979e-01 1.249047021511527911e-01
9.647254369769932003e-01 1.242335682644908346e-01
9.649126514482586625e-01 1.235659500070649397e-01
9.650981480149675162e-01 1.229018291991562650e-01
9.652819424274872162e-01 1.222411877497363575e-01
9.654640502925286860e-01 1.215840076561620631e-01
9.656444870744386177e-01 1.209302710038689943e-01
9.658232680964810024e-01 1.202799599660615559e-01
9.660004085421072251e-01 1.196330568034014163e-01
9.661759234562150578e-01 1.189895438636942027e-01
9.663498277463969943e-01 1.183494035815737533e-01
9.665221361841774828e-01 1.177126184781853713e-01
9.666928634062392778e-01 1.170791711608660801e-01
9.668620239156392460e-01 1.164490443228249905e-01
9.670296320830135128e-01 1.158222207428202255e-01
9.671957021477720629e-01 1.151986832848365117e-01
9.673602482192830143e-01 1.145784148977595507e-01
9.675232842780463471e-01 1.139613986150498359e-01
9.676848241768569725e-01 1.133476175544160247e-01
9.678448816419586986e-01 1.127370549174862013e-01
9.680034702741870944e-01 1.121296939894780298e-01
9.681606035501022500e-01 1.115255181388692396e-01
9.683162948231127665e-01 1.109245108170656691e-01
9.684705573245883103e-01 1.103266555580693087e-01
9.686234041649633975e-01 1.097319359781457893e-01
9.687748483348311845e-01 1.091403357754906489e-01
9.689249027060274910e-01 1.085518387298952669e-01
9.690735800327057170e-01 1.079664287024121316e-01
9.692208929524015470e-01 1.073840896350197749e-01
9.693668539870887724e-01 1.068048055502872629e-01
9.695114755442256760e-01 1.062285605510379094e-01
9.696547699177925361e-01 1.056553388200132115e-01
9.697967492893190267e-01 1.050851246195363409e-01
9.699374257289031798e-01 1.045179022911754130e-01
9.700768111962215778e-01 1.039536562554058685e-01
9.702149175415301086e-01 1.033923710112745198e-01
9.703517565066559492e-01 1.028340311360612658e-01
9.704873397259805579e-01 1.022786212849429166e-01
9.706216787274147828e-01 1.017261261906550196e-01
9.707547849333642009e-01 1.011765306631560168e-01
9.708866696616866854e-01 1.006298195892888492e-01
9.710173441266412020e-01 1.000859779324450027e-01
9.711468194398279463e-01 9.954499073222777827e-02
9.712751066111204867e-01 9.900684310411544953e-02
9.714022165495895811e-01 9.847152023912553176e-02
9.715281600644185556e-01 9.793900740347849521e-02
9.716529478658103569e-01 9.740928993826203364e-02
9.717765905658873882e-01 9.688235325909666518e-02
9.718990986795822407e-01 9.635818285579977882e-02
9.720204826255210984e-01 9.583676429205245650e-02
9.721407527268993709e-01 9.531808320506429677e-02
9.722599192123489997e-01 9.480212530524101400e-02
9.723779922167982148e-01 9.428887637585048331e-02
9.724949817823244080e-01 9.377832227269133902e-02
9.726108978589976806e-01 9.327044892376046281e-02
9.727257503057185062e-01 9.276524232892147115e-02
9.728395488910472899e-01 9.226268855957497905e-02
9.729523032940259331e-01 9.176277375832797567e-02
9.730640231049930700e-01 9.126548413866453213e-02
9.731747178263914222e-01 9.077080598461717553e-02
9.732843968735677143e-01 9.027872565043904007e-02
9.733930695755663720e-01 8.978922956027668434e-02
9.735007451759144503e-01 8.930230420784324163e-02
9.736074328334015648e-01 8.881793615609345771e-02
9.737131416228512748e-01 8.833611203689761826e-02
9.738178805358860268e-01 8.785681855071869606e-02
9.739216584816854372e-01 8.738004246628849891e-02
9.740244842877375797e-01 8.690577062028503885e-02
9.741263667005833904e-01 8.643398991701101153e-02
9.742273143865549656e-01 8.596468732807338586e-02
9.743273359325062000e-01 8.549784989206343777e-02
9.744264398465378729e-01 8.503346471423733899e-02
9.745246345587159631e-01 8.457151896619918841e-02
9.746219284217826351e-01 8.411199988558271112e-02
9.747183297118624523e-01 8.365489477573584409e-02
9.748138466291604853e-01 8.320019100540543278e-02
9.749084872986554240e-01 8.274787600842314905e-02
9.750022597707861394e-01 8.229793728339163117e-02
9.750951720221313623e-01 8.185036239337273312e-02
9.751872319560843660e-01 8.140513896557632911e-02
9.752784474035205431e-01 8.096225469104967321e-02
9.753688261234597645e-01 8.052169732436853522e-02
9.754583758037220775e-01 8.008345468332844774e-02
9.755471040615781853e-01 7.964751464863839558e-02
9.756350184443934870e-01 7.921386516361372809e-02
9.757221264302663455e-01 7.878249423387173600e-02
9.758084354286613582e-01 7.835338992702711725e-02
9.758939527810354120e-01 7.792654037238988529e-02
9.759786857614600741e-01 7.750193376066250028e-02
9.760626415772362119e-01 7.707955834363944270e-02
9.761458273695049481e-01 7.665940243390778619e-02
9.762282502138517337e-01 7.624145440454832556e-02
9.763099171209058680e-01 7.582570268883781495e-02
9.763908350369340239e-01 7.541213577995309336e-02
9.764710108444284442e-01 7.500074223067543233e-02
9.765504513626903638e-01 7.459151065309621575e-02
9.766291633484075474e-01 7.418442971832417410e-02
9.767071534962268320e-01 7.377948815619361778e-02
9.767844284393215615e-01 7.337667475497267056e-02
9.768609947499536927e-01 7.297597836107483360e-02
9.769368589400309055e-01 7.257738787876921727e-02
9.770120274616587164e-01 7.218089226989410356e-02
9.770865067076877075e-01 7.178648055357006452e-02
9.771603030122553157e-01 7.139414180591507897e-02
9.772334226513234023e-01 7.100386515976042645e-02
9.773058718432102721e-01 7.061563980436769139e-02
9.773776567491182510e-01 7.022945498514732154e-02
9.774487834736566017e-01 6.984530000337785260e-02
9.775192580653593311e-01 6.946316421592690915e-02
9.775890865171984467e-01 6.908303703497209458e-02
9.776582747670927720e-01 6.870490792772487865e-02
9.777268286984115431e-01 6.832876641615426294e-02
9.777947541404744536e-01 6.795460207671155661e-02
9.778620568690459258e-01 6.758240454005759457e-02
9.779287426068260514e-01 6.721216349078962260e-02
9.779948170239359806e-01 6.684386866716984787e-02
9.780602857384002036e-01 6.647750986085598779e-02
9.781251543166229467e-01 6.611307691663204089e-02
9.781894282738614610e-01 6.575055973213983496e-02
9.782531130746943138e-01 6.538994825761312857e-02
9.783162141334859063e-01 6.503123249561182373e-02
9.783787368148463282e-01 6.467440250075728869e-02
9.784406864340874366e-01 6.431944837946956817e-02
9.785020682576740514e-01 6.396636028970525967e-02
9.785628875036721519e-01 6.361512844069638906e-02
9.786231493421924110e-01 6.326574309269095142e-02
9.786828588958290664e-01 6.291819455669389605e-02
9.787420212400962383e-01 6.257247319421022080e-02
9.788006414038589176e-01 6.222856941698828859e-02
9.788587243697606244e-01 6.188647368676503113e-02
9.789162750746474018e-01 6.154617651501159692e-02
9.789732984099874802e-01 6.120766846268066441e-02
9.790297992222875001e-01 6.087094013995475450e-02
9.790857823135045157e-01 6.053598220599554214e-02
9.791412524414544460e-01 6.020278536869483332e-02
9.791962143202173063e-01 5.987134038442565309e-02
9.792506726205377765e-01 5.954163805779566498e-02
9.793046319702229940e-01 5.921366924140059051e-02
9.793580969545362391e-01 5.888742483558029317e-02
9.794110721165869560e-01 5.856289578817375219e-02
9.794635619577176655e-01 5.824007309427736701e-02
9.795155709378872144e-01 5.791894779600326171e-02
9.795671034760500273e-01 5.759951098223847765e-02
9.796181639505325833e-01 5.728175378840627552e-02
9.796687566994062291e-01 5.696566739622799247e-02
9.797188860208559946e-01 5.665124303348534340e-02
9.797685561735475224e-01 5.633847197378516469e-02
9.798177713769886665e-01 5.602734553632426895e-02
9.798665358118896496e-01 5.571785508565596512e-02
9.799148536205186666e-01 5.540999203145757779e-02
9.799627289070546032e-01 5.510374782829818852e-02
9.800101657379372000e-01 5.479911397540893070e-02
9.800571681422128867e-01 5.449608201645383954e-02
9.801037401118781744e-01 5.419464353930092404e-02
9.801498856022198281e-01 5.389479017579545950e-02
9.801956085321517076e-01 5.359651360153405708e-02
9.802409127845490566e-01 5.329980553563939960e-02
9.802858022065786825e-01 5.300465774053619850e-02
9.803302806100275824e-01 5.271106202172903821e-02
9.803743517716271283e-01 5.241901022758010953e-02
9.804180194333753651e-01 5.212849424908849727e-02
9.804612873028558662e-01 5.183950601967068916e-02
9.805041590535534812e-01 5.155203751494208397e-02
9.805466383251679741e-01 5.126608075249960983e-02
9.805887287239236638e-01 5.098162779170489767e-02
9.806304338228776230e-01 5.069867073346900899e-02
9.806717571622235452e-01 5.041720172003849587e-02
9.807127022495939483e-01 5.013721293478123897e-02
9.807532725603593793e-01 4.985869660197528308e-02
9.807934715379246216e-01 4.958164498659634045e-02
9.808333025940221273e-01 4.930605039410884682e-02
9.808727691090032286e-01 4.903190517025579620e-02
9.809118744321264627e-01 4.875920170085101812e-02
9.809506218818431211e-01 4.848793241157212108e-02
9.809890147460799126e-01 4.821808976775410205e-02
9.810270562825202934e-01 4.794966627418451033e-02
9.810647497188814681e-01 4.768265447489916653e-02
9.811020982531901691e-01 4.741704695297899175e-02
9.811391050540554382e-01 4.715283633034816901e-02
9.811757732609388549e-01 4.689001526757308191e-02
9.812121059844225446e-01 4.662857646366180830e-02
9.812481063064741882e-01 4.636851265586539039e-02
9.812837772807107006e-01 4.610981661947943788e-02
9.813191219326579118e-01 4.585248116764728543e-02
9.813541432600093595e-01 4.559649915116370522e-02
9.813888442328819739e-01 4.534186345827961873e-02
9.814232277940693194e-01 4.508856701450769666e-02
9.814572968592929492e-01 4.483660278242973529e-02
9.814910543174513169e-01 4.458596376150358864e-02
9.815245030308661356e-01 4.433664298787243219e-02
9.815576458355267375e-01 4.408863353417447062e-02
9.815904855413322139e-01 4.384192850935264563e-02
9.816230249323311119e-01 4.359652105846689718e-02
9.816552667669594667e-01 4.335240436250664686e-02
9.816872137782757246e-01 4.310957163820372529e-02
9.817188686741945558e-01 4.286801613784718690e-02
9.817502341377177810e-01 4.262773114909801375e-02
9.817813128271631884e-01 4.238870999480626178e-02
9.818121073763921292e-01 4.215094603282698582e-02
9.818426203950340048e-01 4.191443265583905120e-02
9.818728544687089776e-01 4.167916329116394536e-02
9.819028121592489056e-01 4.144513140058569967e-02
9.819324960049161666e-01 4.121233048017114431e-02
9.819619085206203746e-01 4.098075406009227262e-02
9.819910521981328744e-01 4.075039570444849435e-02
9.820199295062999045e-01 4.052124901108988819e-02
9.820485428912532067e-01 4.029330761144200856e-02
9.820768947766190804e-01 4.006656517033080345e-02
9.821049875637252180e-01 3.984101538580908652e-02
9.821328236318058735e-01 3.961665198898289830e-02
9.821604053382049226e-01 3.939346874383997665e-02
9.821877350185775901e-01 3.917145944707844940e-02
9.822148149870896239e-01 3.895061792793608202e-02
9.822416475366150257e-01 3.873093804802119067e-02
9.822682349389317835e-01 3.851241370114388829e-02
9.822945794449162715e-01 3.829503881314788583e-02
9.823206832847350967e-01 3.807880734174440285e-02
9.823465486680361680e-01 3.786371327634519002e-02
9.823721777841367686e-01 3.764975063789743892e-02
9.823975728022112941e-01 3.743691347872002417e-02
9.824227358714757719e-01 3.722519588233941246e-02
9.824476691213723800e-01 3.701459196332668178e-02
9.824723746617506359e-01 3.680509586713609504e-02
9.824968545830480293e-01 3.659670176994400670e-02
9.825211109564684353e-01 3.638940387848810243e-02
9.825451458341593058e-01 3.618319642990863727e-02
9.825689612493869740e-01 3.597807369158922963e-02
9.825925592167099598e-01 3.577402996099909860e-02
9.826159417321516099e-01 3.557105956553663351e-02
9.826391107733706276e-01 3.536915686237229739e-02
9.826620682998297163e-01 3.516831623829408393e-02
9.826848162529631114e-01 3.496853210955241931e-02
9.827073565563430035e-01 3.476979892170617426e-02
9.827296911158429626e-01 3.457211114947000841e-02
9.827518218198016964e-01 3.437546329656204769e-02
9.827737505391839212e-01 3.417984989555222786e-02
9.827954791277404567e-01 3.398526550771163723e-02
9.828170094221663211e-01 3.379170472286285865e-02
9.828383432422582722e-01 3.359916215923053340e-02
9.828594823910696832e-01 3.340763246329303549e-02
9.828804286550653080e-01 3.321711030963470090e-02
9.829011838042733817e-01 3.302759040079927821e-02
9.829217495924369441e-01 3.283906746714393421e-02
9.829421277571642745e-01 3.265153626669292652e-02
9.829623200200768851e-01 3.246499158499438487e-02
9.829823280869565139e-01 3.227942823497520486e-02
9.830021536478916744e-01 3.209484105679893950e-02
9.830217983774212076e-01 3.191122491772213632e-02
9.830412639346781667e-01 3.172857471195422718e-02
9.830605519635310374e-01 3.154688536051541980e-02
9.830796640927246255e-01 3.136615181109703165e-02
9.830986019360192785e-01 3.118636903792182391e-02
9.831173670923282204e-01 3.100753204160489052e-02
9.831359611458553305e-01 3.082963584901665666e-02
9.831543856662292580e-01 3.065267551314432293e-02
9.831726422086386474e-01 3.047664611295630710e-02
9.831907323139644772e-01 3.030154275326502056e-02
9.832086575089121760e-01 3.012736056459319745e-02
9.832264193061415192e-01 2.995409470303822541e-02
9.832440192043966354e-01 2.978174035013880783e-02
9.832614586886336827e-01 2.961029271274162600e-02
9.832787392301477469e-01 2.943974702286888956e-02
9.832958622866990739e-01 2.927009853758699709e-02
9.833128293026369704e-01 2.910134253887464162e-02
9.833296417090238162e-01 2.893347433349313658e-02
9.833463009237572994e-01 2.876648925285651970e-02
9.833628083516914309e-01 2.860038265290221204e-02
9.833791653847568925e-01 2.843514991396289826e-02
9.833953734020796089e-01 2.827078644063851787e-02
9.834114337700992081e-01 2.810728766166958881e-02
9.834273478426853732e-01 2.794464902981064203e-02
9.834431169612536383e-01 2.778286602170410013e-02
9.834587424548804080e-01 2.762193413775604345e-02
9.834742256404160887e-01 2.746184890201075479e-02
9.834895678225977766e-01 2.730260586202737372e-02
9.835047702941612791e-01 2.714420058875688380e-02
9.835198343359508044e-01 2.698662867641965502e-02
9.835347612170292075e-01 2.682988574238276414e-02
9.835495521947857922e-01 2.667396742703975754e-02
9.835642085150444469e-01 2.651886939368941487e-02
9.835787314121697822e-01 2.636458732841562291e-02
9.835931221091727128e-01 2.621111693996869274e-02
9.836073818178145967e-01 2.605845395964589972e-02
9.836215117387119289e-01 2.590659414117346682e-02
9.836355130614375941e-01 2.575553326058943604e-02
9.836493869646236732e-01 2.560526711612631789e-02
9.836631346160614742e-01 2.545579152809518408e-02
9.836767571728015636e-01 2.530710233876920512e-02
9.836902557812531311e-01 2.515919541226918632e-02
9.837036315772810235e-01 2.501206663444943690e-02
9.837168856863038879e-01 2.486571191278252879e-02
9.837300192233894292e-01 2.472012717624727518e-02
9.837430332933504440e-01 2.457530837521526568e-02
9.837559289908390792e-01 2.443125148133906688e-02
9.837687074004399790e-01 2.428795248744042290e-02
9.837813695967635441e-01 2.414540740739934410e-02
9.837939166445375250e-01 2.400361227604397296e-02
9.838063495986978380e-01 2.386256314904011688e-02
9.838186695044793817e-01 2.372225610278277941e-02
9.838308773975046329e-01 2.358268723428680325e-02
9.838429743038724640e-01 2.344385266107906762e-02
9.838549612402460731e-01 2.330574852109090767e-02
9.838668392139395813e-01 2.316837097255097788e-02
9.838786092230041858e-01 2.303171619387900382e-02
9.838902722563134251e-01 2.289578038357975576e-02
9.839018292936480004e-01 2.276055976013768856e-02
9.839132813057791527e-01 2.262605056191213659e-02
9.839246292545515971e-01 2.249224904703328587e-02
9.839358740929662339e-01 2.235915149329814611e-02
9.839470167652610844e-01 2.222675419806763308e-02
9.839580582069920034e-01 2.209505347816376197e-02
9.839689993451131711e-01 2.196404566976806194e-02
9.839798410980555854e-01 2.183372712831910256e-02
9.839905843758062209e-01 2.170409422841212965e-02
9.840012300799850786e-01 2.157514336369859009e-02
9.840117791039230122e-01 2.144687094678598971e-02
9.840222323327374454e-01 2.131927340913797320e-02
9.840325906434085335e-01 2.119234720097640245e-02
9.840428549048536588e-01 2.106608879118210265e-02
9.840530259780017053e-01 2.094049466719727359e-02
9.840631047158669986e-01 2.081556133492812322e-02
9.840730919636220264e-01 2.069128531864772302e-02
9.840829885586694914e-01 2.056766316090008484e-02
9.840927953307140319e-01 2.044469142240379345e-02
9.841025131018330541e-01 2.032236668195686047e-02
9.841121426865468980e-01 2.020068553634191133e-02
9.841216848918886706e-01 2.007964460023159425e-02
9.841311405174730798e-01 1.995924050609509948e-02
9.841405103555647127e-01 1.983946990410401234e-02
9.841497951911456488e-01 1.972032946204038684e-02
9.841589958019826279e-01 1.960181586520326480e-02
9.841681129586936638e-01 1.948392581631752662e-02
9.841771474248136586e-01 1.936665603544218683e-02
9.841860999568596835e-01 1.925000325987924477e-02
9.841949713043953718e-01 1.913396424408342344e-02
9.842037622100957561e-01 1.901853575957168641e-02
9.842124734098095518e-01 1.890371459483441985e-02
9.842211056326231056e-01 1.878949755524561560e-02
9.842296596009219023e-01 1.867588146297471940e-02
9.842381360304528481e-01 1.856286315689781308e-02
9.842465356303847779e-01 1.845043949251101711e-02
9.842548591033697392e-01 1.833860734184200592e-02
9.842631071456023895e-01 1.822736359336396550e-02
9.842712804468798371e-01 1.811670515190921815e-02
9.842793796906605941e-01 1.800662893858284708e-02
9.842874055541226408e-01 1.789713189067798638e-02
9.842953587082213796e-01 1.778821096159000081e-02
9.843032398177472553e-01 1.767986312073255295e-02
9.843110495413819327e-01 1.757208535345344824e-02
9.843187885317552510e-01 1.746487466095036911e-02
9.843264574355004015e-01 1.735822806018860742e-02
9.843340568933093282e-01 1.725214258381735366e-02
9.843415875399874615e-01 1.714661528008798452e-02
9.843490500045081193e-01 1.704164321277168437e-02
9.843564449100657976e-01 1.693722346107839893e-02
9.843637728741296833e-01 1.683335311957512292e-02
9.843710345084962787e-01 1.673002929810585293e-02
9.843782304193419153e-01 1.662724912171120728e-02
9.843853612072738235e-01 1.652500973054826794e-02
9.843924274673823138e-01 1.642330827981175467e-02
9.843994297892908474e-01 1.632214193965475513e-02
9.844063687572067733e-01 1.622150789510989899e-02
9.844132449499709558e-01 1.612140334601130931e-02
9.844200589411075120e-01 1.602182550691744201e-02
9.844268112988724395e-01 1.592277160703337024e-02
9.844335025863023558e-01 1.582423889013329088e-02
9.844401333612624594e-01 1.572622461448491826e-02
9.844467041764942694e-01 1.562872605277298987e-02
9.844532155796624773e-01 1.553174049202321605e-02
9.844596681134020200e-01 1.543526523352733992e-02
9.844660623153645984e-01 1.533929759276808635e-02
9.844723987182638636e-01 1.524383489934466596e-02
9.844786778499213797e-01 1.514887449689861221e-02
9.844849002333116994e-01 1.505441374303984059e-02
9.844910663866069944e-01 1.496045000927348489e-02
9.844971768232207987e-01 1.486698068092695557e-02
9.845032320518525282e-01 1.477400315707688705e-02
9.845092325765303354e-01 1.468151485047752836e-02
9.845151788966544082e-01 1.458951318748824555e-02
9.845210715070396024e-01 1.449799560800268949e-02
9.845269108979574080e-01 1.440695956537707545e-02
9.845326975551780269e-01 1.431640252636012800e-02
9.845384319600117839e-01 1.422632197102191576e-02
9.845441145893500945e-01 1.413671539268457344e-02
9.845497459157060982e-01 1.404758029785224682e-02
9.845553264072552935e-01 1.395891420614192580e-02
9.845608565278749502e-01 1.387071465021483263e-02
9.845663367371843000e-01 1.378297917570758813e-02
9.845717674905832828e-01 1.369570534116393290e-02
9.845771492392915158e-01 1.360889071796722583e-02
9.845824824303868184e-01 1.352253289027283145e-02
9.845877675068434032e-01 1.343662945494084049e-02
9.845930049075694024e-01 1.335117802146967847e-02
9.845981950674448369e-01 1.326617621192927032e-02
9.846033384173580316e-01 1.318162166089553722e-02
9.846084353842426973e-01 1.309751201538400522e-02
9.846134863911144564e-01 1.301384493478519033e-02
9.846184918571067035e-01 1.293061809079887325e-02
9.846234521975065768e-01 1.284782916736959546e-02
9.846283678237899295e-01 1.276547586062282136e-02
9.846332391436569687e-01 1.268355587879999025e-02
9.846380665610665606e-01 1.260206694219601076e-02
9.846428504762708700e-01 1.252100678309486792e-02
9.846475912858497770e-01 1.244037314570722863e-02
9.846522893827439615e-01 1.236016378610738098e-02
9.846569451562889874e-01 1.228037647217139483e-02
9.846615589922483869e-01 1.220100898351461627e-02
9.846661312728464122e-01 1.212205911143005022e-02
9.846706623768006761e-01 1.204352465882718715e-02
9.846751526793544596e-01 1.196540344017105184e-02
9.846796025523085749e-01 1.188769328142091908e-02
9.846840123640533404e-01 1.181039201997047261e-02
9.846883824795995555e-01 1.173349750458752005e-02
9.846927132606100308e-01 1.165700759535392983e-02
9.846970050654300088e-01 1.158092016360667831e-02
9.847012582491181387e-01 1.150523309187845289e-02
9.847054731634762303e-01 1.142994427383881018e-02
9.847096501570796745e-01 1.135505161423544518e-02
9.847137895753067527e-01 1.128055302883612665e-02
9.847178917603686132e-01 1.120644644437107651e-02
9.847219570513376929e-01 1.113272979847490518e-02
9.847259857841771380e-01 1.105940103962954613e-02
9.847299782917693367e-01 1.098645812710696834e-02
9.847339349039441192e-01 1.091389903091277702e-02
9.847378559475067350e-01 1.084172173172970322e-02
9.847417417462663858e-01 1.076992422086142653e-02
9.847455926210628707e-01 1.069850450017661991e-02
9.847494088897943421e-01 1.062746058205388255e-02
9.847531908674447276e-01 1.055679048932578468e-02
9.847569388661098211e-01 1.048649225522468864e-02
9.847606531950244824e-01 1.041656392332745984e-02
9.847643341605886169e-01 1.034700354750139883e-02
9.847679820663933770e-01 1.027780919184995145e-02
9.847715972132470297e-01 1.020897893065941808e-02
9.847751798992003813e-01 1.014051084834455274e-02
9.847787304195725344e-01 1.007240303939604953e-02
9.847822490669757567e-01 1.000465360832758499e-02
9.847857361313402391e-01 9.937260669622305365e-03
9.847891918999391869e-01 9.870222347681312236e-03
9.847926166574128004e-01 9.803536776771371031e-03
9.847960106857930329e-01 9.737202100972508489e-03
9.847993742645271276e-01 9.671216474126942408e-03
9.848027076705014871e-01 9.605578059787789336e-03
9.848060111780654324e-01 9.540285031167661245e-03
9.848092850590545178e-01 9.475335571088150388e-03
9.848125295828135117e-01 9.410727871928981081e-03
9.848157450162191573e-01 9.346460135578493755e-03
9.848189316237034863e-01 9.282530573382574701e-03
9.848220896672755797e-01 9.218937406095917275e-03
9.848252194065443277e-01 9.155678863832172887e-03
9.848283210987405223e-01 9.092753186014435052e-03
9.848313949987382854e-01 9.030158621326944690e-03
9.848344413590772728e-01 8.967893427665907247e-03
9.848374604299839907e-01 8.905955872091309011e-03
9.848404524593928899e-01 8.844344230778289351e-03
9.848434176929674599e-01 8.783056788970067252e-03
9.848463563741215454e-01 8.722091840929535600e-03
9.848492687440395521e-01 8.661447689892076696e-03
9.848521550416970971e-01 8.601122648018377781e-03
9.848550155038813259e-01 8.541115036347579625e-03
9.848578503652112293e-01 8.481423184750425115e-03
9.848606598581574056e-01 8.422045431882962951e-03
9.848634442130618227e-01 8.362980125140584420e-03
9.848662036581573576e-01 8.304225620611171976e-03
9.848689384195873364e-01 8.245780283030801350e-03
9.848716487214245197e-01 8.187642485737001152e-03
9.848743347856906416e-01 8.129810610624343958e-03
9.848769968323745072e-01 8.072283048098927161e-03
9.848796350794515320e-01 8.015058197033742005e-03
9.848822497429013945e-01 7.958134464724708756e-03
9.848848410367273543e-01 7.901510266845490627e-03
9.848874091729733493e-01 7.845184027403862004e-03
9.848899543617429808e-01 7.789154178698298736e-03
9.848924768112168326e-01 7.733419161273791254e-03
9.848949767276701239e-01 7.677977423878767915e-03
9.848974543154906947e-01 7.622827423421463244e-03
9.848999097771956590e-01 7.567967624928062520e-03
9.849023433134491690e-01 7.513396501498958990e-03
9.849047551230794006e-01 7.459112534266787442e-03
9.849071454030950967e-01 7.405114212354124703e-03
9.849095143487024417e-01 7.351400032831745257e-03
9.849118621533221596e-01 7.297968500676321746e-03
9.849141890086048345e-01 7.244818128729013651e-03
9.849164951044482308e-01 7.191947437654389041e-03
9.849187806290128355e-01 7.139354955899013255e-03
9.849210457687380682e-01 7.087039219650481670e-03
9.849232907083580457e-01 7.034998772797007582e-03
9.849255156309171255e-01 6.983232166886677028e-03
9.849277207177854487e-01 6.931737961087147681e-03
9.849299061486748164e-01 6.880514722145902873e-03
9.849320721016531222e-01 6.829561024349950493e-03
9.849342187531602288e-01 6.778875449486743143e-03
9.849363462780222900e-01 6.728456586803877038e-03
9.849384548494671821e-01 6.678303032970789310e-03
9.849405446391384933e-01 6.628413392039123053e-03
9.849426158171110668e-01 6.578786275404313599e-03
9.849446685519042122e-01 6.529420301766508672e-03
9.849467030104971377e-01 6.480314097092265690e-03
9.849487193583423839e-01 6.431466294577137255e-03
9.849507177593799234e-01 6.382875534606258228e-03
9.849526983760515941e-01 6.334540464717708375e-03
9.849546613693139774e-01 6.286459739564320692e-03
9.849566068986530532e-01 6.238632020876266893e-03
9.849585351220969676e-01 6.191055977424531065e-03
9.849604461962294666e-01 6.143730284982495959e-03
9.849623402762038848e-01 6.096653626290637895e-03
9.849642175157552471e-01 6.049824691018890199e-03
9.849660780672141458e-01 6.003242175730783003e-03
9.849679220815192870e-01 5.956904783846472817e-03
9.849697497082301467e-01 5.910811225607437436e-03
9.849715610955401823e-01 5.864960218040393691e-03
9.849733563902887123e-01 5.819350484921437250e-03
9.849751357379736838e-01 5.773980756740404452e-03
9.849768992827641068e-01 5.728849770666122332e-03
9.849786471675120447e-01 5.683956270510770459e-03
9.849803795337649381e-01 5.639299006694908911e-03
9.849820965217771507e-01 5.594876736213505453e-03
9.849837982705224038e-01 5.550688222600408395e-03
9.849854849177053229e-01 5.506732235894262750e-03
9.849871565997727618e-01 5.463007552604537409e-03
9.849888134519260152e-01 5.419512955677441290e-03
9.849904556081316986e-01 5.376247234461839497e-03
9.849920832011332950e-01 5.333209184675724579e-03
9.849936963624623676e-01 5.290397608372465754e-03
9.849952952224496627e-01 5.247811313908390396e-03
9.849968799102364336e-01 5.205449115908034052e-03
9.849984505537847657e-01 5.163309835233054201e-03
9.850000072798890116e-01 5.121392298947924360e-03
9.850015502141860058e-01 5.079695340287848637e-03
9.850030794811661661e-01 5.038217798626676291e-03
9.850045952041837083e-01 4.996958519443928104e-03
9.850060975054671930e-01 4.955916354293155024e-03
9.850075865061297398e-01 4.915090160769963745e-03
9.850090623261793521e-01 4.874478802480153306e-03
9.850105250845293536e-01 4.834081149007740663e-03
9.850119748990078250e-01 4.793896075884318542e-03
9.850134118863680399e-01 4.753922464557192029e-03
9.850148361622982351e-01 4.714159202358292333e-03
9.850162478414312694e-01 4.674605182473312581e-03
9.850176470373543935e-01 4.635259303910954642e-03
9.850190338626189090e-01 4.596120471472509017e-03
9.850204084287497164e-01 4.557187595720768591e-03
9.850217708462543076e-01 4.518459592950496706e-03
9.850231212246326473e-01 4.479935385157673977e-03
9.850244596723863877e-01 4.441613900009966365e-03
9.850257862970275280e-01 4.403494070816527106e-03
9.850271012050879627e-01 4.365574836498242739e-03
9.850284045021282520e-01 4.327855141558978325e-03
9.850296962927468369e-01 4.290333936055157338e-03
9.850309766805883660e-01 4.253010175567228934e-03
9.850322457683529098e-01 4.215882821170802153e-03
9.850335036578045100e-01 4.178950839407113982e-03
9.850347504497795059e-01 4.142213202254385607e-03
9.850359862441954162e-01 4.105668887099844788e-03
9.850372111400591546e-01 4.069316876710304953e-03
9.850384252354754677e-01 4.033156159205075753e-03
9.850396286276550395e-01 3.997185728026431129e-03
9.850408214129231510e-01 3.961404581912963963e-03
9.850420036867271190e-01 3.925811724870609254e-03
9.850431755436448444e-01 3.890406166145554678e-03
9.850443370773929175e-01 3.855186920196707057e-03
9.850454883808340556e-01 3.820153006667825757e-03
9.850466295459849864e-01 3.785303450360877342e-03
9.850477606640245520e-01 3.750637281208168972e-03
9.850488818253013701e-01 3.716153534246036116e-03
9.850499931193410497e-01 3.681851249587642094e-03
9.850510946348539632e-01 3.647729472396110673e-03
9.850521864597429067e-01 3.613787252858768895e-03
9.850532686811103167e-01 3.580023646159391504e-03
9.850543413852654862e-01 3.546437712453220925e-03
9.850554046577322254e-01 3.513028516840210891e-03
9.850564585832555231e-01 3.479795129338714155e-03
9.850575032458092073e-01 3.446736624860391451e-03
9.850585387286028283e-01 3.413852083184010233e-03
9.850595651140885423e-01 3.381140588929465451e-03
9.850605824839681057e-01 3.348601231533243627e-03
9.850615909191999808e-01 3.316233105222221589e-03
9.850625905000057747e-01 3.284035308989241564e-03
9.850635813058773449e-01 3.252006946567242984e-03
9.850645634155832386e-01 3.220147126404837579e-03
9.850655369071755763e-01 3.188454961641440377e-03
9.850665018579961574e-01 3.156929570082289693e-03
9.850674583446836774e-01 3.125570074174466306e-03
9.850684064431793896e-01 3.094375600982246510e-03
9.850693462287343216e-01 3.063345282162122096e-03
9.850702777759147155e-01 3.032478253940040780e-03
9.850712011586090222e-01 3.001773657086093117e-03
9.850721164500336746e-01 2.971230636890975774e-03
9.850730237227397490e-01 2.940848343142787868e-03
9.850739230486181830e-01 2.910625930102606063e-03
9.850748144989069921e-01 2.880562556481280900e-03
9.850756981441961546e-01 2.850657385416122125e-03
9.850765740544341620e-01 2.820909584447695018e-03
9.850774422989339030e-01 2.791318325495950603e-03
9.850783029463782148e-01 2.761882784838021188e-03
9.850791560648257672e-01 2.732602143085127722e-03
9.850800017217168358e-01 2.703475585159376138e-03
9.850808399838789642e-01 2.674502300271552890e-03
9.850816709175326258e-01 2.645681481898254361e-03
9.850824945882964423e-01 2.617012327759460355e-03
9.850833110611931787e-01 2.588494039796551682e-03
9.850841204006549612e-01 2.560125824149550589e-03
9.850849226705286066e-01 2.531906891135693449e-03
9.850857179340810621e-01 2.503836455226671198e-03
9.850865062540050676e-01 2.475913735027757134e-03
9.850872876924235966e-01 2.448137953254936328e-03
9.850880623108958511e-01 2.420508336714144448e-03
9.850888301704221472e-01 2.393024116279618418e-03
9.850895913314489105e-01 2.365684526872136040e-03
9.850903458538738944e-01 2.338488807437810735e-03
9.850910937970511760e-01 2.311436200927330376e-03
9.850918352197961525e-01 2.284525954274529980e-03
9.850925701803903145e-01 2.257757318375297473e-03
9.850932987365865756e-01 2.231129548067256607e-03
9.850940209456133800e-01 2.204641902108561702e-03
9.850947368641803648e-01 2.178293643157247494e-03
9.850954465484821343e-01 2.152084037751245127e-03
9.850961500542041449e-01 2.126012356287398930e-03
9.850968474365261462e-01 2.100077873001593431e-03
9.850975387501277325e-01 2.074279865948103208e-03
9.850982240491925612e-01 2.048617616979830913e-03
9.850989033874127943e-01 2.023090411728434290e-03
9.850995768179937606e-01 1.997697539584120108e-03
9.851002443936583974e-01 1.972438293675882193e-03
9.851009061666514688e-01 1.947311970852294571e-03
9.851015621887443396e-01 1.922317871661305411e-03
9.851022125112389727e-01 1.897455300331252204e-03
9.851028571849723692e-01 1.872723564751210823e-03
9.851034962603204548e-01 1.848121976452010706e-03
9.851041297872031866e-01 1.823649850586916976e-03
9.851047578150875506e-01 1.799306505912534604e-03
9.851053803929927799e-01 1.775091264769934618e-03
9.851059975694937965e-01 1.751003453065558269e-03
9.851066093927254297e-01 1.727042400253120391e-03
9.851072159103864134e-01 1.703207439314069482e-03
9.851078171697436048e-01 1.679497906739602087e-03
9.851084132176355368e-01 1.655913142512122072e-03
9.851090041004768594e-01 1.632452490086810926e-03
9.851095898642617810e-01 1.609115296373198056e-03
9.851101705545677323e-01 1.585900911717286199e-03
9.851107462165600293e-01 1.562808689883343760e-03
9.851113168949946486e-01 1.539837988035586136e-03
9.851118826342227797e-01 1.516988166721078279e-03
9.851124434781939332e-01 1.494258589851193975e-03
9.851129994704598269e-01 1.471648624684518403e-03
9.851135506541782716e-01 1.449157641808196395e-03
9.851140970721163903e-01 1.426785015121945221e-03
9.851146387666542825e-01 1.404530121819291821e-03
9.851151757797886876e-01 1.382392342371141503e-03
9.851157081531365378e-01 1.360371060507903351e-03
9.851162359279381775e-01 1.338465663202503819e-03
9.851167591450610272e-01 1.316675540653955423e-03
9.851172778450026923e-01 1.295000086269371131e-03
9.851177920678948485e-01 1.273438696647644086e-03
9.851183018535060176e-01 1.251990771562794258e-03
9.851188072412455643e-01 1.230655713946982033e-03
9.851193082701660275e-01 1.209432929873854867e-03
9.851198049789674505e-01 1.188321828542227010e-03
9.851202974059996009e-01 1.167321822259648201e-03
9.851207855892660792e-01 1.146432326425861348e-03
9.851212695664267605e-01 1.125652759516371226e-03
9.851217493748012366e-01 1.104982543066901357e-03
9.851222250513720358e-01 1.084421101656851683e-03
9.851226966327875090e-01 1.063967862893089311e-03
9.851231641553649387e-01 1.043622257394405395e-03
9.851236276550936477e-01 1.023383718775638940e-03
9.851240871676377742e-01 1.003251683631689595e-03
9.851245427283393807e-01 9.832255915221965736e-04
9.851249943722215630e-01 9.633048849551073545e-04
9.851254421339910028e-01 9.434890093725778470e-04
9.851258860480411883e-01 9.237774131342080253e-04
9.851263261484551892e-01 9.041695475021649386e-04
9.851267624690080993e-01 8.846648666261947014e-04
9.851271950431704783e-01 8.652628275281903925e-04
9.851276239041109051e-01 8.459628900868709778e-04
9.851280490846983096e-01 8.267645170231263663e-04
9.851284706175054140e-01 8.076671738850293991e-04
9.851288885348108426e-01 7.886703290324037496e-04
9.851293028686021191e-01 7.697734536230571578e-04
9.851297136505783314e-01 7.509760215967942187e-04
9.851301209121525737e-01 7.322775096619826840e-04
9.851305246844547225e-01 7.136773972803434063e-04
9.851309249983338789e-01 6.951751666524064177e-04
9.851313218843610331e-01 6.767703027034110974e-04
9.851317153728317288e-01 6.584622930687622500e-04
9.851321054937681732e-01 6.402506280798192506e-04
9.851324922769222336e-01 6.221348007500182575e-04
9.851328757517774370e-01 6.041143067599952232e-04
9.851332559475518558e-01 5.861886444443742405e-04
9.851336328931998843e-01 5.683573147775566881e-04
9.851340066174156807e-01 5.506198213593993529e-04
9.851343771486342771e-01 5.329756704018917546e-04
9.851347445150351323e-01 5.154243707153893794e-04
9.851351087445435750e-01 4.979654336948469151e-04
9.851354698648335795e-01 4.805983733058294405e-04
9.851358279033297638e-01 4.633227060716338386e-04
9.851361828872102766e-01 4.461379510597440756e-04
9.851365348434080182e-01 4.290436298677313687e-04
9.851368837986139715e-01 4.120392666110417323e-04
9.851372297792785337e-01 3.951243879087851241e-04
9.851375728116142927e-01 3.782985228707458347e-04
9.851379129215979136e-01 3.615612030852810577e-04
9.851382501349722487e-01 3.449119626046659448e-04
9.851385844772486688e-01 3.283503379332142202e-04
9.851389159737090617e-01 3.118758680143995932e-04
9.851392446494079413e-01 2.954880942174220593e-04
9.851395705291743354e-01 2.791865603247734029e-04
9.851398936376142279e-01 2.629708125196916768e-04
9.851402139991123352e-01 2.468403993728385259e-04
9.851405316378339938e-01 2.307948718311969571e-04
9.851408465777274914e-01 2.148337832037494621e-04
9.851411588425259547e-01 1.989566891503757873e-04
9.851414684557487922e-01 1.831631476690853688e-04
9.851417754407046923e-01 1.674527190832497681e-04
9.851420798204924001e-01 1.518249660302783965e-04
9.851423816180034931e-01 1.362794534487399289e-04
9.851426808559237136e-01 1.208157485664829167e-04
9.851429775567350777e-01 1.054334208884233348e-04
9.851432717427179853e-01 9.013204218510928456e-05
9.851435634359523297e-01 7.491118647995342883e-05
9.851438526583200517e-01 5.977043003835280643e-05
9.851441394315066935e-01 4.470935135481024503e-05
9.851444237770030643e-01 2.972753114205417546e-05
9.851447057161069054e-01 1.482455231927026773e-05
9.851449852699252219e-01 0.000000000000000000e+00
