9.779681906214248155e-01 5.401653274860509502e-01
9.800683871611817199e-01 5.432044673963705161e-01
9.820438321369555634e-01 5.462150490887329735e-01
9.838979387187162251e-01 5.491975533869603021e-01
9.856340264090936998e-01 5.521524535310479154e-01
9.872553232611714913e-01 5.550802150820834946e-01
9.887649681091704723e-01 5.579812958471762618e-01
9.901660128027751639e-01 5.608561458228912278e-01
9.914614244369828189e-01 5.637052071557659971e-01
9.926540875703645517e-01 5.665289141185626542e-01
9.937468064255595701e-01 5.693276931009891850e-01
9.947423070666506772e-01 5.721019626136921721e-01
9.956432395488283849e-01 5.748521333044045445e-01
9.964521800364275483e-01 5.775786079851925603e-01
9.971716328860287248e-01 5.802817816698205844e-01
9.978040326918655722e-01 5.829620416203105115e-01
9.983517462912675500e-01 5.856197674018389643e-01
9.988170747283016127e-01 5.882553309451690193e-01
9.992022551741679415e-01 5.908690966158716140e-01
9.995094628032463735e-01 5.934614212896428542e-01
9.997408126239971660e-01 5.960326544330707410e-01
9.998983612641874075e-01 5.985831381892569025e-01
9.999841087101511983e-01 6.011132074677351111e-01
1.000000000000000000e+00 6.036231900381755500e-01
9.999479268708802993e-01 6.061134066274008747e-01
9.998297293605293845e-01 6.085841710192734233e-01
9.996471973635231434e-01 6.110357901570513395e-01
9.994020721427181453e-01 6.134685642478389100e-01
9.990960477964959674e-01 6.158827868687892781e-01
9.987307726824979914e-01 6.182787450747422309e-01
9.983078507986126171e-01 6.206567195070086251e-01
9.978288431220316834e-01 6.230169845030332221e-01
9.972952689072436261e-01 6.253598082066944563e-01
9.967086069438663154e-01 6.276854526790154321e-01
9.960702967752541603e-01 6.299941740090837516e-01
9.953817398788337156e-01 6.322862224249935492e-01
9.946443008091390148e-01 6.345618424046394201e-01
9.938593083045274001e-01 6.368212727862091471e-01
9.930280563585593967e-01 6.390647468782332252e-01
9.921518052570295065e-01 6.412924925690663969e-01
9.912317825816276962e-01 6.435047324356842902e-01
9.902691841812053530e-01 6.457016838516924651e-01
9.892651751116122716e-01 6.478835590944549416e-01
9.882208905450550196e-01 6.500505654512573894e-01
9.871374366499143793e-01 6.522029053244314811e-01
9.860158914419461240e-01 6.543407763353720208e-01
9.848573056077658538e-01 6.564643714273895592e-01
9.836627033015067356e-01 6.585738789673446503e-01
9.824330829155156763e-01 6.606694828460188962e-01
9.811694178259325883e-01 6.627513625771817019e-01
9.798726571139803054e-01 6.648196933953191001e-01
9.785437262637664002e-01 6.668746463519943379e-01
9.771835278373826039e-01 6.689163884108150215e-01
9.757929421280598925e-01 6.709450825409858377e-01
9.743728277921197556e-01 6.729608878094297530e-01
9.729240224604404075e-01 6.749639594714643698e-01
9.714473433301322736e-01 6.769544490600213349e-01
9.699435877370986558e-01 6.789325044734034753e-01
9.684135337101364982e-01 6.808982700615725525e-01
9.668579405072096344e-01 6.828518867109670820e-01
9.652775491345068071e-01 6.847934919278475530e-01
9.636730828488807576e-01 6.867232199201740439e-01
9.620452476442378220e-01 6.886412016780161238e-01
9.603947327224360286e-01 6.905475650525029208e-01
9.587222109492257172e-01 6.924424348333193535e-01
9.570283392957508184e-01 6.943259328247558537e-01
9.553137592661111732e-01 6.961981779203219034e-01
9.535790973114681712e-01 6.980592861759336021e-01
9.518249652311598918e-01 6.999093708816862547e-01
9.500519605612761653e-01 7.017485426322243036e-01
9.482606669511253195e-01 7.035769093957230380e-01
9.464516545280153847e-01 7.053945765814932933e-01
9.446254802507484394e-01 7.072016471062270160e-01
9.427826882522231111e-01 7.089982214588951281e-01
9.409238101715150515e-01 7.107843977643164557e-01
9.390493654758037545e-01 7.125602718454111528e-01
9.371598617724888891e-01 7.143259372841563870e-01
9.352557951118375401e-01 7.160814854812607155e-01
9.333376502804839880e-01 7.178270057145733629e-01
9.314059010860968879e-01 7.195625851962460517e-01
9.294610106335124966e-01 7.212883091286654835e-01
9.275034315926279360e-01 7.230042607591719017e-01
9.255336064583327138e-01 7.247105214335831658e-01
9.235519678027477308e-01 7.264071706485418778e-01
9.215589385200340100e-01 7.280942861027018820e-01
9.195549320640197255e-01 7.297719437467735659e-01
9.175403526788895592e-01 7.314402178324448389e-01
9.155155956231658676e-01 7.330991809601955511e-01
9.134810473872096992e-01 7.347489041260235609e-01
9.114370859044559348e-01 7.363894567671001035e-01
9.093840807565904960e-01 7.380209068063714462e-01
9.073223933728727930e-01 7.396433206961250395e-01
9.052523772237945909e-01 7.412567634605377043e-01
9.031743780092641449e-01 7.428612987372223975e-01
9.010887338414931280e-01 7.444569888177923200e-01
8.989957754227624331e-01 7.460438946874573540e-01
8.968958262182316066e-01 7.476220760636721474e-01
8.947892026239555596e-01 7.491915914338509452e-01
8.926762141302614362e-01 7.507524980921669311e-01
8.905571634806374037e-01 7.523048521754523987e-01
8.884323468262769197e-01 7.538487086982150753e-01
8.863020538764182499e-01 7.553841215867898029e-01
8.841665680446131326e-01 7.569111437126373465e-01
8.820261665910547055e-01 7.584298269248102020e-01
8.798811207610895968e-01 7.599402220815997255e-01
8.777316959200337498e-01 7.614423790813783510e-01
8.755781516844102219e-01 7.629363468926557701e-01
8.734207420497195340e-01 7.644221735833610643e-01
8.712597155148511519e-01 7.658999063493682202e-01
8.690953152032411255e-01 7.673695915422780178e-01
8.669277789808762513e-01 7.688312746964721667e-01
8.647573395712417899e-01 7.702850005554536805e-01
8.625842246673078861e-01 7.717308130974882552e-01
8.604086570406432877e-01 7.731687555605594175e-01
8.582308546477456224e-01 7.745988704666529889e-01
8.560510307336719471e-01 7.760211996453840744e-01
8.538693939330511684e-01 7.774357842569789012e-01
8.516861483685573830e-01 7.788426648146271614e-01
8.495014937469195226e-01 7.802418812062157372e-01
8.473156254525421316e-01 7.816334727154579110e-01
8.451287346388061117e-01 7.830174780424306036e-01
8.429410083171200441e-01 7.843939353235331868e-01
8.407526294437873693e-01 7.857628821508778616e-01
8.385637770047535966e-01 7.871243555911265899e-01
8.363746260982949376e-01 7.884783922037845727e-01
8.341853480157086498e-01 7.898250280589635963e-01
8.319961103200631536e-01 7.911642987546253503e-01
8.298070769230629917e-01 7.924962394333179283e-01
8.276184081600825859e-01 7.938208847984156158e-01
8.254302608634223049e-01 7.951382691298729544e-01
8.232427884338356927e-01 7.964484262995056296e-01
8.210561409103773745e-01 7.977513897858066194e-01
8.188704650386194883e-01 7.990471926883099263e-01
8.166859043372809435e-01 8.003358677415124411e-01
8.145025991633147999e-01 8.016174473283621538e-01
8.123206867754967364e-01 8.028919634933250338e-01
8.101403013965539079e-01 8.041594479550402408e-01
8.079615742738779360e-01 8.054199321185708804e-01
8.057846337388563374e-01 8.066734470872637397e-01
8.036096052648644683e-01 8.079200236742241081e-01
8.014366115239498489e-01 8.091596924134168978e-01
7.992657724422480570e-01 8.103924835704021667e-01
7.970972052541613895e-01 8.116184271527148164e-01
7.949310245553349308e-01 8.128375529198953453e-01
7.927673423544610021e-01 8.140498903931834285e-01
7.906062681239434120e-01 8.152554688648793180e-01
7.884479088494518173e-01 8.164543174073838339e-01
7.862923690783947261e-01 8.176464648819236070e-01
7.841397509673388999e-01 8.188319399469711213e-01
7.819901543284041301e-01 8.200107710663645522e-01
7.798436766746579263e-01 8.211829865171392795e-01
7.777004132645373158e-01 8.223486143970741846e-01
7.755604571453207363e-01 8.235076826319635002e-01
7.734238991956773335e-01 8.246602189826192086e-01
7.712908281673127586e-01 8.258062510516129828e-01
7.691613307257388898e-01 8.269458062897629969e-01
7.670354914901852394e-01 8.280789120023732686e-01
7.649133930726762509e-01 8.292055953552319725e-01
7.627951161162939142e-01 8.303258833803761618e-01
7.606807393326470157e-01 8.314398029816271185e-01
7.585703395385640091e-01 8.325473809399056568e-01
7.564639916920318230e-01 8.336486439183303787e-01
7.543617689273970361e-01 8.347436184671079840e-01
7.522637425898467400e-01 8.358323310282188556e-01
7.501699822691886288e-01 8.369148079399054696e-01
7.480805558329447491e-01 8.379910754409688467e-01
7.459955294587773400e-01 8.390611596748779322e-01
7.439149676662611954e-01 8.401250866936982309e-01
7.418389333480188697e-01 8.411828824618449163e-01
7.397674878002336030e-01 8.422345728596646319e-01
7.377006907525538448e-01 8.432801836868520917e-01
7.356386003974049181e-01 8.443197406657062531e-01
7.335812734187203699e-01 8.453532694442310591e-01
7.315287650201071079e-01 8.463807955990840792e-01
7.294811289524569808e-01 8.474023446383803782e-01
7.274384175410183451e-01 8.484179420043530540e-01
7.254006817119382777e-01 8.494276130758778853e-01
7.233679710182894240e-01 8.504313831708637528e-01
7.213403336655918041e-01 8.514292775485152731e-01
7.193178165368406818e-01 8.524213214114695347e-01
7.173004652170542617e-01 8.534075399078138169e-01
7.152883240173469881e-01 8.543879581329854034e-01
7.132814359985445440e-01 8.553626011315585975e-01
7.112798429943465450e-01 8.563314938989236014e-01
7.092835856340489187e-01 8.572946613828589246e-01
7.072927033648349626e-01 8.582521284850026522e-01
7.053072344736445176e-01 8.592039200622246797e-01
7.033272161086308039e-01 8.601500609279051357e-01
7.013526843002138023e-01 8.610905758531195442e-01
6.993836739817377302e-01 8.620254895677368356e-01
6.974202190097432696e-01 8.629548267614319812e-01
6.954623521838609879e-01 8.638786120846156935e-01
6.935101052663339427e-01 8.647968701492857457e-01
6.915635090011795771e-01 8.657096255298014631e-01
6.896225931329954539e-01 8.666169027635850508e-01
6.876873864254183788e-01 8.675187263517524228e-01
6.857579166792441283e-01 8.684151207596758626e-01
6.838342107502134448e-01 8.693061104174806264e-01
6.819162945664722919e-01 8.701917197204802612e-01
6.800041931457136979e-01 8.710719730295505281e-01
6.780979306120061834e-01 8.719468946714454827e-01
6.761975302123165443e-01 8.728165089390588216e-01
6.743030143327325421e-01 8.736808400916304951e-01
6.724144045143912729e-01 8.745399123549042475e-01
6.705317214691212113e-01 8.753937499212344209e-01
6.686549850948009244e-01 8.762423769496474613e-01
6.667842144904415624e-01 8.770858175658580169e-01
6.649194279709996769e-01 8.779240958622419599e-01
6.630606430819233621e-01 8.787572358977697728e-01
6.612078766134392716e-01 8.795852616978996341e-01
6.593611446145842825e-01 8.804081972544345325e-01
6.575204624069881376e-01 8.812260665253436320e-01
6.556858445984096173e-01 8.820388934345498866e-01
6.538573050960344579e-01 8.828467018716856796e-01
6.520348571195366816e-01 8.836495156918188210e-01
6.502185132139096657e-01 8.844473587151484573e-01
6.484082852620705051e-01 8.852402547266752242e-01
6.466041844972431063e-01 8.860282274758443100e-01
6.448062215151230125e-01 8.868113006761653150e-01
6.430144062858297316e-01 8.875894980048080196e-01
6.412287481656484545e-01 8.883628431021781680e-01
6.394492559085674932e-01 8.891313595714704920e-01
6.376759376776141020e-01 8.898950709782048607e-01
6.359088010559929005e-01 8.906540008497434435e-01
6.341478530580294537e-01 8.914081726747915546e-01
6.323931001399256679e-01 8.921576099028828422e-01
6.306445482103267830e-01 8.929023359438500451e-01
6.289022026407060650e-01 8.936423741672827603e-01
6.271660682755700877e-01 8.943777479019717758e-01
6.254361494424875989e-01 8.951084804353428570e-01
6.237124499619451923e-01 8.958345950128806523e-01
6.219949731570332263e-01 8.965561148375419398e-01
6.202837218629656535e-01 8.972730630691605480e-01
6.185786984364358698e-01 8.979854628238456149e-01
6.168799047648118039e-01 8.986933371733716314e-01
6.151873422751740206e-01 8.993967091445628226e-01
6.135010119431989484e-01 9.000956017186726443e-01
6.118209143018897844e-01 9.007900378307583944e-01
6.101470494501592956e-01 9.014800403690516051e-01
6.084794170612648490e-01 9.021656321743259932e-01
6.068180163911013336e-01 9.028468360392623016e-01
6.051628462863511970e-01 9.035236747078115860e-01
6.035139051924977016e-01 9.041961708745571702e-01
6.018711911617005139e-01 9.048643471840758234e-01
6.002347018605388440e-01 9.055282262302989382e-01
5.986044345776224684e-01 9.061878305558744851e-01
5.969803862310743003e-01 9.068431826515294114e-01
5.953625533758863941e-01 9.074943049554334840e-01
5.937509322111510501e-01 9.081412198525655732e-01
5.921455185871705718e-01 9.087839496740820477e-01
5.905463080124463415e-01 9.094225166966879437e-01
5.889532956605502134e-01 9.100569431420113542e-01
5.873664763768803310e-01 9.106872511759820377e-01
5.857858446853030365e-01 9.113134629082132454e-01
5.842113947946828700e-01 9.119356003913881015e-01
5.826431206053026557e-01 9.125536856206513114e-01
5.810810157151762301e-01 9.131677405330059782e-01
5.795250734262546999e-01 9.137777870067145258e-01
5.779752867505285607e-01 9.143838468607066172e-01
5.764316484160272314e-01 9.149859418539934008e-01
5.748941508727190008e-01 9.155840936850857537e-01
5.733627862983108336e-01 9.161783239914218502e-01
5.718375466039515853e-01 9.167686543487993944e-01
5.703184234398398500e-01 9.173551062708161785e-01
5.688054082007378831e-01 9.179377012083165255e-01
5.672984920313930424e-01 9.185164605488459477e-01
5.657976658318688568e-01 9.190914056161141321e-01
5.643029202627871665e-01 9.196625576694634763e-01
5.628142457504817786e-01 9.202299379033475057e-01
5.613316324920674116e-01 9.207935674468169518e-01
5.598550704604225992e-01 9.213534673630131566e-01
5.583845494090903250e-01 9.219096586486711375e-01
5.569200588770966132e-01 9.224621622336297566e-01
5.554615881936885158e-01 9.230109989803516601e-01
5.540091264829934969e-01 9.235561896834517670e-01
5.525626626686001019e-01 9.240977550692329734e-01
5.511221854780639084e-01 9.246357157952335148e-01
5.496876834473363171e-01 9.251700924497807677e-01
5.482591449251210669e-01 9.257009055515552642e-01
5.468365580771575862e-01 9.262281755491637014e-01
5.454199108904322912e-01 9.267519228207208304e-01
5.440091911773207167e-01 9.272721676734412277e-01
5.426043865796601473e-01 9.277889303432390600e-01
5.412054845727536367e-01 9.283022309943383954e-01
5.398124724693086351e-01 9.288120897188920644e-01
5.384253374233082257e-01 9.293185265366099568e-01
5.370440664338195225e-01 9.298215613943970892e-01
5.356686463487373429e-01 9.303212141660001100e-01
5.342990638684655957e-01 9.308175046516645734e-01
5.329353055495377189e-01 9.313104525777999854e-01
5.315773578081760542e-01 9.318000775966551741e-01
5.302252069237921583e-01 9.322863992860032090e-01
5.288788390424283836e-01 9.327694371488344238e-01
5.275382401801423926e-01 9.332492106130602094e-01
5.262033962263346076e-01 9.337257390312250216e-01
5.248742929470200380e-01 9.341990416802281594e-01
5.235509159880460395e-01 9.346691377610545359e-01
5.222332508782550065e-01 9.351360463985147753e-01
5.209212830325953281e-01 9.355997866409944130e-01
5.196149977551797194e-01 9.360603774602123117e-01
5.183143802422918167e-01 9.365178377509875141e-01
5.170194155853434781e-01 9.369721863310161991e-01
5.157300887737811257e-01 9.374234419406565211e-01
5.144463846979445698e-01 9.378716232427227739e-01
5.131682881518765393e-01 9.383167488222887709e-01
5.118957838360864709e-01 9.387588371864996617e-01
5.106288563602660036e-01 9.391979067643916324e-01
5.093674902459605081e-01 9.396339759067221520e-01
5.081116699291943206e-01 9.400670628858068811e-01
5.068613797630525664e-01 9.404971858953662389e-01
5.056166040202185741e-01 9.409243630503798528e-01
5.043773268954693245e-01 9.413486123869502231e-01
5.031435325081282661e-01 9.417699518621731603e-01
5.019152049044764974e-01 9.421883993540181024e-01
5.006923280601232040e-01 9.426039726612152059e-01
4.994748858823364057e-01 9.430166895031512064e-01
4.982628622123332907e-01 9.434265675197734957e-01
4.970562408275323585e-01 9.438336242715009705e-01
4.958550054437668719e-01 9.442378772391440966e-01
4.946591397174608939e-01 9.446393438238316342e-01
4.934686272477681324e-01 9.450380413469454677e-01
4.922834515786740361e-01 9.454339870500627629e-01
4.911035962010625311e-01 9.458271980949058966e-01
4.899290445547468398e-01 9.462176915632991570e-01
4.887597800304659956e-01 9.466054844571338833e-01
4.875957859718468290e-01 9.469905936983391559e-01
4.864370456773322027e-01 9.473730361288611457e-01
4.852835424020765509e-01 9.477528285106483485e-01
4.841352593598083898e-01 9.481299875256443688e-01
4.829921797246605752e-01 9.485045297757872529e-01
4.818542866329694196e-01 9.488764717830159290e-01
4.807215631850424442e-01 9.492458299892824192e-01
4.795939924468953786e-01 9.496126207565719346e-01
4.784715574519594616e-01 9.499768603669280775e-01
4.773542412027583781e-01 9.503385650224852599e-01
4.762420266725569395e-01 9.506977508455072279e-01
4.751348968069799561e-01 9.510544338784315821e-01
4.740328345256038522e-01 9.514086300839204036e-01
4.729358227235198053e-01 9.517603553449170972e-01
4.718438442728695725e-01 9.521096254647088974e-01
4.707568820243543950e-01 9.524564561669957019e-01
4.696749188087175342e-01 9.528008630959633463e-01
4.685979374382004958e-01 9.531428618163638733e-01
4.675259207079733303e-01 9.534824678136015752e-01
4.664588513975401751e-01 9.538196964938221445e-01
4.653967122721192062e-01 9.541545631840100405e-01
4.643394860839987204e-01 9.544870831320894089e-01
4.632871555738683478e-01 9.548172715070308847e-01
4.622397034721270614e-01 9.551451433989623929e-01
4.611971125001677607e-01 9.554707138192867211e-01
4.601593653716382071e-01 9.557939977008026444e-01
4.591264447936801996e-01 9.561150098978313805e-01
4.580983334681455466e-01 9.564337651863473733e-01
4.570750140927907768e-01 9.567502782641140735e-01
4.560564693624495902e-01 9.570645637508244929e-01
4.550426819701846592e-01 9.573766361882454223e-01
4.540336346084178909e-01 9.576865100403674225e-01
4.530293099700403170e-01 9.579941996935571469e-01
4.520296907495016114e-01 9.582997194567155486e-01
4.510347596438799567e-01 9.586030835614398615e-01
4.500444993539313709e-01 9.589043061621889130e-01
4.490588925851204949e-01 9.592034013364530987e-01
4.480779220486320602e-01 9.595003830849281323e-01
4.471015704623632625e-01 9.597952653316924598e-01
4.461298205518979265e-01 9.600880619243884473e-01
4.451626550514625191e-01 9.603787866344071222e-01
4.442000567048640103e-01 9.606674531570765785e-01
4.432420082664103034e-01 9.609540751118542667e-01
4.422884925018131241e-01 9.612386660425216167e-01
4.413394921890738676e-01 9.615212394173832111e-01
4.403949901193527916e-01 9.618018086294684021e-01
4.394549690978211687e-01 9.620803869967363697e-01
4.385194119444977834e-01 9.623569877622847324e-01
4.375883014950687766e-01 9.626316240945600455e-01
4.366616206016917801e-01 9.629043090875726296e-01
4.357393521337851183e-01 9.631750557611135077e-01
4.348214789788005241e-01 9.634438770609741187e-01
4.339079840429819201e-01 9.637107858591688059e-01
4.329988502521086025e-01 9.639757949541609694e-01
4.320940605522241018e-01 9.642389170710899959e-01
4.311935979103505012e-01 9.645001648620027401e-01
4.302974453151888201e-01 9.647595509060852281e-01
4.294055857778050767e-01 9.650170877098995792e-01
4.285180023323031384e-01 9.652727877076204832e-01
4.276346780364833622e-01 9.655266632612760080e-01
4.267555959724885217e-01 9.657787266609891841e-01
4.258807392474364129e-01 9.660289901252231415e-01
4.250100909940394689e-01 9.662774658010269135e-01
4.241436343712117196e-01 9.665241657642844597e-01
4.232813525646632602e-01 9.667691020199645768e-01
4.224232287874825631e-01 9.670122865023741410e-01
4.215692462807064667e-01 9.672537310754112383e-01
4.207193883138781731e-01 9.674934475328226258e-01
4.198736381855938116e-01 9.677314475984601927e-01
4.190319792240370100e-01 9.679677429265411970e-01
4.181943947875025880e-01 9.682023451019091675e-01
4.173608682649087021e-01 9.684352656402963611e-01
4.165313830762978342e-01 9.686665159885883281e-01
4.157059226733273438e-01 9.688961075250892563e-01
4.148844705397490840e-01 9.691240515597889793e-01
4.140670101918785262e-01 9.693503593346318725e-01
4.132535251790532826e-01 9.695750420237859712e-01
4.124439990840820802e-01 9.697981107339138651e-01
4.116384155236829101e-01 9.700195765044458129e-01
4.108367581489118514e-01 9.702394503078517474e-01
4.100390106455819583e-01 9.704577430499171653e-01
4.092451567346726549e-01 9.706744655700172419e-01
4.084551801727294706e-01 9.708896286413943866e-01
4.076690647522548394e-01 9.711032429714347991e-01
4.068867943020894606e-01 9.713153192019478022e-01
4.061083526877850569e-01 9.715258679094446181e-01
4.053337238119677499e-01 9.717348996054187005e-01
4.045628916146932208e-01 9.719424247366259539e-01
4.037958400737928777e-01 9.721484536853676195e-01
4.030325532052119186e-01 9.723529967697716048e-01
4.022730150633391788e-01 9.725560642440757020e-01
4.015172097413280961e-01 9.727576662989119161e-01
4.007651213714105709e-01 9.729578130615896825e-01
4.000167341252022779e-01 9.731565145963813057e-01
3.992720322140002609e-01 9.733537809048072864e-01
3.985309998890732008e-01 9.735496219259219819e-01
3.977936214419435235e-01 9.737440475365991555e-01
3.970598812046630122e-01 9.739370675518195242e-01
3.963297635500797611e-01 9.741286917249571964e-01
3.956032528920995217e-01 9.743189297480673305e-01
3.948803336859383895e-01 9.745077912521729058e-01
3.941609904283699395e-01 9.746952858075537129e-01
3.934452076579643132e-01 9.748814229240330143e-01
3.927329699553214204e-01 9.750662120512669784e-01
3.920242619432968700e-01 9.752496625790322282e-01
3.913190682872219051e-01 9.754317838375150540e-01
3.906173736951163988e-01 9.756125850975994052e-01
3.899191629178960228e-01 9.757920755711559924e-01
3.892244207495725861e-01 9.759702644113308345e-01
3.885331320274487688e-01 9.761471607128339167e-01
3.878452816323068042e-01 9.763227735122276263e-01
3.871608544885907222e-01 9.764971117882161877e-01
3.864798355645831518e-01 9.766701844619333217e-01
3.858022098725764626e-01 9.768420003972313470e-01
3.851279624690378545e-01 9.770125684009690614e-01
3.844570784547693965e-01 9.771818972232999556e-01
3.837895429750620147e-01 9.773499955579604270e-01
3.831253412198445396e-01 9.775168720425573277e-01
3.824644584238274247e-01 9.776825352588555118e-01
3.818068798666408026e-01 9.778469937330649397e-01
3.811525908729681000e-01 9.780102559361283365e-01
3.805015768126739362e-01 9.781723302840067413e-01
3.798538231009276900e-01 9.783332251379667222e-01
3.792093151983215171e-01 9.784929488048660362e-01
3.785680386109842588e-01 9.786515095374394013e-01
3.779299788906899105e-01 9.788089155345836012e-01
3.772951216349622050e-01 9.789651749416421467e-01
3.766634524871738110e-01 9.791202958506899368e-01
3.760349571366418675e-01 9.792742863008169207e-01
3.754096213187184117e-01 9.794271542784115381e-01
3.747874308148768097e-01 9.795789077174442694e-01
3.741683714527938021e-01 9.797295544997488559e-01
3.735524291064274416e-01 9.798791024553054063e-01
3.729395896960907564e-01 9.800275593625211723e-01
3.723298391885214165e-01 9.801749329485112128e-01
3.717231635969475145e-01 9.803212308893790583e-01
3.711195489811490722e-01 9.804664608104957102e-01
3.705189814475161048e-01 9.806106302867791946e-01
3.699214471491024669e-01 9.807537468429727845e-01
3.693269322856764791e-01 9.808958179539223332e-01
3.687354231037671681e-01 9.810368510448539414e-01
3.681469058967076768e-01 9.811768534916496254e-01
3.675613670046744552e-01 9.813158326211233184e-01
3.669787928147233980e-01 9.814537957112964284e-01
3.663991697608222631e-01 9.815907499916709522e-01
3.658224843238799817e-01 9.817267026435037014e-01
3.652487230317723044e-01 9.818616608000790835e-01
3.646778724593645604e-01 9.819956315469809960e-01
3.641099192285310870e-01 9.821286219223640535e-01
3.635448500081711609e-01 9.822606389172238162e-01
3.629826515142223209e-01 9.823916894756671292e-01
3.624233105096705820e-01 9.825217804951804634e-01
3.618668138045572635e-01 9.826509188268975903e-01
3.613131482559832075e-01 9.827791112758679226e-01
3.607623007681102778e-01 9.829063646013219691e-01
3.602142582921594727e-01 9.830326855169373435e-01
3.596690078264066504e-01 9.831580806911029979e-01
3.591265364161757012e-01 9.832825567471836781e-01
3.585868311538282227e-01 9.834061202637822685e-01
3.580498791787516399e-01 9.835287777750021387e-01
3.575156676773438291e-01 9.836505357707082675e-01
3.569841838829956315e-01 9.837714006967875902e-01
3.564554150760707030e-01 9.838913789554081246e-01
3.559293485838830318e-01 9.840104769052777645e-01
3.554059717806720697e-01 9.841287008619010734e-01
3.548852720875751987e-01 9.842460570978369683e-01
3.543672369725980320e-01 9.843625518429534038e-01
3.538518539505826621e-01 9.844781912846825023e-01
3.533391105831734103e-01 9.845929815682740172e-01
3.528289944787802446e-01 9.847069287970486862e-01
3.523214932925402554e-01 9.848200390326490306e-01
3.518165947262771875e-01 9.849323182952912648e-01
3.513142865284583083e-01 9.850437725640147635e-01
3.508145564941497763e-01 9.851544077769303076e-01
3.503173924649697901e-01 9.852642298314691072e-01
3.498227823290395166e-01 9.853732445846288268e-01
3.493307140209327422e-01 9.854814578532199443e-01
3.488411755216228594e-01 9.855888754141103325e-01
3.483541548584285774e-01 9.856955030044693977e-01
3.478696401049573006e-01 9.858013463220107742e-01
3.473876193810473967e-01 9.859064110252343527e-01
3.469080808527079118e-01 9.860107027336670882e-01
3.464310127320570643e-01 9.861142270281024746e-01
3.459564032772590170e-01 9.862169894508399093e-01
3.454842407924588188e-01 9.863189955059219471e-01
3.450145136277157909e-01 9.864202506593712227e-01
3.445472101789353037e-01 9.865207603394263725e-01
3.440823188877989991e-01 9.866205299367762915e-01
3.436198282416937366e-01 9.867195648047939471e-01
3.431597267736383183e-01 9.868178702597687479e-01
3.427020030622097702e-01 9.869154515811385808e-01
3.422466457314670141e-01 9.870123140117196270e-01
3.417936434508743737e-01 9.871084627579358450e-01
3.413429849352226375e-01 9.872039029900481211e-01
3.408946589445491226e-01 9.872986398423805321e-01
3.404486542840569063e-01 9.873926784135473866e-01
3.400049598040320031e-01 9.874860237666778229e-01
3.395635643997594322e-01 9.875786809296404067e-01
3.391244570114386736e-01 9.876706548952657316e-01
3.386876266240970157e-01 9.877619506215691292e-01
3.382530622675022913e-01 9.878525730319708265e-01
3.378207530160740601e-01 9.879425270155166583e-01
3.373906879887942356e-01 9.880318174270962261e-01
3.369628563491158801e-01 9.881204490876607238e-01
3.365372473048712787e-01 9.882084267844399861e-01
3.361138501081790686e-01 9.882957552711579829e-01
3.356926540553498706e-01 9.883824392682473148e-01
3.352736484867913647e-01 9.884684834630629302e-01
3.348568227869120340e-01 9.885538925100939567e-01
3.344421663840242420e-01 9.886386710311758641e-01
3.340296687502460893e-01 9.887228236157001859e-01
3.336193194014022145e-01 9.888063548208243514e-01
3.332111078969242079e-01 9.888892691716791861e-01
3.328050238397495808e-01 9.889715711615765237e-01
3.324010568762202356e-01 9.890532652522151524e-01
3.319991966959798257e-01 9.891343558738857622e-01
3.315994330318703942e-01 9.892148474256751145e-01
3.312017556598284562e-01 9.892947442756682142e-01
3.308061543987794728e-01 9.893740507611512580e-01
3.304126191105327681e-01 9.894527711888114752e-01
3.300211396996747815e-01 9.895309098349374111e-01
3.296317061134616533e-01 9.896084709456171025e-01
3.292443083417115335e-01 9.896854587369358081e-01
3.288589364166960016e-01 9.897618773951731841e-01
3.284755804130304324e-01 9.898377310769979065e-01
3.280942304475645277e-01 9.899130239096625150e-01
3.277148766792711276e-01 9.899877599911970361e-01
3.273375093091355215e-01 9.900619433906011624e-01
3.269621185800430929e-01 9.901355781480353224e-01
3.265886947766673543e-01 9.902086682750116386e-01
3.262172282253565925e-01 9.902812177545822214e-01
3.258477092940204600e-01 9.903532305415284620e-01
3.254801283920157884e-01 9.904247105625473280e-01
3.251144759700319575e-01 9.904956617164381028e-01
3.247507425199756548e-01 9.905660878742871267e-01
3.243889185748555226e-01 9.906359928796520942e-01
3.240289947086655853e-01 9.907053805487447962e-01
3.236709615362688419e-01 9.907742546706138631e-01
3.233148097132804155e-01 9.908426190073251760e-01
3.229605299359495363e-01 9.909104772941419448e-01
3.226081129410421910e-01 9.909778332397040090e-01
3.222575495057224959e-01 9.910446905262054740e-01
3.219088304474337914e-01 9.911110528095721239e-01
3.215619466237799595e-01 9.911769237196368376e-01
3.212168889324055199e-01 9.912423068603147813e-01
3.208736483108760029e-01 9.913072058097777139e-01
3.205322157365578239e-01 9.913716241206266266e-01
3.201925822264975463e-01 9.914355653200637164e-01
3.198547388373010891e-01 9.914990329100632493e-01
3.195186766650128241e-01 9.915620303675419800e-01
3.191843868449936727e-01 9.916245611445274610e-01
3.188518605517999260e-01 9.916866286683272413e-01
3.185210889990607308e-01 9.917482363416947333e-01
3.181920634393561875e-01 9.918093875429957462e-01
3.178647751640946706e-01 9.918700856263736876e-01
3.175392155033900932e-01 9.919303339219135429e-01
3.172153758259389500e-01 9.919901357358050786e-01
3.168932475388973047e-01 9.920494943505050456e-01
3.165728220877569443e-01 9.921084130248987165e-01
3.162540909562222557e-01 9.921668949944594251e-01
3.159370456660862692e-01 9.922249434714086602e-01
3.156216777771065352e-01 9.922825616448741615e-01
3.153079788868813904e-01 9.923397526810471270e-01
3.149959406307253351e-01 9.923965197233393098e-01
3.146855546815448545e-01 9.924528658925381164e-01
3.143768127497135745e-01 9.925087942869610380e-01
3.140697065829480272e-01 9.925643079826099724e-01
3.137642279661824740e-01 9.926194100333237680e-01
3.134603687214441159e-01 9.926741034709295475e-01
3.131581207077281936e-01 9.927283913053944753e-01
3.128574758208726991e-01 9.927822765249747494e-01
3.125584259934335307e-01 9.928357620963659258e-01
3.122609631945588160e-01 9.928888509648502447e-01
3.119650794298639562e-01 9.929415460544441796e-01
3.116707667413060601e-01 9.929938502680445422e-01
3.113780172070585994e-01 9.930457664875744772e-01
3.110868229413859543e-01 9.930972975741275688e-01
3.107971760945179018e-01 9.931484463681118369e-01
3.105090688525241061e-01 9.931992156893924006e-01
3.102224934371886067e-01 9.932496083374334761e-01
3.099374421058841422e-01 9.932996270914393744e-01
3.096539071514468611e-01 9.933492747104946119e-01
3.093718809020505334e-01 9.933985539337034654e-01
3.090913557210810958e-01 9.934474674803280836e-01
3.088123240070113074e-01 9.934960180499263771e-01
3.085347781932749611e-01 9.935442083224883536e-01
3.082587107481415400e-01 9.935920409585725643e-01
3.079841141745909838e-01 9.936395185994402190e-01
3.077109810101880671e-01 9.936866438671901891e-01
3.074393038269571110e-01 9.937334193648920122e-01
3.071690752312569161e-01 9.937798476767180089e-01
3.069002878636552523e-01 9.938259313680756213e-01
3.066329343988040135e-01 9.938716729857377530e-01
3.063670075453140962e-01 9.939170750579726654e-01
3.061025000456301659e-01 9.939621400946734298e-01
3.058394046759060347e-01 9.940068705874862687e-01
3.055777142458798723e-01 9.940512690099377879e-01
3.053174215987494167e-01 9.940953378175616528e-01
3.050585196110471853e-01 9.941390794480250426e-01
3.048010011925164631e-01 9.941824963212529953e-01
3.045448592859864578e-01 9.942255908395533082e-01
3.042900868672484549e-01 9.942683653877396610e-01
3.040366769449311946e-01 9.943108223332544071e-01
3.037846225603774153e-01 9.943529640262903646e-01
3.035339167875195643e-01 9.943947927999128300e-01
3.032845527327562851e-01 9.944363109701781500e-01
3.030365235348287944e-01 9.944775208362550689e-01
3.027898223646974807e-01 9.945184246805423012e-01
3.025444424254184472e-01 9.945590247687874363e-01
3.023003769520206108e-01 9.945993233502036235e-01
3.020576192113827441e-01 9.946393226575860336e-01
3.018161625021103522e-01 9.946790249074284329e-01
3.015760001544134372e-01 9.947184323000370920e-01
3.013371255299838736e-01 9.947575470196453606e-01
3.010995320218731175e-01 9.947963712345277987e-01
3.008632130543701377e-01 9.948349070971119756e-01
3.006281620828795687e-01 9.948731567440913803e-01
3.003943725937999187e-01 9.949111222965357770e-01
3.001618381044020012e-01 9.949488058600025608e-01
2.999305521627076976e-01 9.949862095246464477e-01
2.997005083473689435e-01 9.950233353653280544e-01
2.994717002675466033e-01 9.950601854417229220e-01
2.992441215627898443e-01 9.950967617984287639e-01
2.990177659029155666e-01 9.951330664650724911e-01
2.987926269878883323e-01 9.951691014564169047e-01
2.985686985477000732e-01 9.952048687724656117e-01
2.983459743422503530e-01 9.952403703985683858e-01
2.981244481612267960e-01 9.952756083055248615e-01
2.979041138239854059e-01 9.953105844496884513e-01
2.976849651794318263e-01 9.953453007730692637e-01
2.974669961059021595e-01 9.953797592034351327e-01
2.972502005110443934e-01 9.954139616544145364e-01
2.970345723316996644e-01 9.954479100255960722e-01
2.968201055337844618e-01 9.954816062026293766e-01
2.966067941121723339e-01 9.955150520573241568e-01
2.963946320905764820e-01 9.955482494477490008e-01
2.961836135214319099e-01 9.955812002183291876e-01
2.959737324857785179e-01 9.956139061999449424e-01
2.957649830931439183e-01 9.956463692100271379e-01
2.955573594814269178e-01 9.956785910526538830e-01
2.953508558167809439e-01 9.957105735186464468e-01
2.951454662934980822e-01 9.957423183856634052e-01
2.949411851338927248e-01 9.957738274182950100e-01
2.947380065881863853e-01 9.958051023681573355e-01
2.945359249343920127e-01 9.958361449739840943e-01
2.943349344781989729e-01 9.958669569617200068e-01
2.941350295528583070e-01 9.958975400446118398e-01
2.939362045190679895e-01 9.959278959232995554e-01
2.937384537648586313e-01 9.959580262859075717e-01
2.935417717054798481e-01 9.959879328081329142e-01
2.933461527832860183e-01 9.960176171533360323e-01
2.931515914676230405e-01 9.960470809726285069e-01
2.929580822547154795e-01 9.960763259049616458e-01
2.927656196675529898e-01 9.961053535772131928e-01
2.925741982557785725e-01 9.961341656042750348e-01
2.923838125955755540e-01 9.961627635891386889e-01
2.921944572895558978e-01 9.961911491229812343e-01
2.920061269666486825e-01 9.962193237852502437e-01
2.918188162819882470e-01 9.962472891437487155e-01
2.916325199168033899e-01 9.962750467547181188e-01
2.914472325783064588e-01 9.963025981629225480e-01
2.912629489995825494e-01 9.963299449017314346e-01
2.910796639394799268e-01 9.963570884932008154e-01
2.908973721824993364e-01 9.963840304481560439e-01
2.907160685386849241e-01 9.964107722662721711e-01
2.905357478435146024e-01 9.964373154361549911e-01
2.903564049577913586e-01 9.964636614354204225e-01
2.901780347675340099e-01 9.964898117307741110e-01
2.900006321838694556e-01 9.965157677780906997e-01
2.898241921429239309e-01 9.965415310224913226e-01
2.896487096057158150e-01 9.965671028984225410e-01
2.894741795580477173e-01 9.965924848297322836e-01
2.893005970103994517e-01 9.966176782297476722e-01
2.891279569978212338e-01 9.966426845013502955e-01
2.889562545798272652e-01 9.966675050370524813e-01
2.887854848402890418e-01 9.966921412190721252e-01
2.886156428873299373e-01 9.967165944194075200e-01
2.884467238532195110e-01 9.967408659999111853e-01
2.882787228942678692e-01 9.967649573123633644e-01
2.881116351907211937e-01 9.967888696985457431e-01
2.879454559466568253e-01 9.968126044903129479e-01
2.877801803898789590e-01 9.968361630096659320e-01
2.876158037718147820e-01 9.968595465688223634e-01
2.874523213674105016e-01 9.968827564702880117e-01
2.872897284750283720e-01 9.969057940069278034e-01
2.871280204163433880e-01 9.969286604620350989e-01
2.869671925362404785e-01 9.969513571094019699e-01
2.868072402027124768e-01 9.969738852133877005e-01
2.866481588067577579e-01 9.969962460289881756e-01
2.864899437622785983e-01 9.970184408019028277e-01
2.863325905059795895e-01 9.970404707686038037e-01
2.861760944972668308e-01 9.970623371564018012e-01
2.860204512181468983e-01 9.970840411835135697e-01
2.858656561731265922e-01 9.971055840591278585e-01
2.857117048891126831e-01 9.971269669834711413e-01
2.855585929153120484e-01 9.971481911478733418e-01
2.854063158231325281e-01 9.971692577348322262e-01
2.852548692060832836e-01 9.971901679180779077e-01
2.851042486796764863e-01 9.972109228626372390e-01
2.849544498813285642e-01 9.972315237248966513e-01
2.848054684702620021e-01 9.972519716526655476e-01
2.846573001274076420e-01 9.972722677852393636e-01
2.845099405553071503e-01 9.972924132534606301e-01
2.843633854780158732e-01 9.973124091797818114e-01
2.842176306410058029e-01 9.973322566783261456e-01
2.840726718110693216e-01 9.973519568549484848e-01
2.839285047762227787e-01 9.973715108072955804e-01
2.837851253456109557e-01 9.973909196248668119e-01
2.836425293494110877e-01 9.974101843890729180e-01
2.835007126387381060e-01 9.974293061732955046e-01
2.833596710855493805e-01 9.974482860429461084e-01
2.832194005825504068e-01 9.974671250555239288e-01
2.830798970431006034e-01 9.974858242606743364e-01
2.829411564011193869e-01 9.975043847002458275e-01
2.828031746109924693e-01 9.975228074083479779e-01
2.826659476474788768e-01 9.975410934114068429e-01
2.825294715056179129e-01 9.975592437282227998e-01
2.823937422006365106e-01 9.975772593700249491e-01
2.822587557678571946e-01 9.975951413405277357e-01
2.821245082626060996e-01 9.976128906359853499e-01
2.819909957601210992e-01 9.976305082452472384e-01
2.818582143554612118e-01 9.976479951498115062e-01
2.817261601634150070e-01 9.976653523238794286e-01
2.815948293184103446e-01 9.976825807344088526e-01
2.814642179744239470e-01 9.976996813411673770e-01
2.813343223048916375e-01 9.977166550967851988e-01
2.812051385026186900e-01 9.977335029468076266e-01
2.810766627796903450e-01 9.977502258297465954e-01
2.809488913673830468e-01 9.977668246771332905e-01
2.808218205160757375e-01 9.977833004135685524e-01
2.806954464951616490e-01 9.977996539567742795e-01
2.805697655929600409e-01 9.978158862176438326e-01
2.804447741166289920e-01 9.978319981002925498e-01
2.803204683920775819e-01 9.978479905021073737e-01
2.801968447638793491e-01 9.978638643137961450e-01
2.800738995951851940e-01 9.978796204194370079e-01
2.799516292676372808e-01 9.978952596965273703e-01
2.798300301812830515e-01 9.979107830160318660e-01
2.797090987544892937e-01 9.979261912424309822e-01
2.795888314238568206e-01 9.979414852337683550e-01
2.794692246441357053e-01 9.979566658416985092e-01
2.793502748881400155e-01 9.979717339115340424e-01
2.792319786466638809e-01 9.979866902822915886e-01
2.791143324283971161e-01 9.980015357867392245e-01
2.789973327598416208e-01 9.980162712514417667e-01
2.788809761852277247e-01 9.980308974968070679e-01
2.787652592664313089e-01 9.980454153371309811e-01
2.786501785828907618e-01 9.980598255806427677e-01
2.785357307315247111e-01 9.980741290295495061e-01
2.784219123266495344e-01 9.980883264800808341e-01
2.783087199998978134e-01 9.981024187225331357e-01
2.781961504001368435e-01 9.981164065413127284e-01
2.780842001933869212e-01 9.981302907149799397e-01
2.779728660627410197e-01 9.981440720162922942e-01
2.778621447082839646e-01 9.981577512122471463e-01
2.777520328470120536e-01 9.981713290641238689e-01
2.776425272127532873e-01 9.981848063275271521e-01
2.775336245560875992e-01 9.981981837524274148e-01
2.774253216442676417e-01 9.982114620832039931e-01
2.773176152611396272e-01 9.982246420586853297e-01
2.772105022070648905e-01 9.982377244121908300e-01
2.771039792988411743e-01 9.982507098715708294e-01
2.769980433696247468e-01 9.982635991592476721e-01
2.768926912688527420e-01 9.982763929922553459e-01
2.767879198621654435e-01 9.982890920822798941e-01
2.766837260313291802e-01 9.983016971356986069e-01
2.765801066741598868e-01 9.983142088536189895e-01
2.764770587044459993e-01 9.983266279319187309e-01
2.763745790518725709e-01 9.983389550612835617e-01
2.762726646619454440e-01 9.983511909272460016e-01
2.761713124959154220e-01 9.983633362102233288e-01
2.760705195307030513e-01 9.983753915855558825e-01
2.759702827588236818e-01 9.983873577235441443e-01
2.758705991883126374e-01 9.983992352894867084e-01
2.757714658426511645e-01 9.984110249437165852e-01
2.756728797606920467e-01 9.984227273416385051e-01
2.755748379965857753e-01 9.984343431337652230e-01
2.754773376197073298e-01 9.984458729657540443e-01
2.753803757145830144e-01 9.984573174784425742e-01
2.752839493808172389e-01 9.984686773078843558e-01
2.751880557330203536e-01 9.984799530853848415e-01
2.750926919007360971e-01 9.984911454375358097e-01
2.749978550283697087e-01 9.985022549862512253e-01
2.749035422751163749e-01 9.985132823488013232e-01
2.748097508148897861e-01 9.985242281378472473e-01
2.747164778362508608e-01 9.985350929614752458e-01
2.746237205423371353e-01 9.985458774232307544e-01
2.745314761507923751e-01 9.985565821221515925e-01
2.744397418936961319e-01 9.985672076528023799e-01
2.743485150174939102e-01 9.985777546053066223e-01
2.742577927829278894e-01 9.985882235653807948e-01
2.741675724649670354e-01 9.985986151143659839e-01
2.740778513527384885e-01 9.986089298292610827e-01
2.739886267494586747e-01 9.986191682827552096e-01
2.738998959723648041e-01 9.986293310432590165e-01
2.738116563526469260e-01 9.986394186749369961e-01
2.737239052353797608e-01 9.986494317377390129e-01
2.736366399794553650e-01 9.986593707874312775e-01
2.735498579575157407e-01 9.986692363756278779e-01
2.734635565558857784e-01 9.986790290498211986e-01
2.733777331745065875e-01 9.986887493534131188e-01
2.732923852268690501e-01 9.986983978257452099e-01
2.732075101399475958e-01 9.987079750021282676e-01
2.731231053541344211e-01 9.987174814138735091e-01
2.730391683231738198e-01 9.987269175883213279e-01
2.729556965140969571e-01 9.987362840488710480e-01
2.728726874071565889e-01 9.987455813150108996e-01
2.727901384957627795e-01 9.987548099023462189e-01
2.727080472864178429e-01 9.987639703226286469e-01
2.726264112986526156e-01 9.987730630837851065e-01
2.725452280649622860e-01 9.987820886899461126e-01
2.724644951307427787e-01 9.987910476414738614e-01
2.723842100542274713e-01 9.987999404349902077e-01
2.723043704064240234e-01 9.988087675634049756e-01
2.722249737710515372e-01 9.988175295159434919e-01
2.721460177444781081e-01 9.988262267781733428e-01
2.720674999356583745e-01 9.988348598320324623e-01
2.719894179660717892e-01 9.988434291558557776e-01
2.719117694696605025e-01 9.988519352244024097e-01
2.718345520927681891e-01 9.988603785088814302e-01
2.717577634940787634e-01 9.988687594769792844e-01
2.716814013445553733e-01 9.988770785928857698e-01
2.716054633273797814e-01 9.988853363173197941e-01
2.715299471378921359e-01 9.988935331075553536e-01
2.714548504835306297e-01 9.989016694174475131e-01
2.713801710837714931e-01 9.989097456974574962e-01
2.713059066700698185e-01 9.989177623946782214e-01
2.712320549857998864e-01 9.989257199528593922e-01
2.711586137861962120e-01 9.989336188124323668e-01
2.710855808382945376e-01 9.989414594105352485e-01
2.710129539208736560e-01 9.989492421810365341e-01
2.709407308243966805e-01 9.989569675545604266e-01
2.708689093509533130e-01 9.989646359585108160e-01
2.707974873142018901e-01 9.989722478170951492e-01
2.707264625393120405e-01 9.989798035513481889e-01
2.706558328629070087e-01 9.989873035791556610e-01
2.705855961330072001e-01 9.989947483152785690e-01
2.705157502089730048e-01 9.990021381713753978e-01
2.704462929614483424e-01 9.990094735560256511e-01
2.703772222723045404e-01 9.990167548747529436e-01
2.703085360345844346e-01 9.990239825300482046e-01
2.702402321524461914e-01 9.990311569213913279e-01
2.701723085411081859e-01 9.990382784452748188e-01
2.701047631267936011e-01 9.990453474952248891e-01
2.700375938466755277e-01 9.990523644618247712e-01
2.699707986488219524e-01 9.990593297327357014e-01
2.699043754921415239e-01 9.990662436927195689e-01
2.698383223463292069e-01 9.990731067236598983e-01
2.697726371918121591e-01 9.990799192045838328e-01
2.697073180196960518e-01 9.990866815116831168e-01
2.696423628317114463e-01 9.990933940183357453e-01
2.695777696401607249e-01 9.991000570951263926e-01
2.695135364678648004e-01 9.991066711098676167e-01
2.694496613481102698e-01 9.991132364276205102e-01
2.693861423245972331e-01 9.991197534107153500e-01
2.693229774513864472e-01 9.991262224187721364e-01
2.692601647928475894e-01 9.991326438087204664e-01
2.691977024236072435e-01 9.991390179348196288e-01
2.691355884284974409e-01 9.991453451486792536e-01
2.690738209025039795e-01 9.991516257992780758e-01
2.690123979507156315e-01 9.991578602329846959e-01
2.689513176882730172e-01 9.991640487935760095e-01
2.688905782403180345e-01 9.991701918222574141e-01
2.688301777419431215e-01 9.991762896576821262e-01
2.687701143381415192e-01 9.991823426359692784e-01
2.687103861837568664e-01 9.991883510907237920e-01
2.686509914434336288e-01 9.991943153530550292e-01
2.685919282915676942e-01 9.992002357515948896e-01
2.685331949122566897e-01 9.992061126125172388e-01
2.684747894992512429e-01 9.992119462595554502e-01
2.684167102559061324e-01 9.992177370140211679e-01
2.683589553951314377e-01 9.992234851948225138e-01
2.683015231393443001e-01 9.992291911184814079e-01
2.682444117204207390e-01 9.992348550991521083e-01
2.681876193796476904e-01 9.992404774486387531e-01
2.681311443676752670e-01 9.992460584764127907e-01
2.680749849444692412e-01 9.992515984896302994e-01
2.680191393792639154e-01 9.992570977931500842e-01
2.679636059505146606e-01 9.992625566895495526e-01
2.679083829458515087e-01 9.992679754791433666e-01
2.678534686620323568e-01 9.992733544599989859e-01
2.677988614048963933e-01 9.992786939279543201e-01
2.677445594893182457e-01 9.992839941766341605e-01
2.676905612391616285e-01 9.992892554974667219e-01
2.676368649872338246e-01 9.992944781797001852e-01
2.675834690752400546e-01 9.992996625104190178e-01
2.675303718537382358e-01 9.993048087745600716e-01
2.674775716820935179e-01 9.993099172549284592e-01
2.674250669284338744e-01 9.993149882322140964e-01
2.673728559696049722e-01 9.993200219850072452e-01
2.673209371911259846e-01 9.993250187898137238e-01
2.672693089871450156e-01 9.993299789210716710e-01
2.672179697603953574e-01 9.993349026511659794e-01
2.671669179221512480e-01 9.993397902504441710e-01
2.671161518921844058e-01 9.993446419872316078e-01
2.670656700987207310e-01 9.993494581278462574e-01
2.670154709783967850e-01 9.993542389366145695e-01
2.669655529762167689e-01 9.993589846758854645e-01
2.669159145455097248e-01 9.993636956060456544e-01
2.668665541478871805e-01 9.993683719855342984e-01
2.668174702532001286e-01 9.993730140708576570e-01
2.667686613394972817e-01 9.993776221166031926e-01
2.667201258929828289e-01 9.993821963754546678e-01
2.666718624079745248e-01 9.993867370982054688e-01
2.666238693868622223e-01 9.993912445337735928e-01
2.665761453400663505e-01 9.993957189292150822e-01
2.665286887859966702e-01 9.994001605297386792e-01
2.664814982510111951e-01 9.994045695787190375e-01
2.664345722693753360e-01 9.994089463177106003e-01
2.663879093832212108e-01 9.994132909864614778e-01
2.663415081425073438e-01 9.994176038229269921e-01
2.662953671049781423e-01 9.994218850632825557e-01
2.662494848361240951e-01 9.994261349419377716e-01
2.662038599091415270e-01 9.994303536915490893e-01
2.661584909048933523e-01 9.994345415430334612e-01
2.661133764118690515e-01 9.994386987255808874e-01
2.660685150261458132e-01 9.994428254666678502e-01
2.660239053513490659e-01 9.994469219920695258e-01
2.659795459986137312e-01 9.994509885258731074e-01
2.659354355865453656e-01 9.994550252904901289e-01
2.658915727411816921e-01 9.994590325066693426e-01
2.658479560959539079e-01 9.994630103935089327e-01
2.658045842916490487e-01 9.994669591684688381e-01
2.657614559763714634e-01 9.994708790473832982e-01
2.657185698055050671e-01 9.994747702444729542e-01
2.656759244416759258e-01 9.994786329723567286e-01
2.656335185547144540e-01 9.994824674420642596e-01
2.655913508216184993e-01 9.994862738630472254e-01
2.655494199265158728e-01 9.994900524431917788e-01
2.655077245606276559e-01 9.994938033888300932e-01
2.654662634222312301e-01 9.994975269047516875e-01
2.654250352166239169e-01 9.995012231942154157e-01
2.653840386560865627e-01 9.995048924589607919e-01
2.653432724598471237e-01 9.995085348992193142e-01
2.653027353540448052e-01 9.995121507137261219e-01
2.652624260716940907e-01 9.995157400997305430e-01
2.652223433526491037e-01 9.995193032530079735e-01
2.651824859435679693e-01 9.995228403678705353e-01
2.651428525978775652e-01 9.995263516371779566e-01
2.651034420757384380e-01 9.995298372523488961e-01
2.650642531440094984e-01 9.995332974033710460e-01
2.650252845762134934e-01 9.995367322788130116e-01
2.649865351525021451e-01 9.995401420658335256e-01
2.649480036596217336e-01 9.995435269501934394e-01
2.649096888908785141e-01 9.995468871162648261e-01
2.648715896461051322e-01 9.995502227470426382e-01
2.648337047316259296e-01 9.995535340241542555e-01
2.647960329602236373e-01 9.995568211278701432e-01
2.647585731511055140e-01 9.995600842371137329e-01
2.647213241298696507e-01 9.995633235294718588e-01
2.646842847284721079e-01 9.995665391812044165e-01
2.646474537851931652e-01 9.995697313672545770e-01
2.646108301446047362e-01 9.995729002612585568e-01
2.645744126575375055e-01 9.995760460355557209e-01
2.645382001810478445e-01 9.995791688611975756e-01
2.645021915783856148e-01 9.995822689079583157e-01
2.644663857189619161e-01 9.995853463443440390e-01
2.644307814783165567e-01 9.995884013376018506e-01
2.643953777380860792e-01 9.995914340537300768e-01
2.643601733859718972e-01 9.995944446574870357e-01
2.643251673157088200e-01 9.995974333124005851e-01
2.642903584270329675e-01 9.996004001807773376e-01
2.642557456256506843e-01 9.996033454237117644e-01
2.642213278232071749e-01 9.996062692010954098e-01
2.641871039372554741e-01 9.996091716716261066e-01
2.641530728912253601e-01 9.996120529928161913e-01
2.641192336143924901e-01 9.996149133210021631e-01
2.640855850418480366e-01 9.996177528113531219e-01
2.640521261144678777e-01 9.996205716178797607e-01
2.640188557788822887e-01 9.996233698934428036e-01
2.639857729874459102e-01 9.996261477897617764e-01
2.639528766982074948e-01 9.996289054574236665e-01
2.639201658748802082e-01 9.996316430458913604e-01
2.638876394868115427e-01 9.996343607035119705e-01
2.638552965089541180e-01 9.996370585775250506e-01
2.638231359218358163e-01 9.996397368140714779e-01
2.637911567115308054e-01 9.996423955582012244e-01
2.637593578696301733e-01 9.996450349538815727e-01
2.637277383932128405e-01 9.996476551440054426e-01
2.636962972848168607e-01 9.996502562703993844e-01
2.636650335524106104e-01 9.996528384738314621e-01
2.636339462093642005e-01 9.996554018940192465e-01
2.636030342744208887e-01 9.996579466696378091e-01
2.635722967716688792e-01 9.996604729383278265e-01
2.635417327305133450e-01 9.996629808367022418e-01
2.635113411856480070e-01 9.996654705003553687e-01
2.634811211770274331e-01 9.996679420638694413e-01
2.634510717498393939e-01 9.996703956608230524e-01
2.634211919544771074e-01 9.996728314237980362e-01
2.633914808465117607e-01 9.996752494843875736e-01
2.633619374866651985e-01 9.996776499732025201e-01
2.633325609407828338e-01 9.996800330198803985e-01
2.633033502798064474e-01 9.996823987530910616e-01
2.632743045797471537e-01 9.996847473005450180e-01
2.632454229216589781e-01 9.996870787890004273e-01
2.632167043916118221e-01 9.996893933442699831e-01
2.631881480806650409e-01 9.996916910912281296e-01
2.631597530848412414e-01 9.996939721538183887e-01
2.631315185050996930e-01 9.996962366550596890e-01
2.631034434473105144e-01 9.996984847170541366e-01
2.630755270222284725e-01 9.997007164609930108e-01
2.630477683454671145e-01 9.997029320071644243e-01
2.630201665374732323e-01 9.997051314749595408e-01
2.629927207235010500e-01 9.997073149828796801e-01
2.629654300335867445e-01 9.997094826485426466e-01
2.629382936025232431e-01 9.997116345886895017e-01
2.629113105698349662e-01 9.997137709191912247e-01
2.628844800797524583e-01 9.997158917550553747e-01
2.628578012811879083e-01 9.997179972104319745e-01
2.628312733277098912e-01 9.997200873986206160e-01
2.628048953775187768e-01 9.997221624320766775e-01
2.627786665934223054e-01 9.997242224224172080e-01
2.627525861428108289e-01 9.997262674804278104e-01
2.627266531976331643e-01 9.997282977160686368e-01
2.627008669343723346e-01 9.997303132384806057e-01
2.626752265340214776e-01 9.997323141559912862e-01
2.626497311820597536e-01 9.997343005761214485e-01
2.626243800684286422e-01 9.997362726055909476e-01
2.625991723875081285e-01 9.997382303503244971e-01
2.625741073380930546e-01 9.997401739154581080e-01
2.625491841233698054e-01 9.997421034053445288e-01
2.625244019508927162e-01 9.997440189235592412e-01
2.624997600325607583e-01 9.997459205729064546e-01
2.624752575845947788e-01 9.997478084554249911e-01
2.624508938275141312e-01 9.997496826723936136e-01
2.624266679861138596e-01 9.997515433243370220e-01
2.624025792894419395e-01 9.997533905110315144e-01
2.623786269707766294e-01 9.997552243315106502e-01
2.623548102676038218e-01 9.997570448840702451e-01
2.623311284215947281e-01 9.997588522662748112e-01
2.623075806785833963e-01 9.997606465749625526e-01
2.622841662885446734e-01 9.997624279062505837e-01
2.622608845055719451e-01 9.997641963555410349e-01
2.622377345878552091e-01 9.997659520175256054e-01
2.622147157976592036e-01 9.997676949861914464e-01
2.621918274013016470e-01 9.997694253548262688e-01
2.621690686691316441e-01 9.997711432160237832e-01
2.621464388755079811e-01 9.997728486616885846e-01
2.621239372987777538e-01 9.997745417830412595e-01
2.621015632212551627e-01 9.997762226706240485e-01
2.620793159292001961e-01 9.997778914143052864e-01
2.620571947127975365e-01 9.997795481032850651e-01
2.620351988661355214e-01 9.997811928260997849e-01
2.620133276871853267e-01 9.997828256706274841e-01
2.619915804777802060e-01 9.997844467240923905e-01
2.619699565435947286e-01 9.997860560730699175e-01
2.619484551941240746e-01 9.997876538034921046e-01
2.619270757426639951e-01 9.997892400006516134e-01
2.619058175062900506e-01 9.997908147492069464e-01
2.618846798058374614e-01 9.997923781331872206e-01
2.618636619658810671e-01 9.997939302359968305e-01
2.618427633147151212e-01 9.997954711404196670e-01
2.618219831843334733e-01 9.997970009286248905e-01
2.618013209104096406e-01 9.997985196821704834e-01
2.617807758322771572e-01 9.998000274820082467e-01
2.617603472929097008e-01 9.998015244084883513e-01
2.617400346389019972e-01 9.998030105413636681e-01
2.617198372204498913e-01 9.998044859597947642e-01
2.616997543913312518e-01 9.998059507423535663e-01
2.616797855088868197e-01 9.998074049670283570e-01
2.616599299340007789e-01 9.998088487112279932e-01
2.616401870310821609e-01 9.998102820517861256e-01
2.616205561680453040e-01 9.998117050649655280e-01
2.616010367162916461e-01 9.998131178264625385e-01
2.615816280506904623e-01 9.998145204114115003e-01
2.615623295495604350e-01 9.998159128943879814e-01
2.615431405946511134e-01 9.998172953494145476e-01
2.615240605711244837e-01 9.998186678499634272e-01
2.615050888675365393e-01 9.998200304689613960e-01
2.614862248758187957e-01 9.998213832787937738e-01
2.614674679912606936e-01 9.998227263513084218e-01
2.614488176124908358e-01 9.998240597578195166e-01
2.614302731414595016e-01 9.998253835691122138e-01
2.614118339834204940e-01 9.998266978554460893e-01
2.613934995469135436e-01 9.998280026865589143e-01
2.613752692437463221e-01 9.998292981316710959e-01
2.613571424889771233e-01 9.998305842594891191e-01
2.613391187008969885e-01 9.998318611382097654e-01
2.613211973010126643e-01 9.998331288355236657e-01
2.613033777140290614e-01 9.998343874186189639e-01
2.612856593678317685e-01 9.998356369541856470e-01
2.612680416934705097e-01 9.998368775084186533e-01
2.612505241251413257e-01 9.998381091470219806e-01
2.612331061001701427e-01 9.998393319352121278e-01
2.612157870589955633e-01 9.998405459377218696e-01
2.611985664451522693e-01 9.998417512188039202e-01
2.611814437052542015e-01 9.998429478422343752e-01
2.611644182889777954e-01 9.998441358713162641e-01
2.611474896490456055e-01 9.998453153688834361e-01
2.611306572412097626e-01 9.998464863973036687e-01
2.611139205242357653e-01 9.998476490184823318e-01
2.610972789598857702e-01 9.998488032938659398e-01
2.610807320129028830e-01 9.998499492844453718e-01
2.610642791509947269e-01 9.998510870507595349e-01
2.610479198448174554e-01 9.998522166528983623e-01
2.610316535679598204e-01 9.998533381505069206e-01
2.610154797969272966e-01 9.998544516027877416e-01
2.609993980111263712e-01 9.998555570685047078e-01
2.609834076928486679e-01 9.998566546059864946e-01
2.609675083272554597e-01 9.998577442731295672e-01
2.609516994023620140e-01 9.998588261274011790e-01
2.609359804090221613e-01 9.998599002258432566e-01
2.609203508409131955e-01 9.998609666250749539e-01
2.609048101945199427e-01 9.998620253812959824e-01
2.608893579691201614e-01 9.998630765502898310e-01
2.608739936667691106e-01 9.998641201874269857e-01
2.608587167922845063e-01 9.998651563476680382e-01
2.608435268532315332e-01 9.998661850855660171e-01
2.608284233599080237e-01 9.998672064552708294e-01
2.608134058253295251e-01 9.998682205105308141e-01
2.607984737652146445e-01 9.998692273046968504e-01
2.607836266979702278e-01 9.998702268907248003e-01
2.607688641446769817e-01 9.998712193211782839e-01
2.607541856290747084e-01 9.998722046482322323e-01
2.607395906775482053e-01 9.998731829236753299e-01
2.607250788191124435e-01 9.998741541989129011e-01
2.607106495853986350e-01 9.998751185249699081e-01
2.606963025106398546e-01 9.998760759524940589e-01
2.606820371316570517e-01 9.998770265317581396e-01
2.606678529878446726e-01 9.998779703126632334e-01
2.606537496211569493e-01 9.998789073447409415e-01
2.606397265760940218e-01 9.998798376771568241e-01
2.606257833996877826e-01 9.998807613587127330e-01
2.606119196414883321e-01 9.998816784378499190e-01
2.605981348535502118e-01 9.998825889626506980e-01
2.605844285904188595e-01 9.998834929808424477e-01
2.605708004091168983e-01 9.998843905397997167e-01
2.605572498691308136e-01 9.998852816865463344e-01
2.605437765323973531e-01 9.998861664677590744e-01
2.605303799632903150e-01 9.998870449297695417e-01
2.605170597286072809e-01 9.998879171185666159e-01
2.605038153975563486e-01 9.998887830797996701e-01
2.604906465417430317e-01 9.998896428587805696e-01
2.604775527351570474e-01 9.998904965004864476e-01
2.604645335541597162e-01 9.998913440495621474e-01
2.604515885774705275e-01 9.998921855503226652e-01
2.604387173861546501e-01 9.998930210467554813e-01
2.604259195636099977e-01 9.998938505825234468e-01
2.604131946955544064e-01 9.998946742009666711e-01
2.604005423700131994e-01 9.998954919451055190e-01
2.603879621773065312e-01 9.998963038576423878e-01
2.603754537100366195e-01 9.998971099809642604e-01
2.603630165630757554e-01 9.998979103571455918e-01
2.603506503335534239e-01 9.998987050279496414e-01
2.603383546208442589e-01 9.998994940348321370e-01
2.603261290265556638e-01 9.999002774189420517e-01
2.603139731545158209e-01 9.999010552211250458e-01
2.603018866107613127e-01 9.999018274819254648e-01
2.602898690035251317e-01 9.999025942415881163e-01
2.602779199432247448e-01 9.999033555400610451e-01
2.602660390424499925e-01 9.999041114169976430e-01
2.602542259159514315e-01 9.999048619117584247e-01
2.602424801806284549e-01 9.999056070634140259e-01
2.602308014555173021e-01 9.999063469107465352e-01
2.602191893617797902e-01 9.999070814922521588e-01
2.602076435226913231e-01 9.999078108461431080e-01
2.601961635636295123e-01 9.999085350103499303e-01
2.601847491120626299e-01 9.999092540225236192e-01
2.601733997975381185e-01 9.999099679200371682e-01
2.601621152516713220e-01 9.999106767399885687e-01
2.601508951081340504e-01 9.999113805192019200e-01
2.601397390026433665e-01 9.999120792942299829e-01
2.601286465729504283e-01 9.999127731013562892e-01
2.601176174588292200e-01 9.999134619765968068e-01
2.601066513020656168e-01 9.999141459557024936e-01
2.600957477464463374e-01 9.999148250741602961e-01
2.600849064377477871e-01 9.999154993671963698e-01
2.600741270237253988e-01 9.999161688697767447e-01
2.600634091541027537e-01 9.999168336166103233e-01
2.600527524805606450e-01 9.999174936421502125e-01
2.600421566567263643e-01 9.999181489805959444e-01
2.600316213381631547e-01 9.999187996658950306e-01
2.600211461823595527e-01 9.999194457317449602e-01
2.600107308487187852e-01 9.999200872115953098e-01
2.600003749985481671e-01 9.999207241386495193e-01
2.599900782950489431e-01 9.999213565458662245e-01
2.599798404033055177e-01 9.999219844659619216e-01
2.599696609902754085e-01 9.999226079314118554e-01
2.599595397247788653e-01 9.999232269744526835e-01
2.599494762774886003e-01 9.999238416270836982e-01
2.599394703209196300e-01 9.999244519210687132e-01
2.599295215294191719e-01 9.999250578879378404e-01
2.599196295791567080e-01 9.999256595589894880e-01
2.599097941481137153e-01 9.999262569652916932e-01
2.599000149160738404e-01 9.999268501376837870e-01
2.598902915646129630e-01 9.999274391067786150e-01
2.598806237770895367e-01 9.999280239029639805e-01
2.598710112386344306e-01 9.999286045564039771e-01
2.598614536361414373e-01 9.999291810970409866e-01
2.598519506582576133e-01 9.999297535545975668e-01
2.598425019953734538e-01 9.999303219585774505e-01
2.598331073396132895e-01 9.999308863382677659e-01
2.598237663848260159e-01 9.999314467227401471e-01
2.598144788265753236e-01 9.999320031408529541e-01
2.598052443621304275e-01 9.999325556212521615e-01
2.597960626904565196e-01 9.999331041923735786e-01
2.597869335122056644e-01 9.999336488824441815e-01
2.597778565297072517e-01 9.999341897194831130e-01
2.597688314469588922e-01 9.999347267313043464e-01
2.597598579696173693e-01 9.999352599455170187e-01
2.597509358049891470e-01 9.999357893895279847e-01
2.597420646620215989e-01 9.999363150905427045e-01
2.597332442512939044e-01 9.999368370755667979e-01
2.597244742850078336e-01 9.999373553714079321e-01
2.597157544769791437e-01 9.999378700046765989e-01
2.597070845426283636e-01 9.999383810017882235e-01
2.596984641989722453e-01 9.999388883889646085e-01
2.596898931646146602e-01 9.999393921922347106e-01
2.596813711597381613e-01 9.999398924374366393e-01
2.596728979060949905e-01 9.999403891502191000e-01
2.596644731269985296e-01 9.999408823560423931e-01
2.596560965473148075e-01 9.999413720801804129e-01
2.596477678934537292e-01 9.999418583477215350e-01
2.596394868933606381e-01 9.999423411835698383e-01
2.596312532765079895e-01 9.999428206124474361e-01
2.596230667738865794e-01 9.999432966588945870e-01
2.596149271179975515e-01 9.999437693472719157e-01
2.596068340428437926e-01 9.999442387017614120e-01
2.595987872839216615e-01 9.999447047463679850e-01
2.595907865782128843e-01 9.999451675049204624e-01
2.595828316641762834e-01 9.999456270010730341e-01
2.595749222817395063e-01 9.999460832583065839e-01
2.595670581722910319e-01 9.999465362999300222e-01
2.595592390786720660e-01 9.999469861490815070e-01
2.595514647451685475e-01 9.999474328287295544e-01
2.595437349175030994e-01 9.999478763616749255e-01
2.595360493428270354e-01 9.999483167705506270e-01
2.595284077697126990e-01 9.999487540778245753e-01
2.595208099481452479e-01 9.999491883057998187e-01
2.595132556295151605e-01 9.999496194766164248e-01
2.595057445666102969e-01 9.999500476122523684e-01
2.594982765136082947e-01 9.999504727345244204e-01
2.594908512260686861e-01 9.999508948650900342e-01
2.594834684609253483e-01 9.999513140254479016e-01
2.594761279764789541e-01 9.999517302369395066e-01
2.594688295323893112e-01 9.999521435207502362e-01
2.594615728896680351e-01 9.999525538979104899e-01
2.594543578106706661e-01 9.999529613892969016e-01
2.594471840590897305e-01 9.999533660156333381e-01
2.594400513999468583e-01 9.999537677974920102e-01
2.594329595995858440e-01 9.999541667552950264e-01
2.594259084256649861e-01 9.999545629093146148e-01
2.594188976471499264e-01 9.999549562796753444e-01
2.594119270343065442e-01 9.999553468863544570e-01
2.594049963586935736e-01 9.999557347491830894e-01
2.593981053931554426e-01 9.999561198878476054e-01
2.593912539118152782e-01 9.999565023218903725e-01
2.593844416900676908e-01 9.999568820707110950e-01
2.593776685045717234e-01 9.999572591535678123e-01
2.593709341332439688e-01 9.999576335895774548e-01
2.593642383552515196e-01 9.999580053977178418e-01
2.593575809510049179e-01 9.999583745968277926e-01
2.593509617021514946e-01 9.999587412056087921e-01
2.593443803915683188e-01 9.999591052426256566e-01
2.593378368033553705e-01 9.999594667263078662e-01
2.593313307228289899e-01 9.999598256749500091e-01
2.593248619365147722e-01 9.999601821067135576e-01
2.593184302321411283e-01 9.999605360396267573e-01
2.593120353986325677e-01 9.999608874915871803e-01
2.593056772261028708e-01 9.999612364803609488e-01
2.592993555058487054e-01 9.999615830235851766e-01
2.592930700303429647e-01 9.999619271387678587e-01
2.592868205932283288e-01 9.999622688432897588e-01
2.592806069893104914e-01 9.999626081544045197e-01
2.592744290145521102e-01 9.999629450892402183e-01
2.592682864660659225e-01 9.999632796647994759e-01
2.592621791421088062e-01 9.999636118979615684e-01
2.592561068420750625e-01 9.999639418054824258e-01
2.592500693664903100e-01 9.999642694039959645e-01
2.592440665170051561e-01 9.999645947100148646e-01
2.592380980963887582e-01 9.999649177399310140e-01
2.592321639085228835e-01 9.999652385100175067e-01
2.592262637583955809e-01 9.999655570364285317e-01
2.592203974520950749e-01 9.999658733352005946e-01
2.592145647968034927e-01 9.999661874222534053e-01
2.592087656007910357e-01 9.999664993133909885e-01
2.592029996734096509e-01 9.999668090243017948e-01
2.591972668250872580e-01 9.999671165705602549e-01
2.591915668673216433e-01 9.999674219676273346e-01
2.591858996126745196e-01 9.999677252308517561e-01
2.591802648747655868e-01 9.999680263754701093e-01
2.591746624682665923e-01 9.999683254166081836e-01
2.591690922088956683e-01 9.999686223692819675e-01
2.591635539134113375e-01 9.999689172483976485e-01
2.591580473996066836e-01 9.999692100687533891e-01
2.591525724863037450e-01 9.999695008450396605e-01
2.591471289933476863e-01 9.999697895918400192e-01
2.591417167416011358e-01 9.999700763236316625e-01
2.591363355529384127e-01 9.999703610547868715e-01
2.591309852502401423e-01 9.999706437995733443e-01
2.591256656573873163e-01 9.999709245721549733e-01
2.591203765992560193e-01 9.999712033865923999e-01
2.591151179017116002e-01 9.999714802568446803e-01
2.591098893916034540e-01 9.999717551967689522e-01
2.591046908967592488e-01 9.999720282201218780e-01
2.590995222459798186e-01 9.999722993405599780e-01
2.590943832690333348e-01 9.999725685716405188e-01
2.590892737966501436e-01 9.999728359268224009e-01
2.590841936605173812e-01 9.999731014194668255e-01
2.590791426932736452e-01 9.999733650628378490e-01
2.590741207285036651e-01 9.999736268701032715e-01
2.590691276007329735e-01 9.999738868543353032e-01
2.590641631454227434e-01 9.999741450285108968e-01
2.590592271989644590e-01 9.999744014055131913e-01
2.590543195986748648e-01 9.999746559981315119e-01
2.590494401827906912e-01 9.999749088190627022e-01
2.590445887904636035e-01 9.999751598809112352e-01
2.590397652617549284e-01 9.999754091961903235e-01
2.590349694376308243e-01 9.999756567773222526e-01
2.590302011599570631e-01 9.999759026366389358e-01
2.590254602714939791e-01 9.999761467863832465e-01
2.590207466158915284e-01 9.999763892387092401e-01
2.590160600376844591e-01 9.999766300056827095e-01
2.590114003822870936e-01 9.999768690992816289e-01
2.590067674959886102e-01 9.999771065313977081e-01
2.590021612259480466e-01 9.999773423138361705e-01
2.589975814201896376e-01 9.999775764583168636e-01
2.589930279275977076e-01 9.999778089764743694e-01
2.589885005979119525e-01 9.999780398798592262e-01
2.589839992817228875e-01 9.999782691799382617e-01
2.589795238304666847e-01 9.999784968880950364e-01
2.589750740964207321e-01 9.999787230156310658e-01
2.589706499326990263e-01 9.999789475737652644e-01
2.589662511932470657e-01 9.999791705736361669e-01
2.589618777328375754e-01 9.999793920263010394e-01
2.589575294070657896e-01 9.999796119427375451e-01
2.589532060723448437e-01 9.999798303338435224e-01
2.589489075859010558e-01 9.999800472104382054e-01
2.589446338057696528e-01 9.999802625832621139e-01
2.589403845907899959e-01 9.999804764629784959e-01
2.589361598006011955e-01 9.999806888601731059e-01
2.589319592956376703e-01 9.999808997853554260e-01
2.589277829371246509e-01 9.999811092489588882e-01
2.589236305870735722e-01 9.999813172613409851e-01
2.589195021082780768e-01 9.999815238327848244e-01
2.589153973643092965e-01 9.999817289734991288e-01
2.589113162195115780e-01 9.999819326936184583e-01
2.589072585389982084e-01 9.999821350032044309e-01
2.589032241886471408e-01 9.999823359122459454e-01
2.588992130350966092e-01 9.999825354306596248e-01
2.588952249457408539e-01 9.999827335682899276e-01
2.588912597887260136e-01 9.999829303349112575e-01
2.588873174329458515e-01 9.999831257402264084e-01
2.588833977480375359e-01 9.999833197938686746e-01
2.588795006043774771e-01 9.999835125054014062e-01
2.588756258730772197e-01 9.999837038843193415e-01
2.588717734259793346e-01 9.999838939400481630e-01
2.588679431356532556e-01 9.999840826819458295e-01
2.588641348753912830e-01 9.999842701193024652e-01
2.588603485192044751e-01 9.999844562613415810e-01
2.588565839418185965e-01 9.999846411172196303e-01
2.588528410186702322e-01 9.999848246960272302e-01
2.588491196259025684e-01 9.999850070067893837e-01
2.588454196403617846e-01 9.999851880584659236e-01
2.588417409395926683e-01 9.999853678599525120e-01
2.588380834018351728e-01 9.999855464200797517e-01
2.588344469060200326e-01 9.999857237476154070e-01
2.588308313317653764e-01 9.999858998512636266e-01
2.588272365593723978e-01 9.999860747396657201e-01
2.588236624698219135e-01 9.999862484214010472e-01
2.588201089447702552e-01 9.999864209049869057e-01
2.588165758665457727e-01 9.999865921988790873e-01
2.588130631181446706e-01 9.999867623114727655e-01
2.588095705832276772e-01 9.999869312511023844e-01
2.588060981461161036e-01 9.999870990260424364e-01
2.588026456917879581e-01 9.999872656445077945e-01
2.587992131058746703e-01 9.999874311146542682e-01
2.587958002746570951e-01 9.999875954445788251e-01
2.587924070850620151e-01 9.999877586423201459e-01
2.587890334246584767e-01 9.999879207158591798e-01
2.587856791816540714e-01 9.999880816731191446e-01
2.587823442448915490e-01 9.999882415219663034e-01
2.587790285038452098e-01 9.999884002702105201e-01
2.587757318486171298e-01 9.999885579256053703e-01
2.587724541699338854e-01 9.999887144958485852e-01
2.587691953591430560e-01 9.999888699885826071e-01
2.587659553082094499e-01 9.999890244113948112e-01
2.587627339097119950e-01 9.999891777718179497e-01
2.587595310568400198e-01 9.999893300773308180e-01
2.587563466433898673e-01 9.999894813353583656e-01
2.587531805637616755e-01 9.999896315532721403e-01
2.587500327129556577e-01 9.999897807383907322e-01
2.587469029865690495e-01 9.999899288979801071e-01
2.587437912807926121e-01 9.999900760392539389e-01
2.587406974924071901e-01 9.999902221693742765e-01
2.587376215187804918e-01 9.999903672954515432e-01
2.587345632578639254e-01 9.999905114245450921e-01
2.587315226081890462e-01 9.999906545636636501e-01
2.587284994688644479e-01 9.999907967197655401e-01
2.587254937395725429e-01 9.999909378997593468e-01
2.587225053205662317e-01 9.999910781105036950e-01
2.587195341126657944e-01 9.999912173588084707e-01
2.587165800172555041e-01 9.999913556514340440e-01
2.587136429362807966e-01 9.999914929950928233e-01
2.587107227722447722e-01 9.999916293964488112e-01
2.587078194282052546e-01 9.999917648621182709e-01
2.587049328077715149e-01 9.999918993986698368e-01
2.587020628151013857e-01 9.999920330126252921e-01
2.586992093548979299e-01 9.999921657104594575e-01
2.586963723324065545e-01 9.999922974986008573e-01
2.586935516534118462e-01 9.999924283834319416e-01
2.586907472242345185e-01 9.999925583712891974e-01
2.586879589517286360e-01 9.999926874684640365e-01
2.586851867432782281e-01 9.999928156812023516e-01
2.586824305067945695e-01 9.999929430157057375e-01
2.586796901507130708e-01 9.999930694781309359e-01
2.586769655839904480e-01 9.999931950745908349e-01
2.586742567161018358e-01 9.999933198111544685e-01
2.586715634570374567e-01 9.999934436938477944e-01
2.586688857173002898e-01 9.999935667286528052e-01
2.586662234079027400e-01 9.999936889215094160e-01
2.586635764403640847e-01 9.999938102783144656e-01
2.586609447267073092e-01 9.999939308049230480e-01
2.586583281794564981e-01 9.999940505071480690e-01
2.586557267116339487e-01 9.999941693907609119e-01
2.586531402367572841e-01 9.999942874614918820e-01
2.586505686688367334e-01 9.999944047250297618e-01
2.586480119223724117e-01 9.999945211870233663e-01
2.586454699123514334e-01 9.999946368530804319e-01
2.586429425542451366e-01 9.999947517287690602e-01
2.586404297640065852e-01 9.999948658196172735e-01
2.586379314580676270e-01 9.999949791311139036e-01
2.586354475533362285e-01 9.999950916687080360e-01
2.586329779671938112e-01 9.999952034378103427e-01
2.586305226174926974e-01 9.999953144437924157e-01
2.586280814225532798e-01 9.999954246919877665e-01
2.586256543011614117e-01 9.999955341876917148e-01
2.586232411725657987e-01 9.999956429361617216e-01
2.586208419564755556e-01 9.999957509426178337e-01
2.586184565730572649e-01 9.999958582122423500e-01
2.586160849429327002e-01 9.999959647501812654e-01
2.586137269871761069e-01 9.999960705615436041e-01
2.586113826273116478e-01 9.999961756514015310e-01
2.586090517853109061e-01 9.999962800247915728e-01
2.586067343835903309e-01 9.999963836867138411e-01
2.586044303450087400e-01 9.999964866421330312e-01
2.586021395928649325e-01 9.999965888959785332e-01
2.585998620508949131e-01 9.999966904531444323e-01
2.585975976432696721e-01 9.999967913184897306e-01
2.585953462945926318e-01 9.999968914968390132e-01
2.585931079298973145e-01 9.999969909929825596e-01
2.585908824746447898e-01 9.999970898116763429e-01
2.585886698547211759e-01 9.999971879576424749e-01
2.585864699964354196e-01 9.999972854355692053e-01
2.585842828265169646e-01 9.999973822501119214e-01
2.585821082721130315e-01 9.999974784058922594e-01
2.585799462607866195e-01 9.999975739074992154e-01
2.585777967205140082e-01 9.999976687594890334e-01
2.585756595796823709e-01 9.999977629663856504e-01
2.585735347670874984e-01 9.999978565326805846e-01
2.585714222119315786e-01 9.999979494628334908e-01
2.585693218438206986e-01 9.999980417612723826e-01
2.585672335927627352e-01 9.999981334323937432e-01
2.585651573891650790e-01 9.999982244805623033e-01
2.585630931638321917e-01 9.999983149101123736e-01
2.585610408479635525e-01 9.999984047253471786e-01
2.585590003731513264e-01 9.999984939305391896e-01
2.585569716713783106e-01 9.999985825299309017e-01
2.585549546750154359e-01 9.999986705277340571e-01
2.585529493168197135e-01 9.999987579281308658e-01
2.585509555299321804e-01 9.999988447352736731e-01
2.585489732478755132e-01 9.999989309532854032e-01
2.585470024045519177e-01 9.999990165862595592e-01
2.585450429342411871e-01 9.999991016382607789e-01
2.585430947715982031e-01 9.999991861133243898e-01
2.585411578516511599e-01 9.999992700154575198e-01
2.585392321097992330e-01 9.999993533486385422e-01
2.585373174818106357e-01 9.999994361168178525e-01
2.585354139038202326e-01 9.999995183239173135e-01
2.585335213123278186e-01 9.999995999738315877e-01
2.585316396441960096e-01 9.999996810704270267e-01
2.585297688366477997e-01 9.999997616175432258e-01
2.585279088272651182e-01 9.999998416189919137e-01
2.585260595539862205e-01 9.999999210785580628e-01
2.585242209551040782e-01 1.000000000000000000e+00
