1.000000000000000000e+00 4.530338939576142865e-01
9.934144894950507343e-01 4.522124183202115288e-01
9.869010841806926670e-01 4.514309768489800923e-01
9.804586538998791845e-01 4.506898766693798186e-01
9.740860666943348400e-01 4.499894054915578590e-01
9.677821893593601121e-01 4.493298308887705983e-01
9.615458880337959258e-01 4.487113996243370928e-01
9.553760288232198139e-01 4.481343370294278428e-01
9.492714784542199968e-01 4.475988464336717043e-01
9.432311049573910422e-01 4.471051086502324523e-01
9.372537783765015895e-01 4.466532815166714410e-01
9.313383715011065433e-01 4.462434994925750242e-01
9.254837606197217070e-01 4.458758733145927744e-01
9.196888262905368316e-01 4.455504897092033012e-01
9.139524541265316993e-01 4.452674111632093368e-01
9.082735355917579412e-01 4.450266757516564975e-01
9.026509688054842329e-01 4.448282970225828636e-01
8.970836593508479950e-01 4.446722639377372333e-01
8.915705210846355255e-01 4.445585408681506090e-01
8.861104769448087115e-01 4.444870676432213230e-01
8.807024597524203413e-01 4.444577596517663154e-01
8.753454130046018911e-01 4.444705079933118919e-01
8.700382916553778267e-01 4.445251796777403563e-01
8.647800628811463941e-01 4.446216178712771305e-01
8.595697068277741160e-01 4.447596421866946703e-01
8.544062173363802248e-01 4.449390490155245570e-01
8.492886026450300330e-01 4.451596119000079677e-01
8.442158860637140050e-01 4.454210819424719303e-01
8.391871066201659346e-01 4.457231882497968978e-01
8.342013196742570358e-01 4.460656384106390648e-01
8.292575974988972698e-01 4.464481190030811231e-01
8.243550298255849507e-01 4.468702961304114041e-01
8.194927243529491756e-01 4.473318159827721074e-01
8.146698072168508942e-01 4.478323054224637167e-01
8.098854234208252567e-01 4.483713725907524372e-01
8.051387372258673736e-01 4.489486075340904936e-01
8.004289324987822196e-01 4.495635828477285156e-01
7.957552130185384653e-01 4.502158543347730690e-01
7.911168027402791791e-01 4.509049616788149417e-01
7.865129460168485132e-01 4.516304291283307348e-01
7.819429077778994319e-01 4.523917661911341370e-01
7.774059736668381682e-01 4.531884683372268685e-01
7.729014501360530476e-01 4.540200177084692257e-01
7.684286645010431904e-01 4.548858838335592125e-01
7.639869649542394558e-01 4.557855243468739714e-01
7.595757205394557676e-01 4.567183857097863453e-01
7.551943210880605051e-01 4.576839039331282999e-01
7.508421771180833204e-01 4.586815052995256159e-01
7.465187196975981987e-01 4.597106070843769987e-01
7.422234002738242742e-01 4.607706182742972723e-01
7.379556904694875019e-01 4.618609402818864562e-01
7.337150818480622227e-01 4.629809676557260500e-01
7.295010856495851570e-01 4.641300887845412615e-01
7.253132324987885404e-01 4.653076865945020568e-01
7.211510720873482994e-01 4.665131392386704934e-01
7.170141728320722496e-01 4.677458207776319932e-01
7.129021215108782838e-01 4.690051018503814673e-01
7.088145228784242802e-01 4.702903503345660652e-01
7.047509992632509102e-01 4.716009319952164103e-01
7.007111901482914185e-01 4.729362111211324327e-01
6.966947517365851272e-01 4.742955511481210529e-01
6.927013565040036625e-01 4.756783152683181637e-01
6.887306927407673696e-01 4.770838670248622737e-01
6.847824640834874188e-01 4.785115708912263122e-01
6.808563890394201401e-01 4.799607928345505647e-01
6.769522005045709445e-01 4.814309008623632868e-01
6.730696452772210181e-01 4.829212655521168962e-01
6.692084835683937971e-01 4.844312605630134994e-01
6.653684885107058467e-01 4.859602631296391917e-01
6.615494456669813728e-01 4.875076545369751435e-01
6.577511525399341030e-01 4.890728205764038883e-01
6.539734180841487721e-01 4.906551519823779128e-01
6.502160622215168440e-01 4.922540448494731047e-01
6.464789153612064965e-01 4.938689010295982396e-01
6.427618179251675112e-01 4.954991285091886466e-01
6.390646198800996602e-01 4.971441417662618711e-01
6.353871802767313559e-01 4.988033621072696655e-01
6.317293667971851656e-01 5.004762179837308755e-01
6.280910553111310746e-01 5.021621452886826376e-01
6.244721294413548840e-01 5.038605876330390920e-01
6.208724801393028514e-01 5.055709966019940049e-01
6.172920052710910710e-01 5.072928319916552020e-01
6.137306092144060310e-01 5.090255620261405767e-01
6.101882024666593907e-01 5.107686635554150589e-01
6.066647012646968484e-01 5.125216222341836270e-01
6.031600272163076815e-01 5.142839326821990742e-01
5.996741069437256932e-01 5.160550986263799933e-01
5.962068717392590145e-01 5.178346330251657470e-01
5.927582572331406841e-01 5.196220581755687240e-01
5.893282030736456401e-01 5.214169058034127113e-01
5.859166526194778957e-01 5.232187171372703061e-01
5.825235526443918177e-01 5.250270429666353822e-01
5.791488530539770085e-01 5.268414436848870563e-01
5.757925066145014315e-01 5.286614893176169172e-01
5.724544686936794413e-01 5.304867595369060496e-01
5.691346970132014071e-01 5.323168436621479316e-01
5.658331514128399631e-01 5.341513406480237203e-01
5.625497936259232779e-01 5.359898590602405477e-01
5.592845870659479690e-01 5.378320170396450051e-01
5.560374966240859695e-01 5.396774422553288764e-01
5.528084884773272201e-01 5.415257718473378556e-01
5.495975299069830733e-01 5.433766523595935372e-01
5.464045891272694133e-01 5.452297396636306415e-01
5.432296351236768350e-01 5.470846988737475547e-01
5.400726375008283453e-01 5.489412042541524928e-01
5.369335663395221614e-01 5.507989391186848271e-01
5.338123920626504093e-01 5.526575957236721237e-01
5.307090853096835259e-01 5.545168751544731212e-01
5.276236168194101683e-01 5.563764872062418876e-01
5.245559573206204362e-01 5.582361502594320735e-01
5.215060774304244307e-01 5.600955911505438589e-01
5.184739475598961755e-01 5.619545450386006502e-01
5.154595378267412542e-01 5.638127552678223742e-01
5.124628179746859580e-01 5.656699732269450109e-01
5.094837572992928498e-01 5.675259582056195740e-01
5.065223245799125307e-01 5.693804772483014309e-01
5.035784880174876132e-01 5.712333050060247608e-01
5.006522151779281282e-01 5.730842235864372913e-01
4.977434729407902991e-01 5.749330224024508107e-01
4.948522274529912335e-01 5.767794980198459598e-01
4.919784440873037901e-01 5.786234540041489405e-01
4.891220874053809897e-01 5.804647007670827863e-01
4.862831211250689956e-01 5.823030554128737490e-01
4.834615080917731844e-01 5.841383415846798099e-01
4.806572102536516566e-01 5.859703893113882289e-01
4.778701886404180255e-01 5.877990348550151678e-01
4.751004033455422659e-01 5.896241205589187739e-01
4.723478135116477294e-01 5.914454946970303384e-01
4.696123773189094242e-01 5.932630113242829406e-01
4.668940519762665997e-01 5.950765301284101083e-01
4.641927937152706685e-01 5.968859162832677034e-01
4.615085577863967115e-01 5.986910403038230299e-01
4.588412984576545894e-01 6.004917779029383951e-01
4.561909690153424513e-01 6.022880098500661417e-01
4.535575217667928705e-01 6.040796218319601785e-01
4.509409080449695573e-01 6.058665043154972674e-01
4.483410782147772555e-01 6.076485524126904458e-01
4.457579816809568718e-01 6.094256657479678596e-01
4.431915668974412137e-01 6.111977483277801770e-01
4.406417813780557080e-01 6.129647084125898759e-01
4.381085717084524100e-01 6.147264583912893654e-01
4.355918835591723326e-01 6.164829146580840247e-01
4.330916616997362856e-01 6.182339974918722447e-01
4.306078500136709675e-01 6.199796309381437887e-01
4.281403915143792149e-01 6.217197426934141236e-01
4.256892283617731976e-01 6.234542639922048268e-01
4.232543018795880130e-01 6.251831294965763952e-01
4.208355525733037950e-01 6.269062771882105700e-01
4.184329201486035044e-01 6.286236482630391809e-01
4.160463435303025648e-01 6.303351870284091829e-01
4.136757608816858944e-01 6.320408408027700098e-01
4.113211096241953246e-01 6.337405598178660338e-01
4.089823264574127260e-01 6.354342971234127058e-01
4.066593473792868285e-01 6.371220084942333939e-01
4.043521077065561631e-01 6.388036523398292754e-01
4.020605420953234921e-01 6.404791896163527509e-01
3.997845845617398752e-01 6.421485837409530717e-01
3.975241685027595118e-01 6.438118005084614293e-01
3.952792267169287777e-01 6.454688080103777592e-01
3.930496914251766505e-01 6.471195765561243984e-01
3.908354942915738262e-01 6.487640785965266277e-01
3.886365664440337153e-01 6.504022886494817968e-01
3.864528384949266204e-01 6.520341832277746219e-01
3.842842405615835566e-01 6.536597407689995753e-01
3.821307022866670122e-01 6.552789415675452922e-01
3.799921528583871666e-01 6.568917677086010265e-01
3.778685210305448572e-01 6.584982030041399703e-01
3.757597351423844767e-01 6.600982329308373586e-01
3.736657231382390920e-01 6.616918445698791729e-01
3.715864125869556833e-01 6.632790265486174786e-01
3.695217307010851826e-01 6.648597689840297642e-01
3.674716043558274858e-01 6.664340634279378728e-01
3.654359601077187825e-01 6.680019028139433379e-01
3.634147242130541522e-01 6.695632814060368254e-01
3.614078226460348819e-01 6.711181947488378263e-01
3.594151811166341748e-01 6.726666396194233011e-01
3.574367250881750890e-01 6.742086139807031975e-01
3.554723797946143793e-01 6.757441169363003208e-01
3.535220702575276874e-01 6.772731486868962536e-01
3.515857213027928085e-01 6.787957104880001369e-01
3.496632575769664797e-01 6.803118046091031212e-01
3.477546035633534705e-01 6.818214342941781858e-01
3.458596835977651440e-01 6.833246037234874670e-01
3.439784218839658791e-01 6.848213179766591274e-01
3.421107425088076304e-01 6.863115829969972381e-01
3.402565694570505728e-01 6.877954055569892589e-01
3.384158266258718850e-01 6.892727932249731460e-01
3.365884378390611720e-01 6.907437543329331131e-01
3.347743268609049139e-01 6.922082979453858531e-01
3.329734174097604971e-01 6.936664338293283549e-01
3.311856331713216584e-01 6.951181724252118999e-01
3.294108978115771191e-01 6.965635248189109285e-01
3.276491349894645189e-01 6.980025027146573580e-01
3.259002683692222013e-01 6.994351184089094842e-01
3.241642216324417403e-01 7.008613847651254947e-01
3.224409184898235914e-01 7.022813151894127248e-01
3.207302826926389794e-01 7.036949236070272340e-01
3.190322380439020167e-01 7.051022244396936145e-01
3.173467084092543300e-01 7.065032325837194982e-01
3.156736177275665800e-01 7.078979633888806688e-01
3.140128900212599827e-01 7.092864326380493578e-01
3.123644494063519961e-01 7.106686565275431855e-01
3.107282201022301127e-01 7.120446516481703236e-01
3.091041264411568124e-01 7.134144349669482299e-01
3.074920928775107254e-01 7.147780238094733063e-01
3.058920439967679483e-01 7.161354358429212752e-01
3.043039045242268426e-01 7.174866890596547364e-01
3.027275993334812565e-01 7.188318017614199196e-01
3.011630534546463345e-01 7.201707925441120928e-01
2.996101920823405762e-01 7.215036802830897544e-01
2.980689405834288097e-01 7.228304841190202890e-01
2.965392245045305741e-01 7.241512234442382123e-01
2.950209695792976317e-01 7.254659178895984661e-01
2.935141017354647719e-01 7.267745873118096611e-01
2.920185471016792378e-01 7.280772517812277300e-01
2.905342320141113821e-01 7.293739315700967785e-01
2.890610830228521611e-01 7.306646471412217014e-01
2.875990268981010733e-01 7.319494191370549130e-01
2.861479906361482639e-01 7.332282683691876413e-01
2.847079014651560658e-01 7.345012158082264708e-01
2.832786868507430889e-01 7.357682825740462507e-01
2.818602745013750188e-01 7.370294899264032695e-01
2.804525923735669002e-01 7.382848592558979295e-01
2.790555686768999566e-01 7.395344120752740391e-01
2.776691318788575003e-01 7.407781700110422918e-01
2.762932107094836498e-01 7.420161547954186032e-01
2.749277341658686313e-01 7.432483882585634305e-01
2.735726315164644373e-01 7.444748923211145231e-01
2.722278323052349513e-01 7.456956889870000049e-01
2.708932663556437581e-01 7.469108003365240167e-01
2.695688637744834693e-01 7.481202485197139262e-01
2.682545549555504505e-01 7.493240557499206700e-01
2.669502705831680034e-01 7.505222442976632324e-01
2.656559416355617209e-01 7.517148364847074937e-01
2.643714993880907915e-01 7.529018546783730059e-01
2.630968754163378054e-01 7.540833212860578172e-01
2.618320015990611149e-01 7.552592587499750154e-01
2.605768101210130250e-01 7.564296895420918876e-01
2.593312334756264215e-01 7.575946361592664768e-01
2.580952044675732249e-01 7.587541211185723222e-01
2.568686562151986652e-01 7.599081669528063854e-01
2.556515221528325443e-01 7.610567962061728364e-01
2.544437360329825926e-01 7.622000314301362600e-01
2.532452319284113074e-01 7.633378951794387302e-01
2.520559442340998269e-01 7.644704100082740927e-01
2.508758076691013916e-01 7.655975984666152367e-01
2.497047572782876979e-01 7.667194830966871377e-01
2.485427284339900567e-01 7.678360864295811217e-01
2.473896568375386351e-01 7.689474309820063525e-01
2.462454785207021102e-01 7.700535392531713264e-01
2.451101298470305390e-01 7.711544337217933753e-01
2.439835475131036935e-01 7.722501368432286295e-01
2.428656685496873302e-01 7.733406710467209955e-01
2.417564303228000588e-01 7.744260587327634893e-01
2.406557705346930032e-01 7.755063222705695924e-01
2.395636272247443910e-01 7.765814839956495241e-01
2.384799387702716822e-01 7.776515662074874324e-01
2.374046438872633447e-01 7.787165911673179508e-01
2.363376816310320538e-01 7.797765810959956800e-01
2.352789913967922864e-01 7.808315581719558196e-01
2.342285129201633065e-01 7.818815445292626176e-01
2.331861862776005434e-01 7.829265622557419757e-01
2.321519518867567189e-01 7.839666333911958773e-01
2.311257505067749740e-01 7.850017799256939766e-01
2.301075232385158820e-01 7.860320237979422364e-01
2.290972115247199570e-01 7.870573868937228434e-01
2.280947571501077964e-01 7.880778910444050656e-01
2.271001022414194659e-01 7.890935580255239445e-01
2.261131892673949317e-01 7.901044095554230484e-01
2.251339610386970946e-01 7.911104672939606175e-01
2.241623607077793123e-01 7.921117528412761066e-01
2.231983317686988821e-01 7.931082877366147921e-01
2.222418180568781210e-01 7.941000934572080006e-01
2.212927637488144583e-01 7.950871914172084054e-01
2.203511133617414852e-01 7.960696029666762819e-01
2.194168117532417639e-01 7.970473493906168327e-01
2.184898041208134800e-01 7.980204519080644765e-01
2.175700360013920198e-01 7.989889316712155409e-01
2.166574532708278322e-01 7.999528097646040337e-01
2.157520021433221857e-01 8.009121072043213774e-01
2.148536291708217361e-01 8.018668449372775564e-01
2.139622812423736531e-01 8.028170438405021203e-01
2.130779055834421953e-01 8.037627247204844894e-01
2.122004497551881474e-01 8.047039083125502312e-01
2.113298616537120922e-01 8.056406152802740861e-01
2.104660895092631268e-01 8.065728662149266315e-01
2.096090818854137172e-01 8.075006816349549199e-01
2.087587876782021068e-01 8.084240819854943139e-01
2.079151561152429439e-01 8.093430876379116290e-01
2.070781367548079066e-01 8.102577188893774762e-01
2.062476794848766282e-01 8.111679959624671366e-01
2.054237345221593403e-01 8.120739390047890804e-01
2.046062524110920655e-01 8.129755680886399105e-01
2.037951840228056088e-01 8.138729032106842842e-01
2.029904805540687640e-01 8.147659642916602607e-01
2.021920935262069841e-01 8.156547711761068520e-01
2.013999747839975429e-01 8.165393436321151110e-01
2.006140764945418542e-01 8.174197013511012022e-01
1.998343511461155575e-01 8.182958639476002327e-01
1.990607515469978717e-01 8.191678509590795132e-01
1.982932308242802422e-01 8.200356818457723573e-01
1.975317424226558094e-01 8.208993759905305332e-01
1.967762401031897812e-01 8.217589526986935899e-01
1.960266779420719585e-01 8.226144311979767254e-01
1.952830103293520247e-01 8.234658306383746407e-01
1.945451919676580432e-01 8.243131700920817151e-01
1.938131778708993558e-01 8.251564685534269472e-01
1.930869233629540493e-01 8.259957449388247719e-01
1.923663840763418786e-01 8.268310180867390891e-01
1.916515159508835886e-01 8.276623067576613924e-01
1.909422752323464145e-01 8.284896296341024424e-01
1.902386184710775641e-01 8.293130053205955976e-01
1.895405025206250427e-01 8.301324523437132452e-01
1.888478845363473768e-01 8.309479891520945571e-01
1.881607219740123182e-01 8.317596341164842366e-01
1.874789725883849456e-01 8.325674055297821452e-01
1.868025944318063569e-01 8.333713216071034768e-01
1.861315458527625921e-01 8.341714004858489240e-01
1.854657854944451456e-01 8.349676602257839475e-01
1.848052722933027636e-01 8.357601188091273725e-01
1.841499654775858030e-01 8.365487941406490879e-01
1.834998245658829852e-01 8.373337040477757398e-01
1.828548093656512386e-01 8.381148662807049732e-01
1.822148799717392409e-01 8.388922985125266685e-01
1.815799967649047164e-01 8.396660183393526156e-01
1.809501204103264038e-01 8.404360432804525161e-01
1.803252118561105011e-01 8.412023907783972021e-01
1.797052323317925859e-01 8.419650781992085165e-01
1.790901433468349568e-01 8.427241228325149658e-01
1.784799066891200603e-01 8.434795418917137022e-01
1.778744844234401989e-01 8.442313525141386110e-01
1.772738388899837980e-01 8.449795717612330614e-01
1.766779327028190072e-01 8.457242166187289856e-01
1.760867287483744714e-01 8.464653039968298431e-01
1.755001901839177703e-01 8.472028507303993594e-01
1.749182804360320809e-01 8.479368735791543710e-01
1.743409631990910091e-01 8.486673892278620013e-01
1.737682024337320608e-01 8.493944142865419433e-01
1.731999623653292242e-01 8.501179652906708517e-01
1.726362074824645543e-01 8.508380587013929519e-01
1.720769025353993120e-01 8.515547109057322039e-01
1.715220125345450208e-01 8.522679382168095730e-01
1.709715027489342454e-01 8.529777568740620763e-01
1.704253387046920365e-01 8.536841830434662715e-01
1.698834861835074872e-01 8.543872328177644082e-01
1.693459112211063711e-01 8.550869222166925798e-01
1.688125801057245856e-01 8.557832671872128705e-01
1.682834593765829556e-01 8.564762836037471683e-01
1.677585158223633965e-01 8.571659872684140868e-01
1.672377164796866600e-01 8.578523939112671082e-01
1.667210286315921053e-01 8.585355191905361671e-01
1.662084198060194140e-01 8.592153786928704573e-01
1.656998577742925527e-01 8.598919879335841232e-01
1.651953105496062613e-01 8.605653623569018418e-01
1.646947463855150118e-01 8.612355173362089555e-01
1.641981337744248814e-01 8.619024681743004956e-01
1.637054414460883400e-01 8.625662301036334245e-01
1.632166383661022846e-01 8.632268182865800998e-01
1.627316937344090442e-01 8.638842478156824045e-01
1.622505769838012701e-01 8.645385337139074311e-01
1.617732577784300463e-01 8.651896909349051645e-01
1.612997060123169402e-01 8.658377343632657208e-01
1.608298918078698847e-01 8.664826788147789172e-01
1.603637855144030566e-01 8.671245390366939532e-01
1.599013577066608627e-01 8.677633297079803132e-01
1.594425791833463113e-01 8.683990654395894460e-01
1.589874209656536586e-01 8.690317607747171103e-01
1.585358542958056338e-01 8.696614301890662757e-01
1.580878506355952451e-01 8.702880880911108008e-01
1.576433816649324138e-01 8.709117488223592218e-01
1.572024192803952447e-01 8.715324266576194301e-01
1.567649355937865696e-01 8.721501358052642372e-01
1.563309029306950426e-01 8.727648904074952751e-01
1.559002938290619256e-01 8.733767045406104490e-01
1.554730810377527028e-01 8.739855922152678369e-01
1.550492375151341917e-01 8.745915673767531429e-01
1.546287364276568710e-01 8.751946439052457061e-01
1.542115511484429824e-01 8.757948356160840664e-01
1.537976552558799337e-01 8.763921562600329729e-01
1.533870225322193359e-01 8.769866195235497264e-01
1.529796269621819249e-01 8.775782390290502999e-01
1.525754427315682005e-01 8.781670283351756812e-01
1.521744442258746999e-01 8.787530009370585482e-01
1.517766060289163776e-01 8.793361702665885016e-01
1.513819029214549250e-01 8.799165496926788510e-01
1.509903098798330567e-01 8.804941525215317366e-01
1.506018020746148212e-01 8.810689919969036943e-01
1.502163548692322381e-01 8.816410813003709990e-01
1.498339438186377381e-01 8.822104335515948970e-01
1.494545446679632628e-01 8.827770618085852838e-01
1.490781333511853324e-01 8.833409790679659368e-01
1.487046859897964424e-01 8.839021982652377485e-01
1.483341788914830373e-01 8.844607322750424050e-01
1.479665885488095356e-01 8.850165939114253977e-01
1.476018916379090162e-01 8.855697959280985909e-01
1.472400650171804271e-01 8.861203510187024568e-01
1.468810857259918723e-01 8.866682718170676436e-01
1.465249309833909774e-01 8.872135708974757673e-01
1.461715781868213881e-01 8.877562607749204249e-01
1.458210049108460138e-01 8.882963539053669866e-01
1.454731889058767658e-01 8.888338626860121661e-01
1.451281080969111237e-01 8.893687994555427023e-01
1.447857405822751409e-01 8.899011764943938196e-01
1.444460646323731390e-01 8.904310060250064662e-01
1.441090586884441749e-01 8.909583002120845530e-01
1.437747013613251690e-01 8.914830711628517479e-01
1.434429714302206949e-01 8.920053309273062725e-01
1.431138478414794857e-01 8.925250914984763639e-01
1.427873097073778241e-01 8.930423648126744052e-01
1.424633363049095103e-01 8.935571627497509439e-01
1.421419070745826019e-01 8.940694971333469354e-01
1.418230016192230936e-01 8.945793797311462070e-01
1.415065997027849798e-01 8.950868222551268127e-01
1.411926812491677008e-01 8.955918363618118327e-01
1.408812263410396948e-01 8.960944336525189513e-01
1.405722152186691387e-01 8.965946256736098130e-01
1.402656282787614617e-01 8.970924239167382686e-01
1.399614460733034360e-01 8.975878398190981766e-01
1.396596493084142077e-01 8.980808847636694292e-01
1.393602188432031264e-01 8.985715700794649763e-01
1.390631356886340708e-01 8.990599070417751859e-01
1.387683810063970458e-01 8.995459068724124263e-01
1.384759361077860518e-01 9.000295807399546488e-01
1.381857824525840051e-01 9.005109397599879717e-01
1.378979016479543185e-01 9.009899949953484866e-01
1.376122754473391996e-01 9.014667574563635100e-01
1.373288857493648318e-01 9.019412381010915025e-01
1.370477145967529953e-01 9.024134478355614331e-01
1.367687441752397370e-01 9.028833975140112544e-01
1.364919568125005644e-01 9.033510979391256024e-01
1.362173349770822994e-01 9.038165598622724950e-01
1.359448612773418164e-01 9.042797939837389221e-01
1.356745184603910803e-01 9.047408109529663234e-01
1.354062894110492909e-01 9.051996213687844017e-01
1.351401571508013544e-01 9.056562357796446028e-01
1.348761048367630444e-01 9.061106646838520406e-01
1.346141157606528804e-01 9.065629185297977566e-01
1.343541733477704170e-01 9.070130077161884241e-01
1.340962611559812223e-01 9.074609425922766093e-01
1.338403628747084351e-01 9.079067334580900317e-01
1.335864623239308713e-01 9.083503905646582721e-01
1.333345434531874318e-01 9.087919241142410343e-01
1.330845903405883102e-01 9.092313442605537421e-01
1.328365871918325003e-01 9.096686611089928043e-01
1.325905183392318276e-01 9.101038847168602119e-01
1.323463682407413355e-01 9.105370250935870269e-01
1.321041214789962781e-01 9.109680922009553150e-01
1.318637627603553020e-01 9.113970959533210792e-01
1.316252769139500400e-01 9.118240462178338612e-01
1.313886488907411720e-01 9.122489528146573434e-01
1.311538637625807302e-01 9.126718255171880623e-01
1.309209067212807054e-01 9.130926740522735674e-01
1.306897630776878982e-01 9.135115081004294701e-01
1.304604182607651819e-01 9.139283372960562701e-01
1.302328578166787876e-01 9.143431712276540724e-01
1.300070674078919741e-01 9.147560194380376375e-01
1.297830328122647481e-01 9.151668914245496556e-01
1.295607399221598011e-01 9.155757966392737979e-01
1.293401747435546367e-01 9.159827444892462145e-01
1.291213233951596651e-01 9.163877443366668096e-01
1.289041721075425417e-01 9.167908054991089628e-01
1.286887072222583084e-01 9.171919372497288059e-01
1.284749151909858889e-01 9.175911488174735009e-01
1.282627825746703587e-01 9.179884493872889628e-01
1.280522960426712376e-01 9.183838481003255838e-01
1.278434423719166657e-01 9.187773540541445128e-01
1.276362084460637147e-01 9.191689763029222693e-01
1.274305812546643046e-01 9.195587238576541367e-01
1.272265478923371995e-01 9.199466056863577768e-01
1.270240955579456377e-01 9.203326307142746243e-01
1.268232115537810401e-01 9.207168078240716147e-01
1.266238832847522700e-01 9.210991458560414680e-01
1.264260982575806380e-01 9.214796536083019740e-01
1.262298440800008192e-01 9.218583398369942783e-01
1.260351084599672378e-01 9.222352132564813898e-01
1.258418792048662804e-01 9.226102825395442464e-01
1.256501442207340613e-01 9.229835563175780022e-01
1.254598915114798208e-01 9.233550431807873160e-01
1.252711091781148756e-01 9.237247516783804180e-01
1.250837854179871478e-01 9.240926903187623997e-01
1.248979085240211478e-01 9.244588675697278379e-01
1.247134668839635085e-01 9.248232918586526408e-01
1.245304489796339731e-01 9.251859715726846733e-01
1.243488433861818232e-01 9.255469150589337168e-01
1.241686387713475948e-01 9.259061306246608725e-01
1.239898238947302889e-01 9.262636265374665223e-01
1.238123876070598844e-01 9.266194110254779570e-01
1.236363188494751936e-01 9.269734922775360042e-01
1.234616066528068379e-01 9.273258784433805468e-01
1.232882401368657066e-01 9.276765776338359304e-01
1.231162085097364800e-01 9.280255979209943717e-01
1.229455010670764126e-01 9.283729473384000341e-01
1.227761071914191815e-01 9.287186338812308817e-01
1.226080163514840643e-01 9.290626655064805339e-01
1.224412181014899459e-01 9.294050501331387881e-01
1.222757020804746131e-01 9.297457956423722525e-01
1.221114580116190312e-01 9.300849098777026480e-01
1.219484757015765752e-01 9.304224006451859985e-01
1.217867450398073398e-01 9.307582757135893781e-01
1.216262559979173069e-01 9.310925428145683247e-01
1.214669986290025094e-01 9.314252096428422556e-01
1.213089630669979962e-01 9.317562838563701044e-01
1.211521395260317935e-01 9.320857730765239602e-01
1.209965182997835981e-01 9.324136848882631501e-01
1.208420897608483147e-01 9.327400268403071015e-01
1.206888443601043526e-01 9.330648064453063162e-01
1.205367726260866273e-01 9.333880311800150098e-01
1.203858651643644057e-01 9.337097084854601992e-01
1.202361126569236882e-01 9.340298457671116772e-01
1.200875058615543944e-01 9.343484503950513220e-01
1.199400356112419602e-01 9.346655297041402966e-01
1.197936928135638346e-01 9.349810909941871362e-01
1.196484684500902368e-01 9.352951415301135052e-01
1.195043535757897291e-01 9.356076885421207301e-01
1.193613393184390636e-01 9.359187392258536686e-01
1.192194168780377206e-01 9.362283007425660220e-01
1.190785775262266921e-01 9.365363802192829823e-01
1.189388126057118744e-01 9.368429847489645468e-01
1.188001135296917615e-01 9.371481213906667218e-01
1.186624717812895247e-01 9.374517971697033936e-01
1.185258789129894769e-01 9.377540190778063112e-01
1.183903265460776871e-01 9.380547940732851808e-01
1.182558063700871465e-01 9.383541290811859836e-01
1.181223101422469307e-01 9.386520309934498485e-01
1.179898296869357210e-01 9.389485066690702597e-01
1.178583568951395710e-01 9.392435629342498205e-01
1.177278837239136566e-01 9.395372065825562391e-01
1.175984021958483422e-01 9.398294443750775384e-01
1.174699043985393543e-01 9.401202830405767097e-01
1.173423824840618829e-01 9.404097292756459225e-01
1.172158286684489292e-01 9.406977897448587367e-01
1.170902352311736366e-01 9.409844710809237567e-01
1.169655945146354931e-01 9.412697798848351782e-01
1.168418989236507111e-01 9.415537227260245556e-01
1.167191409249464656e-01 9.418363061425107929e-01
1.165973130466589902e-01 9.421175366410496910e-01
1.164764078778356970e-01 9.423974206972830503e-01
1.163564180679410170e-01 9.426759647558865529e-01
1.162373363263663473e-01 9.429531752307179771e-01
1.161191554219434680e-01 9.432290585049627474e-01
1.160018681824620118e-01 9.435036209312813726e-01
1.158854674941905971e-01 9.437768688319542187e-01
1.157699463014017216e-01 9.440488084990262818e-01
1.156552976059003063e-01 9.443194461944514062e-01
1.155415144665560279e-01 9.445887881502357253e-01
1.154285899988393010e-01 9.448568405685802141e-01
1.153165173743607719e-01 9.451236096220230198e-01
1.152052898204145859e-01 9.453891014535805715e-01
1.150949006195250840e-01 9.456533221768884667e-01
1.149853431089972178e-01 9.459162778763416934e-01
1.148766106804703785e-01 9.461779746072337405e-01
1.147686967794757096e-01 9.464384183958953756e-01
1.146615949049971106e-01 9.466976152398329791e-01
1.145552986090354053e-01 9.469555711078661009e-01
1.144498014961761873e-01 9.472122919402637953e-01
1.143450972231609547e-01 9.474677836488811788e-01
1.142411794984616730e-01 9.477220521172947665e-01
1.141380420818586122e-01 9.479751032009374745e-01
1.140356787840216823e-01 9.482269427272327356e-01
1.139340834660949320e-01 9.484775764957283917e-01
1.138332500392844476e-01 9.487270102782293657e-01
1.137331724644493613e-01 9.489752498189300001e-01
1.136338447516963557e-01 9.492223008345462842e-01
1.135352609599771107e-01 9.494681690144464170e-01
1.134374151966890676e-01 9.497128600207814797e-01
1.133403016172794681e-01 9.499563794886155543e-01
1.132439144248523349e-01 9.501987330260546205e-01
1.131482478697787286e-01 9.504399262143753413e-01
1.130532962493100702e-01 9.506799646081532940e-01
1.129590539071944622e-01 9.509188537353904236e-01
1.128655152332962014e-01 9.511565990976412754e-01
1.127726746632182614e-01 9.513932061701401155e-01
1.126805266779277448e-01 9.516286804019259415e-01
1.125890658033843750e-01 9.518630272159680494e-01
1.124982866101719853e-01 9.520962520092897119e-01
1.124081837131328809e-01 9.523283601530928566e-01
1.123187517710051431e-01 9.525593569928813009e-01
1.122299854860628887e-01 9.527892478485825434e-01
1.121418796037593479e-01 9.530180380146711094e-01
1.120544289123728277e-01 9.532457327602890107e-01
1.119676282426555480e-01 9.534723373293677584e-01
1.118814724674851990e-01 9.536978569407476014e-01
1.117959565015193696e-01 9.539222967882985404e-01
1.117110753008527663e-01 9.541456620410387890e-01
1.116268238626771103e-01 9.543679578432534560e-01
1.115431972249438658e-01 9.545891893146132290e-01
1.114601904660295351e-01 9.548093615502915021e-01
1.113777987044038131e-01 9.550284796210813942e-01
1.112960170983003094e-01 9.552465485735124329e-01
1.112148408453899617e-01 9.554635734299662397e-01
1.111342651824570454e-01 9.556795591887922159e-01
1.110542853850778056e-01 9.558945108244216726e-01
1.109748967673017533e-01 9.561084332874830727e-01
1.108960946813354193e-01 9.563213315049148289e-01
1.108178745172287150e-01 9.565332103800789909e-01
1.107402317025638488e-01 9.567440747928737110e-01
1.106631617021467395e-01 9.569539295998455986e-01
1.105866600177008996e-01 9.571627796343008532e-01
1.105107221875638174e-01 9.573706297064166204e-01
1.104353437863857534e-01 9.575774846033516807e-01
1.103605204248311322e-01 9.577833490893559176e-01
1.102862477492820847e-01 9.579882279058801187e-01
1.102125214415446558e-01 9.581921257716851104e-01
1.101393372185572039e-01 9.583950473829497829e-01
1.100666908321012855e-01 9.585969974133794480e-01
1.099945780685148561e-01 9.587979805143125311e-01
1.099229947484077208e-01 9.589980013148282634e-01
1.098519367263794122e-01 9.591970644218528186e-01
1.097813998907392757e-01 9.593951744202647847e-01
1.097113801632288860e-01 9.595923358730013009e-01
1.096418734987466559e-01 9.597885533211620857e-01
1.095728758850747636e-01 9.599838312841143528e-01
1.095043833426082580e-01 9.601781742595965063e-01
1.094363919240863431e-01 9.603715867238218351e-01
1.093688977143258828e-01 9.605640731315810976e-01
1.093018968299570848e-01 9.607556379163447735e-01
1.092353854191613349e-01 9.609462854903650930e-01
1.091693596614111694e-01 9.611360202447780665e-01
1.091038157672122866e-01 9.613248465497036266e-01
1.090387499778478486e-01 9.615127687543464363e-01
1.089741585651246014e-01 9.616997911870956983e-01
1.089100378311214368e-01 9.618859181556250748e-01
1.088463841079395505e-01 9.620711539469916085e-01
1.087831937574550711e-01 9.622555028277335332e-01
1.087204631710734087e-01 9.624389690439696388e-01
1.086581887694857973e-01 9.626215568214960827e-01
1.085963670024276823e-01 9.628032703658836455e-01
1.085349943484392315e-01 9.629841138625746533e-01
1.084740673146277062e-01 9.631640914769787898e-01
1.084135824364317879e-01 9.633432073545697971e-01
1.083535362773878213e-01 9.635214656209796225e-01
1.082939254288980968e-01 9.636988703820941193e-01
1.082347465100008121e-01 9.638754257241473056e-01
1.081759961671421577e-01 9.640511357138151771e-01
1.081176710739500529e-01 9.642260043983092999e-01
1.080597679310099368e-01 9.644000358054698463e-01
1.080022834656422098e-01 9.645732339438582992e-01
1.079452144316816464e-01 9.647456028028498221e-01
1.078885576092585286e-01 9.649171463527247417e-01
1.078323098045816941e-01 9.650878685447596972e-01
1.077764678497231537e-01 9.652577733113192338e-01
1.077210286024047198e-01 9.654268645659453973e-01
1.076659889457862174e-01 9.655951462034484400e-01
1.076113457882554858e-01 9.657626220999959710e-01
1.075570960632202255e-01 9.659292961132022182e-01
1.075032367289012608e-01 9.660951720822170685e-01
1.074497647681278423e-01 9.662602538278138864e-01
1.073966771881344623e-01 9.664245451524776653e-01
1.073439710203592662e-01 9.665880498404925136e-01
1.072916433202443232e-01 9.667507716580288069e-01
1.072396911670373543e-01 9.669127143532295632e-01
1.071881116635952647e-01 9.670738816562969298e-01
1.071369019361891051e-01 9.672342772795776700e-01
1.070860591343108514e-01 9.673939049176490945e-01
1.070355804304815167e-01 9.675527682474034386e-01
1.069854630200611778e-01 9.677108709281326826e-01
1.069357041210602238e-01 9.678682166016133737e-01
1.068863009739524222e-01 9.680248088921891148e-01
1.068372508414893868e-01 9.681806514068552749e-01
1.067885510085166412e-01 9.683357477353412568e-01
1.067401987817911124e-01 9.684901014501930971e-01
1.066921914898003032e-01 9.686437161068558455e-01
1.066445264825827410e-01 9.687965952437556094e-01
1.065972011315501206e-01 9.689487423823800460e-01
1.065502128293107226e-01 9.691001610273607403e-01
1.065035589894944706e-01 9.692508546665528080e-01
1.064572370465792228e-01 9.694008267711154980e-01
1.064112444557187565e-01 9.695500807955919065e-01
1.063655786925719743e-01 9.696986201779890235e-01
1.063202372531335815e-01 9.698464483398562264e-01
1.062752176535662063e-01 9.699935686863638828e-01
1.062305174300338245e-01 9.701399846063828436e-01
1.061861341385366836e-01 9.702856994725607143e-01
1.061420653547474474e-01 9.704307166414011254e-01
1.060983086738487985e-01 9.705750394533400049e-01
1.060548617103724001e-01 9.707186712328225164e-01
1.060117220980390934e-01 9.708616152883799977e-01
1.059688874896004829e-01 9.710038749127055668e-01
1.059263555566818393e-01 9.711454533827305058e-01
1.058841239896263220e-01 9.712863539596990892e-01
1.058421904973403660e-01 9.714265798892438575e-01
1.058005528071405132e-01 9.715661344014606682e-01
1.057592086646014506e-01 9.717050207109823035e-01
1.057181558334052557e-01 9.718432420170531882e-01
1.056773920951919882e-01 9.719808015036024429e-01
1.056369152494114200e-01 9.721177023393177130e-01
1.055967231131760969e-01 9.722539476777174450e-01
1.055568135211155251e-01 9.723895406572241606e-01
1.055171843252316610e-01 9.725244844012361778e-01
1.054778333947554297e-01 9.726587820181997746e-01
1.054387586160047130e-01 9.727924366016804658e-01
1.053999578922432817e-01 9.729254512304347235e-01
1.053614291435409217e-01 9.730578289684800319e-01
1.053231703066348779e-01 9.731895728651661637e-01
1.052851793347922560e-01 9.733206859552452350e-01
1.052474541976736733e-01 9.734511712589410948e-01
1.052099928811981305e-01 9.735810317820191573e-01
1.051727933874086890e-01 9.737102705158556804e-01
1.051358537343397015e-01 9.738388904375068211e-01
1.050991719558847515e-01 9.739668945097764707e-01
1.050627461016659381e-01 9.740942856812848660e-01
1.050265742369041605e-01 9.742210668865366463e-01
1.049906544422904847e-01 9.743472410459882438e-01
1.049549848138585234e-01 9.744728110661146081e-01
1.049195634628580232e-01 9.745977798394772629e-01
1.048843885156293815e-01 9.747221502447896979e-01
1.048494581134792186e-01 9.748459251469843156e-01
1.048147704125570318e-01 9.749691073972782673e-01
1.047803235837328623e-01 9.750916998332388452e-01
1.047461158124759345e-01 9.752137052788489857e-01
1.047121452987343215e-01 9.753351265445728835e-01
1.046784102568157349e-01 9.754559664274191633e-01
1.046449089152690359e-01 9.755762277110066050e-01
1.046116395167670660e-01 9.756959131656280926e-01
1.045786003179901835e-01 9.758150255483136748e-01
1.045457895895108846e-01 9.759335676028947359e-01
1.045132056156793943e-01 9.760515420600668346e-01
1.044808466945101044e-01 9.761689516374525422e-01
1.044487111375692057e-01 9.762857990396640595e-01
1.044167972698629293e-01 9.764020869583657225e-01
1.043851034297269553e-01 9.765178180723359525e-01
1.043536279687166390e-01 9.766329950475279853e-01
1.043223692514981815e-01 9.767476205371325992e-01
1.042913256557407159e-01 9.768616971816387329e-01
1.042604955720092541e-01 9.769752276088935483e-01
1.042298774036585912e-01 9.770882144341640485e-01
1.041994695667280424e-01 9.772006602601966962e-01
1.041692704898369987e-01 9.773125676772772552e-01
1.041392786140815235e-01 9.774239392632904089e-01
1.041094923929316851e-01 9.775347775837798237e-01
1.040799102921296931e-01 9.776450851920061025e-01
1.040505307895890630e-01 9.777548646290064038e-01
1.040213523752944735e-01 9.778641184236528394e-01
1.039923735512024577e-01 9.779728490927103168e-01
1.039635928311430785e-01 9.780810591408949373e-01
1.039350087407222012e-01 9.781887510609311720e-01
1.039066198172247657e-01 9.782959273336097050e-01
1.038784246095187519e-01 9.784025904278440544e-01
1.038504216779600198e-01 9.785087428007281929e-01
1.038226095942978849e-01 9.786143868975925031e-01
1.037949869415814991e-01 9.787195251520602879e-01
1.037675523140670353e-01 9.788241599861035036e-01
1.037403043171256228e-01 9.789282938100989373e-01
1.037132415671521146e-01 9.790319290228837179e-01
1.036863626914744513e-01 9.791350680118102723e-01
1.036596663282639136e-01 9.792377131528011702e-01
1.036331511264462074e-01 9.793398668104041915e-01
1.036068157456130345e-01 9.794415313378469490e-01
1.035806588559346625e-01 9.795427090770904011e-01
1.035546791380730219e-01 9.796434023588832529e-01
1.035288752830956505e-01 9.797436135028154691e-01
1.035032459923903581e-01 9.798433448173718974e-01
1.034777899775805310e-01 9.799425985999850042e-01
1.034525059604411157e-01 9.800413771370882765e-01
1.034273926728154908e-01 9.801396827041685134e-01
1.034024488565328248e-01 9.802375175658181172e-01
1.033776732633262391e-01 9.803348839757880517e-01
1.033530646547515669e-01 9.804317841770386899e-01
1.033286218021069180e-01 9.805282204017916614e-01
1.033043434863528121e-01 9.806241948715821444e-01
1.032802284980329638e-01 9.807197097973088251e-01
1.032562756371958185e-01 9.808147673792857457e-01
1.032324837133167250e-01 9.809093698072923750e-01
1.032088515452206645e-01 9.810035192606242349e-01
1.031853779610057142e-01 9.810972179081433042e-01
1.031620617979671084e-01 9.811904679083274239e-01
1.031389019025220066e-01 9.812832714093204789e-01
1.031158971301347482e-01 9.813756305489820253e-01
1.030930463452428836e-01 9.814675474549358070e-01
1.030703484211837467e-01 9.815590242446192715e-01
1.030478022401215832e-01 9.816500630253321980e-01
1.030254066929754270e-01 9.817406658942851028e-01
1.030031606793474497e-01 9.818308349386482003e-01
1.029810631074520311e-01 9.819205722355980326e-01
1.029591128940452460e-01 9.820098798523672068e-01
1.029373089643551148e-01 9.820987598462902479e-01
1.029156502520123945e-01 9.821872142648520043e-01
1.028941356989818284e-01 9.822752451457346101e-01
1.028727642554941313e-01 9.823628545168644477e-01
1.028515348799784318e-01 9.824500443964582219e-01
1.028304465389953820e-01 9.825368167930701446e-01
1.028094982071706687e-01 9.826231737056381199e-01
1.027886888671292187e-01 9.827091171235295963e-01
1.027680175094299458e-01 9.827946490265871970e-01
1.027474831325009275e-01 9.828797713851749052e-01
1.027270847425752198e-01 9.829644861602228056e-01
1.027068213536272423e-01 9.830487953032724935e-01
1.026866919873095363e-01 9.831327007565222598e-01
1.026666956728902735e-01 9.832162044528712785e-01
1.026468314471910281e-01 9.832993083159646819e-01
1.026270983545253257e-01 9.833820142602376357e-01
1.026074954466375255e-01 9.834643241909589717e-01
1.025880217826422441e-01 9.835462400042761510e-01
1.025686764289643754e-01 9.836277635872577862e-01
1.025494584592794856e-01 9.837088968179378279e-01
1.025303669544548324e-01 9.837896415653581972e-01
1.025114010024907457e-01 9.838699996896129729e-01
1.024925596984626042e-01 9.839499730418894696e-01
1.024738421444632286e-01 9.840295634645126466e-01
1.024552474495457610e-01 9.841087727909866301e-01
1.024367747296670850e-01 9.841876028460366799e-01
1.024184231076316759e-01 9.842660554456517108e-01
1.024001917130358819e-01 9.843441323971264811e-01
1.023820796822126900e-01 9.844218354991022268e-01
1.023640861581770339e-01 9.844991665416086279e-01
1.023462102905713933e-01 9.845761273061052199e-01
1.023284512356120307e-01 9.846527195655221387e-01
1.023108081560355764e-01 9.847289450843009773e-01
1.022932802210460013e-01 9.848048056184354193e-01
1.022758666062621863e-01 9.848803029155117628e-01
1.022585664936657840e-01 9.849554387147488876e-01
1.022413790715496207e-01 9.850302147470390013e-01
1.022243035344664874e-01 9.851046327349869403e-01
1.022073390831782502e-01 9.851786943929494722e-01
1.021904849246056957e-01 9.852524014270758190e-01
1.021737402717783488e-01 9.853257555353461816e-01
1.021571043437851101e-01 9.853987584076111528e-01
1.021405763657250998e-01 9.854714117256302419e-01
1.021241555686589059e-01 9.855437171631113991e-01
1.021078411895603583e-01 9.856156763857484293e-01
1.020916324712685813e-01 9.856872910512604058e-01
1.020755286624405178e-01 9.857585628094294172e-01
1.020595290175038139e-01 9.858294933021386486e-01
1.020436327966101342e-01 9.859000841634099066e-01
1.020278392655888100e-01 9.859703370194418115e-01
1.020121476959009316e-01 9.860402534886462123e-01
1.019965573645937457e-01 9.861098351816871554e-01
1.019810675542556083e-01 9.861790837015163014e-01
1.019656775529709930e-01 9.862480006434105606e-01
1.019503866542762482e-01 9.863165875950089534e-01
1.019351941571154802e-01 9.863848461363492470e-01
1.019200993657967819e-01 9.864527778399038160e-01
1.019051015899490598e-01 9.865203842706161685e-01
1.018902001444789429e-01 9.865876669859373616e-01
1.018753943495282477e-01 9.866546275358609730e-01
1.018606835304317199e-01 9.867212674629598501e-01
1.018460670176751237e-01 9.867875883024206374e-01
1.018315441468536781e-01 9.868535915820801918e-01
1.018171142586308808e-01 9.869192788224595558e-01
1.018027766986976251e-01 9.869846515367999285e-01
1.017885308177316761e-01 9.870497112310973042e-01
1.017743759713575086e-01 9.871144594041368903e-01
1.017603115201064085e-01 9.871788975475279670e-01
1.017463368293770459e-01 9.872430271457380835e-01
1.017324512693961736e-01 9.873068496761269186e-01
1.017186542151798101e-01 9.873703666089812536e-01
1.017049450464947297e-01 9.874335794075473904e-01
1.016913231478202007e-01 9.874964895280664567e-01
1.016777879083100855e-01 9.875590984198063804e-01
1.016643387217552735e-01 9.876214075250969726e-01
1.016509749865463635e-01 9.876834182793615691e-01
1.016376961056367628e-01 9.877451321111510030e-01
1.016245014865059249e-01 9.878065504421760235e-01
1.016113905411231005e-01 9.878676746873406023e-01
1.015983626859112282e-01 9.879285062547740193e-01
1.015854173417112122e-01 9.879890465458637250e-01
1.015725539337464095e-01 9.880492969552869820e-01
1.015597718915875192e-01 9.881092588710435054e-01
1.015470706491177072e-01 9.881689336744874375e-01
1.015344496444979816e-01 9.882283227403589887e-01
1.015219083201329975e-01 9.882874274368160794e-01
1.015094461226368899e-01 9.883462491254659810e-01
1.014970625027997175e-01 9.884047891613965131e-01
1.014847569155538781e-01 9.884630488932073522e-01
1.014725288199410658e-01 9.885210296630411175e-01
1.014603776790792278e-01 9.885787328066144575e-01
1.014483029601300768e-01 9.886361596532484697e-01
1.014363041342666583e-01 9.886933115258992322e-01
1.014243806766412792e-01 9.887501897411890006e-01
1.014125320663537694e-01 9.888067956094357402e-01
1.014007577864197984e-01 9.888631304346835460e-01
1.013890573237396647e-01 9.889191955147330626e-01
1.013774301690672924e-01 9.889749921411707945e-01
1.013658758169793395e-01 9.890305215993990817e-01
1.013543937658448191e-01 9.890857851686660762e-01
1.013429835177947214e-01 9.891407841220946073e-01
1.013316445786920650e-01 9.891955197267117139e-01
1.013203764581020877e-01 9.892499932434781762e-01
1.013091786692627283e-01 9.893042059273171596e-01
1.012980507290553861e-01 9.893581590271430803e-01
1.012869921579758609e-01 9.894118537858905826e-01
1.012760024801055425e-01 9.894652914405434041e-01
1.012650812230828923e-01 9.895184732221623536e-01
1.012542279180750904e-01 9.895714003559137328e-01
1.012434420997499612e-01 9.896240740610978692e-01
1.012327233062481624e-01 9.896764955511772044e-01
1.012220710791554429e-01 9.897286660338038278e-01
1.012114849634754149e-01 9.897805867108476763e-01
1.012009645076022424e-01 9.898322587784241788e-01
1.011905092632937597e-01 9.898836834269215679e-01
1.011801187856447987e-01 9.899348618410286349e-01
1.011697926330605707e-01 9.899857951997615979e-01
1.011595303672304935e-01 9.900364846764916349e-01
1.011493315531020870e-01 9.900869314389719733e-01
1.011391957588551049e-01 9.901371366493643134e-01
1.011291225558759443e-01 9.901871014642656954e-01
1.011191115187321937e-01 9.902368270347358115e-01
1.011091622251474309e-01 9.902863145063226513e-01
1.010992742559762014e-01 9.903355650190895920e-01
1.010894471951792606e-01 9.903845797076409330e-01
1.010796806297989126e-01 9.904333597011488743e-01
1.010699741499346827e-01 9.904819061233783861e-01
1.010603273487191284e-01 9.905302200927148526e-01
1.010507398222937891e-01 9.905783027221877202e-01
1.010412111697854415e-01 9.906261551194979198e-01
1.010317409932825206e-01 9.906737783870420699e-01
1.010223288978116529e-01 9.907211736219390108e-01
1.010129744913145083e-01 9.907683419160541183e-01
1.010036773846247765e-01 9.908152843560249501e-01
1.009944371914452965e-01 9.908620020232860037e-01
1.009852535283254915e-01 9.909084959940942516e-01
1.009761260146387896e-01 9.909547673395532330e-01
1.009670542725605441e-01 9.910008171256377008e-01
1.009580379270457462e-01 9.910466464132189346e-01
1.009490766058072780e-01 9.910922562580881667e-01
1.009401699392941110e-01 9.911376477109816729e-01
1.009313175606698088e-01 9.911828218176049754e-01
1.009225191057910864e-01 9.912277796186563794e-01
1.009137742131867299e-01 9.912725221498513983e-01
1.009050825240364602e-01 9.913170504419461793e-01
1.008964436821501442e-01 9.913613655207617059e-01
1.008878573339472146e-01 9.914054684072074464e-01
1.008793231284359770e-01 9.914493601173043347e-01
1.008708407171934329e-01 9.914930416622087517e-01
1.008624097543450865e-01 9.915365140482355066e-01
1.008540298965448639e-01 9.915797782768810409e-01
1.008457008029553514e-01 9.916228353448464095e-01
1.008374221352280886e-01 9.916656862440605957e-01
1.008291935574840981e-01 9.917083319617031600e-01
1.008210147362944842e-01 9.917507734802267771e-01
1.008128853406612679e-01 9.917930117773803289e-01
1.008048050419983604e-01 9.918350478262307757e-01
1.007967735141126336e-01 9.918768825951862489e-01
1.007887904331852547e-01 9.919185170480177005e-01
1.007808554777530896e-01 9.919599521438817735e-01
1.007729683286902739e-01 9.920011888373424513e-01
1.007651286691899906e-01 9.920422280783932623e-01
1.007573361847462767e-01 9.920830708124788178e-01
1.007495905631361072e-01 9.921237179805171280e-01
1.007418914944015892e-01 9.921641705189210292e-01
1.007342386708322268e-01 9.922044293596193887e-01
1.007266317869474348e-01 9.922444954300789766e-01
1.007190705394791358e-01 9.922843696533261149e-01
1.007115546273545381e-01 9.923240529479671057e-01
1.007040837516789689e-01 9.923635462282101027e-01
1.006966576157189847e-01 9.924028504038859833e-01
1.006892759248855101e-01 9.924419663804689984e-01
1.006819383867171291e-01 9.924808950590979784e-01
1.006746447108635839e-01 9.925196373365974267e-01
1.006673946090693161e-01 9.925581941054969493e-01
1.006601877951571744e-01 9.925965662540534584e-01
1.006530239850123576e-01 9.926347546662700472e-01
1.006459028965662611e-01 9.926727602219176383e-01
1.006388242497807117e-01 9.927105837965543023e-01
1.006317877666321192e-01 9.927482262615461295e-01
1.006247931710959193e-01 9.927856884840872143e-01
1.006178401891310303e-01 9.928229713272185286e-01
1.006109285486644911e-01 9.928600756498496827e-01
1.006040579795762224e-01 9.928970023067772432e-01
1.005972282136838730e-01 9.929337521487047180e-01
1.005904389847278452e-01 9.929703260222628725e-01
1.005836900283564317e-01 9.930067247700281596e-01
1.005769810821110222e-01 9.930429492305433703e-01
1.005703118854114619e-01 9.930790002383353965e-01
1.005636821795415775e-01 9.931148786239356596e-01
1.005570917076347437e-01 9.931505852138990953e-01
1.005505402146596172e-01 9.931861208308228051e-01
1.005440274474059675e-01 9.932214862933652633e-01
1.005375531544706047e-01 9.932566824162648578e-01
1.005311170862434600e-01 9.932917100103590968e-01
1.005247189948937775e-01 9.933265698826031498e-01
1.005183586343563890e-01 9.933612628360881658e-01
1.005120357603181414e-01 9.933957896700601475e-01
1.005057501302042966e-01 9.934301511799380480e-01
1.004995015031653199e-01 9.934643481573326440e-01
1.004932896400634879e-01 9.934983813900636340e-01
1.004871143034597597e-01 9.935322516621792888e-01
1.004809752576007881e-01 9.935659597539732157e-01
1.004748722684058182e-01 9.935995064420031220e-01
1.004688051034540036e-01 9.936328924991081335e-01
1.004627735319715276e-01 9.936661186944275581e-01
1.004567773248191270e-01 9.936991857934173167e-01
1.004508162544793803e-01 9.937320945578683729e-01
1.004448900950443840e-01 9.937648457459241635e-01
1.004389986222034015e-01 9.937974401120982515e-01
1.004331416132306365e-01 9.938298784072912007e-01
1.004273188469730488e-01 9.938621613788080067e-01
1.004215301038384189e-01 9.938942897703758605e-01
1.004157751657832609e-01 9.939262643221605797e-01
1.004100538163011508e-01 9.939580857707839279e-01
1.004043658404108613e-01 9.939897548493408230e-01
1.003987110246447600e-01 9.940212722874159912e-01
1.003930891570372214e-01 9.940526388111007305e-01
1.003875000271132328e-01 9.940838551430094538e-01
1.003819434258769461e-01 9.941149220022968969e-01
1.003764191458004218e-01 9.941458401046744386e-01
1.003709269808124999e-01 9.941766101624263108e-01
1.003654667262875999e-01 9.942072328844259177e-01
1.003600381790348134e-01 9.942377089761530451e-01
1.003546411372869263e-01 9.942680391397092921e-01
1.003492754006895943e-01 9.942982240738345023e-01
1.003439407702906155e-01 9.943282644739227516e-01
1.003386370485292861e-01 9.943581610320383346e-01
1.003333640392257975e-01 9.943879144369321965e-01
1.003281215475707866e-01 9.944175253740572540e-01
1.003229093801148997e-01 9.944469945255841603e-01
1.003177273447585088e-01 9.944763225704174037e-01
1.003125752507414287e-01 9.945055101842109613e-01
1.003074529086328132e-01 9.945345580393832874e-01
1.003023601303210804e-01 9.945634668051333005e-01
1.002972967290039485e-01 9.945922371474557044e-01
1.002922625191784017e-01 9.946208697291565315e-01
1.002872573166310455e-01 9.946493652098675753e-01
1.002822809384282254e-01 9.946777242460629331e-01
1.002773332029063963e-01 9.947059474910729948e-01
1.002724139296625322e-01 9.947340355950998747e-01
1.002675229395446205e-01 9.947619892052326218e-01
1.002626600546421831e-01 9.947898089654616527e-01
1.002578250982769509e-01 9.948174955166937394e-01
1.002530178949935513e-01 9.948450494967674418e-01
1.002482382705502939e-01 9.948724715404666519e-01
1.002434860519100940e-01 9.948997622795361373e-01
1.002387610672312718e-01 9.949269223426956410e-01
1.002340631458586845e-01 9.949539523556545362e-01
1.002293921183147196e-01 9.949808529411260372e-01
1.002247478162905381e-01 9.950076247188419654e-01
1.002201300726371785e-01 9.950342683055664050e-01
1.002155387213568977e-01 9.950607843151103582e-01
1.002109735975945659e-01 9.950871733583460665e-01
1.002064345376290633e-01 9.951134360432205561e-01
1.002019213788647445e-01 9.951395729747699592e-01
1.001974339598230845e-01 9.951655847551331702e-01
1.001929721201342133e-01 9.951914719835663892e-01
1.001885357005286858e-01 9.952172352564561120e-01
1.001841245428292670e-01 9.952428751673328966e-01
1.001797384899426463e-01 9.952683923068862404e-01
1.001753773858514718e-01 9.952937872629766813e-01
1.001710410756062458e-01 9.953190606206501201e-01
1.001667294053173035e-01 9.953442129621511425e-01
1.001624422221469857e-01 9.953692448669365644e-01
1.001581793743017840e-01 9.953941569116881993e-01
1.001539407110244861e-01 9.954189496703271800e-01
1.001497260825865293e-01 9.954436237140261712e-01
1.001455353402802562e-01 9.954681796112232472e-01
1.001413683364114349e-01 9.954926179276346598e-01
1.001372249242915569e-01 9.955169392262674943e-01
1.001331049582305233e-01 9.955411440674336587e-01
1.001290082935290676e-01 9.955652330087615409e-01
1.001249347864715394e-01 9.955892066052102196e-01
1.001208842943184935e-01 9.956130654090807885e-01
1.001168566752994871e-01 9.956368099700301233e-01
1.001128517886059055e-01 9.956604408350833157e-01
1.001088694943837593e-01 9.956839585486463307e-01
1.001049096537267175e-01 9.957073636525179960e-01
1.001009721286690024e-01 9.957306566859032149e-01
1.000970567821784646e-01 9.957538381854248444e-01
1.000931634781496715e-01 9.957769086851363527e-01
1.000892920813970799e-01 9.957998687165340312e-01
1.000854424576481244e-01 9.958227188085694292e-01
1.000816144735366398e-01 9.958454594876614552e-01
1.000778079965960327e-01 9.958680912777081451e-01
1.000740228952527455e-01 9.958906147000987641e-01
1.000702590388195534e-01 9.959130302737266849e-01
1.000665162974891526e-01 9.959353385150001570e-01
1.000627945423276099e-01 9.959575399378550742e-01
1.000590936452679380e-01 9.959796350537665210e-01
1.000554134791036970e-01 9.960016243717604301e-01
1.000517539174827636e-01 9.960235083984253501e-01
1.000481148349008920e-01 9.960452876379243259e-01
1.000444961066955935e-01 9.960669625920061110e-01
1.000408976090399471e-01 9.960885337600171585e-01
1.000373192189364241e-01 9.961100016389130563e-01
1.000337608142108509e-01 9.961313667232698510e-01
1.000302222735063307e-01 9.961526295052949287e-01
1.000267034762772900e-01 9.961737904748396710e-01
1.000232043027835110e-01 9.961948501194094474e-01
1.000197246340842477e-01 9.962158089241753833e-01
1.000162643520323552e-01 9.962366673719857957e-01
1.000128233392685168e-01 9.962574259433765178e-01
1.000094014792154984e-01 9.962780851165831120e-01
1.000059986560723896e-01 9.962986453675505283e-01
1.000026147548089689e-01 9.963191071699455392e-01
9.999924966116005565e-02 9.963394709951660655e-01
9.999590326161998666e-02 9.963597373123536105e-01
9.999257544343699566e-02 9.963799065884029194e-01
9.998926609460782877e-02 9.963999792879734141e-01
9.998597510387217946e-02 9.964199558734992968e-01
9.998270236070737338e-02 9.964398368052008736e-01
9.997944775532296990e-02 9.964596225410946584e-01
9.997621117865541918e-02 9.964793135370039190e-01
9.997299252236284406e-02 9.964989102465695581e-01
9.996979167881972494e-02 9.965184131212603269e-01
9.996660854111177885e-02 9.965378226103830395e-01
9.996344300303072750e-02 9.965571391610935637e-01
9.996029495906925966e-02 9.965763632184061471e-01
9.995716430441586864e-02 9.965954952252045196e-01
9.995405093494987014e-02 9.966145356222517737e-01
9.995095474723642015e-02 9.966334848482004682e-01
9.994787563852149115e-02 9.966523433396028420e-01
9.994481350672702880e-02 9.966711115309208058e-01
9.994176825044599755e-02 9.966897898545359347e-01
9.993873976893759281e-02 9.967083787407594597e-01
9.993572796212241149e-02 9.967268786178421491e-01
9.993273273057766415e-02 9.967452899119845222e-01
9.992975397553248429e-02 9.967636130473457312e-01
9.992679159886320994e-02 9.967818484460546635e-01
9.992384550308873459e-02 9.967999965282186015e-01
9.992091559136584422e-02 9.968180577119328811e-01
9.991800176748472095e-02 9.968360324132916617e-01
9.991510393586428007e-02 9.968539210463962519e-01
9.991222200154775690e-02 9.968717240233652133e-01
9.990935587019816877e-02 9.968894417543441300e-01
9.990650544809387412e-02 9.969070746475140465e-01
9.990367064212418713e-02 9.969246231091022370e-01
9.990085135978495068e-02 9.969420875433904206e-01
9.989804750917426202e-02 9.969594683527246426e-01
9.989525899898810124e-02 9.969767659375246005e-01
9.989248573851611246e-02 9.969939806962921924e-01
9.988972763763730167e-02 9.970111130256218424e-01
9.988698460681584568e-02 9.970281633202083826e-01
9.988425655709697037e-02 9.970451319728573791e-01
9.988154340010270416e-02 9.970620193744929027e-01
9.987884504802786723e-02 9.970788259141678544e-01
9.987616141363590827e-02 9.970955519790715149e-01
9.987349241025489377e-02 9.971121979545399805e-01
9.987083795177348344e-02 9.971287642240636018e-01
9.986819795263697508e-02 9.971452511692968645e-01
9.986557232784326610e-02 9.971616591700668275e-01
9.986296099293898165e-02 9.971779886043815599e-01
9.986036386401558884e-02 9.971942398484393566e-01
9.985778085770552481e-02 9.972104132766369533e-01
9.985521189117829710e-02 9.972265092615788529e-01
9.985265688213679214e-02 9.972425281740848746e-01
9.985011574881338947e-02 9.972584703831999242e-01
9.984758840996624252e-02 9.972743362562012104e-01
9.984507478487561483e-02 9.972901261586073485e-01
9.984257479334010532e-02 9.973058404541872424e-01
9.984008835567304008e-02 9.973214795049678560e-01
9.983761539269883634e-02 9.973370436712423182e-01
9.983515582574935265e-02 9.973525333115788039e-01
9.983270957666033618e-02 9.973679487828287504e-01
9.983027656776788383e-02 9.973832904401345179e-01
9.982785672190488957e-02 9.973985586369382705e-01
9.982544996239757495e-02 9.974137537249898600e-01
9.982305621306197807e-02 9.974288760543544852e-01
9.982067539820056734e-02 9.974439259734215746e-01
9.981830744259874433e-02 9.974589038289121135e-01
9.981595227152152694e-02 9.974738099658868595e-01
9.981360981071013549e-02 9.974886447277545587e-01
9.981127998637867593e-02 9.975034084562796055e-01
9.980896272521078139e-02 9.975181014915898148e-01
9.980665795435639254e-02 9.975327241721844151e-01
9.980436560142842695e-02 9.975472768349418207e-01
9.980208559449960104e-02 9.975617598151275134e-01
9.979981786209915495e-02 9.975761734464013708e-01
9.979756233320967451e-02 9.975905180608258815e-01
9.979531893726394098e-02 9.976047939888734728e-01
9.979308760414179469e-02 9.976190015594341709e-01
9.979086826416698475e-02 9.976331410998230398e-01
9.978866084810411596e-02 9.976472129357879526e-01
9.978646528715551245e-02 9.976612173915172521e-01
9.978428151295826165e-02 9.976751547896469674e-01
9.978210945758109185e-02 9.976890254512680301e-01
9.977994905352144395e-02 9.977028296959337128e-01
9.977780023370241835e-02 9.977165678416676231e-01
9.977566293146990228e-02 9.977302402049705865e-01
9.977353708058958603e-02 9.977438471008276411e-01
9.977142261524403477e-02 9.977573888427158089e-01
9.976931947002984358e-02 9.977708657426107575e-01
9.976722757995470925e-02 9.977842781109952375e-01
9.976514688043466861e-02 9.977976262568641896e-01
9.976307730729118417e-02 9.978109104877336266e-01
9.976101879674838246e-02 9.978241311096470723e-01
9.975897128543027848e-02 9.978372884271825560e-01
9.975693471035798621e-02 9.978503827434598294e-01
9.975490900894701252e-02 9.978634143601470274e-01
9.975289411900446768e-02 9.978763835774676627e-01
9.975088997872647023e-02 9.978892906942083973e-01
9.974889652669537143e-02 9.979021360077243719e-01
9.974691370187714623e-02 9.979149198139474208e-01
9.974494144361872872e-02 9.979276424073925122e-01
9.974297969164540312e-02 9.979403040811640757e-01
9.974102838605819477e-02 9.979529051269629969e-01
9.973908746733134434e-02 9.979654458350938340e-01
9.973715687630961557e-02 9.979779264944707018e-01
9.973523655420590828e-02 9.979903473926245994e-01
9.973332644259862156e-02 9.980027088157094051e-01
9.973142648342919747e-02 9.980150110485092041e-01
9.972953661899963684e-02 9.980272543744442837e-01
9.972765679197001520e-02 9.980394390755777945e-01
9.972578694535604027e-02 9.980515654326224118e-01
9.972392702252660945e-02 9.980636337249466639e-01
9.972207696720142289e-02 9.980756442305812604e-01
9.972023672344858258e-02 9.980875972262257534e-01
9.971840623568217765e-02 9.980994929872547550e-01
9.971658544866000840e-02 9.981113317877242652e-01
9.971477430748114379e-02 9.981231139003782227e-01
9.971297275758367329e-02 9.981348395966543885e-01
9.971118074474234760e-02 9.981465091466907857e-01
9.970939821506635825e-02 9.981581228193321387e-01
9.970762511499697833e-02 9.981696808821358680e-01
9.970586139130539760e-02 9.981811836013779748e-01
9.970410699109039099e-02 9.981926312420597025e-01
9.970236186177616755e-02 9.982040240679133092e-01
9.970062595111012227e-02 9.982153623414082855e-01
9.969889920716069887e-02 9.982266463237574605e-01
9.969718157831515548e-02 9.982378762749224421e-01
9.969547301327744138e-02 9.982490524536207221e-01
9.969377346106604587e-02 9.982601751173304505e-01
9.969208287101186117e-02 9.982712445222972075e-01
9.969040119275612843e-02 9.982822609235395550e-01
9.968872837624825900e-02 9.982932245748548095e-01
9.968706437174384982e-02 9.983041357288251483e-01
9.968540912980250468e-02 9.983149946368234939e-01
9.968376260128593291e-02 9.983258015490187320e-01
9.968212473735577062e-02 9.983365567143823727e-01
9.968049548947166549e-02 9.983472603806932133e-01
9.967887480938919520e-02 9.983579127945441112e-01
9.967726264915799383e-02 9.983685142013468683e-01
9.967565896111964252e-02 9.983790648453382266e-01
9.967406369790579590e-02 9.983895649695856411e-01
9.967247681243621149e-02 9.984000148159923871e-01
9.967089825791682067e-02 9.984104146253038881e-01
9.966932798783784131e-02 9.984207646371122680e-01
9.966776595597180710e-02 9.984310650898627904e-01
9.966621211637174960e-02 9.984413162208591874e-01
9.966466642336929693e-02 9.984515182662683230e-01
9.966312883157280034e-02 9.984616714611265209e-01
9.966159929586550226e-02 9.984717760393448938e-01
9.966007777140373225e-02 9.984818322337140062e-01
9.965856421361499184e-02 9.984918402759102030e-01
9.965705857819626146e-02 9.985018003965006050e-01
9.965556082111214076e-02 9.985117128249479945e-01
9.965407089859307233e-02 9.985215777896162548e-01
9.965258876713362080e-02 9.985313955177763656e-01
9.965111438349065487e-02 9.985411662356105111e-01
9.964964770468162647e-02 9.985508901682184080e-01
9.964818868798287765e-02 9.985605675396214131e-01
9.964673729092787813e-02 9.985701985727684082e-01
9.964529347130554604e-02 9.985797834895407954e-01
9.964385718715854101e-02 9.985893225107577154e-01
9.964242839678161268e-02 9.985988158561804884e-01
9.964100705871986596e-02 9.986082637445184984e-01
9.963959313176723454e-02 9.986176663934338560e-01
9.963818657496470443e-02 9.986270240195462833e-01
9.963678734759871813e-02 9.986363368384386652e-01
9.963539540919962023e-02 9.986456050646610461e-01
9.963401071953997823e-02 9.986548289117366251e-01
9.963263323863304211e-02 9.986640085921660859e-01
9.963126292673107898e-02 9.986731443174324818e-01
9.962989974432390206e-02 9.986822362980061207e-01
9.962854365213723307e-02 9.986912847433497831e-01
9.962719461113116182e-02 9.987002898619230518e-01
9.962585258249864739e-02 9.987092518611875303e-01
9.962451752766397772e-02 9.987181709476115055e-01
9.962318940828120140e-02 9.987270473266743886e-01
9.962186818623269824e-02 9.987358812028717114e-01
9.962055382362762501e-02 9.987446727797202328e-01
9.961924628280045824e-02 9.987534222597616029e-01
9.961794552630953703e-02 9.987621298445682472e-01
9.961665151693552267e-02 9.987707957347468080e-01
9.961536421768006633e-02 9.987794201299438068e-01
9.961408359176426863e-02 9.987880032288497523e-01
9.961280960262727802e-02 9.987965452292036916e-01
9.961154221392490293e-02 9.988050463277977631e-01
9.961028138952814082e-02 9.988135067204819695e-01
9.960902709352181805e-02 9.988219266021682863e-01
9.960777929020318833e-02 9.988303061668356575e-01
9.960653794408054484e-02 9.988386456075342146e-01
9.960530301987186030e-02 9.988469451163892732e-01
9.960407448250342688e-02 9.988552048846068843e-01
9.960285229710848232e-02 9.988634251024769428e-01
9.960163642902590542e-02 9.988716059593785168e-01
9.960042684379882827e-02 9.988797476437838441e-01
9.959922350717337336e-02 9.988878503432624401e-01
9.959802638509729356e-02 9.988959142444860939e-01
9.959683544371872310e-02 9.989039395332324212e-01
9.959565064938480372e-02 9.989119263943898597e-01
9.959447196864046337e-02 9.989198750119610004e-01
9.959329936822712559e-02 9.989277855690679164e-01
9.959213281508139115e-02 9.989356582479552715e-01
9.959097227633390004e-02 9.989434932299957604e-01
9.958981771930791593e-02 9.989512906956931060e-01
9.958866911151822987e-02 9.989590508246869449e-01
9.958752642066986960e-02 9.989667737957569349e-01
9.958638961465687833e-02 9.989744597868260856e-01
9.958525866156105188e-02 9.989821089749659766e-01
9.958413352965085619e-02 9.989897215364001992e-01
9.958301418738012278e-02 9.989972976465085752e-01
9.958190060338686922e-02 9.990048374798310427e-01
9.958079274649217494e-02 9.990123412100716527e-01
9.957969058569894616e-02 9.990198090101031214e-01
9.957859409019083341e-02 9.990272410519700497e-01
9.957750322933096865e-02 9.990346375068935858e-01
9.957641797266089667e-02 9.990419985452747564e-01
9.957533828989940938e-02 9.990493243366984633e-01
9.957426415094142169e-02 9.990566150499380349e-01
9.957319552585683353e-02 9.990638708529584466e-01
9.957213238488943352e-02 9.990710919129204282e-01
9.957107469845574710e-02 9.990782783961842384e-01
9.957002243714402345e-02 9.990854304683137732e-01
9.956897557171306978e-02 9.990925482940797853e-01
9.956793407309116883e-02 9.990996320374645467e-01
9.956689791237505194e-02 9.991066818616646250e-01
9.956586706082874716e-02 9.991136979290954345e-01
9.956484148988262173e-02 9.991206804013946785e-01
9.956382117113224406e-02 9.991276294394262347e-01
9.956280607633738455e-02 9.991345452032832641e-01
9.956179617742091925e-02 9.991414278522929848e-01
9.956079144646787227e-02 9.991482775450191145e-01
9.955979185572433332e-02 9.991550944392664224e-01
9.955879737759648629e-02 9.991618786920840600e-01
9.955780798464952674e-02 9.991686304597691137e-01
9.955682364960671826e-02 9.991753498978703796e-01
9.955584434534839322e-02 9.991820371611916940e-01
9.955487004491093972e-02 9.991886924037959306e-01
9.955390072148581626e-02 9.991953157790077755e-01
9.955293634841859418e-02 9.992019074394181688e-01
9.955197689920797233e-02 9.992084675368871904e-01
9.955102234750484724e-02 9.992149962225480575e-01
9.955007266711127234e-02 9.992214936468098996e-01
9.954912783197961135e-02 9.992279599593618666e-01
9.954818781621155299e-02 9.992343953091764597e-01
9.954725259405711180e-02 9.992407998445126394e-01
9.954632213991385092e-02 9.992471737129193787e-01
9.954539642832577195e-02 9.992535170612395490e-01
9.954447543398256548e-02 9.992598300356126950e-01
9.954355913171857029e-02 9.992661127814784772e-01
9.954264749651192679e-02 9.992723654435803349e-01
9.954174050348371661e-02 9.992785881659683733e-01
9.954083812789697727e-02 9.992847810920032492e-01
9.953994034515589728e-02 9.992909443643589462e-01
9.953904713080491407e-02 9.992970781250264389e-01
9.953815846052777028e-02 9.993031825153168013e-01
9.953727431014680604e-02 9.993092576758642043e-01
9.953639465562189037e-02 9.993153037466300237e-01
9.953551947304975500e-02 9.993213208669047276e-01
9.953464873866302298e-02 9.993273091753120951e-01
9.953378242882941762e-02 9.993332688098124361e-01
9.953292052005087431e-02 9.993391999077049226e-01
9.953206298896279114e-02 9.993451026056319186e-01
9.953120981233312681e-02 9.993509770395809788e-01
9.953036096706159574e-02 9.993568233448888449e-01
9.952951643017887706e-02 9.993626416562438886e-01
9.952867617884579576e-02 9.993684321076898858e-01
9.952784019035247620e-02 9.993741948326285707e-01
9.952700844211760656e-02 9.993799299638232991e-01
9.952618091168762005e-02 9.993856376334010472e-01
9.952535757673586225e-02 9.993913179728567409e-01
9.952453841506186949e-02 9.993969711130551437e-01
9.952372340459060551e-02 9.994025971842349643e-01
9.952291252337158722e-02 9.994081963160107440e-01
9.952210574957823241e-02 9.994137686373768537e-01
9.952130306150701322e-02 9.994193142767094917e-01
9.952050443757674836e-02 9.994248333617707925e-01
9.951970985632783984e-02 9.994303260197107130e-01
9.951891929642150969e-02 9.994357923770702534e-01
9.951813273663909221e-02 9.994412325597848978e-01
9.951735015588125677e-02 9.994466466931869464e-01
9.951657153316730009e-02 9.994520349020084016e-01
9.951579684763442457e-02 9.994573973103841880e-01
9.951502607853700277e-02 9.994627340418548167e-01
9.951425920524584190e-02 9.994680452193693831e-01
9.951349620724753153e-02 9.994733309652880093e-01
9.951273706414369424e-02 9.994785914013850636e-01
9.951198175565025006e-02 9.994838266488517142e-01
9.951123026159680585e-02 9.994890368282989268e-01
9.951048256192589203e-02 9.994942220597601290e-01
9.950973863669226871e-02 9.994993824626938750e-01
9.950899846606231502e-02 9.995045181559870651e-01
9.950826203031329364e-02 9.995096292579570552e-01
9.950752930983264299e-02 9.995147158863545434e-01
9.950680028511740827e-02 9.995197781583666785e-01
9.950607493677349202e-02 9.995248161906192808e-01
9.950535324551498806e-02 9.995298300991799501e-01
9.950463519216361241e-02 9.995348199995602867e-01
9.950392075764795397e-02 9.995397860067187779e-01
9.950320992300287770e-02 9.995447282350637952e-01
9.950250266936888632e-02 9.995496467984555933e-01
9.950179897799141249e-02 9.995545418102093072e-01
9.950109883022029145e-02 9.995594133830975059e-01
9.950040220750905329e-02 9.995642616293527460e-01
9.949970909141431230e-02 9.995690866606700142e-01
9.949901946359514249e-02 9.995738885882098357e-01
9.949833330581248081e-02 9.995786675226001616e-01
9.949765059992847493e-02 9.995834235739391449e-01
9.949697132790592813e-02 9.995881568517983595e-01
9.949629547180764699e-02 9.995928674652240220e-01
9.949562301379583085e-02 9.995975555227404330e-01
9.949495393613151661e-02 9.996022211323523088e-01
9.949428822117398208e-02 9.996068644015473348e-01
9.949362585138010751e-02 9.996114854372982750e-01
9.949296680930380665e-02 9.996160843460655254e-01
9.949231107759548554e-02 9.996206612338003339e-01
9.949165863900144569e-02 9.996252162059460211e-01
9.949100947636328740e-02 9.996297493674413115e-01
9.949036357261731300e-02 9.996342608227224424e-01
9.948972091079404112e-02 9.996387506757254959e-01
9.948908147401758217e-02 9.996432190298887299e-01
9.948844524550511104e-02 9.996476659881555760e-01
9.948781220856627028e-02 9.996520916529758605e-01
9.948718234660264281e-02 9.996564961263094684e-01
9.948655564310723842e-02 9.996608795096277866e-01
9.948593208166386925e-02 9.996652419039163684e-01
9.948531164594667797e-02 9.996695834096771538e-01
9.948469431971956878e-02 9.996739041269310233e-01
9.948408008683568005e-02 9.996782041552197962e-01
9.948346893123684309e-02 9.996824835936085618e-01
9.948286083695306870e-02 9.996867425406884555e-01
9.948225578810199199e-02 9.996909810945779906e-01
9.948165376888844225e-02 9.996951993529261671e-01
9.948105476360377675e-02 9.996993974129143590e-01
9.948045875662551996e-02 9.997035753712587569e-01
9.947986573241673902e-02 9.997077333242120334e-01
9.947927567552559969e-02 9.997118713675665624e-01
9.947868857058483893e-02 9.997159895966555299e-01
9.947810440231126539e-02 9.997200881063558198e-01
9.947752315550528746e-02 9.997241669910900130e-01
9.947694481505035824e-02 9.997282263448283857e-01
9.947636936591254531e-02 9.997322662610919064e-01
9.947579679314004497e-02 9.997362868329527918e-01
9.947522708186262719e-02 9.997402881530381702e-01
9.947466021729123309e-02 9.997442703135317466e-01
9.947409618471744763e-02 9.997482334061755793e-01
9.947353496951305551e-02 9.997521775222725227e-01
9.947297655712955544e-02 9.997561027526880029e-01
9.947242093309767441e-02 9.997600091878529049e-01
9.947186808302693750e-02 9.997638969177643498e-01
9.947131799260515439e-02 9.997677660319893578e-01
9.947077064759801690e-02 9.997716166196652932e-01
9.947022603384862716e-02 9.997754487695033054e-01
9.946968413727698410e-02 9.997792625697894398e-01
9.946914494387963657e-02 9.997830581083870793e-01
9.946860843972912813e-02 9.997868354727389439e-01
9.946807461097363634e-02 9.997905947498688661e-01
9.946754344383648694e-02 9.997943360263842338e-01
9.946701492461570981e-02 9.997980593884776557e-01
9.946648903968363653e-02 9.998017649219289593e-01
9.946596577548641460e-02 9.998054527121073010e-01
9.946544511854364667e-02 9.998091228439727196e-01
9.946492705544787705e-02 9.998127754020791347e-01
9.946441157286424473e-02 9.998164104705751232e-01
9.946389865753002546e-02 9.998200281332064732e-01
9.946338829625420153e-02 9.998236284733177381e-01
9.946288047591704540e-02 9.998272115738546795e-01
9.946237518346973117e-02 9.998307775173655987e-01
9.946187240593390433e-02 9.998343263860040020e-01
9.946137213040125158e-02 9.998378582615293775e-01
9.946087434403315386e-02 9.998413732253104147e-01
9.946037903406021452e-02 9.998448713583256708e-01
9.945988618778189849e-02 9.998483527411662353e-01
9.945939579256610208e-02 9.998518174540371728e-01
9.945890783584880601e-02 9.998552655767594111e-01
9.945842230513361748e-02 9.998586971887719610e-01
9.945793918799143707e-02 9.998621123691330270e-01
9.945745847206002854e-02 9.998655111965226716e-01
9.945698014504365803e-02 9.998688937492442586e-01
9.945650419471269155e-02 9.998722601052257852e-01
9.945603060890320646e-02 9.998756103420221031e-01
9.945555937551665837e-02 9.998789445368173601e-01
9.945509048251943707e-02 9.998822627664253337e-01
9.945462391794256118e-02 9.998855651072926509e-01
9.945415966988122025e-02 9.998888516354994538e-01
9.945369772649451101e-02 9.998921224267617314e-01
9.945323807600497945e-02 9.998953775564329849e-01
9.945278070669828774e-02 9.998986170995057821e-01
9.945232560692288115e-02 9.999018411306137555e-01
9.945187276508957175e-02 9.999050497240328239e-01
9.945142216967123305e-02 9.999082429536836347e-01
9.945097380920236985e-02 9.999114208931325631e-01
9.945052767227889612e-02 9.999145836155942657e-01
9.945008374755760772e-02 9.999177311939323465e-01
9.944964202375598805e-02 9.999208637006614664e-01
9.944920248965176401e-02 9.999239812079492307e-01
9.944876513408261454e-02 9.999270837876177431e-01
9.944832994594579589e-02 9.999301715111452715e-01
9.944789691419780864e-02 9.999332444496674688e-01
9.944746602785409229e-02 9.999363026739798155e-01
9.944703727598863674e-02 9.999393462545383970e-01
9.944661064773363535e-02 9.999423752614623462e-01
9.944618613227924897e-02 9.999453897645345091e-01
9.944576371887318966e-02 9.999483898332041099e-01
9.944534339682040147e-02 9.999513755365876388e-01
9.944492515548275513e-02 9.999543469434704068e-01
9.944450898427875662e-02 9.999573041223088765e-01
9.944409487268311698e-02 9.999602471412309956e-01
9.944368281022655798e-02 9.999631760680391945e-01
9.944327278649540969e-02 9.999660909702108302e-01
9.944286479113134680e-02 9.999689919149004069e-01
9.944245881383101393e-02 9.999718789689406861e-01
9.944205484434576192e-02 9.999747521988443522e-01
9.944165287248135643e-02 9.999776116708058993e-01
9.944125288809760321e-02 9.999804574507027422e-01
9.944085488110808446e-02 9.999832896040966590e-01
9.944045884147983960e-02 9.999861081962354570e-01
9.944006475923307387e-02 9.999889132920549706e-01
9.943967262444086685e-02 9.999917049561799498e-01
9.943928242722882560e-02 9.999944832529253924e-01
9.943889415777484864e-02 9.999972482462984313e-01
9.943850780630879294e-02 1.000000000000000000e+00
