8.587885832153427934e-01 4.352003916526149263e-01
8.645798128107508029e-01 4.392918591583585552e-01
8.701783547092337701e-01 4.433199832160025222e-01
8.755901068538954890e-01 4.472857371139093430e-01
8.808207855714086376e-01 4.511901062704254395e-01
8.858759280781530743e-01 4.550340857186770394e-01
8.907608954460319861e-01 4.588186777545369410e-01
8.954808759488375181e-01 4.625448897456782560e-01
9.000408887186999163e-01 4.662137320983064104e-01
9.044457876501561522e-01 4.698262163771060318e-01
9.087002654967299975e-01 4.733833535731117315e-01
9.128088581116259315e-01 4.768861525135906221e-01
9.167759487902444882e-01 4.803356184075756041e-01
9.206057726777465700e-01 4.837327515203911910e-01
9.243024212098658321e-01 4.870785459703400599e-01
9.278698465596348921e-01 4.903739886406529580e-01
9.313118660666723780e-01 4.936200581998237413e-01
9.346321666292363162e-01 4.968177242235439217e-01
9.378343090423926220e-01 4.999679464115964755e-01
9.409217322684424456e-01 5.030716738932643484e-01
9.438977576281996074e-01 5.061298446150325203e-01
9.467655929038728546e-01 5.091433848046150734e-01
9.495283363461862747e-01 5.121132085056070427e-01
9.521889805800258788e-01 5.150402171773419413e-01
9.547504164043202346e-01 5.179252993548181250e-01
9.572154364831035878e-01 5.207693303638476490e-01
9.595867389257719537e-01 5.235731720868648242e-01
9.618669307554562620e-01 5.263376727751110096e-01
9.640585312652104610e-01 5.290636669031867356e-01
9.661639752623760735e-01 5.317519750622261565e-01
9.681856162020324730e-01 5.344034038882021775e-01
9.701257292109091157e-01 5.370187460221166331e-01
9.719865140035164330e-01 5.395987800990594829e-01
9.737700976925623975e-01 5.421442707633428171e-01
9.754785374959754618e-01 5.446559687071242939e-01
9.771138233430496367e-01 5.471346107301303663e-01
9.786778803823823480e-01 5.495809198182738387e-01
9.801725713943856277e-01 5.519956052391377099e-01
9.815996991112332370e-01 5.543793626524532447e-01
9.829610084471521736e-01 5.567328742338588654e-01
9.842581886419969894e-01 5.590568088103619049e-01
9.854928753210444592e-01 5.613518220060612629e-01
9.866666524739381439e-01 5.636185563968086898e-01
9.877810543556784229e-01 5.658576416726014413e-01
9.888375673125202603e-01 5.680696948066029650e-01
9.898376315355852384e-01 5.702553202297868662e-01
9.907826427449386575e-01 5.724151100102887746e-01
9.916739538068172211e-01 5.745496440366343327e-01
9.925128762866261001e-01 5.766594902040862447e-01
9.933006819402451226e-01 5.787452046034283759e-01
9.940386041461126698e-01 5.808073317115640677e-01
9.947278392804769220e-01 5.828464045833716689e-01
9.953695480381237193e-01 5.848629450443103561e-01
9.959648567008113629e-01 5.868574638833222723e-01
9.965148583555650807e-01 5.888304610456250865e-01
9.970206140649019444e-01 5.907824258250253813e-01
9.974831539909836398e-01 5.927138370554312363e-01
9.979034784756131149e-01 5.946251633012695770e-01
9.982825590779200731e-01 5.965168630465509381e-01
9.986213395715047847e-01 5.983893848823542694e-01
9.989207369027385264e-01 6.002431676925291670e-01
9.991816421118511204e-01 6.020786408374397825e-01
9.994049212183653275e-01 6.038962243355963100e-01
9.995914160723765596e-01 6.056963290430413815e-01
9.997419451731108797e-01 6.074793568303760161e-01
9.998573044561320788e-01 6.092457007573284233e-01
9.999382680505145560e-01 6.109957452447843940e-01
9.999855890072367748e-01 6.127298662442084431e-01
1.000000000000000000e+00 6.144484314044051931e-01
9.999822139996213943e-01 6.161518002355726997e-01
9.999329249231045935e-01 6.178403242706178577e-01
9.998528082584353660e-01 6.195143472237074622e-01
9.997425216661144365e-01 6.211742051460414915e-01
9.996027055583860399e-01 6.228202265788391756e-01
9.994339836570810265e-01 6.244527327035384046e-01
9.992369635309583664e-01 6.260720374892110307e-01
9.990122371133794976e-01 6.276784478372076093e-01
9.987603812011238702e-01 6.292722637230439009e-01
9.984819579351101870e-01 6.308537783355514517e-01
9.981775152637615278e-01 6.324232782133136777e-01
9.978475873897106885e-01 6.339810433784149879e-01
9.974926952005216396e-01 6.355273474675328105e-01
9.971133466840654824e-01 6.370624578604050514e-01
9.967100373291655213e-01 6.385866358057060710e-01
9.962832505120974291e-01 6.401001365443702573e-01
9.958334578695042794e-01 6.416032094303983913e-01
9.953611196582645704e-01 6.430960980491883250e-01
9.948666851028246105e-01 6.445790403334294982e-01
9.943505927304856495e-01 6.460522686766035916e-01
9.938132706951158246e-01 6.475160100441332833e-01
9.932551370897357845e-01 6.489704860822215204e-01
9.926766002484067597e-01 6.504159132244252683e-01
9.920780590378326380e-01 6.518525027960077045e-01
9.914599031390697315e-01 6.532804611161111552e-01
9.908225133197208212e-01 6.546999895977960726e-01
9.901662616969731934e-01 6.561112848459887958e-01
9.894915119918273883e-01 6.575145387533823937e-01
9.887986197748461770e-01 6.589099385943332221e-01
9.880879327037397353e-01 6.602976671167970490e-01
9.873597907530938800e-01 6.616779026323467150e-01
9.866145264365270284e-01 6.630508191043141819e-01
9.858524650215585439e-01 6.644165862340983830e-01
9.850739247374540319e-01 6.657753695456810616e-01
9.842792169763022736e-01 6.671273304683886796e-01
9.834686464875723733e-01 6.684726264179454702e-01
9.826425115663823817e-01 6.698114108758513874e-01
9.818011042357087659e-01 6.711438334671289141e-01
9.809447104227513314e-01 6.724700400364731490e-01
9.800736101296617653e-01 6.737901727228460258e-01
9.791880775988353047e-01 6.751043700325487507e-01
9.782883814729570471e-01 6.764127669108106478e-01
9.773747849499860862e-01 6.777154948119288314e-01
9.764475459332550011e-01 6.790126817679945637e-01
9.755069171768534497e-01 6.803044524562388284e-01
9.745531464264579613e-01 6.815909282650318701e-01
9.735864765557660228e-01 6.828722273585693392e-01
9.726071456986844499e-01 6.841484647402759078e-01
9.716153873774138194e-01 6.854197523149582194e-01
9.706114306265729574e-01 6.866861989497382579e-01
9.695955001134913820e-01 6.879479105337961142e-01
9.685678162548032599e-01 6.892049900369515703e-01
9.675285953294628927e-01 6.904575375671127002e-01
9.664780495883019684e-01 6.917056504266202444e-01
9.654163873602437107e-01 6.929494231675132898e-01
9.643438131552825032e-01 6.941889476457434593e-01
9.632605277643357944e-01 6.954243130743641421e-01
9.621667283560721984e-01 6.966556060757178592e-01
9.610626085708100508e-01 6.978829107326487424e-01
9.599483586115852285e-01 6.991063086387607761e-01
9.588241653324772740e-01 7.003258789477490032e-01
9.576902123242826415e-01 7.015416984218223462e-01
9.565466799976197754e-01 7.027538414792423582e-01
9.553937456635471781e-01 7.039623802409993303e-01
9.542315836117751804e-01 7.051673845766446291e-01
9.530603651865442449e-01 7.063689221493028025e-01
9.518802588602477410e-01 7.075670584598791057e-01
9.506914303048645820e-01 7.087618568904854310e-01
9.494940424612755558e-01 7.099533787471004054e-01
9.482882556065248547e-01 7.111416833014836403e-01
9.470742274190936394e-01 7.123268278323605651e-01
9.458521130422447021e-01 7.135088676658959406e-01
9.446220651455007333e-01 7.146878562154709291e-01
9.433842339843095948e-01 7.158638450207822634e-01
9.421387674579557725e-01 7.170368837862771683e-01
9.408858111657695256e-01 7.182070204189400231e-01
9.396255084616863540e-01 7.193743010654453096e-01
9.383580005072066355e-01 7.205387701486918317e-01
9.370834263228040584e-01 7.217004704037309759e-01
9.358019228378298138e-01 7.228594429131030008e-01
9.345136249389570660e-01 7.240157271415944562e-01
9.332186655172113321e-01 7.251693609704304988e-01
9.319171755136274049e-01 7.263203807309112081e-01
9.306092839635750069e-01 7.274688212375077789e-01
9.292951180397927002e-01 7.286147158204266949e-01
9.279748030941685766e-01 7.297580963576558721e-01
9.266484626983050310e-01 7.308989933065014322e-01
9.253162186829038127e-01 7.320374357346266514e-01
9.239781911760061028e-01 7.331734513506033002e-01
9.226344986401225912e-01 7.343070665339844760e-01
9.212852579082844162e-01 7.354383063649095886e-01
9.199305842190499405e-01 7.365671946532490466e-01
9.185705912504942283e-01 7.376937539673003030e-01
9.172053911532146442e-01 7.388180056620395897e-01
9.158350945823813261e-01 7.399399699069429959e-01
9.144598107288572919e-01 7.410596657133802223e-01
9.130796473494199317e-01 7.421771109615924455e-01
9.116947107961077545e-01 7.432923224272584006e-01
9.103051060447191478e-01 7.444053158076600063e-01
9.089109367224869063e-01 7.455161057474509745e-01
9.075123051349550662e-01 7.466247058640370637e-01
9.061093122920785836e-01 7.477311287725741940e-01
9.047020579335713908e-01 7.488353861105920828e-01
9.032906405535233718e-01 7.499374885622468456e-01
9.018751574243081270e-01 7.510374458822103305e-01
9.004557046198026216e-01 7.521352669192030715e-01
8.990323770379390345e-01 7.532309596391734141e-01
8.976052684226089040e-01 7.543245311481314719e-01
8.961744713849365551e-01 7.554159877146402469e-01
8.947400774239439025e-01 7.565053347919716842e-01
8.933021769466222839e-01 7.575925770399297710e-01
8.918608592874291974e-01 7.586777183463480068e-01
8.904162127272269300e-01 7.597607618482644654e-01
8.889683245116812849e-01 7.608417099527781113e-01
8.875172808691335069e-01 7.619205643575930331e-01
8.860631670279646155e-01 7.629973260712521466e-01
8.846060672334640218e-01 7.640719954330664754e-01
8.831460647642194184e-01 7.651445721327414518e-01
8.816832419480415961e-01 7.662150552297074535e-01
8.802176801774377335e-01 7.672834431721551329e-01
8.787494599246481464e-01 7.683497338157800893e-01
8.772786607562578221e-01 7.694139244422405488e-01
8.758053613473968380e-01 7.704760117773319372e-01
8.743296394955419881e-01 7.715359920088799006e-01
8.728515721339308309e-01 7.725938608043564360e-01
8.713712353446022574e-01 7.736496133282215748e-01
8.698887043710714639e-01 7.747032442589927292e-01
8.684040536306542046e-01 7.757547478060472512e-01
8.669173567264485403e-01 7.768041177261573171e-01
8.654286864589858519e-01 7.778513473397626887e-01
8.639381148375606667e-01 7.788964295469829047e-01
8.624457130912505098e-01 7.799393568433710122e-01
8.609515516796334422e-01 7.809801213354133909e-01
8.594557003032146092e-01 7.820187147557750018e-01
8.579582279135703482e-01 7.830551284782950594e-01
8.564592027232177385e-01 7.840893535327341235e-01
8.549586922152198065e-01 7.851213806192762767e-01
8.534567631525338260e-01 7.861512001227861646e-01
8.519534815871111499e-01 7.871788021268262270e-01
8.504489128687563460e-01 7.882041764274334561e-01
8.489431216537538516e-01 7.892273125466598982e-01
8.474361719132689208e-01 7.902481997458774554e-01
8.459281269415305227e-01 7.912668270388506508e-01
8.444190493638035200e-01 7.922831832045778011e-01
8.429090011441564556e-01 7.932972567999028168e-01
8.413980435930321633e-01 7.943090361719017389e-01
8.398862373746268650e-01 7.953185094700420121e-01
8.383736425140853044e-01 7.963256646581208242e-01
8.368603184045174670e-01 7.973304895259809566e-01
8.353463238138413294e-01 7.983329717010075877e-01
8.338317168914607391e-01 7.993330986594081589e-01
8.323165551747806479e-01 8.003308577372760801e-01
8.308008955955670238e-01 8.013262361414413837e-01
8.292847944861564402e-01 8.023192209601089919e-01
8.277683075855197803e-01 8.033097991732864873e-01
8.262514900451863875e-01 8.042979576630053806e-01
8.247343964350315471e-01 8.052836832233342124e-01
8.232170807489340714e-01 8.062669625701873732e-01
8.216995964103068761e-01 8.072477823509318640e-01
8.201819962775055428e-01 8.082261291537922165e-01
8.186643326491198636e-01 8.092019895170565746e-01
8.171466572691510333e-01 8.101753499380850432e-01
8.156290213320794846e-01 8.111461968821226387e-01
8.141114754878278070e-01 8.121145167909178397e-01
8.125940698466203038e-01 8.130802960911497346e-01
8.110768539837458491e-01 8.140435212026643219e-01
8.095598769442248210e-01 8.150041785465221844e-01
8.080431872473852195e-01 8.159622545528602000e-01
8.065268328913512974e-01 8.169177356685670688e-01
8.050108613574460392e-01 8.178706083647767633e-01
8.034953196145138143e-01 8.188208591441800133e-01
8.019802541231624282e-01 8.197684745481567115e-01
8.004657108399308996e-01 8.207134411637297955e-01
7.989517352213837409e-01 8.216557456303442697e-01
7.974383722281348508e-01 8.225953746464712557e-01
7.959256663288036826e-01 8.235323149760398476e-01
7.944136615039070204e-01 8.244665534546995467e-01
7.929024012496875828e-01 8.253980769959120556e-01
7.913919285818824534e-01 8.263268725968787587e-01
7.898822860394334455e-01 8.272529273443008924e-01
7.883735156881424011e-01 8.281762284199788438e-01
7.868656591242718656e-01 8.290967631062484688e-01
7.853587574780945824e-01 8.300145187912588707e-01
7.838528514173941364e-01 8.309294829740930810e-01
7.823479811509169712e-01 8.318416432697319784e-01
7.808441864317787751e-01 8.327509874138657731e-01
7.793415065608273462e-01 8.336575032675523911e-01
7.778399803899627152e-01 8.345611788217272009e-01
7.763396463254167434e-01 8.354620022015633030e-01
7.748405423309931983e-01 8.363599616706873796e-01
7.733427059312711904e-01 8.372550456352493287e-01
7.718461742147719740e-01 8.381472426478507876e-01
7.703509838370904417e-01 8.390365414113329923e-01
7.688571710239948676e-01 8.399229307824259694e-01
7.673647715744933429e-01 8.408063997752611707e-01
7.658738208638696809e-01 8.416869375647487717e-01
7.643843538466905674e-01 8.425645334898235195e-01
7.628964050597832891e-01 8.434391770565582425e-01
7.614100086251868182e-01 8.443108579411493508e-01
7.599251982530764726e-01 8.451795659927746618e-01
7.584420072446634853e-01 8.460452912363265465e-01
7.569604684950703710e-01 8.469080238750211764e-01
7.554806144961827563e-01 8.477677542928880872e-01
7.540024773394793378e-01 8.486244730571373962e-01
7.525260887188397474e-01 8.494781709204125564e-01
7.510514799333318781e-01 8.503288388229259809e-01
7.495786818899795589e-01 8.511764678944808704e-01
7.481077251065109124e-01 8.520210494563819070e-01
7.466386397140876152e-01 8.528625750232354807e-01
7.451714554600177287e-01 8.537010363046423356e-01
7.437062017104498768e-01 8.545364252067838562e-01
7.422429074530515480e-01 8.553687338339043267e-01
7.407816012996720767e-01 8.561979544896904937e-01
7.393223114889889702e-01 8.570240796785506543e-01
7.378650658891403591e-01 8.578471021067959335e-01
7.364098920003422366e-01 8.586670146837234174e-01
7.349568169574929311e-01 8.594838105226051406e-01
7.335058675327630340e-01 8.602974829415843683e-01
7.320570701381726719e-01 8.611080254644795096e-01
7.306104508281566767e-01 8.619154318214994337e-01
7.291660353021165442e-01 8.627196959498708573e-01
7.277238489069614014e-01 8.635208119943801330e-01
7.262839166396370949e-01 8.643187743078302177e-01
7.248462631496433994e-01 8.651135774514163712e-01
7.234109127415415674e-01 8.659052161950209214e-01
7.219778893774504436e-01 8.666936855174283139e-01
7.205472166795319211e-01 8.674789806064653330e-01
7.191189179324669611e-01 8.682610968590637190e-01
7.176930160859212871e-01 8.690400298812508417e-01
7.162695337570010867e-01 8.698157754880673220e-01
7.148484932327002772e-01 8.705883297034152646e-01
7.134299164723366671e-01 8.713576887598379894e-01
7.120138251099807913e-01 8.721238490982324842e-01
7.106002404568745323e-01 8.728868073674964645e-01
7.091891835038411918e-01 8.736465604241129279e-01
7.077806749236869033e-01 8.744031053316714264e-01
7.063747350735934960e-01 8.751564393603300518e-01
7.049713839975025875e-01 8.759065599862179141e-01
7.035706414284912391e-01 8.766534648907808869e-01
7.021725267911392843e-01 8.773971519600712865e-01
7.007770592038892188e-01 8.781376192839843720e-01
6.993842574813959878e-01 8.788748651554404434e-01
6.979941401368707776e-01 8.796088880695180912e-01
6.966067253844152596e-01 8.803396867225359301e-01
6.952220311413481735e-01 8.810672600110872610e-01
6.938400750305242504e-01 8.817916070310275467e-01
6.924608743826444757e-01 8.825127270764173693e-01
6.910844462385592468e-01 8.832306196384206443e-01
6.897108073515624271e-01 8.839452844041602031e-01
6.883399741896786272e-01 8.846567212555338511e-01
6.869719629379414938e-01 8.853649302679891253e-01
6.856067895006650037e-01 8.860699117092601940e-01
6.842444695037057656e-01 8.867716660380682292e-01
6.828850182967185489e-01 8.874701939027849207e-01
6.815284509554024872e-01 8.881654961400626824e-01
6.801747822837401758e-01 8.888575737734311089e-01
6.788240268162288871e-01 8.895464280118612344e-01
6.774761988201024598e-01 8.902320602482998169e-01
6.761313122975464163e-01 8.909144720581734234e-01
6.747893809879046412e-01 8.915936651978645378e-01
6.734504183698770685e-01 8.922696416031602462e-01
6.721144376637100404e-01 8.929424033876752764e-01
6.707814518333783393e-01 8.936119528412505009e-01
6.694514735887581169e-01 8.942782924283262380e-01
6.681245153877923837e-01 8.949414247862947924e-01
6.668005894386477284e-01 8.956013527238301242e-01
6.654797077018623774e-01 8.962580792191977563e-01
6.641618818924858170e-01 8.969116074185441434e-01
6.628471234822101987e-01 8.975619406341692752e-01
6.615354437014928646e-01 8.982090823427802961e-01
6.602268535416699891e-01 8.988530361837295812e-01
6.589213637570617843e-01 8.994938059572366029e-01
6.576189848670689342e-01 9.001313956225959201e-01
6.563197271582595915e-01 9.007658092963716223e-01
6.550236006864488258e-01 9.013970512505777855e-01
6.537306152787671909e-01 9.020251259108489350e-01
6.524407805357221868e-01 9.026500378545980752e-01
6.511541058332489529e-01 9.032717918091651699e-01
6.498706003247533003e-01 9.038903926499572972e-01
6.485902729431444191e-01 9.045058453985780345e-01
6.473131324028589262e-01 9.051181552209520698e-01
6.460391872018754755e-01 9.057273274254403761e-01
6.447684456237195993e-01 9.063333674609512780e-01
6.435009157394602219e-01 9.069362809150451898e-01
6.422366054096951826e-01 9.075360735120348021e-01
6.409755222865286539e-01 9.081327511110812711e-01
6.397176738155375686e-01 9.087263197042882990e-01
6.384630672377300531e-01 9.093167854147919948e-01
6.372117095914923146e-01 9.099041544948505145e-01
6.359636077145276456e-01 9.104884333239313676e-01
6.347187682457838820e-01 9.110696284067987261e-01
6.334771976273725347e-01 9.116477463716007312e-01
6.322389021064769299e-01 9.122227939679573572e-01
6.310038877372509125e-01 9.127947780650498277e-01
6.297721603827077796e-01 9.133637056497114770e-01
6.285437257165982228e-01 9.139295838245204973e-01
6.273185892252794993e-01 9.144924198058976827e-01
6.260967562095738348e-01 9.150522209222047287e-01
6.248782317866161673e-01 9.156089946118488587e-01
6.236630208916926765e-01 9.161627484213906714e-01
6.224511282800685441e-01 9.167134900036570944e-01
6.212425585288056107e-01 9.172612271158604447e-01
6.200373160385692639e-01 9.178059676177220405e-01
6.188354050354261116e-01 9.183477194696034740e-01
6.176368295726297752e-01 9.188864907306437679e-01
6.164415935323978024e-01 9.194222895569038601e-01
6.152497006276769209e-01 9.199551241995187478e-01
6.140611544038989678e-01 9.204850030028577379e-01
6.128759582407249384e-01 9.210119344026923560e-01
6.116941153537801545e-01 9.215359269243734719e-01
6.105156287963774409e-01 9.220569891810173058e-01
6.093405014612308657e-01 9.225751298717007609e-01
6.081687360821584898e-01 9.230903577796666371e-01
6.070003352357741244e-01 9.236026817705383918e-01
6.058353013431693190e-01 9.241121107905454490e-01
6.046736366715840250e-01 9.246186538647593878e-01
6.035153433360673780e-01 9.251223200953403447e-01
6.023604233011268239e-01 9.256231186597952965e-01
6.012088783823672511e-01 9.261210588092469997e-01
6.000607102481200217e-01 9.266161498667151442e-01
5.989159204210600107e-01 9.271084012254097173e-01
5.977745102798128762e-01 9.275978223470345840e-01
5.966364810605514490e-01 9.280844227601063867e-01
5.955018338585817972e-01 9.285682120582829935e-01
5.943705696299177443e-01 9.290491998987071565e-01
5.932426891928452850e-01 9.295273960003611613e-01
5.921181932294767858e-01 9.300028101424356874e-01
5.909970822872935292e-01 9.304754521627119912e-01
5.898793567806779325e-01 9.309453319559565232e-01
5.887650169924357746e-01 9.314124594723305339e-01
5.876540630753069872e-01 9.318768447158121138e-01
5.865464950534654553e-01 9.323384977426331099e-01
5.854423128240096030e-01 9.327974286597292553e-01
5.843415161584408768e-01 9.332536476232048406e-01
5.832441047041327931e-01 9.337071648368119314e-01
5.821500779857879948e-01 9.341579905504431292e-01
5.810594354068862044e-01 9.346061350586389871e-01
5.799721762511206302e-01 9.350516086991111919e-01
5.788882996838241590e-01 9.354944218512780685e-01
5.778078047533848904e-01 9.359345849348165158e-01
5.767306903926511241e-01 9.363721084082284873e-01
5.756569554203262440e-01 9.368070027674215705e-01
5.745865985423525002e-01 9.372392785443053320e-01
5.735196183532842440e-01 9.376689463054017626e-01
5.724560133376521698e-01 9.380960166504709319e-01
5.713957818713147896e-01 9.385205002111524086e-01
5.703389222228019140e-01 9.389424076496206695e-01
5.692854325546458094e-01 9.393617496572559400e-01
5.682353109247031409e-01 9.397785369533305788e-01
5.671885552874667002e-01 9.401927802837097836e-01
5.661451634953656997e-01 9.406044904195682843e-01
5.651051333000572940e-01 9.410136781561213581e-01
5.640684623537068898e-01 9.414203543113714989e-01
5.630351482102581295e-01 9.418245297248701853e-01
5.620051883266941051e-01 9.422262152564940818e-01
5.609785800642865805e-01 9.426254217852376716e-01
5.599553206898364444e-01 9.430221602080196552e-01
5.589354073769035036e-01 9.434164414385051156e-01
5.579188372070268409e-01 9.438082764059425589e-01
5.569056071709341804e-01 9.441976760540161662e-01
5.558957141697424831e-01 9.445846513397123667e-01
5.548891550161476616e-01 9.449692132322022875e-01
5.538859264356050804e-01 9.453513727117383025e-01
5.528860250674998422e-01 9.457311407685661253e-01
5.518894474663074146e-01 9.461085284018508901e-01
5.508961901027448205e-01 9.464835466186191093e-01
5.499062493649112815e-01 9.468562064327142869e-01
5.489196215594202011e-01 9.472265188637674083e-01
5.479363029125208229e-01 9.475944949361826408e-01
5.469562895712101191e-01 9.479601456781369118e-01
5.459795776043364635e-01 9.483234821205939191e-01
5.450061630036923122e-01 9.486845152963331307e-01
5.440360416850978931e-01 9.490432562389927718e-01
5.430692094894759014e-01 9.493997159821265797e-01
5.421056621839164258e-01 9.497539055582757683e-01
5.411453954627323260e-01 9.501058359980539825e-01
5.401884049485066175e-01 9.504555183292472398e-01
5.392346861931283097e-01 9.508029635759268627e-01
5.382842346788219157e-01 9.511481827575775094e-01
5.373370458191651933e-01 9.514911868882371948e-01
5.363931149600993376e-01 9.518319869756529661e-01
5.354524373809301796e-01 9.521705940204485685e-01
5.345150082953193937e-01 9.525070190153065441e-01
5.335808228522676000e-01 9.528412729441634310e-01
5.326498761370884738e-01 9.531733667814179523e-01
5.317221631723734188e-01 9.535033114911533048e-01
5.307976789189483569e-01 9.538311180263715494e-01
5.298764182768210818e-01 9.541567973282414350e-01
5.289583760861201744e-01 9.544803603253595448e-01
5.280435471280254811e-01 9.548018179330233224e-01
5.271319261256891542e-01 9.551211810525181978e-01
5.262235077451493659e-01 9.554384605704157041e-01
5.253182865962346959e-01 9.557536673578851394e-01
5.244162572334604144e-01 9.560668122700177740e-01
5.235174141569157724e-01 9.563779061451623820e-01
5.226217518131440753e-01 9.566869598042739842e-01
5.217292645960135422e-01 9.569939840502738049e-01
5.208399468475801708e-01 9.572989896674222177e-01
5.199537928589424984e-01 9.576019874207026827e-01
5.190707968710883691e-01 9.579029880552176746e-01
5.181909530757329296e-01 9.582020022955965999e-01
5.173142556161498540e-01 9.584990408454144850e-01
5.164406985879929080e-01 9.587941143866232085e-01
5.155702760401114082e-01 9.590872335789930592e-01
5.147029819753563551e-01 9.593784090595659508e-01
5.138388103513794603e-01 9.596676514421196291e-01
5.129777550814239584e-01 9.599549713166432019e-01
5.121198100351085358e-01 9.602403792488226619e-01
5.112649690392023771e-01 9.605238857795382890e-01
5.104132258783936615e-01 9.608055014243719327e-01
5.095645742960499547e-01 9.610852366731250651e-01
5.087190079949711619e-01 9.613631019893470464e-01
5.078765206381349318e-01 9.616391078098744938e-01
5.070371058494350658e-01 9.619132645443795315e-01
5.062007572144120449e-01 9.621855825749296987e-01
5.053674682809763397e-01 9.624560722555560721e-01
5.045372325601251706e-01 9.627247439118326033e-01
5.037100435266509413e-01 9.629916078404654467e-01
5.028858946198431212e-01 9.632566743088897265e-01
5.020647792441831347e-01 9.635199535548791827e-01
5.012466907700321439e-01 9.637814557861620335e-01
5.004316225343113933e-01 9.640411911800480516e-01
4.996195678411764485e-01 9.642991698830645220e-01
4.988105199626833852e-01 9.645554020106009707e-01
4.980044721394492058e-01 9.648098976465629972e-01
4.972014175813050940e-01 9.650626668430344335e-01
4.964013494679424543e-01 9.653137196199501613e-01
4.956042609495531215e-01 9.655630659647747027e-01
4.948101451474621326e-01 9.658107158321920238e-01
4.940189951547542813e-01 9.660566791438019996e-01
4.932308040368945101e-01 9.663009657878260938e-01
4.924455648323406987e-01 9.665435856188212549e-01
4.916632705531513436e-01 9.667845484574010273e-01
4.908839141855856347e-01 9.670238640899661009e-01
4.901074886906981454e-01 9.672615422684415210e-01
4.893339870049267515e-01 9.674975927100225581e-01
4.885634020406742217e-01 9.677320250969275728e-01
4.877957266868838127e-01 9.679648490761587620e-01
4.870309538096089796e-01 9.681960742592711222e-01
4.862690762525760935e-01 9.684257102221472957e-01
4.855100868377423273e-01 9.686537665047809664e-01
4.847539783658463830e-01 9.688802526110674718e-01
4.840007436169541655e-01 9.691051780086002987e-01
4.832503753509977407e-01 9.693285521284754624e-01
4.825028663083094083e-01 9.695503843651031017e-01
4.817582092101487801e-01 9.697706840760251801e-01
4.810163967592252510e-01 9.699894605817402926e-01
4.802774216402138641e-01 9.702067231655344681e-01
4.795412765202659577e-01 9.704224810733191875e-01
4.788079540495142061e-01 9.706367435134760635e-01
4.780774468615716644e-01 9.708495196567064056e-01
4.773497475740260398e-01 9.710608186358886673e-01
4.766248487889275243e-01 9.712706495459407785e-01
4.759027430932718516e-01 9.714790214436894722e-01
4.751834230594778052e-01 9.716859433477448293e-01
4.744668812458592844e-01 9.718914242383809299e-01
4.737531101970922087e-01 9.720954730574226099e-01
4.730421024446758715e-01 9.722980987081373261e-01
4.723338505073894633e-01 9.724993100551329039e-01
4.716283468917430999e-01 9.726991159242610596e-01
4.709255840924239100e-01 9.728975251025256954e-01
4.702255545927368496e-01 9.730945463379967464e-01
4.695282508650407971e-01 9.732901883397302445e-01
4.688336653711793756e-01 9.734844597776919350e-01
4.681417905629066123e-01 9.736773692826865556e-01
4.674526188823084349e-01 9.738689254462934430e-01
4.667661427622183945e-01 9.740591368208048051e-01
4.660823546266292250e-01 9.742480119191702093e-01
4.654012468910991851e-01 9.744355592149461787e-01
4.647228119631541254e-01 9.746217871422485635e-01
4.640470422426842823e-01 9.748067040957124618e-01
4.633739301223367413e-01 9.749903184304534731e-01
4.627034679879032386e-01 9.751726384620358346e-01
4.620356482187035208e-01 9.753536724664436663e-01
4.613704631879638196e-01 9.755334286800566579e-01
4.607079052631908311e-01 9.757119152996308609e-01
4.600479668065419747e-01 9.758891404822818139e-01
4.593906401751901569e-01 9.760651123454737732e-01
4.587359177216849826e-01 9.762398389670117194e-01
4.580837917943089144e-01 9.764133283850374712e-01
4.574342547374298240e-01 9.765855885980294637e-01
4.567872988918490473e-01 9.767566275648076335e-01
4.561429165951448872e-01 9.769264532045397464e-01
4.555011001820122307e-01 9.770950733967534996e-01
4.548618419845980587e-01 9.772624959813507317e-01
4.542251343328325142e-01 9.774287287586265194e-01
4.535909695547565290e-01 9.775937794892898269e-01
4.529593399768443995e-01 9.777576558944898188e-01
4.523302379243234750e-01 9.779203656558437263e-01
4.517036557214892389e-01 9.780819164154682666e-01
4.510795856920164493e-01 9.782423157760152810e-01
4.504580201592664479e-01 9.784015713007094828e-01
4.498389514465909733e-01 9.785596905133893131e-01
4.492223718776317543e-01 9.787166808985515720e-01
4.486082737766161066e-01 9.788725499013980480e-01
4.479966494686495881e-01 9.790273049278858108e-01
4.473874912800042125e-01 9.791809533447796143e-01
4.467807915384029993e-01 9.793335024797080735e-01
4.461765425733014157e-01 9.794849596212213960e-01
4.455747367161647099e-01 9.796353320188524449e-01
4.449753663007418591e-01 9.797846268831805761e-01
4.443784236633357976e-01 9.799328513858974743e-01
4.437839011430705360e-01 9.800800126598759876e-01
4.431917910821543960e-01 9.802261177992409591e-01
4.426020858261398572e-01 9.803711738594426128e-01
4.420147777241801301e-01 9.805151878573327151e-01
4.414298591292822871e-01 9.806581667712420680e-01
4.408473223985571177e-01 9.808001175410615557e-01
4.402671598934652653e-01 9.809410470683238570e-01
4.396893639800608655e-01 9.810809622162885990e-01
4.391139270292311325e-01 9.812198698100289551e-01
4.385408414169330582e-01 9.813577766365200183e-01
4.379700995244271144e-01 9.814946894447301728e-01
4.374016937385072357e-01 9.816306149457135755e-01
4.368356164517284701e-01 9.817655598127044136e-01
4.362718600626305787e-01 9.818995306812138280e-01
4.357104169759594692e-01 9.820325341491279447e-01
4.351512796028847441e-01 9.821645767768079072e-01
4.345944403612152507e-01 9.822956650871916828e-01
4.340398916756105230e-01 9.824258055658975364e-01
4.334876259777900032e-01 9.825550046613290567e-01
4.329376357067391545e-01 9.826832687847817382e-01
4.323899133089125768e-01 9.828106043105514500e-01
4.318444512384345679e-01 9.829370175760441253e-01
4.313012419572962441e-01 9.830625148818865622e-01
4.307602779355504952e-01 9.831871024920398883e-01
4.302215516515038307e-01 9.833107866339128034e-01
4.296850555919052850e-01 9.834335734984774868e-01
4.291507822521331006e-01 9.835554692403861710e-01
4.286187241363782485e-01 9.836764799780891577e-01
4.280888737578255610e-01 9.837966117939542787e-01
4.275612236388319221e-01 9.839158707343870214e-01
4.270357663111022384e-01 9.840342628099524314e-01
4.265124943158622450e-01 9.841517939954981253e-01
4.259914002040294800e-01 9.842684702302777477e-01
4.254724765363808725e-01 9.843842974180762040e-01
4.249557158837186654e-01 9.844992814273360038e-01
4.244411108270331190e-01 9.846134280912831604e-01
4.239286539576629931e-01 9.847267432080568650e-01
4.234183378774539763e-01 9.848392325408370507e-01
4.229101551989140062e-01 9.849509018179751774e-01
4.224040985453666464e-01 9.850617567331241275e-01
4.219001605511020769e-01 9.851718029453708780e-01
4.213983338615254759e-01 9.852810460793679503e-01
4.208986111333032909e-01 9.853894917254671926e-01
4.204009850345071242e-01 9.854971454398537833e-01
4.199054482447555636e-01 9.856040127446804577e-01
4.194119934553531825e-01 9.857100991282033986e-01
4.189206133694281520e-01 9.858154100449184609e-01
4.184313007020666886e-01 9.859199509156975072e-01
4.179440481804461704e-01 9.860237271279259641e-01
4.174588485439655883e-01 9.861267440356413783e-01
4.169756945443740537e-01 9.862290069596707509e-01
4.164945789458970871e-01 9.863305211877709811e-01
4.160154945253606851e-01 9.864312919747677544e-01
4.155384340723138337e-01 9.865313245426958755e-01
4.150633903891482457e-01 9.866306240809400441e-01
4.145903562912165996e-01 9.867291957463757424e-01
4.141193246069486689e-01 9.868270446635107884e-01
4.136502881779651197e-01 9.869241759246274448e-01
4.131832398591899769e-01 9.870205945899247491e-01
4.127181725189603689e-01 9.871163056876605113e-01
4.122550790391348863e-01 9.872113142142955322e-01
4.117939523152001624e-01 9.873056251346358225e-01
4.113347852563748464e-01 9.873992433819769321e-01
4.108775707857122983e-01 9.874921738582477238e-01
4.104223018402014533e-01 9.875844214341542582e-01
4.099689713708654648e-01 9.876759909493245670e-01
4.095175723428589043e-01 9.877668872124533150e-01
4.090680977355629078e-01 9.878571150014463509e-01
4.086205405426787118e-01 9.879466790635658135e-01
4.081748937723194692e-01 9.880355841155759045e-01
4.077311504471000103e-01 9.881238348438872166e-01
4.072893036042255499e-01 9.882114359047029506e-01
4.068493462955776740e-01 9.882983919241643544e-01
4.064112715877998827e-01 9.883847074984963843e-01
4.059750725623803569e-01 9.884703871941531439e-01
4.055407423157337266e-01 9.885554355479642119e-01
4.051082739592811177e-01 9.886398570672804142e-01
4.046776606195283676e-01 9.887236562301193743e-01
4.042488954381429078e-01 9.888068374853116183e-01
4.038219715720289260e-01 9.888894052526467915e-01
4.033968821934009741e-01 9.889713639230189868e-01
4.029736204898561880e-01 9.890527178585731827e-01
4.025521796644446204e-01 9.891334713928505717e-01
4.021325529357385187e-01 9.892136288309347769e-01
4.017147335378999373e-01 9.892931944495971797e-01
4.012987147207466299e-01 9.893721724974429144e-01
4.008844897498169413e-01 9.894505671950558634e-01
4.004720519064327577e-01 9.895283827351446515e-01
4.000613944877615680e-01 9.896056232826875299e-01
3.996525108068766929e-01 9.896822929750775932e-01
3.992453941928160721e-01 9.897583959222678862e-01
3.988400379906402171e-01 9.898339362069162872e-01
3.984364355614881670e-01 9.899089178845298376e-01
3.980345802826325552e-01 9.899833449836099586e-01
3.976344655475331780e-01 9.900572215057955594e-01
3.972360847658888416e-01 9.901305514260083651e-01
3.968394313636888215e-01 9.902033386925960246e-01
3.964444987832622114e-01 9.902755872274762172e-01
3.960512804833263290e-01 9.903473009262796500e-01
3.956597699390338452e-01 9.904184836584934981e-01
3.952699606420184697e-01 9.904891392676042905e-01
3.948818461004399150e-01 9.905592715712404628e-01
3.944954198390270839e-01 9.906288843613149098e-01
3.941106753991202583e-01 9.906979814041668719e-01
3.937276063387121772e-01 9.907665664407038220e-01
3.933462062324879494e-01 9.908346431865431292e-01
3.929664686718634115e-01 9.909022153321530579e-01
3.925883872650230422e-01 9.909692865429937658e-01
3.922119556369561000e-01 9.910358604596576360e-01
3.918371674294920393e-01 9.911019406980099422e-01
3.914640163013345386e-01 9.911675308493282932e-01
3.910924959280944746e-01 9.912326344804421874e-01
3.907226000023221735e-01 9.912972551338729010e-01
3.903543222335379426e-01 9.913613963279712671e-01
3.899876563482624348e-01 9.914250615570566749e-01
3.896225960900446261e-01 9.914882542915550712e-01
3.892591352194904597e-01 9.915509779781369604e-01
3.888972675142889357e-01 9.916132360398540735e-01
3.885369867692379242e-01 9.916750318762769245e-01
3.881782867962692563e-01 9.917363688636307018e-01
3.878211614244719829e-01 9.917972503549319363e-01
3.874656045001154681e-01 9.918576796801239492e-01
3.871116098866708710e-01 9.919176601462120768e-01
3.867591714648322410e-01 9.919771950373983405e-01
3.864082831325363343e-01 9.920362876152163389e-01
3.860589388049814330e-01 9.920949411186651412e-01
3.857111324146455522e-01 9.921531587643422911e-01
3.853648579113035932e-01 9.922109437465775894e-01
3.850201092620433863e-01 9.922682992375654321e-01
3.846768804512812334e-01 9.923252283874969271e-01
3.843351654807762308e-01 9.923817343246918998e-01
3.839949583696440349e-01 9.924378201557300105e-01
3.836562531543694088e-01 9.924934889655817605e-01
3.833190438888183782e-01 9.925487438177383881e-01
3.829833246442491679e-01 9.926035877543423203e-01
3.826490895093223044e-01 9.926580237963161801e-01
3.823163325901104415e-01 9.927120549434920171e-01
3.819850480101065204e-01 9.927656841747394267e-01
3.816552299102320411e-01 9.928189144480934480e-01
3.813268724488437789e-01 9.928717487008826836e-01
3.809999698017403902e-01 9.929241898498555319e-01
3.806745161621675200e-01 9.929762407913069744e-01
3.803505057408229639e-01 9.930279044012044753e-01
3.800279327658603878e-01 9.930791835353134367e-01
3.797067914828928803e-01 9.931300810293223202e-01
3.793870761549952841e-01 9.931805996989667706e-01
3.790687810627060839e-01 9.932307423401540714e-01
3.787519005040285713e-01 9.932805117290859354e-01
3.784364287944312899e-01 9.933299106223820729e-01
3.781223602668475903e-01 9.933789417572019831e-01
3.778096892716750754e-01 9.934276078513675223e-01
3.774984101767735467e-01 9.934759116034833637e-01
3.771885173674630054e-01 9.935238556930586773e-01
3.768800052465205996e-01 9.935714427806271454e-01
3.765728682341769606e-01 9.936186755078665334e-01
3.762671007681123170e-01 9.936655564977182609e-01
3.759626973034511654e-01 9.937120883545059735e-01
3.756596523127571086e-01 9.937582736640536707e-01
3.753579602860267483e-01 9.938041149938035002e-01
3.750576157306828029e-01 9.938496148929329976e-01
3.747586131715670010e-01 9.938947758924712161e-01
3.744609471509321441e-01 9.939396005054156324e-01
3.741646122284335574e-01 9.939840912268467221e-01
3.738696029811202082e-01 9.940282505340435337e-01
3.735759140034248249e-01 9.940720808865981528e-01
3.732835399071540161e-01 9.941155847265290557e-01
3.729924753214774458e-01 9.941587644783954625e-01
3.727027148929165090e-01 9.942016225494089143e-01
3.724142532853326748e-01 9.942441613295466274e-01
3.721270851799148294e-01 9.942863831916628481e-01
3.718412052751668417e-01 9.943282904915998754e-01
3.715566082868939635e-01 9.943698855682988613e-01
3.712732889481889509e-01 9.944111707439103887e-01
3.709912420094177987e-01 9.944521483239031623e-01
3.707104622382046966e-01 9.944928205971738100e-01
3.704309444194168743e-01 9.945331898361547962e-01
3.701526833551485596e-01 9.945732582969230018e-01
3.698756738647049347e-01 9.946130282193064165e-01
3.695999107845849285e-01 9.946525018269914975e-01
3.693253889684645075e-01 9.946916813276293068e-01
3.690521032871785789e-01 9.947305689129414263e-01
3.687800486287028945e-01 9.947691667588250963e-01
3.685092198981357869e-01 9.948074770254575760e-01
3.682396120176787968e-01 9.948455018574010600e-01
3.679712199266172989e-01 9.948832433837053735e-01
3.677040385813008516e-01 9.949207037180120006e-01
3.674380629551226574e-01 9.949578849586555584e-01
3.671732880384990794e-01 9.949947891887666040e-01
3.669097088388482697e-01 9.950314184763725534e-01
3.666473203805691305e-01 9.950677748744991558e-01
3.663861177050188322e-01 9.951038604212703031e-01
3.661260958704912194e-01 9.951396771400078389e-01
3.658672499521934962e-01 9.951752270393317001e-01
3.656095750422238000e-01 9.952105121132572840e-01
3.653530662495473313e-01 9.952455343412949240e-01
3.650977186999728730e-01 9.952802956885467012e-01
3.648435275361286423e-01 9.953147981058043658e-01
3.645904879174377555e-01 9.953490435296452610e-01
3.643385950200934698e-01 9.953830338825285784e-01
3.640878440370339808e-01 9.954167710728912821e-01
3.638382301779169992e-01 9.954502569952426994e-01
3.635897486690939928e-01 9.954834935302590004e-01
3.633423947535838749e-01 9.955164825448777899e-01
3.630961636910466361e-01 9.955492258923904769e-01
3.628510507577566435e-01 9.955817254125363114e-01
3.626070512465753293e-01 9.956139829315939771e-01
3.623641604669241012e-01 9.956460002624737404e-01
3.621223737447563651e-01 9.956777792048087106e-01
3.618816864225297691e-01 9.957093215450460999e-01
3.616420938591777823e-01 9.957406290565365969e-01
3.614035914300812169e-01 9.957717034996250716e-01
3.611661745270394186e-01 9.958025466217393928e-01
3.609298385582408453e-01 9.958331601574793579e-01
3.606945789482342568e-01 9.958635458287046216e-01
3.604603911378984060e-01 9.958937053446227372e-01
3.602272705844126177e-01 9.959236404018764199e-01
3.599952127612264796e-01 9.959533526846299223e-01
3.597642131580293112e-01 9.959828438646554094e-01
3.595342672807194662e-01 9.960121156014191124e-01
3.593053706513736900e-01 9.960411695421652611e-01
3.590775188082157010e-01 9.960700073220022377e-01
3.588507073055847152e-01 9.960986305639858429e-01
3.586249317139042492e-01 9.961270408792033404e-01
3.584001876196497571e-01 9.961552398668562791e-01
3.581764706253168784e-01 9.961832291143438711e-01
3.579537763493892411e-01 9.962110101973443710e-01
3.577321004263055437e-01 9.962385846798973432e-01
3.575114385064270817e-01 9.962659541144849307e-01
3.572917862560048841e-01 9.962931200421116795e-01
3.570731393571465184e-01 9.963200839923861407e-01
3.568554935077828394e-01 9.963468474835994737e-01
3.566388444216341269e-01 9.963734120228054936e-01
3.564231878281767796e-01 9.963997791058984976e-01
3.562085194726093418e-01 9.964259502176929795e-01
3.559948351158181423e-01 9.964519268319999012e-01
3.557821305343434326e-01 9.964777104117050754e-01
3.555704015203445811e-01 9.965033024088458813e-01
3.553596438815657677e-01 9.965287042646873150e-01
3.551498534413009001e-01 9.965539174097983732e-01
3.549410260383588089e-01 9.965789432641267709e-01
3.547331575270282755e-01 9.966037832370745475e-01
3.545262437770425046e-01 9.966284387275726742e-01
3.543202806735439303e-01 9.966529111241546612e-01
3.541152641170484672e-01 9.966772018050304993e-01
3.539111900234098718e-01 9.967013121381592677e-01
3.537080543237837715e-01 9.967252434813227424e-01
3.535058529645917491e-01 9.967489971821966721e-01
3.533045819074852600e-01 9.967725745784230540e-01
3.531042371293091620e-01 9.967959769976812989e-01
3.529048146220654103e-01 9.968192057577590637e-01
3.527063103928764765e-01 9.968422621666227501e-01
3.525087204639485994e-01 9.968651475224875602e-01
3.523120408725352037e-01 9.968878631138866631e-01
3.521162676708997075e-01 9.969104102197405837e-01
3.519213969262786623e-01 9.969327901094258149e-01
3.517274247208445614e-01 9.969550040428429849e-01
3.515343471516685914e-01 9.969770532704843591e-01
3.513421603306830510e-01 9.969989390335016743e-01
3.511508603846443255e-01 9.970206625637727527e-01
3.509604434550948615e-01 9.970422250839676703e-01
3.507709056983256413e-01 9.970636278076153713e-01
3.505822432853386017e-01 9.970848719391689485e-01
3.503944524018083317e-01 9.971059586740709246e-01
3.502075292480446023e-01 9.971268891988178673e-01
3.500214700389538414e-01 9.971476646910250041e-01
3.498362710040014423e-01 9.971682863194898383e-01
3.496519283871731276e-01 9.971887552442559866e-01
3.494684384469369243e-01 9.972090726166756847e-01
3.492857974562046941e-01 9.972292395794731812e-01
3.491040017022935538e-01 9.972492572668069100e-01
3.489230474868876830e-01 9.972691268043306634e-01
3.487429311259992448e-01 9.972888493092558759e-01
3.485636489499300272e-01 9.973084258904122423e-01
3.483851973032327520e-01 9.973278576483083357e-01
3.482075725446719394e-01 9.973471456751922259e-01
3.480307710471852722e-01 9.973662910551107652e-01
3.478547891978447937e-01 9.973852948639697624e-01
3.476796233978175499e-01 9.974041581695922698e-01
3.475052700623269542e-01 9.974228820317778688e-01
3.473317256206132631e-01 9.974414675023604016e-01
3.471589865158948851e-01 9.974599156252667020e-01
3.469870492053289124e-01 9.974782274365731061e-01
3.468159101599718741e-01 9.974964039645631830e-01
3.466455658647406013e-01 9.975144462297843573e-01
3.464760128183727028e-01 9.975323552451044185e-01
3.463072475333874300e-01 9.975501320157670326e-01
3.461392665360460974e-01 9.975677775394479196e-01
3.459720663663127249e-01 9.975852928063096980e-01
3.458056435778145699e-01 9.976026787990567302e-01
3.456399947378025472e-01 9.976199364929901892e-01
3.454751164271116504e-01 9.976370668560611277e-01
3.453110052401217600e-01 9.976540708489255449e-01
3.451476577847175098e-01 9.976709494249965671e-01
3.449850706822490398e-01 9.976877035304981822e-01
3.448232405674922507e-01 9.977043341045179758e-01
3.446621640886091686e-01 9.977208420790588672e-01
3.445018379071081993e-01 9.977372283790917340e-01
3.443422586978046596e-01 9.977534939226064825e-01
3.441834231487806428e-01 9.977696396206636731e-01
3.440253279613457726e-01 9.977856663774451462e-01
3.438679698499971793e-01 9.978015750903047598e-01
3.437113455423798092e-01 9.978173666498187933e-01
3.435554517792467899e-01 9.978330419398353524e-01
3.434002853144194622e-01 9.978486018375241073e-01
3.432458429147478562e-01 9.978640472134258088e-01
3.430921213600707231e-01 9.978793789315004714e-01
3.429391174431759004e-01 9.978945978491764457e-01
3.427868279697605103e-01 9.979097048173982687e-01
3.426352497583911028e-01 9.979247006806748477e-01
3.424843796404640761e-01 9.979395862771267556e-01
3.423342144601657644e-01 9.979543624385331935e-01
3.421847510744326915e-01 9.979690299903791750e-01
3.420359863529119360e-01 9.979835897519022669e-01
3.418879171779213300e-01 9.979980425361382190e-01
3.417405404444097128e-01 9.980123891499672606e-01
3.415938530599172407e-01 9.980266303941597306e-01
3.414478519445355853e-01 9.980407670634209305e-01
3.413025340308684652e-01 9.980547999464364217e-01
3.411578962639918999e-01 9.980687298259166562e-01
3.410139356014142975e-01 9.980825574786411636e-01
3.408706490130372635e-01 9.980962836755024048e-01
3.407280334811155775e-01 9.981099091815500701e-01
3.405860860002178359e-01 9.981234347560338227e-01
3.404448035771869274e-01 9.981368611524464862e-01
3.403041832311002324e-01 9.981501891185673436e-01
3.401642219932303757e-01 9.981634193965039925e-01
3.400249169070054256e-01 9.981765527227349777e-01
3.398862650279697584e-01 9.981895898281516466e-01
3.397482634237445343e-01 9.982025314380992276e-01
3.396109091739880070e-01 9.982153782724189073e-01
3.394741993703565552e-01 9.982281310454884649e-01
3.393381311164649916e-01 9.982407904662627951e-01
3.392027015278474833e-01 9.982533572383150977e-01
3.390679077319181389e-01 9.982658320598758461e-01
3.389337468679319287e-01 9.982782156238736437e-01
3.388002160869452162e-01 9.982905086179746368e-01
3.386673125517768446e-01 9.983027117246214832e-01
3.385350334369687797e-01 9.983148256210725435e-01
3.384033759287472520e-01 9.983268509794409606e-01
3.382723372249836213e-01 9.983387884667325185e-01
3.381419145351552413e-01 9.983506387448842778e-01
3.380121050803066574e-01 9.983624024708024347e-01
3.378829060930105821e-01 9.983740802964001793e-01
3.377543148173291487e-01 9.983856728686343329e-01
3.376263285087749422e-01 9.983971808295433181e-01
3.374989444342721967e-01 9.984086048162836846e-01
3.373721598721182713e-01 9.984199454611669688e-01
3.372459721119447917e-01 9.984312033916954432e-01
3.371203784546789040e-01 9.984423792305984202e-01
3.369953762125050267e-01 9.984534735958685570e-01
3.368709627088259939e-01 9.984644871007969380e-01
3.367471352782246963e-01 9.984754203540084916e-01
3.366238912664256677e-01 9.984862739594968506e-01
3.365012280302567271e-01 9.984970485166596577e-01
3.363791429376105646e-01 9.985077446203325380e-01
3.362576333674064943e-01 9.985183628608239603e-01
3.361366967095522629e-01 9.985289038239485437e-01
3.360163303649059685e-01 9.985393680910619185e-01
3.358965317452379251e-01 9.985497562390931447e-01
3.357772982731924705e-01 9.985600688405789072e-01
3.356586273822501632e-01 9.985703064636963777e-01
3.355405165166899240e-01 9.985804696722956342e-01
3.354229631315508442e-01 9.985905590259326337e-01
3.353059646925947712e-01 9.986005750799019642e-01
3.351895186762683942e-01 9.986105183852681533e-01
3.350736225696654969e-01 9.986203894888980859e-01
3.349582738704894869e-01 9.986301889334927573e-01
3.348434700870158154e-01 9.986399172576182481e-01
3.347292087380545067e-01 9.986495749957374768e-01
3.346154873529126328e-01 9.986591626782407305e-01
3.345023034713571208e-01 9.986686808314769737e-01
3.343896546435773942e-01 9.986781299777836018e-01
3.342775384301481245e-01 9.986875106355176390e-01
3.341659524019921501e-01 9.986968233190850475e-01
3.340548941403432837e-01 9.987060685389710368e-01
3.339443612367095637e-01 9.987152468017699292e-01
3.338343512928360624e-01 9.987243586102140247e-01
3.337248619206679701e-01 9.987334044632032448e-01
3.336158907423140141e-01 9.987423848558338868e-01
3.335074353900097099e-01 9.987513002794278227e-01
3.333994935060805020e-01 9.987601512215604771e-01
3.332920627429054039e-01 9.987689381660900256e-01
3.331851407628802497e-01 9.987776615931847068e-01
3.330787252383816122e-01 9.987863219793513547e-01
3.329728138517300540e-01 9.987949197974630433e-01
3.328674042951540457e-01 9.988034555167865092e-01
3.327624942707537725e-01 9.988119296030096850e-01
3.326580814904648298e-01 9.988203425182687889e-01
3.325541636760223629e-01 9.988286947211750810e-01
3.324507385589249853e-01 9.988369866668419528e-01
3.323478038803988066e-01 9.988452188069113502e-01
3.322453573913616287e-01 9.988533915895801973e-01
3.321433968523873626e-01 9.988615054596262643e-01
3.320419200336700571e-01 9.988695608584344798e-01
3.319409247149885389e-01 9.988775582240227990e-01
3.318404086856707180e-01 9.988854979910676279e-01
3.317403697445583388e-01 9.988933805909289143e-01
3.316408056999713416e-01 9.989012064516756828e-01
3.315417143696729463e-01 9.989089759981115701e-01
3.314430935808341250e-01 9.989166896517988059e-01
3.313449411699985747e-01 9.989243478310830815e-01
3.312472549830478008e-01 9.989319509511186412e-01
3.311500328751659783e-01 9.989394994238917080e-01
3.310532727108052575e-01 9.989469936582454634e-01
3.309569723636506255e-01 9.989544340599030292e-01
3.308611297165857668e-01 9.989618210314923363e-01
3.307657426616578689e-01 9.989691549725687736e-01
3.306708091000433725e-01 9.989764362796391683e-01
3.305763269420134431e-01 9.989836653461846572e-01
3.304822941068994990e-01 9.989908425626841115e-01
3.303887085230590714e-01 9.989979683166367863e-01
3.302955681278415545e-01 9.990050429925848574e-01
3.302028708675538993e-01 9.990120669721366253e-01
3.301106146974268629e-01 9.990190406339882756e-01
3.300187975815808139e-01 9.990259643539466383e-01
3.299274174929918702e-01 9.990328385049503934e-01
3.298364724134582593e-01 9.990396634570930523e-01
3.297459603335664013e-01 9.990464395776438300e-01
3.296558792526576021e-01 9.990531672310696276e-01
3.295662271787941355e-01 9.990598467790564596e-01
3.294770021287262152e-01 9.990664785805303261e-01
3.293882021278580763e-01 9.990730629916786398e-01
3.292998252102154466e-01 9.990796003659713209e-01
3.292118694184115735e-01 9.990860910541808915e-01
3.291243328036148053e-01 9.990925354044040141e-01
3.290372134255150627e-01 9.990989337620809208e-01
3.289505093522911983e-01 9.991052864700167291e-01
3.288642186605780782e-01 9.991115938684009823e-01
3.287783394354338862e-01 9.991178562948277442e-01
3.286928697703074276e-01 9.991240740843154722e-01
3.286078077670053776e-01 9.991302475693271123e-01
3.285231515356602516e-01 9.991363770797889732e-01
3.284388991946973757e-01 9.991424629431104876e-01
3.283550488708031900e-01 9.991485054842037528e-01
3.282715986988926637e-01 9.991545050255022931e-01
3.281885468220772650e-01 9.991604618869802668e-01
3.281058913916328201e-01 9.991663763861706737e-01
3.280236305669678720e-01 9.991722488381852285e-01
3.279417625155914839e-01 9.991780795557316797e-01
3.278602854130815425e-01 9.991838688491332388e-01
3.277791974430531163e-01 9.991896170263457888e-01
3.276984967971269813e-01 9.991953243929774242e-01
3.276181816748977571e-01 9.992009912523051041e-01
3.275382502839029875e-01 9.992066179052931929e-01
3.274587008395913879e-01 9.992122046506112243e-01
3.273795315652917592e-01 9.992177517846514423e-01
3.273007406921819573e-01 9.992232596015456769e-01
3.272223264592576397e-01 9.992287283931837738e-01
3.271442871133014574e-01 9.992341584492298034e-01
3.270666209088521348e-01 9.992395500571397138e-01
3.269893261081734948e-01 9.992449035021783166e-01
3.269124009812242049e-01 9.992502190674353857e-01
3.268358438056266357e-01 9.992554970338431986e-01
3.267596528666366629e-01 9.992607376801927455e-01
3.266838264571133577e-01 9.992659412831500498e-01
3.266083628774882897e-01 9.992711081172725995e-01
3.265332604357356616e-01 9.992762384550257782e-01
3.264585174473417228e-01 9.992813325667982971e-01
3.263841322352751817e-01 9.992863907209189600e-01
3.263101031299568966e-01 9.992914131836716507e-01
3.262364284692301220e-01 9.992964002193117645e-01
3.261631065983307542e-01 9.993013520900814184e-01
3.260901358698575225e-01 9.993062690562249939e-01
3.260175146437424010e-01 9.993111513760043474e-01
3.259452412872211879e-01 9.993159993057143531e-01
3.258733141748039741e-01 9.993208130996977800e-01
3.258017316882459435e-01 9.993255930103601692e-01
3.257304922165178973e-01 9.993303392881852654e-01
3.256595941557773877e-01 9.993350521817491172e-01
3.255890359093392972e-01 9.993397319377353982e-01
3.255188158876472504e-01 9.993443788009492845e-01
3.254489325082443596e-01 9.993489930143323319e-01
3.253793841957448585e-01 9.993535748189770196e-01
3.253101693818049034e-01 9.993581244541404063e-01
3.252412865050943735e-01 9.993626421572583407e-01
3.251727340112681719e-01 9.993671281639601167e-01
3.251045103529376923e-01 9.993715827080812408e-01
3.250366139896427309e-01 9.993760060216785313e-01
3.249690433878230644e-01 9.993803983350426634e-01
3.249017970207903061e-01 9.993847598767126028e-01
3.248348733686998169e-01 9.993890908734885947e-01
3.247682709185228944e-01 9.993933915504457088e-01
3.247019881640186845e-01 9.993976621309469399e-01
3.246360236057063697e-01 9.994019028366567525e-01
3.245703757508376919e-01 9.994061138875537376e-01
3.245050431133690849e-01 9.994102955019439349e-01
3.244400242139341972e-01 9.994144478964736011e-01
3.243753175798166910e-01 9.994185712861418658e-01
3.243109217449225978e-01 9.994226658843132771e-01
3.242468352497530071e-01 9.994267319027311247e-01
3.241830566413773651e-01 9.994307695515288748e-01
3.241195844734058307e-01 9.994347790392434927e-01
3.240564173059625741e-01 9.994387605728269897e-01
3.239935537056589099e-01 9.994427143576591899e-01
3.239309922455664847e-01 9.994466405975597212e-01
3.238687315051902438e-01 9.994505394947997834e-01
3.238067700704421736e-01 9.994544112501142497e-01
3.237451065336147127e-01 9.994582560627134349e-01
3.236837394933539946e-01 9.994620741302949751e-01
3.236226675546338694e-01 9.994658656490552628e-01
3.235618893287292575e-01 9.994696308137015484e-01
3.235014034331903376e-01 9.994733698174622649e-01
3.234412084918161789e-01 9.994770828520997963e-01
3.233813031346288169e-01 9.994807701079209128e-01
3.233216859978472191e-01 9.994844317737882067e-01
3.232623557238616940e-01 9.994880680371309722e-01
3.232033109612079125e-01 9.994916790839570853e-01
3.231445503645413164e-01 9.994952650988629950e-01
3.230860725946116396e-01 9.994988262650449373e-01
3.230278763182372614e-01 9.995023627643099262e-01
3.229699602082800047e-01 9.995058747770859675e-01
3.229123229436196563e-01 9.995093624824334944e-01
3.228549632091287647e-01 9.995128260580552482e-01
3.227978796956476049e-01 9.995162656803066037e-01
3.227410710999590315e-01 9.995196815242068933e-01
3.226845361247637212e-01 9.995230737634485108e-01
3.226282734786549700e-01 9.995264425704080136e-01
3.225722818760941024e-01 9.995297881161557818e-01
3.225165600373858799e-01 9.995331105704663432e-01
3.224611066886535204e-01 9.995364101018285874e-01
3.224059205618147184e-01 9.995396868774548693e-01
3.223510003945567193e-01 9.995429410632916678e-01
3.222963449303121175e-01 9.995461728240288002e-01
3.222419529182347087e-01 9.995493823231096364e-01
3.221878231131750647e-01 9.995525697227400919e-01
3.221339542756568308e-01 9.995557351838988414e-01
3.220803451718522448e-01 9.995588788663462010e-01
3.220269945735586004e-01 9.995620009286336760e-01
3.219739012581741000e-01 9.995651015281133978e-01
3.219210640086743180e-01 9.995681808209475605e-01
3.218684816135884974e-01 9.995712389621169702e-01
3.218161528669759019e-01 9.995742761054307035e-01
3.217640765684022242e-01 9.995772924035349893e-01
3.217122515229164370e-01 9.995802880079222019e-01
3.216606765410272573e-01 9.995832630689396314e-01
3.216093504386797752e-01 9.995862177357983658e-01
3.215582720372326953e-01 9.995891521565819504e-01
3.215074401634349655e-01 9.995920664782554921e-01
3.214568536494027406e-01 9.995949608466737635e-01
3.214065113325966783e-01 9.995978354065900851e-01
3.213564120557988457e-01 9.996006903016647627e-01
3.213065546670902939e-01 9.996035256744733033e-01
3.212569380198281310e-01 9.996063416665150747e-01
3.212075609726230407e-01 9.996091384182212991e-01
3.211584223893167445e-01 9.996119160689637129e-01
3.211095211389596860e-01 9.996146747570623381e-01
3.210608560957884938e-01 9.996174146197936983e-01
3.210124261392041101e-01 9.996201357933988119e-01
3.209642301537491416e-01 9.996228384130914080e-01
3.209162670290860442e-01 9.996255226130658089e-01
3.208685356599752514e-01 9.996281885265042577e-01
3.208210349462528033e-01 9.996308362855854668e-01
3.207737637928089747e-01 9.996334660214919454e-01
3.207267211095662374e-01 9.996360778644175493e-01
3.206799058114576662e-01 9.996386719435754742e-01
3.206333168184053450e-01 9.996412483872056942e-01
3.205869530552987734e-01 9.996438073225821785e-01
3.205408134519736052e-01 9.996463488760207738e-01
3.204948969431899441e-01 9.996488731728861987e-01
3.204492024686114715e-01 9.996513803375997043e-01
3.204037289727840188e-01 9.996538704936459574e-01
3.203584754051144179e-01 9.996563437635808125e-01
3.203134407198496292e-01 9.996588002690376396e-01
3.202686238760555915e-01 9.996612401307355400e-01
3.202240238375964609e-01 9.996636634684853417e-01
3.201796395731137945e-01 9.996660704011971488e-01
3.201354700560056776e-01 9.996684610468872245e-01
3.200915142644064071e-01 9.996708355226846532e-01
3.200477711811655634e-01 9.996731939448385562e-01
3.200042397938276939e-01 9.996755364287244205e-01
3.199609190946118842e-01 9.996778630888512041e-01
3.199178080803914415e-01 9.996801740388679969e-01
3.198749057526736883e-01 9.996824693915701276e-01
3.198322111175795901e-01 9.996847492589066020e-01
3.197897231858237155e-01 9.996870137519856536e-01
3.197474409726944189e-01 9.996892629810819608e-01
3.197053634980336345e-01 9.996914970556427527e-01
3.196634897862171143e-01 9.996937160842944703e-01
3.196218188661347215e-01 9.996959201748484292e-01
3.195803497711703911e-01 9.996981094343078134e-01
3.195390815391829231e-01 9.997002839688734488e-01
3.194980132124861094e-01 9.997024438839500204e-01
3.194571438378293049e-01 9.997045892841527337e-01
3.194164724663780541e-01 9.997067202733125324e-01
3.193759981536946624e-01 9.997088369544826492e-01
3.193357199597190443e-01 9.997109394299448226e-01
3.192956369487495172e-01 9.997130278012146265e-01
3.192557481894235938e-01 9.997151021690475758e-01
3.192160527546989979e-01 9.997171626334452332e-01
3.191765497218346237e-01 9.997192092936607599e-01
3.191372381723716622e-01 9.997212422482050220e-01
3.190981171921149495e-01 9.997232615948514756e-01
3.190591858711140372e-01 9.997252674306428277e-01
3.190204433036445408e-01 9.997272598518961439e-01
3.189818885881894328e-01 9.997292389542085100e-01
3.189435208274208344e-01 9.997312048324622502e-01
3.189053391281811423e-01 9.997331575808311444e-01
3.188673426014651535e-01 9.997350972927853130e-01
3.188295303624011923e-01 9.997370240610967684e-01
3.187919015302332904e-01 9.997389379778446328e-01
3.187544552283027577e-01 9.997408391344211331e-01
3.187171905840303077e-01 9.997427276215358205e-01
3.186801067288977940e-01 9.997446035292215649e-01
3.186432027984305027e-01 9.997464669468395515e-01
3.186064779321789997e-01 9.997483179630847205e-01
3.185699312737016453e-01 9.997501566659902084e-01
3.185335619705464971e-01 9.997519831429330095e-01
3.184973691742338797e-01 9.997537974806389727e-01
3.184613520402388986e-01 9.997555997651874637e-01
3.184255097279733437e-01 9.997573900820166948e-01
3.183898414007690358e-01 9.997591685159284980e-01
3.183543462258596746e-01 9.997609351510930997e-01
3.183190233743641295e-01 9.997626900710542275e-01
3.182838720212687322e-01 9.997644333587337728e-01
3.182488913454102342e-01 9.997661650964365654e-01
3.182140805294589869e-01 9.997678853658550358e-01
3.181794387599013452e-01 9.997695942480739895e-01
3.181449652270231798e-01 9.997712918235753810e-01
3.181106591248927251e-01 9.997729781722428655e-01
3.180765196513438142e-01 9.997746533733663510e-01
3.180425460079590039e-01 9.997763175056464391e-01
3.180087374000529210e-01 9.997779706471991990e-01
3.179750930366557760e-01 9.997796128755606082e-01
3.179416121304965981e-01 9.997812442676905498e-01
3.179082938979868045e-01 9.997828648999781409e-01
3.178751375592036021e-01 9.997844748482451749e-01
3.178421423378740007e-01 9.997860741877511170e-01
3.178093074613581037e-01 9.997876629931968795e-01
3.177766321606330657e-01 9.997892413387298172e-01
3.177441156702769942e-01 9.997908092979470585e-01
3.177117572284526292e-01 9.997923669439007233e-01
3.176795560768913562e-01 9.997939143491011427e-01
3.176475114608773853e-01 9.997954515855217439e-01
3.176156226292317641e-01 9.997969787246027140e-01
3.175838888342963906e-01 9.997984958372553299e-01
3.175523093319184142e-01 9.998000029938659550e-01
3.175208833814344711e-01 9.998015002643001470e-01
3.174896102456548630e-01 9.998029877179060998e-01
3.174584891908483475e-01 9.998044654235194173e-01
3.174275194867260952e-01 9.998059334494666661e-01
3.173967004064267017e-01 9.998073918635690394e-01
3.173660312265005334e-01 9.998088407331469085e-01
3.173355112268945177e-01 9.998102801250223770e-01
3.173051396909366551e-01 9.998117101055249423e-01
3.172749159053211976e-01 9.998131307404933832e-01
3.172448391600929396e-01 9.998145420952808671e-01
3.172149087486327845e-01 9.998159442347579473e-01
3.171851239676421463e-01 9.998173372233165601e-01
3.171554841171284611e-01 9.998187211248736883e-01
3.171259885003898660e-01 9.998200960028748030e-01
3.170966364240006552e-01 9.998214619202974163e-01
3.170674271977964587e-01 9.998228189396550780e-01
3.170383601348593094e-01 9.998241671230005956e-01
3.170094345515033774e-01 9.998255065319295865e-01
3.169806497672599810e-01 9.998268372275840310e-01
3.169520051048632658e-01 9.998281592706557142e-01
3.169234998902358824e-01 9.998294727213895561e-01
3.168951334524741648e-01 9.998307776395872759e-01
3.168669051238341416e-01 9.998320740846106114e-01
3.168388142397169371e-01 9.998333621153846495e-01
3.168108601386548928e-01 9.998346417904011574e-01
3.167830421622971349e-01 9.998359131677223566e-01
3.167553596553955852e-01 9.998371763049830330e-01
3.167278119657908064e-01 9.998384312593953105e-01
3.167003984443980125e-01 9.998396780877505385e-01
3.166731184451932468e-01 9.998409168464235108e-01
3.166459713251994490e-01 9.998421475913749079e-01
3.166189564444725213e-01 9.998433703781550719e-01
3.165920731660877285e-01 9.998445852619066709e-01
3.165653208561259313e-01 9.998457922973678080e-01
3.165386988836598747e-01 9.998469915388755735e-01
3.165122066207405882e-01 9.998481830403685988e-01
3.164858434423841183e-01 9.998493668553903868e-01
3.164596087265577062e-01 9.998505430370921987e-01
3.164335018541664657e-01 9.998517116382358294e-01
3.164075222090401707e-01 9.998528727111972714e-01
3.163816691779197665e-01 9.998540263079689350e-01
3.163559421504442692e-01 9.998551724801626461e-01
3.163303405191374429e-01 9.998563112790131990e-01
3.163048636793945878e-01 9.998574427553802435e-01
3.162795110294698286e-01 9.998585669597519487e-01
3.162542819704626251e-01 9.998596839422476679e-01
3.162291759063051155e-01 9.998607937526202694e-01
3.162041922437490715e-01 9.998618964402593567e-01
3.161793303923530196e-01 9.998629920541940441e-01
3.161545897644695291e-01 9.998640806430957317e-01
3.161299697752322779e-01 9.998651622552802154e-01
3.161054698425436182e-01 9.998662369387113502e-01
3.160810893870616978e-01 9.998673047410029380e-01
3.160568278321879698e-01 9.998683657094219468e-01
3.160326846040545923e-01 9.998694198908906206e-01
3.160086591315119930e-01 9.998704673319894765e-01
3.159847508461164356e-01 9.998715080789598586e-01
3.159609591821177510e-01 9.998725421777062694e-01
3.159372835764467369e-01 9.998735696737992562e-01
3.159137234687030005e-01 9.998745906124779648e-01
3.158902783011428572e-01 9.998756050386520267e-01
3.158669475186671738e-01 9.998766129969047789e-01
3.158437305688090446e-01 9.998776145314957065e-01
3.158206269017218015e-01 9.998786096863621076e-01
3.157976359701670788e-01 9.998795985051225355e-01
3.157747572295027672e-01 9.998805810310787967e-01
3.157519901376712457e-01 9.998815573072180607e-01
3.157293341551872801e-01 9.998825273762157462e-01
3.157067887451265875e-01 9.998834912804375197e-01
3.156843533731134577e-01 9.998844490619417380e-01
3.156620275073098170e-01 9.998854007624820017e-01
3.156398106184029606e-01 9.998863464235093756e-01
3.156177021795941728e-01 9.998872860861742762e-01
3.155957016665872916e-01 9.998882197913290248e-01
3.155738085575769403e-01 9.998891475795306238e-01
3.155520223332373142e-01 9.998900694910419773e-01
3.155303424767105236e-01 9.998909855658349999e-01
3.155087684735956022e-01 9.998918958435922821e-01
3.154872998119367389e-01 9.998928003637094220e-01
3.154659359822122866e-01 9.998936991652973560e-01
3.154446764773237155e-01 9.998945922871842473e-01
3.154235207925839002e-01 9.998954797679180384e-01
3.154024684257066835e-01 9.998963616457681169e-01
3.153815188767951638e-01 9.998972379587274251e-01
3.153606716483313144e-01 9.998981087445150129e-01
3.153399262451643259e-01 9.998989740405777038e-01
3.153192821745003371e-01 9.998998338840924260e-01
3.152987389458911660e-01 9.999006883119676559e-01
3.152782960712234850e-01 9.999015373608463042e-01
3.152579530647081629e-01 9.999023810671071599e-01
3.152377094428695514e-01 9.999032194668669993e-01
3.152175647245347156e-01 9.999040525959824732e-01
3.151975184308227762e-01 9.999048804900523280e-01
3.151775700851344175e-01 9.999057031844190702e-01
3.151577192131412852e-01 9.999065207141712985e-01
3.151379653427753835e-01 9.999073331141449250e-01
3.151183080042186946e-01 9.999081404189259503e-01
3.150987467298928535e-01 9.999089426628515742e-01
3.150792810544486566e-01 9.999097398800124159e-01
3.150599105147559031e-01 9.999105321042545125e-01
3.150406346498927923e-01 9.999113193691808732e-01
3.150214530011360980e-01 9.999121017081534779e-01
3.150023651119507329e-01 9.999128791542950534e-01
3.149833705279795337e-01 9.999136517404908497e-01
3.149644687970334922e-01 9.999144194993904167e-01
3.149456594690813738e-01 9.999151824634092689e-01
3.149269420962398924e-01 9.999159406647311066e-01
3.149083162327636076e-01 9.999166941353089255e-01
3.148897814350352098e-01 9.999174429068671266e-01
3.148713372615554729e-01 9.999181870109034032e-01
3.148529832729333178e-01 9.999189264786898512e-01
3.148347190318764866e-01 9.999196613412751899e-01
3.148165441031811063e-01 9.999203916294862049e-01
3.147984580537226407e-01 9.999211173739295244e-01
3.147804604524457872e-01 9.999218386049931739e-01
3.147625508703550401e-01 9.999225553528483523e-01
3.147447288805051979e-01 9.999232676474508752e-01
3.147269940579915382e-01 9.999239755185429512e-01
3.147093459799406023e-01 9.999246789956545145e-01
3.146917842255006481e-01 9.999253781081054449e-01
3.146743083758321013e-01 9.999260728850062341e-01
3.146569180140985078e-01 9.999267633552602064e-01
3.146396127254569852e-01 9.999274495475650726e-01
3.146223920970488419e-01 9.999281314904142626e-01
3.146052557179905840e-01 9.999288092120980354e-01
3.145882031793645894e-01 9.999294827407062547e-01
3.145712340742098934e-01 9.999301521041283891e-01
3.145543479975131396e-01 9.999308173300560654e-01
3.145375445461994768e-01 9.999314784459839567e-01
3.145208233191236213e-01 9.999321354792115590e-01
3.145041839170604758e-01 9.999327884568447455e-01
3.144876259426968024e-01 9.999334374057970987e-01
3.144711490006217858e-01 9.999340823527909095e-01
3.144547526973182627e-01 9.999347233243592870e-01
3.144384366411540066e-01 9.999353603468473795e-01
3.144222004423727901e-01 9.999359934464133737e-01
3.144060437130857255e-01 9.999366226490303822e-01
3.143899660672624941e-01 9.999372479804875535e-01
3.143739671207226305e-01 9.999378694663916267e-01
3.143580464911269745e-01 9.999384871321681523e-01
3.143422037979689554e-01 9.999391010030629356e-01
3.143264386625659879e-01 9.999397111041431474e-01
3.143107507080510343e-01 9.999403174602988775e-01
3.142951395593643338e-01 9.999409200962446898e-01
3.142796048432442979e-01 9.999415190365201767e-01
3.142641461882197396e-01 9.999421143054921801e-01
3.142487632246012685e-01 9.999427059273555685e-01
3.142334555844728539e-01 9.999432939261341247e-01
3.142182229016836081e-01 9.999438783256828778e-01
3.142030648118394609e-01 9.999444591496884360e-01
3.141879809522949984e-01 9.999450364216705411e-01
3.141729709621453592e-01 9.999456101649834006e-01
3.141580344822177961e-01 9.999461804028171308e-01
3.141431711550637385e-01 9.999467471581979794e-01
3.141283806249507982e-01 9.999473104539908785e-01
3.141136625378543878e-01 9.999478703128998891e-01
3.140990165414501711e-01 9.999484267574693108e-01
3.140844422851057360e-01 9.999489798100852367e-01
3.140699394198727679e-01 9.999495294929764411e-01
3.140555075984791111e-01 9.999500758282160451e-01
3.140411464753208870e-01 9.999506188377219607e-01
3.140268557064548882e-01 9.999511585432583338e-01
3.140126349495903080e-01 9.999516949664369880e-01
3.139984838640814679e-01 9.999522281287180903e-01
3.139844021109198247e-01 9.999527580514117053e-01
3.139703893527262535e-01 9.999532847556784620e-01
3.139564452537436101e-01 9.999538082625309965e-01
3.139425694798287925e-01 9.999543285928348402e-01
3.139287616984454132e-01 9.999548457673098634e-01
3.139150215786561948e-01 9.999553598065308302e-01
3.139013487911152533e-01 9.999558707309287309e-01
3.138877430080608266e-01 9.999563785607918920e-01
3.138742039033078357e-01 9.999568833162670867e-01
3.138607311522402243e-01 9.999573850173603118e-01
3.138473244318037980e-01 9.999578836839381202e-01
3.138339834204987855e-01 9.999583793357286199e-01
3.138207077983725113e-01 9.999588719923221403e-01
3.138074972470122348e-01 9.999593616731725643e-01
3.137943514495376007e-01 9.999598483975985497e-01
3.137812700905937557e-01 9.999603321847840842e-01
3.137682528563439099e-01 9.999608130537793738e-01
3.137552994344622870e-01 9.999612910235025076e-01
3.137424095141269631e-01 9.999617661127401247e-01
3.137295827860129283e-01 9.999622383401476355e-01
3.137168189422848141e-01 9.999627077242516648e-01
3.137041176765898443e-01 9.999631742834494963e-01
3.136914786840511171e-01 9.999636380360111820e-01
3.136789016612604453e-01 9.999640990000796537e-01
3.136663863062712498e-01 9.999645571936721655e-01
3.136539323185921213e-01 9.999650126346809609e-01
3.136415393991794365e-01 9.999654653408746041e-01
3.136292072504310857e-01 9.999659153298983139e-01
3.136169355761789235e-01 9.999663626192749621e-01
3.136047240816828285e-01 9.999668072264064067e-01
3.135925724736232101e-01 9.999672491685742681e-01
3.135804804600949014e-01 9.999676884629402629e-01
3.135684477505999990e-01 9.999681251265475357e-01
3.135564740560414787e-01 9.999685591763216586e-01
3.135445590887165346e-01 9.999689906290712971e-01
3.135327025623099728e-01 9.999694195014889875e-01
3.135209041918875505e-01 9.999698458101520249e-01
3.135091636938895920e-01 9.999702695715234624e-01
3.134974807861244384e-01 9.999706908019528884e-01
3.134858551877617305e-01 9.999711095176770925e-01
3.134742866193265809e-01 9.999715257348208430e-01
3.134627748026923566e-01 9.999719394693983299e-01
3.134513194610749620e-01 9.999723507373132758e-01
3.134399203190261218e-01 9.999727595543599357e-01
3.134285771024271638e-01 9.999731659362238734e-01
3.134172895384828017e-01 9.999735698984830723e-01
3.134060573557145846e-01 9.999739714566082682e-01
3.133948802839549019e-01 9.999743706259641707e-01
3.133837580543409329e-01 9.999747674218096849e-01
3.133726903993078738e-01 9.999751618592993552e-01
3.133616770525834982e-01 9.999755539534835869e-01
3.133507177491813844e-01 9.999759437193096456e-01
3.133398122253954199e-01 9.999763311716219905e-01
3.133289602187931400e-01 9.999767163251642721e-01
3.133181614682101213e-01 9.999770991945783338e-01
3.133074157137437643e-01 9.999774797944063209e-01
3.132967226967473540e-01 9.999778581390904586e-01
3.132860821598241752e-01 9.999782342429746063e-01
3.132754938468213513e-01 9.999786081203045907e-01
3.132649575028242372e-01 9.999789797852285389e-01
3.132544728741503692e-01 9.999793492517980997e-01
3.132440397083434691e-01 9.999797165339694427e-01
3.132336577541680045e-01 9.999800816456029251e-01
3.132233267616030825e-01 9.999804446004646463e-01
3.132130464818366766e-01 9.999808054122266698e-01
3.132028166672601310e-01 9.999811640944683555e-01
3.131926370714622210e-01 9.999815206606761375e-01
3.131825074492234351e-01 9.999818751242446346e-01
3.131724275565105353e-01 9.999822274984775383e-01
3.131623971504706727e-01 9.999825777965880569e-01
3.131524159894258919e-01 9.999829260316992485e-01
3.131424838328676352e-01 9.999832722168454646e-01
3.131326004414509145e-01 9.999836163649720167e-01
3.131227655769890372e-01 9.999839584889368416e-01
3.131129790024479442e-01 9.999842986015101687e-01
3.131032404819407700e-01 9.999846367153757409e-01
3.130935497807224577e-01 9.999849728431314810e-01
3.130839066651842084e-01 9.999853069972896025e-01
3.130743109028480409e-01 9.999856391902779418e-01
3.130647622623615178e-01 9.999859694344399585e-01
3.130552605134923616e-01 9.999862977420354015e-01
3.130458054271231250e-01 9.999866241252413079e-01
3.130363967752458065e-01 9.999869485961524473e-01
3.130270343309565217e-01 9.999872711667816549e-01
3.130177178684506178e-01 9.999875918490606086e-01
3.130084471630168452e-01 9.999879106548404950e-01
3.129992219910326390e-01 9.999882275958924538e-01
3.129900421299586788e-01 9.999885426839083546e-01
3.129809073583337820e-01 9.999888559305010194e-01
3.129718174557697408e-01 9.999891673472049991e-01
3.129627722029462156e-01 9.999894769454772403e-01
3.129537713816057942e-01 9.999897847366976400e-01
3.129448147745486075e-01 9.999900907321691568e-01
3.129359021656275552e-01 9.999903949431190320e-01
3.129270333397430881e-01 9.999906973806986787e-01
3.129182080828384893e-01 9.999909980559849032e-01
3.129094261818944900e-01 9.999912969799799045e-01
3.129006874249247172e-01 9.999915941636117189e-01
3.128919916009704760e-01 9.999918896177357741e-01
3.128833385000959200e-01 9.999921833531336679e-01
3.128747279133833881e-01 9.999924753805156108e-01
3.128661596329281314e-01 9.999927657105193157e-01
3.128576334518338165e-01 9.999930543537116634e-01
3.128491491642074740e-01 9.999933413205885913e-01
3.128407065651548358e-01 9.999936266215756486e-01
3.128323054507757273e-01 9.999939102670289959e-01
3.128239456181588496e-01 9.999941922672351824e-01
3.128156268653775607e-01 9.999944726324120348e-01
3.128073489914847682e-01 9.999947513727091009e-01
3.127991117965084333e-01 9.999950284982085380e-01
3.127909150814470185e-01 9.999953040189246689e-01
3.127827586482647138e-01 9.999955779448050919e-01
3.127746422998865516e-01 9.999958502857313469e-01
3.127665658401943549e-01 9.999961210515188048e-01
3.127585290740218515e-01 9.999963902519176662e-01
3.127505318071500118e-01 9.999966578966129616e-01
3.127425738463027738e-01 9.999969239952254396e-01
3.127346549991423807e-01 9.999971885573115671e-01
3.127267750742648844e-01 9.999974515923645280e-01
3.127189338811957597e-01 9.999977131098144456e-01
3.127111312303854085e-01 9.999979731190283827e-01
3.127033669332046073e-01 9.999982316293116735e-01
3.126956408019403999e-01 9.999984886499074799e-01
3.126879526497914896e-01 9.999987441899980123e-01
3.126803022908636875e-01 9.999989982587040860e-01
3.126726895401660822e-01 9.999992508650865641e-01
3.126651142136062100e-01 9.999995020181459138e-01
3.126575761279861143e-01 9.999997517268230940e-01
3.126500751009977375e-01 1.000000000000000000e+00
