3.163647897579419110e-01 0.000000000000000000e+00
3.348190593691217076e-01 8.529119988652146198e-03
3.517547346946426345e-01 1.698597094014155789e-02
3.674019820135905334e-01 2.537116192687560723e-02
3.819420423383476093e-01 3.368529685270993390e-02
3.955202052733841067e-01 4.192897452339063719e-02
4.082547460831263963e-01 5.010278870945754359e-02
4.202432457302030522e-01 5.820732820334836854e-02
4.315671631131815511e-01 6.624317687202130323e-02
4.422952094441721105e-01 7.421091370609164684e-02
4.524858828122832466e-01 8.211111286623615224e-02
4.621894019979560508e-01 8.994434372743696782e-02
4.714492027737363089e-01 9.771117092150137518e-02
4.803031104023217646e-01 1.054121543781912779e-01
4.887842689814989039e-01 1.130478493652194300e-01
4.969218857750563045e-01 1.206188065273105514e-01
5.047418330655328855e-01 1.281255719244817626e-01
5.122671390718589457e-01 1.355686870696618807e-01
5.195183916142702696e-01 1.429486889657433368e-01
5.265140725106480790e-01 1.502661101421405854e-01
5.332708365055242039e-01 1.575214786909122644e-01
5.398037454265438573e-01 1.647153183024927803e-01
5.461264659311784175e-01 1.718481483010695365e-01
5.522514374382478941e-01 1.789204836796339237e-01
5.581900154854708695e-01 1.859328351347283859e-01
5.639525947093949609e-01 1.928857091009079927e-01
5.695487148307394332e-01 1.997796077849300356e-01
5.749871523902213566e-01 2.066150291996831367e-01
5.802760004759115464e-01 2.133924671978648935e-01
5.854227382822365655e-01 2.201124115054144403e-01
5.904342920197799272e-01 2.267753477547065077e-01
5.953170884365203142e-01 2.333817575175104186e-01
6.000771020017304780e-01 2.399321183377181865e-01
6.047198966332011372e-01 2.464269037638440463e-01
6.092506627088137838e-01 2.528665833812980823e-01
6.136742499886032043e-01 2.592516228444351478e-01
6.179951969784888144e-01 2.655824839083810174e-01
6.222177571880104230e-01 2.718596244606366619e-01
6.263459226686624026e-01 2.780834985524614500e-01
6.303834451643830494e-01 2.842545564300364425e-01
6.343338551594962516e-01 2.903732445654081396e-01
6.382004790703834640e-01 2.964400056872134037e-01
6.419864547941214195e-01 3.024552788111862234e-01
6.456947457992628925e-01 3.084194992704464289e-01
6.493281539200141950e-01 3.143330987455717485e-01
6.528893309946148804e-01 3.201965052944521495e-01
6.563807894711874980e-01 3.260101433819291850e-01
6.598049120892395258e-01 3.317744339092186245e-01
6.631639607319966823e-01 3.374897942431183129e-01
6.664600845334871515e-01 3.431566382450016439e-01
6.696953273145496155e-01 3.487753762995969287e-01
6.728716344134541005e-01 3.543464153435529895e-01
6.759908589694364478e-01 3.598701588937931461e-01
6.790547677109940450e-01 3.653470070756562049e-01
6.820650462951421966e-01 3.707773566508267837e-01
6.850233042388731430e-01 3.761616010450549163e-01
6.879310794797016682e-01 3.815001303756663797e-01
6.907898425983464152e-01 3.867933314788639665e-01
6.936010007332024108e-01 3.920415879368205347e-01
6.963659012132671355e-01 3.972452801045656123e-01
6.990858349335262734e-01 4.024047851366650552e-01
7.017620394944463769e-01 4.075204770136964805e-01
7.043957021251285866e-01 4.125927265685193635e-01
7.069879624078059255e-01 4.176219015123426859e-01
7.095399148197069072e-01 4.226083664605901902e-01
7.120526111068118391e-01 4.275524829585641284e-01
7.145270625027020372e-01 4.324546095069089491e-01
7.169642418045039101e-01 4.373151015868763647e-01
7.193650853168586101e-01 4.421343116853916899e-01
7.217304946738813953e-01 4.469125893199237254e-01
7.240613385482110864e-01 4.516502810631591869e-01
7.263584542554627488e-01 4.563477305674814022e-01
7.286226492616925121e-01 4.610052785892567728e-01
7.308547026008427316e-01 4.656232630129282235e-01
7.330553662085613764e-01 4.702020188749173601e-01
7.352253661782593985e-01 4.747418783873371684e-01
7.373654039448012121e-01 4.792431709615151969e-01
7.394761574007867599e-01 4.837062232313297794e-01
7.415582819499915157e-01 4.881313590763593502e-01
7.436124115021768288e-01 4.925188996448467416e-01
7.456391594131519529e-01 4.968691633764792948e-01
7.476391193736762197e-01 5.011824660249863950e-01
7.496128662505145979e-01 5.054591206805550962e-01
7.515609568827148479e-01 5.096994377920655017e-01
7.534839308359445598e-01 5.139037251891471758e-01
7.553823111175196336e-01 5.180722881040571437e-01
7.572566048545653627e-01 5.222054291933815318e-01
7.591073039375728637e-01 5.263034485595616818e-01
7.609348856314579468e-01 5.303666437722456273e-01
7.627398131560759742e-01 5.343953098894668186e-01
7.645225362380135836e-01 5.383897394786513191e-01
7.662834916353530312e-01 5.423502226374535828e-01
7.680231036369835618e-01 5.462770470144233670e-01
7.697417845379376233e-01 5.501704978295042237e-01
7.714399350921199439e-01 5.540308578943653472e-01
7.731179449437156626e-01 5.578584076325674435e-01
7.747761930384734486e-01 5.616534250995637301e-01
7.764150480159841550e-01 5.654161860025384012e-01
7.780348685840033918e-01 5.691469637200816667e-01
7.796360038757991218e-01 5.728460293217055854e-01
7.812187937914418789e-01 5.765136515871984724e-01
7.827835693239015846e-01 5.801500970258217649e-01
7.843306528707543190e-01 5.837556298953489042e-01
7.858603585322627705e-01 5.873305122209486751e-01
7.873729923965365751e-01 5.908750038139130023e-01
7.888688528124451205e-01 5.943893622902308715e-01
7.903482306509088673e-01 5.978738430890099265e-01
7.918114095551622711e-01 6.013286994907465211e-01
7.932586661805430817e-01 6.047541826354447814e-01
7.946902704243321569e-01 6.081505415405872306e-01
7.961064856461381734e-01 6.115180231189571991e-01
7.975075688792900852e-01 6.148568721963137973e-01
7.988937710336788678e-01 6.181673315289214488e-01
8.002653370904587726e-01 6.214496418209348727e-01
8.016225062890014463e-01 6.247040417416402924e-01
8.029655123064700639e-01 6.279307679425543132e-01
8.042945834303625308e-01 6.311300550743811355e-01
8.056099427243522682e-01 6.343021358038302138e-01
8.069118081877393323e-01 6.374472408302944704e-01
8.082003929088052985e-01 6.405655989023896213e-01
8.094759052123510212e-01 6.436574368343584984e-01
8.107385488016813913e-01 6.467229795223371491e-01
8.119885228952876677e-01 6.497624499604882642e-01
8.132260223584641956e-01 6.527760692569991585e-01
8.144512378300827748e-01 6.557640566499480794e-01
8.156643558447409514e-01 6.587266295230383983e-01
8.168655589504838499e-01 6.616640034212026844e-01
8.180550258222922810e-01 6.645763920660766599e-01
8.192329313715199790e-01 6.674640073713449251e-01
8.203994468514528293e-01 6.703270594579587849e-01
8.215547399591547340e-01 6.731657566692286210e-01
8.226989749337558777e-01 6.759803055857895870e-01
8.238323126513341643e-01 6.787709110404434032e-01
8.249549107165293771e-01 6.815377761328763606e-01
8.260669235510251784e-01 6.842811022442554236e-01
8.271685024790293994e-01 6.870010890517022073e-01
8.282597958098708579e-01 6.896979345426466068e-01
8.293409489178334981e-01 6.923718350290614110e-01
8.304121043193354312e-01 6.950229851615769006e-01
8.314734017475602368e-01 6.976515779434795395e-01
8.325249782246412211e-01 7.002578047445927600e-01
8.335669681314945567e-01 7.028418553150421744e-01
8.345995032753934506e-01 7.054039177989068765e-01
8.356227129553708277e-01 7.079441787477552817e-01
8.366367240255343507e-01 7.104628231340696098e-01
8.376416609563731575e-01 7.129600343645567939e-01
8.386376458941344758e-01 7.154359942933496974e-01
8.396247987183403927e-01 7.178908832350971991e-01
8.406032370975167201e-01 7.203248799779445877e-01
8.415730765432004601e-01 7.227381617964072635e-01
8.425344304622888192e-01 7.251309044641341961e-01
8.434874102077913882e-01 7.275032822665673526e-01
8.444321251280442198e-01 7.298554680134932138e-01
8.453686826144412025e-01 7.321876330514907050e-01
8.462971881477372449e-01 7.344999472762747672e-01
8.472177453429736715e-01 7.367925791449353445e-01
8.481304559930751275e-01 7.390656956880761186e-01
8.490354201111667276e-01 7.413194625218501033e-01
8.499327359716538632e-01 7.435540438598948754e-01
8.508225001501107387e-01 7.457696025251682181e-01
8.517048075620177183e-01 7.479662999616845109e-01
8.525797515003873395e-01 7.501442962461523090e-01
8.534474236723190721e-01 7.523037500995151117e-01
8.543079142345162413e-01 7.544448188983954307e-01
8.551613118278038606e-01 7.565676586864422681e-01
8.560077036106795711e-01 7.586724241855845596e-01
8.568471752919294415e-01 7.607592688071892484e-01
8.576798111623425980e-01 7.628283446631263232e-01
8.585056941255514440e-01 7.648798025767413744e-01
8.593249057280288872e-01 7.669137920937354469e-01
8.601375261882693302e-01 7.689304614929542980e-01
8.609436344251800710e-01 7.709299577970867290e-01
8.617433080857086480e-01 7.729124267832730988e-01
8.625366235717323304e-01 7.748780129936254646e-01
8.633236560662310710e-01 7.768268597456584601e-01
8.641044795587687899e-01 7.787591091426340206e-01
8.648791668703047497e-01 7.806749020838174014e-01
8.656477896773547842e-01 7.825743782746487076e-01
8.664104185355251397e-01 7.844576762368286049e-01
8.671671229024366934e-01 7.863249333183185419e-01
8.679179711600593095e-01 7.881762857032582614e-01
8.686630306364746534e-01 7.900118684217991571e-01
8.694023676270850043e-01 7.918318153598548070e-01
8.701360474152850522e-01 7.936362592687706830e-01
8.708641342926124462e-01 7.954253317749115926e-01
8.715866915783950786e-01 7.971991633891689633e-01
8.723037816389062060e-01 7.989578835163880788e-01
8.730154659060472833e-01 8.007016204647164903e-01
8.737218048955681660e-01 8.024305014548730464e-01
8.744228582248416703e-01 8.041446526293399844e-01
8.751186846302029254e-01 8.058441990614767514e-01
8.758093419838687277e-01 8.075292647645577748e-01
8.764948873104480009e-01 8.091999727007347376e-01
8.771753768030550180e-01 8.108564447899218042e-01
8.778508658390382635e-01 8.124988019186079047e-01
8.785214089953332639e-01 8.141271639485939682e-01
8.791870600634542621e-01 8.157416497256564369e-01
8.798478720641309536e-01 8.173423770881392825e-01
8.805038972616031634e-01 8.189294628754711924e-01
8.811551871775820111e-01 8.205030229366140349e-01
8.818017926048866695e-01 8.220631721384378254e-01
8.824437636207667079e-01 8.236100243740267501e-01
8.830811495999184579e-01 8.251436925709142445e-01
8.837139992272028399e-01 8.266642886992493500e-01
8.843423605100750873e-01 8.281719237798942368e-01
8.849662807907315853e-01 8.296667078924533367e-01
8.855858067579842618e-01 8.311487501832349745e-01
8.862009844588678575e-01 8.326181588731459415e-01
8.868118593099885150e-01 8.340750412655194568e-01
8.874184761086191253e-01 8.355195037538778458e-01
8.880208790435516475e-01 8.369516518296288288e-01
8.886191117057080646e-01 8.383715900896973050e-01
8.892132170985208584e-01 8.397794222440935208e-01
8.898032376480854433e-01 8.411752511234165119e-01
8.903892152130941096e-01 8.425591786862950405e-01
8.909711910945539159e-01 8.439313060267654709e-01
8.915492060452965273e-01 8.452917333815873624e-01
8.921233002792836597e-01 8.466405601374977774e-01
8.926935134807157946e-01 8.479778848384039724e-01
8.932598848129453817e-01 8.493038051925162479e-01
8.938224529272045249e-01 8.506184180794195138e-01
8.943812559711470378e-01 8.519218195570864571e-01
8.949363315972128641e-01 8.532141048688305363e-01
8.954877169708187479e-01 8.544953684502012425e-01
8.960354487783770416e-01 8.557657039358205209e-01
8.965795632351516442e-01 8.570252041661619025e-01
8.971200960929505142e-01 8.582739611942721281e-01
8.976570826476616416e-01 8.595120662924369270e-01
8.981905577466350321e-01 8.607396099587895089e-01
8.987205557959156987e-01 8.619566819238636546e-01
8.992471107673294384e-01 8.631633711570921852e-01
8.997702562054273878e-01 8.643597658732499189e-01
9.002900252342904697e-01 8.655459535388417835e-01
9.008064505641990571e-01 8.667220208784387481e-01
9.013195644981695231e-01 8.678880538809585765e-01
9.018293989383622256e-01 8.690441378058942901e-01
9.023359853923627050e-01 8.701903571894902267e-01
9.028393549793405359e-01 8.713267958508654765e-01
9.033395384360873859e-01 8.724535368980864680e-01
9.038365661229378345e-01 8.735706627341871533e-01
9.043304680295762843e-01 8.746782550631394537e-01
9.048212737807307393e-01 8.757763948957726363e-01
9.053090126417582262e-01 8.768651625556427298e-01
9.057937135241234117e-01 8.779446376848534239e-01
9.062754049907725262e-01 8.790148992498260094e-01
9.067541152614057021e-01 8.800760255470221338e-01
9.072298722176500574e-01 8.811280942086179291e-01
9.077027034081345258e-01 8.821711822081295118e-01
9.081726360534707609e-01 8.832053658659916318e-01
9.086396970511410043e-01 8.842307208550891362e-01
9.091039129802942487e-01 8.852473222062418046e-01
9.095653101064545831e-01 8.862552443136423319e-01
9.100239143861428293e-01 8.872545609402490152e-01
9.104797514714124684e-01 8.882453452231325874e-01
9.109328467143034125e-01 8.892276696787780876e-01
9.113832251712149501e-01 8.902016062083414338e-01
9.118309116071983134e-01 8.911672261028624753e-01
9.122759305001725272e-01 8.921246000484327476e-01
9.127183060450644314e-01 8.930737981313212615e-01
9.131580621578738732e-01 8.940148898430551050e-01
9.135952224796668464e-01 8.949479440854586354e-01
9.140298103804976870e-01 8.958730291756494823e-01
9.144618489632613256e-01 8.967902128509921411e-01
9.148913610674775931e-01 8.976995622740099323e-01
9.153183692730096910e-01 8.986011440372557724e-01
9.157428959037163807e-01 8.994950241681411995e-01
9.161649630310416681e-01 9.003812681337247659e-01
9.165845924775412046e-01 9.012599408454603500e-01
9.170018058203480704e-01 9.021311066639049470e-01
9.174166243945783838e-01 9.029948294033866008e-01
9.178290692966787345e-01 9.038511723366333683e-01
9.182391613877163294e-01 9.047001981993622044e-01
9.186469212966124065e-01 9.055419691948305427e-01
9.190523694233216911e-01 9.063765469983479095e-01
9.194555259419570081e-01 9.072039927617503441e-01
9.198564108038620457e-01 9.080243671178362952e-01
9.202550437406312733e-01 9.088377301847661016e-01
9.206514442670808984e-01 9.096441415704227262e-01
9.210456316841689750e-01 9.104436603767371849e-01
9.214376250818671066e-01 9.112363452039761169e-01
9.218274433419852976e-01 9.120222541549943829e-01
9.222151051409492872e-01 9.128014448394499158e-01
9.226006289525328086e-01 9.135739743779852651e-01
9.229840330505447721e-01 9.143398994063713925e-01
9.233653355114725958e-01 9.150992760796183845e-01
9.237445542170827917e-01 9.158521600760500814e-01
9.241217068569785864e-01 9.165986066013450673e-01
9.244968109311171300e-01 9.173386703925426877e-01
9.248698837522860705e-01 9.180724057220163159e-01
9.252409424485392719e-01 9.187998664014114247e-01
9.256100039655950074e-01 9.195211057855522396e-01
9.259770850691952937e-01 9.202361767763137523e-01
9.263422023474272571e-01 9.209451318264616493e-01
9.267053722130090820e-01 9.216480229434600435e-01
9.270666109055384352e-01 9.223449016932464550e-01
9.274259344937062499e-01 9.230358192039745946e-01
9.277833588774760942e-01 9.237208261697268386e-01
9.281388997902288995e-01 9.243999728541939520e-01
9.284925728008746049e-01 9.250733090943238368e-01
9.288443933159314936e-01 9.257408843039401924e-01
9.291943765815718903e-01 9.264027474773297577e-01
9.295425376856386590e-01 9.270589471927996872e-01
9.298888915596282834e-01 9.277095316162045080e-01
9.302334529806458585e-01 9.283545485044433221e-01
9.305762365733279973e-01 9.289940452089279210e-01
9.309172568117388691e-01 9.296280686790202585e-01
9.312565280212354857e-01 9.302566654654423894e-01
9.315940643803058974e-01 9.308798817236565437e-01
9.319298799223793006e-01 9.314977632172168898e-01
9.322639885376093893e-01 9.321103553210926540e-01
9.325964039746306167e-01 9.327177030249643730e-01
9.329271398422883665e-01 9.333198509364896145e-01
9.332562096113435901e-01 9.339168432845442736e-01
9.335836266161519070e-01 9.345087239224338926e-01
9.339094040563182819e-01 9.350955363310790025e-01
9.342335549983267207e-01 9.356773236221733736e-01
9.345560923771466522e-01 9.362541285413154002e-01
9.348770289978156622e-01 9.368259934711127279e-01
9.351963775369992460e-01 9.373929604342609023e-01
9.355141505445272454e-01 9.379550710965967042e-01
9.358303604449084157e-01 9.385123667701235073e-01
9.361450195388240081e-01 9.390648884160133214e-01
9.364581400045980386e-01 9.396126766475821901e-01
9.367697338996480161e-01 9.401557717332404973e-01
9.370798131619139104e-01 9.406942135994187382e-01
9.373883896112673586e-01 9.412280418334679766e-01
9.376954749509004428e-01 9.417572956865362110e-01
9.380010807686947061e-01 9.422820140764202046e-01
9.383052185385714061e-01 9.428022355903925567e-01
9.386078996218217840e-01 9.433179984880064595e-01
9.389091352684194591e-01 9.438293407038746974e-01
9.392089366183140609e-01 9.443362998504263306e-01
9.395073147027067639e-01 9.448389132206403973e-01
9.398042804453079491e-01 9.453372177907549689e-01
9.400998446635778771e-01 9.458312502229545560e-01
9.403940180699494888e-01 9.463210468680343102e-01
9.406868112730349951e-01 9.468066437680419112e-01
9.409782347788149259e-01 9.472880766588962498e-01
9.412682989918123022e-01 9.477653809729851275e-01
9.415570142162491551e-01 9.482385918417399751e-01
9.418443906571879465e-01 9.487077440981894760e-01
9.421304384216580008e-01 9.491728722794909867e-01
9.424151675197656175e-01 9.496340106294408612e-01
9.426985878657895279e-01 9.500911931009633493e-01
9.429807092792621415e-01 9.505444533585786226e-01
9.432615414860351377e-01 9.509938247808493728e-01
9.435410941193320689e-01 9.514393404628076478e-01
9.438193767207854190e-01 9.518810332183601508e-01
9.440963987414610070e-01 9.523189355826734426e-01
9.443721695428681784e-01 9.527530798145392721e-01
9.446466983979565635e-01 9.531834978987197005e-01
9.449199944921000682e-01 9.536102215482720190e-01
9.451920669240673201e-01 9.540332822068542384e-01
9.454629247069795683e-01 9.544527110510115930e-01
9.457325767692560392e-01 9.548685389924423950e-01
9.460010319555468561e-01 9.552807966802461248e-01
9.462682990276541917e-01 9.556895145031510941e-01
9.465343866654402083e-01 9.560947225917242331e-01
9.467993034677247843e-01 9.564964508205621163e-01
9.470630579531704729e-01 9.568947288104626692e-01
9.473256585611560254e-01 9.572895859305792232e-01
9.475871136526400340e-01 9.576810513005555858e-01
9.478474315110111403e-01 9.580691537926444568e-01
9.481066203429296957e-01 9.584539220338057497e-01
9.483646882791568755e-01 9.588353844077891486e-01
9.486216433753744681e-01 9.592135690571976792e-01
9.488774936129931170e-01 9.595885038855344051e-01
9.491322468999514594e-01 9.599602165592314718e-01
9.493859110715040517e-01 9.603287345096624961e-01
9.496384938910001905e-01 9.606940849351373046e-01
9.498900030506524095e-01 9.610562948028800179e-01
9.501404461722954276e-01 9.614153908509901481e-01
9.503898308081359936e-01 9.617713995903874880e-01
9.506381644414925169e-01 9.621243473067403462e-01
9.508854544875261494e-01 9.624742600623772404e-01
9.511317082939628742e-01 9.628211636981824917e-01
9.513769331418058250e-01 9.631650838354759436e-01
9.516211362460393897e-01 9.635060458778763604e-01
9.518643247563250975e-01 9.638440750131495038e-01
9.521065057576874047e-01 9.641791962150404460e-01
9.523476862711929281e-01 9.645114342450896716e-01
9.525878732546196881e-01 9.648408136544347480e-01
9.528270736031192456e-01 9.651673587855961189e-01
9.530652941498702901e-01 9.654910937742483545e-01
9.533025416667245677e-01 9.658120425509749696e-01
9.535388228648445930e-01 9.661302288430104745e-01
9.537741443953337006e-01 9.664456761759658843e-01
9.540085128498588807e-01 9.667584078755406818e-01
9.542419347612656200e-01 9.670684470692192392e-01
9.544744166041855271e-01 9.673758166879542486e-01
9.547059647956368522e-01 9.676805394678343886e-01
9.549365856956173459e-01 9.679826379517388890e-01
9.551662856076904573e-01 9.682821344909777750e-01
9.553950707795645370e-01 9.685790512469182323e-01
9.556229474036647131e-01 9.688734101925966513e-01
9.558499216176984392e-01 9.691652331143181254e-01
9.560759995052143800e-01 9.694545416132410720e-01
9.563011870961539707e-01 9.697413571069495308e-01
9.565254903673974241e-01 9.700257008310115836e-01
9.567489152433025223e-01 9.703075938405245626e-01
9.569714675962380790e-01 9.705870570116470475e-01
9.571931532471096293e-01 9.708641110431186494e-01
9.574139779658803473e-01 9.711387764577658066e-01
9.576339474720855227e-01 9.714110736039955896e-01
9.578530674353403773e-01 9.716810226572760723e-01
9.580713434758432179e-01 9.719486436216054903e-01
9.582887811648714838e-01 9.722139563309675214e-01
9.585053860252726876e-01 9.724769804507749082e-01
9.587211635319502490e-01 9.727377354793005360e-01
9.589361191123420003e-01 9.729962407490972964e-01
9.591502581468953625e-01 9.732525154284042967e-01
9.593635859695356372e-01 9.735065785225426316e-01
9.595761078681291911e-01 9.737584488752983880e-01
9.597878290849413130e-01 9.740081451702943260e-01
9.599987548170896279e-01 9.742556859323501239e-01
9.602088902169912954e-01 9.745010895288304109e-01
9.604182403928052114e-01 9.747443741709818088e-01
9.606268104088706572e-01 9.749855579152592044e-01
9.608346052861388431e-01 9.752246586646391435e-01
9.610416300026008996e-01 9.754616941699236765e-01
9.612478894937112051e-01 9.756966820310328803e-01
9.614533886528049411e-01 9.759296396982855004e-01
9.616581323315119834e-01 9.761605844736696014e-01
9.618621253401652416e-01 9.763895335121020036e-01
9.620653724482056690e-01 9.766165038226775064e-01
9.622678783845810546e-01 9.768415122699071196e-01
9.624696478381422615e-01 9.770645755749457484e-01
9.626706854580334705e-01 9.772857103168095527e-01
9.628709958540789815e-01 9.775049329335832038e-01
9.630705835971653528e-01 9.777222597236165935e-01
9.632694532196196535e-01 9.779377068467118850e-01
9.634676092155833871e-01 9.781512903252993496e-01
9.636650560413821953e-01 9.783630260456047667e-01
9.638617981158912329e-01 9.785729297588058317e-01
9.640578398208976552e-01 9.787810170821791278e-01
9.642531855014574438e-01 9.789873035002372159e-01
9.644478394662500120e-01 9.791918043658565107e-01
9.646418059879274809e-01 9.793945349013947199e-01
9.648350893034615128e-01 9.795955101997996239e-01
9.650276936144851492e-01 9.797947452257086409e-01
9.652196230876322058e-01 9.799922548165376224e-01
9.654108818548713389e-01 9.801880536835622104e-01
9.656014740138383345e-01 9.803821564129887589e-01
9.657914036281634029e-01 9.805745774670165948e-01
9.659806747277953631e-01 9.807653311848915090e-01
9.661692913093231638e-01 9.809544317839499206e-01
9.663572573362921858e-01 9.811418933606541604e-01
9.665445767395194343e-01 9.813277298916195379e-01
9.667312534174028471e-01 9.815119552346317500e-01
9.669172912362294925e-01 9.816945831296567393e-01
9.671026940304794373e-01 9.818756271998411167e-01
9.672874656031261731e-01 9.820551009525048114e-01
9.674716097259341563e-01 9.822330177801239515e-01
9.676551301397539051e-01 9.824093909613075271e-01
9.678380305548124340e-01 9.825842336617639505e-01
9.680203146510020229e-01 9.827575589352599561e-01
9.682019860781652110e-01 9.829293797245721720e-01
9.683830484563769048e-01 9.830997088624289226e-01
9.685635053762235991e-01 9.832685590724459246e-01
9.687433603990799336e-01 9.834359429700526567e-01
9.689226170573815855e-01 9.836018730634111806e-01
9.691012788548958312e-01 9.837663617543280781e-01
9.692793492669897759e-01 9.839294213391571731e-01
9.694568317408943647e-01 9.840910640096954820e-01
9.696337296959671725e-01 9.842513018540717251e-01
9.698100465239519741e-01 9.844101468576268443e-01
9.699857855892342062e-01 9.845676109037869717e-01
9.701609502290964304e-01 9.847237057749295142e-01
9.703355437539691319e-01 9.848784431532411343e-01
9.705095694476791879e-01 9.850318346215696241e-01
9.706830305676965587e-01 9.851838916642668975e-01
9.708559303453779821e-01 9.853346256680263204e-01
9.710282719862077805e-01 9.854840479227124916e-01
9.712000586700366700e-01 9.856321696221832518e-01
9.713712935513185709e-01 9.857790018651059194e-01
9.715419797593435325e-01 9.859245556557656442e-01
9.717121203984696587e-01 9.860688419048669884e-01
9.718817185483524801e-01 9.862118714303298450e-01
9.720507772641707733e-01 9.863536549580769197e-01
9.722192995768519364e-01 9.864942031228155495e-01
9.723872884932934779e-01 9.866335264688125273e-01
9.725547469965829528e-01 9.867716354506629317e-01
9.727216780462162316e-01 9.869085404340514067e-01
9.728880845783121067e-01 9.870442516965080015e-01
9.730539695058256777e-01 9.871787794281567940e-01
9.732193357187600702e-01 9.873121337324589630e-01
9.733841860843748250e-01 9.874443246269484220e-01
9.735485234473928440e-01 9.875753620439626790e-01
9.737123506302054476e-01 9.877052558313659247e-01
9.738756704330746583e-01 9.878340157532674581e-01
9.740384856343341502e-01 9.879616514907327840e-01
9.742007989905879795e-01 9.880881726424896039e-01
9.743626132369068715e-01 9.882135887256267015e-01
9.745239310870236205e-01 9.883379091762888313e-01
9.746847552335250464e-01 9.884611433503632805e-01
9.748450883480436202e-01 9.885833005241623228e-01
9.750049330814457571e-01 9.887043898950994558e-01
9.751642920640192225e-01 9.888244205823597532e-01
9.753231679056583170e-01 9.889434016275640005e-01
9.754815631960470634e-01 9.890613419954288332e-01
9.756394805048410612e-01 9.891782505744193266e-01
9.757969223818467874e-01 9.892941361773971432e-01
9.759538913572002317e-01 9.894090075422631303e-01
9.761103899415424223e-01 9.895228733325941439e-01
9.762664206261943978e-01 9.896357421382745434e-01
9.764219858833292909e-01 9.897476224761225794e-01
9.765770881661445246e-01 9.898585227905111195e-01
9.767317299090302329e-01 9.899684514539832669e-01
9.768859135277371264e-01 9.900774167678628723e-01
9.770396414195430257e-01 9.901854269628594940e-01
9.771929159634169526e-01 9.902924901996688067e-01
9.773457395201817777e-01 9.903986145695670151e-01
9.774981144326758686e-01 9.905038080950012702e-01
9.776500430259126295e-01 9.906080787301746460e-01
9.778015276072384854e-01 9.907114343616254537e-01
9.779525704664895347e-01 9.908138828088027816e-01
9.781031738761467587e-01 9.909154318246364834e-01
9.782533400914894539e-01 9.910160890961023927e-01
9.784030713507472221e-01 9.911158622447830968e-01
9.785523698752506272e-01 9.912147588274230481e-01
9.787012378695805204e-01 9.913127863364804560e-01
9.788496775217149226e-01 9.914099522006725174e-01
9.789976910031764623e-01 9.915062637855182048e-01
9.791452804691764822e-01 9.916017283938746152e-01
9.792924480587585911e-01 9.916963532664699876e-01
9.794391958949409949e-01 9.917901455824312817e-01
9.795855260848566060e-01 9.918831124598078697e-01
9.797314407198931541e-01 9.919752609560906764e-01
9.798769418758308536e-01 9.920665980687268792e-01
9.800220316129787390e-01 9.921571307356300551e-01
9.801667119763106673e-01 9.922468658356861093e-01
9.803109849955993216e-01 9.923358101892553185e-01
9.804548526855483281e-01 9.924239705586694882e-01
9.805983170459248166e-01 9.925113536487246702e-01
9.807413800616888722e-01 9.925979661071711035e-01
9.808840437031229875e-01 9.926838145251974943e-01
9.810263099259598496e-01 9.927689054379112976e-01
9.811681806715087939e-01 9.928532453248166689e-01
9.813096578667813707e-01 9.929368406102857536e-01
9.814507434246154682e-01 9.930196976640276452e-01
9.815914392437981029e-01 9.931018228015535687e-01
9.817317472091879882e-01 9.931832222846366243e-01
9.818716691918353279e-01 9.932639023217693097e-01
9.820112070491022749e-01 9.933438690686159367e-01
9.821503626247806151e-01 9.934231286284616047e-01
9.822891377492095621e-01 9.935016870526577337e-01
9.824275342393917754e-01 9.935795503410634888e-01
9.825655538991086013e-01 9.936567244424826528e-01
9.827031985190342045e-01 9.937332152550988340e-01
9.828404698768479220e-01 9.938090286269046780e-01
9.829773697373471730e-01 9.938841703561293039e-01
9.831138998525575934e-01 9.939586461916603000e-01
9.832500619618430582e-01 9.940324618334642759e-01
9.833858577920142618e-01 9.941056229330018645e-01
9.835212890574370759e-01 9.941781350936401696e-01
9.836563574601386861e-01 9.942500038710618826e-01
9.837910646899138412e-01 9.943212347736706258e-01
9.839254124244289912e-01 9.943918332629920753e-01
9.840594023293268711e-01 9.944618047540730865e-01
9.841930360583288628e-01 9.945311546158770444e-01
9.843263152533370253e-01 9.945998881716751061e-01
9.844592415445350131e-01 9.946680106994343351e-01
9.845918165504879971e-01 9.947355274322035035e-01
9.847240418782416960e-01 9.948024435584946756e-01
9.848559191234209642e-01 9.948687642226614614e-01
9.849874498703261594e-01 9.949344945252747152e-01
9.851186356920306197e-01 9.949996395234947943e-01
9.852494781504750332e-01 9.950642042314403746e-01
9.853799787965626944e-01 9.951281936205542689e-01
9.855101391702530966e-01 9.951916126199666923e-01
9.856399608006541913e-01 9.952544661168539752e-01
9.857694452061154244e-01 9.953167589567963880e-01
9.858985938943178873e-01 9.953784959441308589e-01
9.860274083623649100e-01 9.954396818423022486e-01
9.861558900968718788e-01 9.955003213742102952e-01
9.862840405740541661e-01 9.955604192225547822e-01
9.864118612598156144e-01 9.956199800301770431e-01
9.865393536098353566e-01 9.956790084003993568e-01
9.866665190696537469e-01 9.957375088973596799e-01
9.867933590747584027e-01 9.957954860463461566e-01
9.869198750506678053e-01 9.958529443341265219e-01
9.870460684130162310e-01 9.959098882092759508e-01
9.871719405676364634e-01 9.959663220825014651e-01
9.872974929106419495e-01 9.960222503269640093e-01
9.874227268285086234e-01 9.960776772785978617e-01
9.875476436981557304e-01 9.961326072364268258e-01
9.876722448870256521e-01 9.961870444628780907e-01
9.877965317531638423e-01 9.962409931840933153e-01
9.879205056452970979e-01 9.962944575902376032e-01
9.880441679029116075e-01 9.963474418358043705e-01
9.881675198563298901e-01 9.963999500399198794e-01
9.882905628267878440e-01 9.964519862866426658e-01
9.884132981265103535e-01 9.965035546252625220e-01
9.885357270587863399e-01 9.965546590705958163e-01
9.886578509180432572e-01 9.966053036032785917e-01
9.887796709899212555e-01 9.966554921700574443e-01
9.889011885513455669e-01 9.967052286840768494e-01
9.890224048705996696e-01 9.967545170251660425e-01
9.891433212073970083e-01 9.968033610401211275e-01
9.892639388129516043e-01 9.968517645429867402e-01
9.893842589300493318e-01 9.968997313153338258e-01
9.895042827931173068e-01 9.969472651065365287e-01
9.896240116282930543e-01 9.969943696340454187e-01
9.897434466534938968e-01 9.970410485836587178e-01
9.898625890784839010e-01 9.970873056097923071e-01
9.899814401049422674e-01 9.971331443357452917e-01
9.901000009265294999e-01 9.971785683539656775e-01
9.902182727289535746e-01 9.972235812263122723e-01
9.903362566900362207e-01 9.972681864843144783e-01
9.904539539797772019e-01 9.973123876294308632e-01
9.905713657604190425e-01 9.973561881333038448e-01
9.906884931865108657e-01 9.973995914380143768e-01
9.908053374049717865e-01 9.974426009563323037e-01
9.909218995551535292e-01 9.974852200719663831e-01
9.910381807689023770e-01 9.975274521398105332e-01
9.911541821706211230e-01 9.975693004861898583e-01
9.912699048773301325e-01 9.976107684091024552e-01
9.913853499987274054e-01 9.976518591784613310e-01
9.915005186372491952e-01 9.976925760363324347e-01
9.916154118881285173e-01 9.977329221971718010e-01
9.917300308394553232e-01 9.977729008480602513e-01
9.918443765722336769e-01 9.978125151489363187e-01
9.919584501604402638e-01 9.978517682328267302e-01
9.920722526710817890e-01 9.978906632060754456e-01
9.921857851642513770e-01 9.979292031485704761e-01
9.922990486931853038e-01 9.979673911139689269e-01
9.924120443043183970e-01 9.980052301299199291e-01
9.925247730373401023e-01 9.980427231982862413e-01
9.926372359252484401e-01 9.980798732953625185e-01
9.927494339944050727e-01 9.981166833720938047e-01
9.928613682645887062e-01 9.981531563542903607e-01
9.929730397490488247e-01 9.981892951428421590e-01
9.930844494545586487e-01 9.982251026139297156e-01
9.931955983814672040e-01 9.982605816192354764e-01
9.933064875237516134e-01 9.982957349861508733e-01
9.934171178690687221e-01 9.983305655179838256e-01
9.935274903988058348e-01 9.983650759941631314e-01
9.936376060881317862e-01 9.983992691704417499e-01
9.937474659060467896e-01 9.984331477790975296e-01
9.938570708154323974e-01 9.984667145291340473e-01
9.939664217731004614e-01 9.984999721064772293e-01
9.940755197298426493e-01 9.985329231741724154e-01
9.941843656304781840e-01 9.985655703725785370e-01
9.942929604139023603e-01 9.985979163195611852e-01
9.944013050131338405e-01 9.986299636106842348e-01
9.945094003553620610e-01 9.986617148193988047e-01
9.946172473619939725e-01 9.986931724972315516e-01
9.947248469487001143e-01 9.987243391739717424e-01
9.948322000254609110e-01 9.987552173578553294e-01
9.949393074966119688e-01 9.987858095357483590e-01
9.950461702608893733e-01 9.988161181733292704e-01
9.951527892114746532e-01 9.988461457152684186e-01
9.952591652360384122e-01 9.988758945854069315e-01
9.953652992167851821e-01 9.989053671869341233e-01
9.954711920304966100e-01 9.989345659025630209e-01
9.955768445485743134e-01 9.989634930947040026e-01
9.956822576370834010e-01 9.989921511056383263e-01
9.957874321567944387e-01 9.990205422576885486e-01
9.958923689632258602e-01 9.990486688533889437e-01
9.959970689066854899e-01 9.990765331756529255e-01
9.961015328323116202e-01 9.991041374879408021e-01
9.962057615801146460e-01 9.991314840344248660e-01
9.963097559850175866e-01 9.991585750401532628e-01
9.964135168768957218e-01 9.991854127112127504e-01
9.965170450806172253e-01 9.992119992348901247e-01
9.966203414160825780e-01 9.992383367798322036e-01
9.967234066982635365e-01 9.992644274962036999e-01
9.968262417372423245e-01 9.992902735158450955e-01
9.969288473382501570e-01 9.993158769524281837e-01
9.970312243017056542e-01 9.993412399016108338e-01
9.971333734232522561e-01 9.993663644411898694e-01
9.972352954937963032e-01 9.993912526312531686e-01
9.973369912995436737e-01 9.994159065143303211e-01
9.974384616220375310e-01 9.994403281155416208e-01
9.975397072381942953e-01 9.994645194427470569e-01
9.976407289203402806e-01 9.994884824866917539e-01
9.977415274362472219e-01 9.995122192211527423e-01
9.978421035491686908e-01 9.995357316030826222e-01
9.979424580178746229e-01 9.995590215727527816e-01
9.980425915966870676e-01 9.995820910538953941e-01
9.981425050355143824e-01 9.996049419538439729e-01
9.982421990798860945e-01 9.996275761636732593e-01
9.983416744709869839e-01 9.996499955583367791e-01
9.984409319456905019e-01 9.996722019968043993e-01
9.985399722365930764e-01 9.996941973221982192e-01
9.986387960720468637e-01 9.997159833619275737e-01
9.987374041761929444e-01 9.997375619278223713e-01
9.988357972689939634e-01 9.997589348162657652e-01
9.989339760662665491e-01 9.997801038083253822e-01
9.990319412797133980e-01 9.998010706698836625e-01
9.991296936169555831e-01 9.998218371517672010e-01
9.992272337815634176e-01 9.998424049898746446e-01
9.993245624730884291e-01 9.998627759053038133e-01
9.994216803870941135e-01 9.998829516044773769e-01
9.995185882151867984e-01 9.999029337792677552e-01
9.996152866450461749e-01 9.999227241071211303e-01
9.997117763604554952e-01 9.999423242511794596e-01
9.998080580413318819e-01 9.999617358604031558e-01
9.999041323637556378e-01 9.999809605696911019e-01
1.000000000000000000e+00 1.000000000000000000e+00
