1.000000000000000000e+00 5.997295616088247350e-01
9.952794164859262160e-01 5.968095998489779674e-01
9.906214747251868014e-01 5.939523092160635676e-01
9.860257363173502432e-01 5.911572581466295606e-01
9.814917433368188782e-01 5.884240027126801387e-01
9.770190183075724288e-01 5.857520868326194785e-01
9.726070642285571388e-01 5.831410425192473657e-01
9.682553646497292776e-01 5.805903901635973696e-01
9.639633837985023268e-01 5.780996388532312347e-01
9.597305667561015774e-01 5.756682867234468315e-01
9.555563396830816236e-01 5.732958213397048031e-01
9.514401100930246491e-01 5.709817201094470329e-01
9.473812671732078083e-01 5.687254507213588273e-01
9.433791821508120679e-01 5.665264716100235631e-01
9.394332087030400347e-01 5.643842324438325120e-01
9.355426834093168997e-01 5.622981746339364983e-01
9.317069262435794252e-01 5.602677318619770919e-01
9.279252411044959237e-01 5.582923306242929540e-01
9.241969163813216204e-01 5.563713907902749778e-01
9.205212255529736654e-01 5.545043261725399741e-01
9.168974278178040338e-01 5.526905451066004282e-01
9.133247687514688407e-01 5.509294510377295007e-01
9.098024809902247600e-01 5.492204431127631903e-01
9.063297849369403858e-01 5.475629167746254300e-01
9.029058894870807261e-01 5.459562643574299434e-01
8.995299927719154764e-01 5.443998756800809691e-01
8.962012829162113725e-01 5.428931386363811118e-01
8.929189388076906875e-01 5.414354397797421781e-01
8.896821308755807900e-01 5.400261649006974363e-01
8.864900218756343042e-01 5.386646995955133299e-01
8.833417676790664697e-01 5.373504298243118038e-01
8.802365180629372343e-01 5.360827424572248701e-01
8.771734174995994282e-01 5.348610258072219459e-01
8.741516059429291774e-01 5.336846701483630717e-01
8.711702196091707373e-01 5.325530682183552411e-01
8.682283917503399451e-01 5.314656157044010953e-01
8.653252534182535038e-01 5.304217117114492508e-01
8.624599342173757677e-01 5.294207592120695471e-01
8.596315630448101430e-01 5.284621654772878596e-01
8.568392688158851245e-01 5.275453424878238096e-01
8.540821811739272018e-01 5.266697073252807337e-01
8.513594311829368877e-01 5.258346825429354165e-01
8.486701520020246692e-01 5.250396965158755647e-01
8.460134795405863661e-01 5.242841837703169361e-01
8.433885530933297181e-01 5.235675852920257389e-01
8.407945159543871450e-01 5.228893488138450785e-01
8.382305160098705299e-01 5.222489290824039454e-01
8.356957063083388926e-01 5.216457881041535183e-01
8.331892456087627297e-01 5.210793953709397242e-01
8.307102989056741604e-01 5.205492280653800652e-01
8.282580379312933783e-01 5.200547712463632344e-01
8.258316416345150568e-01 5.195955180150396702e-01
8.234302966367301746e-01 5.191709696617092806e-01
8.210531976645389918e-01 5.187806357940544233e-01
8.186995479594884051e-01 5.184240344471937600e-01
8.163685596650390730e-01 5.181006921760632489e-01
8.140594541910308735e-01 5.178101441306511843e-01
8.117714625559740993e-01 5.175519341146361807e-01
8.095038257075470867e-01 5.173256146279886503e-01
8.072557948217297108e-01 5.171307468941108709e-01
8.050266315810381546e-01 5.169669008720978454e-01
8.028156084323720965e-01 5.168336552547057039e-01
8.006220088250073363e-01 5.167305974526180679e-01
7.984451274292990730e-01 5.166573235656003460e-01
7.962842703366814767e-01 5.166134383411276065e-01
7.941387552415652973e-01 5.165985551210712234e-01
7.920079116057511248e-01 5.166122957770183932e-01
7.898910808059836919e-01 5.166542906347943998e-01
7.877876162652782677e-01 5.167241783887452922e-01
7.856968835686553021e-01 5.168216060063309802e-01
7.836182605639177012e-01 5.169462286235638748e-01
7.815511374480997864e-01 5.170977094318184308e-01
7.794949168402178774e-01 5.172757195565220734e-01
7.774490138409365647e-01 5.174799379282254419e-01
7.754128560797615144e-01 5.177100511465348998e-01
7.733858837503542194e-01 5.179657533373756007e-01
7.713675496345515636e-01 5.182467460040406371e-01
7.693573191156600766e-01 5.185527378724650305e-01
7.673546701815757709e-01 5.188834447311498899e-01
7.653590934182663563e-01 5.192385892661476321e-01
7.633700919941329710e-01 5.196179008915040587e-01
7.613871816357516975e-01 5.200211155755412040e-01
7.594098905954743683e-01 5.204479756633472176e-01
7.574377596113490707e-01 5.208982296958313274e-01
7.554703418598036624e-01 5.213716322256850555e-01
7.535072029015111861e-01 5.218679436305804220e-01
7.515479206208399710e-01 5.223869299239223274e-01
7.495920851592698941e-01 5.229283625634636445e-01
7.476392988431364017e-01 5.234920182580773407e-01
7.456891761060447932e-01 5.240776787729720665e-01
7.437413434062787321e-01 5.246851307336258818e-01
7.417954391395058522e-01 5.253141654287043494e-01
7.398511135470700051e-01 5.259645786122221223e-01
7.379080286201340488e-01 5.266361703051942733e-01
7.359658579999290851e-01 5.273287445970203935e-01
7.340242868743412918e-01 5.280421094468359389e-01
7.320830118710562884e-01 5.287760764850557571e-01
7.301417409474638687e-01 5.295304608153329484e-01
7.282001932775121755e-01 5.303050808171464459e-01
7.262580991356836213e-01 5.310997579492270360e-01
7.243151997782567575e-01 5.319143165540264340e-01
7.223712473220000874e-01 5.327485836634282546e-01
7.204260046204350454e-01 5.336023888058960551e-01
7.184792451377952638e-01 5.344755638152497434e-01
7.165307528207954801e-01 5.353679426412569775e-01
7.145803219683174445e-01 5.362793611622223011e-01
7.126277570991084165e-01 5.372096569997563131e-01
7.106728728175824017e-01 5.381586693358980655e-01
7.087154936778042869e-01 5.391262387327672156e-01
7.067554540457330337e-01 5.401122069549153526e-01
7.047925979597912116e-01 5.411164167945440306e-01
7.028267789898260398e-01 5.421387118997550436e-01
7.008578600945192250e-01 5.431789366059935897e-01
6.988857134773015511e-01 5.442369357708443101e-01
6.969102204408241796e-01 5.453125546123364087e-01
6.949312712400337322e-01 5.464056385509100666e-01
6.929487649338998967e-01 5.475160330551940291e-01
6.909626092358382987e-01 5.486435834917420262e-01
6.889727203628754904e-01 5.497881349788700245e-01
6.869790228835950252e-01 5.509495322447340859e-01
6.849814495649120261e-01 5.521276194897847267e-01
6.829799412177164353e-01 5.533222402537298912e-01
6.809744465414304671e-01 5.545332372871322191e-01
6.789649219675242264e-01 5.557604524277655056e-01
6.769513315020370126e-01 5.570037264818457068e-01
6.749336465671504914e-01 5.582628991102518423e-01
6.729118458418658077e-01 5.595378087198422667e-01
6.708859151018353728e-01 5.608282923599683389e-01
6.688558470584033966e-01 5.621341856242809687e-01
6.668216411969138946e-01 5.634553225579191915e-01
6.647833036143446783e-01 5.647915355701635942e-01
6.627408468563300570e-01 5.661426553526284211e-01
6.606942897536379755e-01 5.675085108030627490e-01
6.586436572581706450e-01 5.688889289548193506e-01
6.565889802785582763e-01 5.702837349120444266e-01
6.545302955154229663e-01 5.716927517906330580e-01
6.524676452963872331e-01 5.731158006649856862e-01
6.504010774109102444e-01 5.745527005205938176e-01
6.483306449450321196e-01 5.760032682124718306e-01
6.462564061161141238e-01 5.774673184294463191e-01
6.441784241076615736e-01 5.789446636643015287e-01
6.420967669043212700e-01 5.804351141897716726e-01
6.400115071271443856e-01 5.819384780403616952e-01
6.379227218692125057e-01 5.834545609999682858e-01
6.358304925317204148e-01 5.849831665952618387e-01
6.337349046606164382e-01 5.865240960947817328e-01
6.316360477838975918e-01 5.880771485136881971e-01
6.295340152496624597e-01 5.896421206241020396e-01
6.274289040650216087e-01 5.912188069709560789e-01
6.253208147359675673e-01 5.928069998932703477e-01
6.232098511083082881e-01 5.944064895507578106e-01
6.210961202097641243e-01 5.960170639556517935e-01
6.189797320933323466e-01 5.976385090096435482e-01
6.168607996820182349e-01 5.992706085458063825e-01
6.147394386150367707e-01 6.009131443753730206e-01
6.126157670955801882e-01 6.025658963392291900e-01
6.104899057402523033e-01 6.042286423639733339e-01
6.083619774302648775e-01 6.059011585223883500e-01
6.062321071644900528e-01 6.075832190981624858e-01
6.041004219144616716e-01 6.092745966546908587e-01
6.019670504814137457e-01 6.109750621077814081e-01
5.998321233554445575e-01 6.126843848020838701e-01
5.976957725768885510e-01 6.144023325910563660e-01
5.955581315999785019e-01 6.161286719202767603e-01
5.934193351588741283e-01 6.178631679139032773e-01
5.912795191361309710e-01 6.196055844640850907e-01
5.891388204336800438e-01 6.213556843231190507e-01
5.869973768463853103e-01 6.231132291981479332e-01
5.848553269382388287e-01 6.248779798481916004e-01
5.827128099212538492e-01 6.266496961833004642e-01
5.805699655371088230e-01 6.284281373656233072e-01
5.784269339415915034e-01 6.302130619121748545e-01
5.762838555918886607e-01 6.320042277990953750e-01
5.741408711367614881e-01 6.338013925671879267e-01
5.719981213096437811e-01 6.356043134285274121e-01
5.698557468246921998e-01 6.374127473739302774e-01
5.677138882758187011e-01 6.392264512810811317e-01
5.655726860387242372e-01 6.410451820231121145e-01
5.634322801759547028e-01 6.428686965774342843e-01
5.612928103449901229e-01 6.446967521346260721e-01
5.591544157093774059e-01 6.465291062071840678e-01
5.570172348529107698e-01 6.483655167379488438e-01
5.548814056968611741e-01 6.502057422080230742e-01
5.527470654202487621e-01 6.520495417440009822e-01
5.506143503831528729e-01 6.538966752243390301e-01
5.484833960530463015e-01 6.557469033846985429e-01
5.463543369341382627e-01 6.575999879221006150e-01
5.442273064997062981e-01 6.594556915977370926e-01
5.421024371273949205e-01 6.613137783382909696e-01
5.399798600374535740e-01 6.631740133356234246e-01
5.378597052338842666e-01 6.650361631446933819e-01
5.357421014484655686e-01 6.668999957795829214e-01
5.336271760876186709e-01 6.687652808075071897e-01
5.315150551820734259e-01 6.706317894406969016e-01
5.294058633392966229e-01 6.724992946260468507e-01
5.272997236986352032e-01 6.743675711324338407e-01
5.251967578891311161e-01 6.762363956356113315e-01
5.230970859899564118e-01 6.781055468006004228e-01
5.210008264934209432e-01 6.799748053614989018e-01
5.189080962704981648e-01 6.818439541986396346e-01
5.168190105388165145e-01 6.837127784130403452e-01
5.147336828330606462e-01 6.855810653980874969e-01
5.126522249777253348e-01 6.874486049084082007e-01
5.105747470621654349e-01 6.893151891258914032e-01
5.085013574178806062e-01 6.911806127228237173e-01
5.064321625979788521e-01 6.930446729221140245e-01
5.043672673587548116e-01 6.949071695545866456e-01
5.023067746433234060e-01 6.967679051133293111e-01
5.002507855672476689e-01 6.986266848050877165e-01
4.981993994060993636e-01 7.004833165987061072e-01
4.961527135848886050e-01 7.023376112706150032e-01
4.941108236693029787e-01 7.041893824473787200e-01
4.920738233586930410e-01 7.060384466453144547e-01
4.900418044807426377e-01 7.078846233072019212e-01
4.880148569877633680e-01 7.097277348361106242e-01
4.859930689545514104e-01 7.115676066263693089e-01
4.839765265777472569e-01 7.134040670917130011e-01
4.819653141766376270e-01 7.152369476906430545e-01
4.799595141953409416e-01 7.170660829490407284e-01
4.779592072063177377e-01 7.188913104800780385e-01
4.759644719151482350e-01 7.207124710014728430e-01
4.739753851665206574e-01 7.225294083501391240e-01
4.719920219513742965e-01 7.243419694942824227e-01
4.700144554151420850e-01 7.261500045429997163e-01
4.680427568670398886e-01 7.279533667534369146e-01
4.660769957903486138e-01 7.297519125355671488e-01
4.641172398536383970e-01 7.315455014546488055e-01
4.621635549228839124e-01 7.333339962314268101e-01
4.602160050744219522e-01 7.351172627401425519e-01
4.582746526087031480e-01 7.368951700044161779e-01
4.563395580647903738e-01 7.386675901910699782e-01
4.544107802355594750e-01 7.404343986019572554e-01
4.524883761835569174e-01 7.421954736638680661e-01
4.505724012574716109e-01 7.439506969165776695e-01
4.486629091091798305e-01 7.456999529991070741e-01
4.467599517113219343e-01 7.474431296342659570e-01
4.448635793753716317e-01 7.491801176115442384e-01
4.429738407701607206e-01 7.509108107684236977e-01
4.410907829408221570e-01 7.526351059701761326e-01
4.392144513281154850e-01 7.543529030882163422e-01
4.373448897881022090e-01 7.560641049770789879e-01
4.354821406121357485e-01 7.577686174500842808e-01
4.336262445471369964e-01 7.594663492537592209e-01
4.317772408161232311e-01 7.611572120410808884e-01
4.299351671389615159e-01 7.628411203436035182e-01
4.281000597533190510e-01 7.645179915425363015e-01
4.262719534357832796e-01 7.661877458388299811e-01
4.244508815231257115e-01 7.678503062223382969e-01
4.226368759336852632e-01 7.695055984401096838e-01
4.208299671888473537e-01 7.711535509638700603e-01
4.190301844345961091e-01 7.727940949567558837e-01
4.172375554631186922e-01 7.744271642393489863e-01
4.154521067344409402e-01 7.760526952550729218e-01
4.136738633980744928e-01 7.776706270350001171e-01
4.119028493146584813e-01 7.792809011621244508e-01
4.101390870775760145e-01 7.808834617351475549e-01
4.083825980345305307e-01 7.824782553318302414e-01
4.066334023090658611e-01 7.840652309719532420e-01
4.048915188220150174e-01 7.856443400799363319e-01
4.031569653128628250e-01 7.872155364471586925e-01
4.014297583610110243e-01 7.887787761940228126e-01
3.997099134069317383e-01 7.903340177318062265e-01
3.979974447731980947e-01 7.918812217243362817e-01
3.962923656853812870e-01 7.934203510495321243e-01
3.945946882928034749e-01 7.949513707608463209e-01
3.929044236891367503e-01 7.964742480486431964e-01
3.912215819328399014e-01 7.979889522015494174e-01
3.895461720674237016e-01 7.994954545678064628e-01
3.878782021415376202e-01 8.009937285166597309e-01
3.862176792288705696e-01 8.024837493998109306e-01
3.845646094478591404e-01 8.039654945129641739e-01
3.829189979811971623e-01 8.054389430574934172e-01
3.812808490951410390e-01 8.069040761022544528e-01
3.796501661586056953e-01 8.083608765455687628e-01
3.780269516620468062e-01 8.098093290774018849e-01
3.764112072361247563e-01 8.112494201417571604e-01
3.748029336701469427e-01 8.126811378993071822e-01
3.732021309302842593e-01 8.141044721902819248e-01
3.716087981775605398e-01 8.155194144976322113e-01
3.700229337856100198e-01 8.169259579104869440e-01
3.684445353582026517e-01 8.183240970879182008e-01
3.668735997465342735e-01 8.197138282230321815e-01
3.653101230662799126e-01 8.210951490073992165e-01
3.637541007144099448e-01 8.224680585958352719e-01
3.622055273857668900e-01 8.238325575715491622e-01
3.606643970894032325e-01 8.251886479116660178e-01
3.591307031646784331e-01 8.265363329531369985e-01
3.576044382971165225e-01 8.278756173590469114e-01
3.560855945340229423e-01 8.292065070853260611e-01
3.545741632998613002e-01 8.305290093478766567e-01
3.530701354113909285e-01 8.318431325901204376e-01
3.515735010925645776e-01 8.331488864509738468e-01
3.500842499891886339e-01 8.344462817332566340e-01
3.486023711833456384e-01 8.357353303725398863e-01
3.471278532075799950e-01 8.370160454064375921e-01
3.456606840588500318e-01 8.382884409443446261e-01
3.442008512122447517e-01 8.395525321376275940e-01
3.427483416344698774e-01 8.408083351502673164e-01
3.413031417971026937e-01 8.420558671299590570e-01
3.398652376896180161e-01 8.432951461796687198e-01
3.384346148321878411e-01 8.445261913296495671e-01
3.370112582882552887e-01 8.457490225099179026e-01
3.355951526768863324e-01 8.469636605231883886e-01
3.341862821849000964e-01 8.481701270182708807e-01
3.327846305787805492e-01 8.493684444639247877e-01
3.313901812163722038e-01 8.505586361231733949e-01
3.300029170583609339e-01 8.517407260280752679e-01
3.286228206795437923e-01 8.529147389549510683e-01
3.272498742798887195e-01 8.540807004000647851e-01
3.258840596953881397e-01 8.552386365557561598e-01
3.245253584087069987e-01 8.563885742870226414e-01
3.231737515596302401e-01 8.575305411085475393e-01
3.218292199553096644e-01 8.586645651621718223e-01
3.204917440803148887e-01 8.597906751948055648e-01
3.191613041064895184e-01 8.609089005367769332e-01
3.178378799026163604e-01 8.620192710806138248e-01
3.165214510438930096e-01 8.631218172602539429e-01
3.152119968212217516e-01 8.642165700306813081e-01
3.139094962503153341e-01 8.653035608479824337e-01
3.126139280806221610e-01 8.663828216498206114e-01
3.113252708040729066e-01 8.674543848363203136e-01
3.100435026636516045e-01 8.685182832513603790e-01
3.087686016617934293e-01 8.695745501642704323e-01
3.075005455686126710e-01 8.706232192519234303e-01
3.062393119299623434e-01 8.716643245812228935e-01
3.049848780753290911e-01 8.726979005919767163e-01
3.037372211255655596e-01 8.737239820801554480e-01
3.024963180004627827e-01 8.747426041815264952e-01
3.012621454261654175e-01 8.757538023556620255e-01
3.000346799424321587e-01 8.767576123703139102e-01
2.988138979097441084e-01 8.777540702861503785e-01
2.975997755162635428e-01 8.787432124418491641e-01
2.963922887846453524e-01 8.797250754395424810e-01
2.951914135787042648e-01 8.806996961306069460e-01
2.939971256099395136e-01 8.816671116017944509e-01
2.928094004439205089e-01 8.826273591616987657e-01
2.916282135065342285e-01 8.835804763275501017e-01
2.904535400900987163e-01 8.845265008123351924e-01
2.892853553593439098e-01 8.854654705122356750e-01
2.881236343572616265e-01 8.863974234943802211e-01
2.869683520108289310e-01 8.873223979849038656e-01
2.858194831366047128e-01 8.882404323573112048e-01
2.846770024462044191e-01 8.891515651211355786e-01
2.835408845516524390e-01 8.900558349108914635e-01
2.824111039706165283e-01 8.909532804753130808e-01
2.812876351315254375e-01 8.918439406668740022e-01
2.801704523785721324e-01 8.927278544315844222e-01
2.790595299766042148e-01 8.936050607990578820e-01
2.779548421159048210e-01 8.944755988728456675e-01
2.768563629168649953e-01 8.953395078210303337e-01
2.757640664345494819e-01 8.961968268670769122e-01
2.746779266631594885e-01 8.970475952809341402e-01
2.735979175403919217e-01 8.978918523703813825e-01
2.725240129516995902e-01 8.987296374726178039e-01
2.714561867344521540e-01 8.995609899460861314e-01
2.703944126820013727e-01 9.003859491625298972e-01
2.693386645476515961e-01 9.012045544992757229e-01
2.682889160485368851e-01 9.020168453317393142e-01
2.672451408694083708e-01 9.028228610261478382e-01
2.662073126663312972e-01 9.036226409324759068e-01
2.651754050702954668e-01 9.044162243775898391e-01
2.641493916907394213e-01 9.052036506585966480e-01
2.631292461189908005e-01 9.059849590363920901e-01
2.621149419316244900e-01 9.067601887294044483e-01
2.611064526937396102e-01 9.075293789075301598e-01
2.601037519621577365e-01 9.082925686862557413e-01
2.591068132885431807e-01 9.090497971209635653e-01
2.581156102224477777e-01 9.098011032014153843e-01
2.571301163142803436e-01 9.105465258464129352e-01
2.561503051182039692e-01 9.112861038986271867e-01
2.551761501949609823e-01 9.120198761195966730e-01
2.542076251146285215e-01 9.127478811848888096e-01
2.532447034593046653e-01 9.134701576794207467e-01
2.522873588257277255e-01 9.141867440929367650e-01
2.513355648278295940e-01 9.148976788156372164e-01
2.503892950992240296e-01 9.156030001339580116e-01
2.494485232956321630e-01 9.163027462264944356e-01
2.485132230972456058e-01 9.169969551600675173e-01
2.475833682110290535e-01 9.176856648859288423e-01
2.466589323729632133e-01 9.183689132361018137e-01
2.457398893502294179e-01 9.190467379198535847e-01
2.448262129433374512e-01 9.197191765202979985e-01
2.439178769881970577e-01 9.203862664911229841e-01
2.430148553581349680e-01 9.210480451534415192e-01
2.421171219658580231e-01 9.217045496927627202e-01
2.412246507653642569e-01 9.223558171560799490e-01
2.403374157538019362e-01 9.230018844490723851e-01
2.394553909732786978e-01 9.236427883334190625e-01
2.385785505126211403e-01 9.242785654242208215e-01
2.377068685090862332e-01 9.249092521875282857e-01
2.368403191500253746e-01 9.255348849379728682e-01
2.359788766745021249e-01 9.261554998364989189e-01
2.351225153748648100e-01 9.267711328881934607e-01
2.342712095982744935e-01 9.273818199402119600e-01
2.334249337481896225e-01 9.279875966797964670e-01
2.325836622858082070e-01 9.285884986323860169e-01
2.317473697314683667e-01 9.291845611598135157e-01
2.309160306660078543e-01 9.297758194585907798e-01
2.300896197320842218e-01 9.303623085582751751e-01
2.292681116354552961e-01 9.309440633199204118e-01
2.284514811462220463e-01 9.315211184346048334e-01
2.276397031000335913e-01 9.320935084220386413e-01
2.268327523992558770e-01 9.326612676292452830e-01
2.260306040141043804e-01 9.332244302293171145e-01
2.252332329837418157e-01 9.337830302202414501e-01
2.244406144173414497e-01 9.343371014237977779e-01
2.236527234951170284e-01 9.348866774845203675e-01
2.228695354693195629e-01 9.354317918687286015e-01
2.220910256652023074e-01 9.359724778636197007e-01
2.213171694819538460e-01 9.365087685764247327e-01
2.205479423936008432e-01 9.370406969336241287e-01
2.197833199498803736e-01 9.375682956802231516e-01
2.190232777770828865e-01 9.380915973790832085e-01
2.182677915788664713e-01 9.386106344103093413e-01
2.175168371370425346e-01 9.391254389706916728e-01
2.167703903123343878e-01 9.396360430731992563e-01
2.160284270451085231e-01 9.401424785465242184e-01
2.152909233560795776e-01 9.406447770346761938e-01
2.145578553469894290e-01 9.411429699966245011e-01
2.138291992012611165e-01 9.416370887059863914e-01
2.131049311846280603e-01 9.421271642507613731e-01
2.123850276457389663e-01 9.426132275331087218e-01
2.116694650167393332e-01 9.430953092691680695e-01
2.109582198138296172e-01 9.435734399889209589e-01
2.102512686378010254e-01 9.440476500360928114e-01
2.095485881745490775e-01 9.445179695680934184e-01
2.088501551955654623e-01 9.449844285559956258e-01
2.081559465584090496e-01 9.454470567845500995e-01
2.074659392071559749e-01 9.459058838522353962e-01
2.067801101728296842e-01 9.463609391713433405e-01
2.060984365738111612e-01 9.468122519680957083e-01
2.054208956162298649e-01 9.472598512827954398e-01
2.047474645943358762e-01 9.477037659700071615e-01
2.040781208908534206e-01 9.481440246987689058e-01
2.034128419773165719e-01 9.485806559528322524e-01
2.027516054143871649e-01 9.490136880309315570e-01
2.020943888521555543e-01 9.494431490470799373e-01
2.014411700304246100e-01 9.498690669308920143e-01
2.007919267789771700e-01 9.502914694279317454e-01
2.001466370178273113e-01 9.507103841000850153e-01
1.995052787574562725e-01 9.511258383259566518e-01
1.988678300990326386e-01 9.515378593012899788e-01
1.982342692346177326e-01 9.519464740394083524e-01
1.976045744473564070e-01 9.523517093716790116e-01
1.969787241116532917e-01 9.527535919479966919e-01
1.963566966933353308e-01 9.531521482372874443e-01
1.957384707498005250e-01 9.535474045280325495e-01
1.951240249301533503e-01 9.539393869288095296e-01
1.945133379753271330e-01 9.543281213688522557e-01
1.939063887181937951e-01 9.547136335986275979e-01
1.933031560836610818e-01 9.550959491904288390e-01
1.927036190887577716e-01 9.554750935389849653e-01
1.921077568427068116e-01 9.558510918620853891e-01
1.915155485469872410e-01 9.562239692012191039e-01
1.909269734953845110e-01 9.565937504222281618e-01
1.903420110740300375e-01 9.569604602159749174e-01
1.897606407614297885e-01 9.573241230990221506e-01
1.891828421284824646e-01 9.576847634143246246e-01
1.886085948384876587e-01 9.580424053319350763e-01
1.880378786471434971e-01 9.583970728497186453e-01
1.874706734025351484e-01 9.587487897940806247e-01
1.869069590451133134e-01 9.590975798207036496e-01
1.863467156076638320e-01 9.594434664152946546e-01
1.857899232152678826e-01 9.597864728943420465e-01
1.852365620852536310e-01 9.601266224058814247e-01
1.846866125271392212e-01 9.604639379302701840e-01
1.841400549425671607e-01 9.607984422809706659e-01
1.835968698252309073e-01 9.611301581053401932e-01
1.830570377607930177e-01 9.614591078854299866e-01
1.825205394267959691e-01 9.617853139387891881e-01
1.819873555925650699e-01 9.621087984192780995e-01
1.814574671191041266e-01 9.624295833178849735e-01
1.809308549589839499e-01 9.627476904635507982e-01
1.804075001562237268e-01 9.630631415239988558e-01
1.798873838461657049e-01 9.633759580065691663e-01
1.793704872553430474e-01 9.636861612590593706e-01
1.788567917013414166e-01 9.639937724705679445e-01
1.783462785926541450e-01 9.642988126723440745e-01
1.778389294285311339e-01 9.646013027386399763e-01
1.773347257988220904e-01 9.649012633875675427e-01
1.768336493838136292e-01 9.651987151819577671e-01
1.763356819540609077e-01 9.654936785302250524e-01
1.758408053702136820e-01 9.657861736872322966e-01
1.753490015828370052e-01 9.660762207551599756e-01
1.748602526322267092e-01 9.663638396843768907e-01
1.743745406482199445e-01 9.666490502743139146e-01
1.738918478500005582e-01 9.669318721743387357e-01
1.734121565458998371e-01 9.672123248846327126e-01
1.729354491331926980e-01 9.674904277570693933e-01
1.724617080978890493e-01 9.677661999960934791e-01
1.719909160145211002e-01 9.680396606596022302e-01
1.715230555459262007e-01 9.683108286598259840e-01
1.710581094430256022e-01 9.685797227642107821e-01
1.705960605445991651e-01 9.688463615963004427e-01
1.701368917770562372e-01 9.691107636366196321e-01
1.696805861542027838e-01 9.693729472235562694e-01
1.692271267770046606e-01 9.696329305542447097e-01
1.687764968333474724e-01 9.698907316854475935e-01
1.683286795977929906e-01 9.701463685344382526e-01
1.678836584313322666e-01 9.703998588798824487e-01
1.674414167811352772e-01 9.706512203627182256e-01
1.670019381802978764e-01 9.709004704870365376e-01
1.665652062475851403e-01 9.711476266209594366e-01
1.661312046871723236e-01 9.713927059975184797e-01
1.656999172883826810e-01 9.716357257155301408e-01
1.652713279254225398e-01 9.718767027404712211e-01
1.648454205571138476e-01 9.721156539053524837e-01
1.644221792266241933e-01 9.723525959115896233e-01
1.640015880611940258e-01 9.725875453298740148e-01
1.635836312718620400e-01 9.728205186010401295e-01
1.631682931531877045e-01 9.730515320369317323e-01
1.627555580829719573e-01 9.732806018212656340e-01
1.623454105219754862e-01 9.735077440104936697e-01
1.619378350136353450e-01 9.737329745346620102e-01
1.615328161837790710e-01 9.739563091982678111e-01
1.611303387403372478e-01 9.741777636811140839e-01
1.607303874730542648e-01 9.743973535391612373e-01
1.603329472531971056e-01 9.746150942053768418e-01
1.599380030332625546e-01 9.748310009905815088e-01
1.595455398466828489e-01 9.750450890842929930e-01
1.591555428075296375e-01 9.752573735555666312e-01
1.587679971102166632e-01 9.754678693538334500e-01
1.583828880292008079e-01 9.756765913097348308e-01
1.580002009186819434e-01 9.758835541359538457e-01
1.576199212123013671e-01 9.760887724280443711e-01
1.572420344228391831e-01 9.762922606652559843e-01
1.568665261419103507e-01 9.764940332113557497e-01
1.564933820396596786e-01 9.766941043154470092e-01
1.561225878644557641e-01 9.768924881127851734e-01
1.557541294425839329e-01 9.770891986255882955e-01
1.553879926779383192e-01 9.772842497638466464e-01
1.550241635517128347e-01 9.774776553261267376e-01
1.546626281220916388e-01 9.776694290003725696e-01
1.543033725239383591e-01 9.778595843647032160e-01
1.539463829684851182e-01 9.780481348882068549e-01
1.535916457430203941e-01 9.782350939317306926e-01
1.532391472105766039e-01 9.784204747486676679e-01
1.528888738096167710e-01 9.786042904857387148e-01
1.525408120537209977e-01 9.787865541837715844e-01
1.521949485312720507e-01 9.789672787784764463e-01
1.518512699051407788e-01 9.791464771012160506e-01
1.515097629123710044e-01 9.793241618797737802e-01
1.511704143638641085e-01 9.795003457391164847e-01
1.508332111440630896e-01 9.796750412021538734e-01
1.504981402106365662e-01 9.798482606904939107e-01
1.501651885941624187e-01 9.800200165251941042e-01
1.498343433978111816e-01 9.801903209275092399e-01
1.495055917970292692e-01 9.803591860196337882e-01
1.491789210392221454e-01 9.805266238254423117e-01
1.488543184434371613e-01 9.806926462712238779e-01
1.485317714000466971e-01 9.808572651864134739e-01
1.482112673704308603e-01 9.810204923043189806e-01
1.478927938866603786e-01 9.811823392628439278e-01
1.475763385511795200e-01 9.813428176052064744e-01
1.472618890364890964e-01 9.815019387806542817e-01
1.469494330848293284e-01 9.816597141451745001e-01
1.466389585078632096e-01 9.818161549622006490e-01
1.463304531863595936e-01 9.819712724033146101e-01
1.460239050698768359e-01 9.821250775489448470e-01
1.457193021764462970e-01 9.822775813890604057e-01
1.454166325922563729e-01 9.824287948238603629e-01
1.451158844713366092e-01 9.825787286644593888e-01
1.448170460352421196e-01 9.827273936335699789e-01
1.445201055727383666e-01 9.828748003661786914e-01
1.442250514394861349e-01 9.830209594102198301e-01
1.439318720577271726e-01 9.831658812272440207e-01
1.436405559159697198e-01 9.833095761930833456e-01
1.433510915686749820e-01 9.834520545985117046e-01
1.430634676359435753e-01 9.835933266499011784e-01
1.427776728032027487e-01 9.837334024698741741e-01
1.424936958208938009e-01 9.838722920979520170e-01
1.422115255041602189e-01 9.840100054911986582e-01
1.419311507325361488e-01 9.841465525248601631e-01
1.416525604496355339e-01 9.842819429930007580e-01
1.413757436628416964e-01 9.844161866091343249e-01
1.411006894429975289e-01 9.845492930068520110e-01
1.408273869240962428e-01 9.846812717404446191e-01
1.405558253029727256e-01 9.848121322855231119e-01
1.402859938389955929e-01 9.849418840396325647e-01
1.400178818537597125e-01 9.850705363228641209e-01
1.397514787307795603e-01 9.851980983784611734e-01
1.394867739151831043e-01 9.853245793734225488e-01
1.392237569134064101e-01 9.854499883991015841e-01
1.389624172928889956e-01 9.855743344717998733e-01
1.387027446817698795e-01 9.856976265333593501e-01
1.384447287685842409e-01 9.858198734517480410e-01
1.381883593019609668e-01 9.859410840216429328e-01
1.379336260903209488e-01 9.860612669650088424e-01
1.376805190015760183e-01 9.861804309316729578e-01
1.374290279628287148e-01 9.862985844998958251e-01
1.371791429600729972e-01 9.864157361769377852e-01
1.369308540378954275e-01 9.865318943996220780e-01
1.366841512991775198e-01 9.866470675348932851e-01
1.364390249047987280e-01 9.867612638803732183e-01
1.361954650733402383e-01 9.868744916649111465e-01
1.359534620807897887e-01 9.869867590491313569e-01
1.357130062602470433e-01 9.870980741259767210e-01
1.354740880016302718e-01 9.872084449212478185e-01
1.352366977513833612e-01 9.873178793941387310e-01
1.350008260121842718e-01 9.874263854377690608e-01
1.347664633426539360e-01 9.875339708797118421e-01
1.345336003570662686e-01 9.876406434825178993e-01
1.343022277250591479e-01 9.877464109442358753e-01
1.340723361713461181e-01 9.878512808989298177e-01
1.338439164754292310e-01 9.879552609171918798e-01
1.336169594713126907e-01 9.880583585066509134e-01
1.333914560472173605e-01 9.881605811124792860e-01
1.331673971452964622e-01 9.882619361178939243e-01
1.329447737613521086e-01 9.883624308446549156e-01
1.327235769445526403e-01 9.884620725535600005e-01
1.325037977971512404e-01 9.885608684449359584e-01
1.322854274742052694e-01 9.886588256591255508e-01
1.320684571832966281e-01 9.887559512769714676e-01
1.318528781842533415e-01 9.888522523202967207e-01
1.316386817888716976e-01 9.889477357523809298e-01
1.314258593606398018e-01 9.890424084784344982e-01
1.312144023144618810e-01 9.891362773460665725e-01
1.310043021163836974e-01 9.892293491457530008e-01
1.307955502833189620e-01 9.893216306112979641e-01
1.305881383827766362e-01 9.894131284202933863e-01
1.303820580325895928e-01 9.895038491945746806e-01
1.301773009006438053e-01 9.895937995006734988e-01
1.299738587046090077e-01 9.896829858502664834e-01
1.297717232116701591e-01 9.897714147006206886e-01
1.295708862382599635e-01 9.898590924550361159e-01
1.293713396497924439e-01 9.899460254632844736e-01
1.291730753603976267e-01 9.900322200220448288e-01
1.289760853326571977e-01 9.901176823753360390e-01
1.287803615773411015e-01 9.902024187149455203e-01
1.285858961531454181e-01 9.902864351808549070e-01
1.283926811664311551e-01 9.903697378616632685e-01
1.282007087709640114e-01 9.904523327950052192e-01
1.280099711676555008e-01 9.905342259679683625e-01
1.278204606043046310e-01 9.906154233175051838e-01
1.276321693753411923e-01 9.906959307308431661e-01
1.274450898215696848e-01 9.907757540458914658e-01
1.272592143299145495e-01 9.908548990516443666e-01
1.270745353331663163e-01 9.909333714885817379e-01
1.268910453097290281e-01 9.910111770490658278e-01
1.267087367833683587e-01 9.910883213777360590e-01
1.265276023229612024e-01 9.911648100719001597e-01
1.263476345422460123e-01 9.912406486819222984e-01
1.261688260995744992e-01 9.913158427116077753e-01
1.259911696976641071e-01 9.913903976185860500e-01
1.258146580833517381e-01 9.914643188146888830e-01
1.256392840473485040e-01 9.915376116663278117e-01
1.254650404239955053e-01 9.916102814948665189e-01
1.252919200910208031e-01 9.916823335769915371e-01
1.251199159692972795e-01 9.917537731450800642e-01
1.249490210226016917e-01 9.918246053875641177e-01
1.247792282573748218e-01 9.918948354492930219e-01
1.246105307224825293e-01 9.919644684318913441e-01
1.244429215089780799e-01 9.920335093941162752e-01
1.242763937498654048e-01 9.921019633522103476e-01
1.241109406198634274e-01 9.921698352802519327e-01
1.239465553351715571e-01 9.922371301105031849e-01
1.237832311532361951e-01 9.923038527337553205e-01
1.236209613725182260e-01 9.923700079996711221e-01
1.234597393322617170e-01 9.924356007171238891e-01
1.232995584122635602e-01 9.925006356545352793e-01
1.231404120326442531e-01 9.925651175402091519e-01
1.229822936536196926e-01 9.926290510626634145e-01
1.228251967752741064e-01 9.926924408709592029e-01
1.226691149373338868e-01 9.927552915750272877e-01
1.225140417189427011e-01 9.928176077459913706e-01
1.223599707384374069e-01 9.928793939164904936e-01
1.222068956531252859e-01 9.929406545809966733e-01
1.220548101590620965e-01 9.930013941961318702e-01
1.219037079908313337e-01 9.930616171809812931e-01
1.217535829213244741e-01 9.931213279174049280e-01
1.216044287615222347e-01 9.931805307503457358e-01
1.214562393602770241e-01 9.932392299881362963e-01
1.213090086040962134e-01 9.932974299028025644e-01
1.211627304169266561e-01 9.933551347303650747e-01
1.210173987599401091e-01 9.934123486711381457e-01
1.208730076313197926e-01 9.934690758900261986e-01
1.207295510660478799e-01 9.935253205168180779e-01
1.205870231356941935e-01 9.935810866464787061e-01
1.204454179482056381e-01 9.936363783394389637e-01
1.203047296476970202e-01 9.936911996218825704e-01
1.201649524142426179e-01 9.937455544860307466e-01
1.200260804636689160e-01 9.937994468904253198e-01
1.198881080473482852e-01 9.938528807602085013e-01
1.197510294519937568e-01 9.939058599874013300e-01
1.196148389994547701e-01 9.939583884311788964e-01
1.194795310465139315e-01 9.940104699181445680e-01
1.193450999846847743e-01 9.940621082426009947e-01
1.192115402400106133e-01 9.941133071668193377e-01
1.190788462728642610e-01 9.941640704213063895e-01
1.189470125777489090e-01 9.942144017050690286e-01
1.188160336830998698e-01 9.942643046858771205e-01
1.186859041510873874e-01 9.943137830005244204e-01
1.185566185774205167e-01 9.943628402550864775e-01
1.184281715911517652e-01 9.944114800251773190e-01
1.183005578544829989e-01 9.944597058562038017e-01
1.181737720625721799e-01 9.945075212636174111e-01
1.180478089433410899e-01 9.945549297331649496e-01
1.179226632572841077e-01 9.946019347211362271e-01
1.177983297972778620e-01 9.946485396546104196e-01
1.176748033883920214e-01 9.946947479317000962e-01
1.175520788877008199e-01 9.947405629217934697e-01
1.174301511840958462e-01 9.947859879657944271e-01
1.173090151980994977e-01 9.948310263763606720e-01
1.171886658816796017e-01 9.948756814381402025e-01
1.170690982180649653e-01 9.949199564080053459e-01
1.169503072215618417e-01 9.949638545152855729e-01
1.168322879373712986e-01 9.950073789619974240e-01
1.167150354414076691e-01 9.950505329230739937e-01
1.165985448401178626e-01 9.950933195465907488e-01
1.164828112703016338e-01 9.951357419539912375e-01
1.163678298989328092e-01 9.951778032403095775e-01
1.162535959229814148e-01 9.952195064743920572e-01
1.161401045692368184e-01 9.952608546991164040e-01
1.160273510941316755e-01 9.953018509316096107e-01
1.159153307835669305e-01 9.953424981634636515e-01
1.158040389527376229e-01 9.953827993609494218e-01
1.156934709459598171e-01 9.954227574652294575e-01
1.155836221364981153e-01 9.954623753925679885e-01
1.154744879263944618e-01 9.955016560345403276e-01
1.153660637462975563e-01 9.955406022582397041e-01
1.152583450552933653e-01 9.955792169064827668e-01
1.151513273407364230e-01 9.956175027980131986e-01
1.150450061180821326e-01 9.956554627277041103e-01
1.149393769307198304e-01 9.956930994667584356e-01
1.148344353498069043e-01 9.957304157629071062e-01
1.147301769741036759e-01 9.957674143406068934e-01
1.146265974298092682e-01 9.958040979012353633e-01
1.145236923703982085e-01 9.958404691232856099e-01
1.144214574764580994e-01 9.958765306625569913e-01
1.143198884555280265e-01 9.959122851523475317e-01
1.142189810419379087e-01 9.959477352036422149e-01
1.141187309966487096e-01 9.959828834053002788e-01
1.140191341070934256e-01 9.960177323242420666e-01
1.139201861870191290e-01 9.960522845056325458e-01
1.138218830763296358e-01 9.960865424730654949e-01
1.137242206409292550e-01 9.961205087287435811e-01
1.136271947725671777e-01 9.961541857536593270e-01
1.135308013886829059e-01 9.961875760077730790e-01
1.134350364322523896e-01 9.962206819301900884e-01
1.133398958716350796e-01 9.962535059393362591e-01
1.132453757004217715e-01 9.962860504331317868e-01
1.131514719372832961e-01 9.963183177891640208e-01
1.130581806258200844e-01 9.963503103648588821e-01
1.129654978344125371e-01 9.963820304976503950e-01
1.128734196560721159e-01 9.964134805051486632e-01
1.127819422082934342e-01 9.964446626853078470e-01
1.126910616329070691e-01 9.964755793165905873e-01
1.126007740959331371e-01 9.965062326581332064e-01
1.125110757874357714e-01 9.965366249499079121e-01
1.124219629213783767e-01 9.965667584128844458e-01
1.123334317354796469e-01 9.965966352491907321e-01
1.122454784910704439e-01 9.966262576422709740e-01
1.121580994729513975e-01 9.966556277570434164e-01
1.120712909892513931e-01 9.966847477400566646e-01
1.119850493712867684e-01 9.967136197196446723e-01
1.118993709734212860e-01 9.967422458060801738e-01
1.118142521729270089e-01 9.967706280917268957e-01
1.117296893698457444e-01 9.967987686511907697e-01
1.116456789868515292e-01 9.968266695414698120e-01
1.115622174691136143e-01 9.968543328021027827e-01
1.114793012841603925e-01 9.968817604553160683e-01
1.113969269217440494e-01 9.969089545061703417e-01
1.113150908937059480e-01 9.969359169427048917e-01
1.112337897338427917e-01 9.969626497360817297e-01
1.111530199977735639e-01 9.969891548407278092e-01
1.110727782628071064e-01 9.970154341944765797e-01
1.109930611278105994e-01 9.970414897187077630e-01
1.109138652130787217e-01 9.970673233184862427e-01
1.108351871602034494e-01 9.970929368827005090e-01
1.107570236319447982e-01 9.971183322841986607e-01
1.106793713121020373e-01 9.971435113799239636e-01
1.106022269053859447e-01 9.971684760110492984e-01
1.105255871372914506e-01 9.971932280031107210e-01
1.104494487539712938e-01 9.972177691661389121e-01
1.103738085221101783e-01 9.972421012947907393e-01
1.102986632287997898e-01 9.972662261684792639e-01
1.102240096814145059e-01 9.972901455515018609e-01
1.101498447074876763e-01 9.973138611931686714e-01
1.100761651545888037e-01 9.973373748279292794e-01
1.100029678902012947e-01 9.973606881754979447e-01
1.099302498016009461e-01 9.973838029409781702e-01
1.098580077957351520e-01 9.974067208149869357e-01
1.097862387991027089e-01 9.974294434737764892e-01
1.097149397576344942e-01 9.974519725793562497e-01
1.096441076365746031e-01 9.974743097796128222e-01
1.095737394203623039e-01 9.974964567084299016e-01
1.095038321125146874e-01 9.975184149858066229e-01
1.094343827355098858e-01 9.975401862179749113e-01
1.093653883306710539e-01 9.975617719975160558e-01
1.092968459580509477e-01 9.975831739034759504e-01
1.092287526963172523e-01 9.976043935014802244e-01
1.091611056426385340e-01 9.976254323438472627e-01
1.090939019125707621e-01 9.976462919697010046e-01
1.090271386399446346e-01 9.976669739050827435e-01
1.089608129767534322e-01 9.976874796630615938e-01
1.088949220930416212e-01 9.977078107438446253e-01
1.088294631767940251e-01 9.977279686348854426e-01
1.087644334338256219e-01 9.977479548109928764e-01
1.086998300876721169e-01 9.977677707344365654e-01
1.086356503794809608e-01 9.977874178550549811e-01
1.085718915679031171e-01 9.978068976103593446e-01
1.085085509289854810e-01 9.978262114256386539e-01
1.084456257560638265e-01 9.978453607140628234e-01
1.083831133596564189e-01 9.978643468767857128e-01
1.083210110673582666e-01 9.978831713030468231e-01
1.082593162237359963e-01 9.979018353702721056e-01
1.081980261902232981e-01 9.979203404441741032e-01
1.081371383450169810e-01 9.979386878788510939e-01
1.080766500829737076e-01 9.979568790168856784e-01
1.080165588155071882e-01 9.979749151894425907e-01
1.079568619704861648e-01 9.979927977163648434e-01
1.078975569921328398e-01 9.980105279062700951e-01
1.078386413409219285e-01 9.980281070566454638e-01
1.077801124934803789e-01 9.980455364539426721e-01
1.077219679424875620e-01 9.980628173736705300e-01
1.076642051965761848e-01 9.980799510804881924e-01
1.076068217802336191e-01 9.980969388282975308e-01
1.075498152337040075e-01 9.981137818603338374e-01
1.074931831128907028e-01 9.981304814092559763e-01
1.074369229892595395e-01 9.981470386972371989e-01
1.073810324497424529e-01 9.981634549360526298e-01
1.073255090966418329e-01 9.981797313271686400e-01
1.072703505475352814e-01 9.981958690618294439e-01
1.072155544351811318e-01 9.982118693211442517e-01
1.071611184074242606e-01 9.982277332761733124e-01
1.071070401271027872e-01 9.982434620880128451e-01
1.070533172719549536e-01 9.982590569078795273e-01
1.069999475345268791e-01 9.982745188771945388e-01
1.069469286220806337e-01 9.982898491276668285e-01
1.068942582565030192e-01 9.983050487813749374e-01
1.068419341742147671e-01 9.983201189508490447e-01
1.067899541260802498e-01 9.983350607391523468e-01
1.067383158773179824e-01 9.983498752399604381e-01
1.066870172074112916e-01 9.983645635376423577e-01
1.066360559100197614e-01 9.983791267073380826e-01
1.065854297928911509e-01 9.983935658150379089e-01
1.065351366777737702e-01 9.984078819176596120e-01
1.064851744003294520e-01 9.984220760631257185e-01
1.064355408100470107e-01 9.984361492904394453e-01
1.063862337701562133e-01 9.984501026297609716e-01
1.063372511575422646e-01 9.984639371024823795e-01
1.062885908626608061e-01 9.984776537213015946e-01
1.062402507894533860e-01 9.984912534902965486e-01
1.061922288552635263e-01 9.985047374049988989e-01
1.061445229907531512e-01 9.985181064524654149e-01
1.060971311398196254e-01 9.985313616113509205e-01
1.060500512595132921e-01 9.985445038519792371e-01
1.060032813199553864e-01 9.985575341364140156e-01
1.059568193042565443e-01 9.985704534185290138e-01
1.059106632084357846e-01 9.985832626440772630e-01
1.058648110413399762e-01 9.985959627507604575e-01
1.058192608245636657e-01 9.986085546682971215e-01
1.057740105923696411e-01 9.986210393184902223e-01
1.057290583916096899e-01 9.986334176152952269e-01
1.056844022816460088e-01 9.986456904648853827e-01
1.056400403342730859e-01 9.986578587657194417e-01
1.055959706336399018e-01 9.986699234086058308e-01
1.055521912761727688e-01 9.986818852767683774e-01
1.055087003704985038e-01 9.986937452459104803e-01
1.054654960373682115e-01 9.987055041842795022e-01
1.054225764095813173e-01 9.987171629527290539e-01
1.053799396319102660e-01 9.987287224047829426e-01
1.053375838610255272e-01 9.987401833866969003e-01
1.052955072654210983e-01 9.987515467375204237e-01
1.052537080253405088e-01 9.987628132891579469e-01
1.052121843327031986e-01 9.987739838664297931e-01
1.051709343910313121e-01 9.987850592871321265e-01
1.051299564153770905e-01 9.987960403620966821e-01
1.050892486322504843e-01 9.988069278952502739e-01
1.050488092795473782e-01 9.988177226836730815e-01
1.050086366064781895e-01 9.988284255176570481e-01
1.049687288734968693e-01 9.988390371807636114e-01
1.049290843522303340e-01 9.988495584498806590e-01
1.048897013254083965e-01 9.988599900952797039e-01
1.048505780867940024e-01 9.988703328806716186e-01
1.048117129411140630e-01 9.988805875632630338e-01
1.047731042039904276e-01 9.988907548938108505e-01
1.047347502018716459e-01 9.989008356166778624e-01
1.046966492719647590e-01 9.989108304698864904e-01
1.046587997621677979e-01 9.989207401851731838e-01
1.046212000310025453e-01 9.989305654880415997e-01
1.045838484475477281e-01 9.989403070978154497e-01
1.045467433913726540e-01 9.989499657276916800e-01
1.045098832524711530e-01 9.989595420847916518e-01
1.044732664311960740e-01 9.989690368702136558e-01
1.044368913381940600e-01 9.989784507790836487e-01
1.044007563943407102e-01 9.989877845006063239e-01
1.043648600306762431e-01 9.989970387181150713e-01
1.043292006883414641e-01 9.990062141091224923e-01
1.042937768185141084e-01 9.990153113453693612e-01
1.042585868823456274e-01 9.990243310928739184e-01
1.042236293508984057e-01 9.990332740119809429e-01
1.041889027050831584e-01 9.990421407574091583e-01
1.041544054355969806e-01 9.990509319782998610e-01
1.041201360428615219e-01 9.990596483182638821e-01
1.040860930369617576e-01 9.990682904154293276e-01
1.040522749375849404e-01 9.990768589024872082e-01
1.040186802739600652e-01 9.990853544067384018e-01
1.039853075847976538e-01 9.990937775501392837e-01
1.039521554182298718e-01 9.991021289493474677e-01
1.039192223317510627e-01 9.991104092157663263e-01
1.038865068921586282e-01 9.991186189555903985e-01
1.038540076754942421e-01 9.991267587698489105e-01
1.038217232669855217e-01 9.991348292544506293e-01
1.037896522609878663e-01 9.991428310002266056e-01
1.037577932609268783e-01 9.991507645929740278e-01
1.037261448792409640e-01 9.991586306134986328e-01
1.036947057373243386e-01 9.991664296376572274e-01
1.036634744654704593e-01 9.991741622364003206e-01
1.036324497028156544e-01 9.991818289758127580e-01
1.036016300972832510e-01 9.991894304171563546e-01
1.035710143055278837e-01 9.991969671169105283e-01
1.035406009928803162e-01 9.992044396268124906e-01
1.035103888332924993e-01 9.992118484938982137e-01
1.034803765092829342e-01 9.992191942605422872e-01
1.034505627118824933e-01 9.992264774644974423e-01
1.034209461405804359e-01 9.992336986389340758e-01
1.033915255032708813e-01 9.992408583124791077e-01
1.033622995161994768e-01 9.992479570092549501e-01
1.033332669039105922e-01 9.992549952489173659e-01
1.033044263991945572e-01 9.992619735466938824e-01
1.032757767430355078e-01 9.992688924134214279e-01
1.032473166845593454e-01 9.992757523555834132e-01
1.032190449809821248e-01 9.992825538753473680e-01
1.031909603975587758e-01 9.992892974706009124e-01
1.031630617075319917e-01 9.992959836349890601e-01
1.031353476920816581e-01 9.993026128579496348e-01
1.031078171402743798e-01 9.993091856247493521e-01
1.030804688490134374e-01 9.993157024165194580e-01
1.030533016229890492e-01 9.993221637102908117e-01
1.030263142746288829e-01 9.993285699790288579e-01
1.029995056240489426e-01 9.993349216916678213e-01
1.029728744990046907e-01 9.993412193131457899e-01
1.029464197348425175e-01 9.993474633044384658e-01
1.029201401744514882e-01 9.993536541225923608e-01
1.028940346682154089e-01 9.993597922207587692e-01
1.028681020739651425e-01 9.993658780482272963e-01
1.028423412569313272e-01 9.993719120504578335e-01
1.028167510896972198e-01 9.993778946691137532e-01
1.027913304521519688e-01 9.993838263420942170e-01
1.027660782314441384e-01 9.993897075035661492e-01
1.027409933219354810e-01 9.993955385839959904e-01
1.027160746251550710e-01 9.994013200101811156e-01
1.026913210497536477e-01 9.994070522052812544e-01
1.026667315114582757e-01 9.994127355888495767e-01
1.026423049330272702e-01 9.994183705768631132e-01
1.026180402442054412e-01 9.994239575817536192e-01
1.025939363816795458e-01 9.994294970124369959e-01
1.025699922890341426e-01 9.994349892743441544e-01
1.025462069167075163e-01 9.994404347694501034e-01
1.025225792219480875e-01 9.994458338963039257e-01
1.024991081687709749e-01 9.994511870500569772e-01
1.024757927279148217e-01 9.994564946224930857e-01
1.024526318767989691e-01 9.994617570020563058e-01
1.024296245994807952e-01 9.994669745738795630e-01
1.024067698866134302e-01 9.994721477198134085e-01
1.023840667354036227e-01 9.994772768184531087e-01
1.023615141495699266e-01 9.994823622451668443e-01
1.023391111393011643e-01 9.994874043721235779e-01
1.023168567212151547e-01 9.994924035683195873e-01
1.022947499183175651e-01 9.994973601996055557e-01
1.022727897599612218e-01 9.995022746287142157e-01
1.022509752818055451e-01 9.995071472152857739e-01
1.022293055257762345e-01 9.995119783158951110e-01
1.022077795400252870e-01 9.995167682840774281e-01
1.021863963788911395e-01 9.995215174703546701e-01
1.021651551028592425e-01 9.995262262222602834e-01
1.021440547785226610e-01 9.995308948843655283e-01
1.021230944785431194e-01 9.995355237983043484e-01
1.021022732816121159e-01 9.995401133027984608e-01
1.020815902724124397e-01 9.995446637336823370e-01
1.020610445415798123e-01 9.995491754239274051e-01
1.020406351856648214e-01 9.995536487036668083e-01
1.020203613070950616e-01 9.995580839002193851e-01
1.020002220141375399e-01 9.995624813381137619e-01
1.019802164208613166e-01 9.995668413391122220e-01
1.019603436471003821e-01 9.995711642222337989e-01
1.019406028184166590e-01 9.995754503037784788e-01
1.019209930660634339e-01 9.995796998973494052e-01
1.019015135269488864e-01 9.995839133138767485e-01
1.018821633435998408e-01 9.995880908616396887e-01
1.018629416641257668e-01 9.995922328462900630e-01
1.018438476421830857e-01 9.995963395708732380e-01
1.018248804369395327e-01 9.996004113358516463e-01
1.018060392130389069e-01 9.996044484391264362e-01
1.017873231405659468e-01 9.996084511760588986e-01
1.017687313950114275e-01 9.996124198394925608e-01
1.017502631572375638e-01 9.996163547197745025e-01
1.017319176134434677e-01 9.996202561047765611e-01
1.017136939551310376e-01 9.996241242799165372e-01
1.016955913790708460e-01 9.996279595281789554e-01
1.016776090872683752e-01 9.996317621301359369e-01
1.016597462869304608e-01 9.996355323639677382e-01
1.016420021904318599e-01 9.996392705054831795e-01
1.016243760152821113e-01 9.996429768281397399e-01
1.016068669840925476e-01 9.996466516030636518e-01
1.015894743245435716e-01 9.996502950990697745e-01
1.015721972693521269e-01 9.996539075826814669e-01
1.015550350562392790e-01 9.996574893181495725e-01
1.015379869278981301e-01 9.996610405674725142e-01
1.015210521319619003e-01 9.996645615904150572e-01
1.015042299209721194e-01 9.996680526445272941e-01
1.014875195523471385e-01 9.996715139851637399e-01
1.014709202883507938e-01 9.996749458655020959e-01
1.014544313960611954e-01 9.996783485365615674e-01
1.014380521473398633e-01 9.996817222472212938e-01
1.014217818188009462e-01 9.996850672442387786e-01
1.014056196917806074e-01 9.996883837722678745e-01
1.013895650523067710e-01 9.996916720738766582e-01
1.013736171910688127e-01 9.996949323895651940e-01
1.013577754033876538e-01 9.996981649577835194e-01
1.013420389891859508e-01 9.997013700149484094e-01
1.013264072529584808e-01 9.997045477954612513e-01
1.013108795037427068e-01 9.997076985317253639e-01
1.012954550550895366e-01 9.997108224541625399e-01
1.012801332250343050e-01 9.997139197912300324e-01
1.012649133360678522e-01 9.997169907694377633e-01
1.012497947151078659e-01 9.997200356133645327e-01
1.012347766934703630e-01 9.997230545456742279e-01
1.012198586068413647e-01 9.997260477871326989e-01
1.012050397952487246e-01 9.997290155566237457e-01
1.011903196030342067e-01 9.997319580711652165e-01
1.011756973788256186e-01 9.997348755459243286e-01
1.011611724755092506e-01 9.997377681942344330e-01
1.011467442502023972e-01 9.997406362276101133e-01
1.011324120642261154e-01 9.997434798557625069e-01
1.011181752830780656e-01 9.997462992866148479e-01
1.011040332764056443e-01 9.997490947263182326e-01
1.010899854179791724e-01 9.997518663792657190e-01
1.010760310856653466e-01 9.997546144481082031e-01
1.010621696614008025e-01 9.997573391337685189e-01
1.010484005311658579e-01 9.997600406354573144e-01
1.010347230849584083e-01 9.997627191506861521e-01
1.010211367167680035e-01 9.997653748752832747e-01
1.010076408245501323e-01 9.997680080034070382e-01
1.009942348102005477e-01 9.997706187275610112e-01
1.009809180795299272e-01 9.997732072386071867e-01
1.009676900422385032e-01 9.997757737257806365e-01
1.009545501118909866e-01 9.997783183767030568e-01
1.009414977058916418e-01 9.997808413773966452e-01
1.009285322454594458e-01 9.997833429122978677e-01
1.009156531556034547e-01 9.997858231642705595e-01
1.009028598650983238e-01 9.997882823146199138e-01
1.008901518064600072e-01 9.997907205431052491e-01
1.008775284159215274e-01 9.997931380279535540e-01
1.008649891334089943e-01 9.997955349458721441e-01
1.008525334025177078e-01 9.997979114720623173e-01
1.008401606704884684e-01 9.998002677802313443e-01
1.008278703881839850e-01 9.998026040426059025e-01
1.008156620100654627e-01 9.998049204299441772e-01
1.008035349941693304e-01 9.998072171115485185e-01
1.007914888020841476e-01 9.998094942552784303e-01
1.007795228989275538e-01 9.998117520275622283e-01
1.007676367533235501e-01 9.998139905934091409e-01
1.007558298373796984e-01 9.998162101164219662e-01
1.007441016266646533e-01 9.998184107588086178e-01
1.007324516001857490e-01 9.998205926813943378e-01
1.007208792403667119e-01 9.998227560436331318e-01
1.007093840330256229e-01 9.998249010036199813e-01
1.006979654673528513e-01 9.998270277181019461e-01
1.006866230358892667e-01 9.998291363424895994e-01
1.006753562345045760e-01 9.998312270308690186e-01
1.006641645623756604e-01 9.998332999360124429e-01
1.006530475219653137e-01 9.998353552093899310e-01
1.006420046190007883e-01 9.998373930011802413e-01
1.006310353624527559e-01 9.998394134602819339e-01
1.006201392645142967e-01 9.998414167343238068e-01
1.006093158405799437e-01 9.998434029696769976e-01
1.005985646092249913e-01 9.998453723114638647e-01
1.005878850921848727e-01 9.998473249035705335e-01
1.005772768143346624e-01 9.998492608886558886e-01
1.005667393036687174e-01 9.998511804081631205e-01
1.005562720912804991e-01 9.998530836023292734e-01
1.005458747113424089e-01 9.998549706101962364e-01
1.005355467010858733e-01 9.998568415696206246e-01
1.005252876007814850e-01 9.998586966172835488e-01
1.005150969537192684e-01 9.998605358887014960e-01
1.005049743061891404e-01 9.998623595182350998e-01
1.004949192074613834e-01 9.998641676391002431e-01
1.004849312097673836e-01 9.998659603833767173e-01
1.004750098682803544e-01 9.998677378820186590e-01
1.004651547410962548e-01 9.998695002648639862e-01
1.004553653892148457e-01 9.998712476606433919e-01
1.004456413765207751e-01 9.998729801969908904e-01
1.004359822697649535e-01 9.998746980004517004e-01
1.004263876385458332e-01 9.998764011964932363e-01
1.004168570552909784e-01 9.998780899095125463e-01
1.004073900952386772e-01 9.998797642628467486e-01
1.003979863364196923e-01 9.998814243787815803e-01
1.003886453596390949e-01 9.998830703785601681e-01
1.003793667484582930e-01 9.998847023823923541e-01
1.003701500891770459e-01 9.998863205094631335e-01
1.003609949708157562e-01 9.998879248779417583e-01
1.003519009850977056e-01 9.998895156049900645e-01
1.003428677264315561e-01 9.998910928067712423e-01
1.003338947918938628e-01 9.998926565984581627e-01
1.003249817812117139e-01 9.998942070942421489e-01
1.003161282967455353e-01 9.998957444073411915e-01
1.003073339434719380e-01 9.998972686500080531e-01
1.002985983289667177e-01 9.998987799335387061e-01
1.002899210633879656e-01 9.999002783682806594e-01
1.002813017594592349e-01 9.999017640636403970e-01
1.002727400324528589e-01 9.999032371280923703e-01
1.002642355001734237e-01 9.999046976691858823e-01
1.002557877829411970e-01 9.999061457935541908e-01
1.002473965035758918e-01 9.999075816069210587e-01
1.002390612873802211e-01 9.999090052141094143e-01
1.002307817621239105e-01 9.999104167190484560e-01
1.002225575580275446e-01 9.999118162247818686e-01
1.002143883077466213e-01 9.999132038334749284e-01
1.002062736463557174e-01 9.999145796464218305e-01
1.001982132113327650e-01 9.999159437640537940e-01
1.001902066425433002e-01 9.999172962859458336e-01
1.001822535822250310e-01 9.999186373108243098e-01
1.001743536749723079e-01 9.999199669365739229e-01
1.001665065677208449e-01 9.999212852602453738e-01
1.001587119097323564e-01 9.999225923780620251e-01
1.001509693525795275e-01 9.999238883854273396e-01
1.001432785501308736e-01 9.999251733769309869e-01
1.001356391585357941e-01 9.999264474463572805e-01
1.001280508362097366e-01 9.999277106866907294e-01
1.001205132438194034e-01 9.999289631901232545e-01
1.001130260442680553e-01 9.999302050480614046e-01
1.001055889026809947e-01 9.999314363511322412e-01
1.000982014863909947e-01 9.999326571891908877e-01
1.000908634649240042e-01 9.999338676513264135e-01
1.000835745099847296e-01 9.999350678258683844e-01
1.000763342954425483e-01 9.999362578003940794e-01
1.000691424973172983e-01 9.999374376617338189e-01
1.000619987937652750e-01 9.999386074959781823e-01
1.000549028650653122e-01 9.999397673884843352e-01
1.000478543936049319e-01 9.999409174238812481e-01
1.000408530638665361e-01 9.999420576860774679e-01
1.000338985624138061e-01 9.999431882582657805e-01
1.000269905778780888e-01 9.999443092229303165e-01
1.000201288009448797e-01 9.999454206618521024e-01
1.000133129243404723e-01 9.999465226561152775e-01
1.000065426428185661e-01 9.999476152861130895e-01
9.999981765314708282e-02 9.999486986315532233e-01
9.999313765409496846e-02 9.999497727714646844e-01
9.998650234641917600e-02 9.999508377842025730e-01
9.997991143285164806e-02 9.999518937474541902e-01
9.997336461808643826e-02 9.999529407382452550e-01
9.996686160876687433e-02 9.999539788329446788e-01
9.996040211347285986e-02 9.999550081072703378e-01
9.995398584270816233e-02 9.999560286362955130e-01
9.994761250888789528e-02 9.999570404944533308e-01
9.994128182632602830e-02 9.999580437555426471e-01
9.993499351122291097e-02 9.999590384927334874e-01
9.992874728165307419e-02 9.999600247785722651e-01
9.992254285755283738e-02 9.999610026849874433e-01
9.991637996070822092e-02 9.999619722832939761e-01
9.991025831474285857e-02 9.999629336441999694e-01
9.990417764510592380e-02 9.999638868378101231e-01
9.989813767906023656e-02 9.999648319336323921e-01
9.989213814567041161e-02 9.999657690005820943e-01
9.988617877579106241e-02 9.999666981069873506e-01
9.988025930205507441e-02 9.999676193205941921e-01
9.987437945886197543e-02 9.999685327085710007e-01
9.986853898236644489e-02 9.999694383375146156e-01
9.986273761046675357e-02 9.999703362734534418e-01
9.985697508279335610e-02 9.999712265818537782e-01
9.985125114069762220e-02 9.999721093276241479e-01
9.984556552724051237e-02 9.999729845751198498e-01
9.983991798718142019e-02 9.999738523881478436e-01
9.983430826696704230e-02 9.999747128299714127e-01
9.982873611472034558e-02 9.999755659633146054e-01
9.982320128022958983e-02 9.999764118503674526e-01
9.981770351493741977e-02 9.999772505527898536e-01
9.981224257193004046e-02 9.999780821317163504e-01
9.980681820592643416e-02 9.999789066477604571e-01
9.980143017326770227e-02 9.999797241610194343e-01
9.979607823190643490e-02 9.999805347310785075e-01
9.979076214139609435e-02 9.999813384170151975e-01
9.978548166288066235e-02 9.999821352774035388e-01
9.978023655908405121e-02 9.999829253703186316e-01
9.977502659429988985e-02 9.999837087533406388e-01
9.976985153438119869e-02 9.999844854835594488e-01
9.976471114673012008e-02 9.999852556175782281e-01
9.975960520028784306e-02 9.999860192115181956e-01
9.975453346552447254e-02 9.999867763210220639e-01
9.974949571442898177e-02 9.999875270012587025e-01
9.974449172049935919e-02 9.999882713069270235e-01
9.973952125873261632e-02 9.999890092922597562e-01
9.973458410561496235e-02 9.999897410110277773e-01
9.972968003911211743e-02 9.999904665165436635e-01
9.972480883865954271e-02 9.999911858616662430e-01
9.971997028515282302e-02 9.999918990988032608e-01
9.971516416093810509e-02 9.999926062799167070e-01
9.971039024980254961e-02 9.999933074565254820e-01
9.970564833696493601e-02 9.999940026797098369e-01
9.970093820906618387e-02 9.999946920001147044e-01
9.969625965416013813e-02 9.999953754679535844e-01
9.969161246170417379e-02 9.999960531330123192e-01
9.968699642255006432e-02 9.999967250446525346e-01
9.968241132893485013e-02 9.999973912518155261e-01
9.967785697447167914e-02 9.999980518030253673e-01
9.967333315414081407e-02 9.999987067463931290e-01
9.966883966428065345e-02 9.999993561296197653e-01
9.966437630257883595e-02 1.000000000000000000e+00
