1.000000000000000000e+00 1.435042536929505008e-01
9.966034339249624230e-01 1.463531728755333994e-01
9.929711816965930415e-01 1.492156737081339057e-01
9.891297078236224172e-01 1.520936347630835739e-01
9.851030671666930472e-01 1.549886856433923821e-01
9.809130765383081707e-01 1.579022269680996349e-01
9.765794860119502152e-01 1.608354489272814103e-01
9.721201460693317253e-01 1.637893484795614751e-01
9.675511679861802383e-01 1.667647452753441839e-01
9.628870758042247235e-01 1.697622963926964934e-01
9.581409489342970209e-01 1.727825099722640478e-01
9.533245549418448705e-01 1.758257578344801786e-01
9.484484724280419776e-01 1.788922871577423024e-01
9.435222041729663944e-01 1.819822312909370188e-01
9.385542808795510616e-01 1.850956197681711546e-01
9.335523559691397688e-01 1.882323875881098396e-01
9.285232919474245561e-01 1.913923838151044277e-01
9.234732388952571203e-01 1.945753795544098996e-01
9.184077056513516579e-01 1.977810753492753315e-01
9.133316242499687210e-01 2.010091080435586208e-01
9.082494081613508019e-01 2.042590571497474028e-01
9.031650048597095193e-01 2.075304507588472402e-01
8.980819432157441939e-01 2.108227710254944598e-01
8.930033761800367786e-01 2.141354592588404770e-01
8.879321191917184386e-01 2.174679206472058812e-01
8.828706847146269299e-01 2.208195286421947290e-01
8.778213132715242395e-01 2.241896290258660329e-01
8.727860013163565300e-01 2.275775436826603382e-01
8.677665262553714287e-01 2.309825740960574081e-01
8.627644689003698408e-01 2.344040045883750700e-01
8.577812336115954173e-01 2.378411053207001302e-01
8.528180663637955350e-01 2.412931350686507714e-01
8.478760709468285972e-01 2.447593437884974799e-01
8.429562234917971075e-01 2.482389749871035112e-01
8.380593854949960342e-01 2.517312679081765148e-01
8.331863154948893069e-01 2.552354595464415010e-01
8.283376795417826122e-01 2.587507865005426178e-01
8.235140605857349527e-01 2.622764866747493984e-01
8.187159668954555602e-01 2.658118008388781761e-01
8.139438396093561234e-01 2.693559740552286530e-01
8.091980595094793172e-01 2.729082569807809722e-01
8.044789530996041549e-01 2.764679070523878845e-01
7.997867980603503568e-01 2.800341895622294186e-01
7.951218281464801363e-01 2.836063786303675283e-01
7.904842375847481728e-01 2.871837580808416224e-01
7.858741850245093419e-01 2.907656222273785618e-01
7.812917970877856222e-01 2.943512765744532023e-01
7.767371715605589921e-01 2.979400384391169276e-01
7.722103802626411051e-01 3.015312374987200172e-01
7.677114716295186936e-01 3.051242162693757476e-01
7.632404730360367040e-01 3.087183305197585548e-01
7.587973928886224684e-01 3.123129496245836689e-01
7.543822225099284795e-01 3.159074568618877588e-01
7.499949378372493536e-01 3.195012496580137973e-01
7.456355009538104817e-01 3.230937397839966363e-01
7.413038614700165896e-01 3.266843535068537641e-01
7.369999577699457571e-01 3.302725316990969828e-01
7.327237181367702856e-01 3.338577299096072704e-01
7.284750617693522834e-01 3.374394183988446705e-01
7.242538997009774215e-01 3.410170821412037978e-01
7.200601356300494471e-01 3.445902207971736075e-01
7.158936666715454145e-01 3.481583486578105902e-01
7.117543840371156616e-01 3.517209945638948843e-01
7.076421736509020954e-01 3.552777018020032429e-01
7.035569167074130492e-01 3.588280279796043915e-01
6.994984901771478247e-01 3.623715448811566930e-01
6.954667672650750587e-01 3.659078383070730189e-01
6.914616178265534652e-01 3.694365078973005367e-01
6.874829087448134368e-01 3.729571669411577695e-01
6.835305042737033210e-01 3.764694421749671949e-01
6.796042663490297064e-01 3.799729735689211796e-01
6.757040548714858819e-01 3.834674141045276152e-01
6.718297279638664188e-01 3.869524295438889205e-01
6.679811422049922731e-01 3.904276981919853062e-01
6.641581528425366532e-01 3.938929106530484892e-01
6.603606139867189695e-01 3.973477695820380462e-01
6.565883787866468868e-01 4.007919894321566590e-01
6.528412995909090855e-01 4.042252961992717775e-01
6.491192280938666848e-01 4.076474271640451730e-01
6.454220154689503941e-01 4.110581306325088446e-01
6.417495124901454462e-01 4.144571656757674027e-01
6.381015696427317918e-01 4.178443018694505406e-01
6.344780372242470046e-01 4.212193190334869164e-01
6.308787654365454189e-01 4.245820069727211932e-01
6.273036044697459790e-01 4.279321652188495251e-01
6.237524045787867788e-01 4.312696027741043103e-01
6.202250161532358863e-01 4.345941378570785663e-01
6.167212897809497552e-01 4.379055976510419224e-01
6.132410763061141301e-01 4.412038180550626465e-01
6.097842268821537237e-01 4.444886434382191442e-01
6.063505930199519778e-01 4.477599263971496768e-01
6.029400266317843649e-01 4.510175275171621756e-01
5.995523800713276064e-01 4.542613151370976099e-01
5.961875061700806500e-01 4.574911651181154393e-01
5.928452582704959450e-01 4.607069606165450915e-01
5.895254902561012367e-01 4.639085918609278103e-01
5.862280565788592357e-01 4.670959559333494604e-01
5.829528122839968685e-01 4.702689565551507744e-01
5.796996130325120511e-01 4.734275038770801580e-01
5.764683151215490575e-01 4.765715142739406773e-01
5.732587755028173415e-01 4.797009101437678114e-01
5.700708517992126856e-01 4.828156197115608950e-01
5.669044023197861160e-01 4.859155768375801321e-01
5.637592860731953648e-01 4.890007208302074582e-01
5.606353627797582284e-01 4.920709962633632584e-01
5.575324928822231740e-01 4.951263527984577362e-01
5.544505375553560045e-01 4.981667450108502315e-01
5.513893587144383934e-01 5.011921322207814056e-01
5.483488190227653325e-01 5.042024783287367695e-01
5.453287818982174295e-01 5.071977516551923193e-01
5.423291115189836642e-01 5.101779247846918164e-01
5.393496728284994379e-01 5.131429744141946525e-01
5.363903315396619798e-01 5.160928812056357895e-01
5.334509541383792852e-01 5.190276296426291625e-01
5.305314078865036587e-01 5.219472078912474888e-01
5.276315608241990418e-01 5.248516076648064299e-01
5.247512817717843170e-01 5.277408240925802740e-01
5.218904403310942186e-01 5.306148555923716481e-01
5.190489068863948230e-01 5.334737037468608722e-01
5.162265526048880337e-01 5.363173731836533564e-01
5.134232494368358157e-01 5.391458714589487666e-01
5.106388701153358189e-01 5.419592089447498040e-01
5.078732881557718182e-01 5.447573987195318823e-01
5.051263778549681671e-01 5.475404564622913250e-01
5.023980142900671408e-01 5.503084003498937005e-01
4.996880733171539801e-01 5.530612509576400271e-01
4.969964315696469015e-01 5.557990311629716906e-01
4.943229664564715575e-01 5.585217660522355798e-01
4.916675561600367117e-01 5.612294828304280614e-01
4.890300796340261158e-01 5.639222107338429657e-01
4.864104166010219665e-01 5.665999809455435354e-01
4.838084475499727088e-01 5.692628265135842858e-01
4.812240537335177870e-01 5.719107822719063927e-01
4.786571171651809453e-01 5.745438847638326685e-01
4.761075206164431250e-01 5.771621721680900707e-01
4.735751476137038951e-01 5.797656842272881361e-01
4.710598824351416858e-01 5.823544621787807296e-01
4.685616101074808193e-01 5.849285486878464946e-01
4.660802164026735528e-01 5.874879877831155062e-01
4.636155878345041281e-01 5.900328247941808435e-01
4.611676116551223781e-01 5.925631062913246927e-01
4.587361758515123844e-01 5.950788800273015822e-01
4.563211691419030713e-01 5.975801948811120257e-01
4.539224809721252307e-01 6.000671008037078424e-01
4.515400015119213073e-01 6.025396487655710898e-01
4.491736216512114410e-01 6.049978907061068778e-01
4.468232329963213734e-01 6.074418794847951109e-01
4.444887278661756591e-01 6.098716688340460879e-01
4.421699992884599584e-01 6.122873133137066715e-01
4.398669409957567389e-01 6.146888682671644011e-01
4.375794474216571084e-01 6.170763897789999231e-01
4.353074136968518859e-01 6.194499346341367785e-01
4.330507356452049650e-01 6.218095602784434739e-01
4.308093097798123550e-01 6.241553247807375415e-01
4.285830332990476776e-01 6.264872867961500669e-01
4.263718040825986155e-01 6.288055055308027219e-01
4.241755206874947559e-01 6.311100407077591123e-01
4.219940823441298838e-01 6.334009525342040314e-01
4.198273889522803337e-01 6.356783016698144273e-01
4.176753410771210095e-01 6.379421491962805613e-01
4.155378399452411831e-01 6.401925565879400537e-01
4.134147874406607914e-01 6.424295856834882912e-01
4.113060861008497882e-01 6.446532986587287795e-01
4.092116391127508246e-01 6.468637580003295806e-01
4.071313503088074270e-01 6.490610264805518614e-01
4.050651241629980026e-01 6.512451671329179126e-01
4.030128657868772835e-01 6.534162432287872191e-01
4.009744809256263753e-01 6.555743182548103842e-01
3.989498759541112438e-01 6.577194558912301536e-01
3.969389578729524692e-01 6.598517199910032272e-01
3.949416343046050493e-01 6.619711745597113284e-01
3.929578134894501362e-01 6.640778837362393272e-01
3.909874042818994311e-01 6.661719117741897733e-01
3.890303161465122894e-01 6.682533230240126354e-01
3.870864591541267608e-01 6.703221819158227124e-01
3.851557439780045056e-01 6.723785529428830676e-01
3.832380818899909780e-01 6.744225006457313931e-01
3.813333847566902080e-01 6.764540895969262113e-01
3.794415650356559033e-01 6.784733843863925973e-01
3.775625357715978181e-01 6.804804496073465492e-01
3.756962105926057727e-01 6.824753498427776899e-01
3.738425037063891065e-01 6.844581496524710928e-01
3.720013298965343940e-01 6.864289135605498027e-01
3.701726045187800351e-01 6.883877060435198425e-01
3.683562434973086663e-01 6.903345915188002779e-01
3.665521633210573893e-01 6.922696343337206848e-01
3.647602810400467632e-01 6.941928987549714769e-01
3.629805142617272828e-01 6.961044489584895523e-01
3.612127811473452299e-01 6.980043490197647138e-01
3.594570004083268433e-01 6.998926629045525427e-01
3.577130913026815850e-01 7.017694544599784034e-01
3.559809736314242801e-01 7.036347874060200347e-01
3.542605677350166293e-01 7.054887253273547376e-01
3.525517944898278189e-01 7.073313316655579497e-01
3.508545753046145577e-01 7.091626697116425460e-01
3.491688321170206000e-01 7.109828025989237688e-01
3.474944873900956410e-01 7.127917932962021252e-01
3.458314641088343078e-01 7.145897046012490428e-01
3.441796857767338569e-01 7.163765991345878437e-01
3.425390764123723564e-01 7.181525393335573826e-01
3.409095605460063516e-01 7.199175874466496872e-01
3.392910632161880158e-01 7.216718055281107214e-01
3.376835099664025619e-01 7.234152554327958340e-01
3.360868268417246396e-01 7.251479988112693453e-01
3.345009403854951602e-01 7.268700971051422766e-01
3.329257776360176613e-01 7.285816115426365647e-01
3.313612661232743228e-01 7.302826031343691016e-01
3.298073338656616338e-01 7.319731326693483808e-01
3.282639093667461538e-01 7.336532607111750925e-01
3.267309216120392046e-01 7.353230475944390054e-01
3.252083000657920997e-01 7.369825534213060303e-01
3.236959746678101935e-01 7.386318380582884702e-01
3.221938758302868577e-01 7.402709611331904638e-01
3.207019344346568879e-01 7.418999820322246253e-01
3.192200818284693931e-01 7.435189598972915537e-01
3.177482498222800045e-01 7.451279536234169942e-01
3.162863706865623459e-01 7.467270218563410999e-01
3.148343771486392106e-01 7.483162229902541318e-01
3.133922023896323905e-01 7.498956151656734903e-01
3.119597800414319333e-01 7.514652562674556391e-01
3.105370441836846074e-01 7.530252039229401451e-01
3.091239293408011291e-01 7.545755155002181747e-01
3.077203704789824301e-01 7.561162481065243357e-01
3.063263030032648548e-01 7.576474585867429834e-01
3.049416627545839531e-01 7.591692035220295454e-01
3.035663860068574249e-01 7.606815392285377619e-01
3.022004094640859395e-01 7.621845217562533970e-01
3.008436702574733279e-01 7.636782068879265362e-01
2.994961059425647609e-01 7.651626501381013634e-01
2.981576544964033015e-01 7.666379067522391955e-01
2.968282543147049424e-01 7.681040317059297795e-01
2.955078442090517399e-01 7.695610797041901874e-01
2.941963634041031561e-01 7.710091051808450890e-01
2.928937515348253307e-01 7.724481622979874063e-01
2.915999486437383381e-01 7.738783049455159047e-01
2.903148951781812093e-01 7.752995867407451724e-01
2.890385319875949377e-01 7.767120610280877635e-01
2.877708003208230836e-01 7.781157808788037311e-01
2.865116418234294748e-01 7.795107990908155537e-01
2.852609985350343380e-01 7.808971681885860106e-01
2.840188128866669159e-01 7.822749404230566750e-01
2.827850276981359046e-01 7.836441677716444731e-01
2.815595861754168761e-01 7.850049019382934201e-01
2.803424319080568550e-01 7.863571943535804243e-01
2.791335088665959918e-01 7.877010961748726059e-01
2.779327614000060565e-01 7.890366582865330214e-01
2.767401342331457514e-01 7.903639313001754596e-01
2.755555724642327342e-01 7.916829655549626477e-01
2.743790215623325146e-01 7.929938111179494209e-01
2.732104273648633952e-01 7.942965177844671931e-01
2.720497360751185645e-01 7.955911350785488390e-01
2.708968942598035112e-01 7.968777122533911017e-01
2.697518488465910913e-01 7.981562982918549709e-01
2.686145471216911385e-01 7.994269419070009208e-01
2.674849367274376166e-01 8.006896915426567896e-01
2.663629656598905937e-01 8.019445953740200750e-01
2.652485822664549797e-01 8.031917013082893186e-01
2.641417352435142529e-01 8.044310569853259096e-01
2.630423736340803398e-01 8.056627097783440883e-01
2.619504468254592044e-01 8.068867067946283722e-01
2.608659045469313709e-01 8.081030948762756294e-01
2.597886968674482100e-01 8.093119206009631306e-01
2.587187741933438256e-01 8.105132302827395829e-01
2.576560872660613177e-01 8.117070699728385907e-01
2.566005871598949772e-01 8.128934854605136540e-01
2.555522252797470806e-01 8.140725222738935951e-01
2.545109533588995054e-01 8.152442256808576371e-01
2.534767234568008343e-01 8.164086406899285775e-01
2.524494879568671690e-01 8.175658120511839488e-01
2.514291995642986000e-01 8.187157842571837207e-01
2.504158113039096079e-01 8.198586015439141006e-01
2.494092765179742321e-01 8.209943078917459891e-01
2.484095488640854221e-01 8.221229470264086459e-01
2.474165823130287656e-01 8.232445624199759004e-01
2.464303311466703728e-01 8.243591972918659083e-01
2.454507499558590822e-01 8.254668946098527860e-01
2.444777936383422390e-01 8.265676970910895704e-01
2.435114173966958784e-01 8.276616472031423921e-01
2.425515767362684538e-01 8.287487871650345284e-01
2.415982274631383320e-01 8.298291589483001163e-01
2.406513256820850821e-01 8.309028042780469692e-01
2.397108277945742549e-01 8.319697646340277197e-01
2.387766904967556503e-01 8.330300812517186237e-01
2.378488707774749633e-01 8.340837951234068015e-01
2.369273259162988088e-01 8.351309469992823642e-01
2.360120134815529569e-01 8.361715773885395331e-01
2.351028913283737254e-01 8.372057265604810894e-01
2.341999175967721947e-01 8.382334345456303737e-01
2.333030507097119399e-01 8.392547411368470600e-01
2.324122493711990034e-01 8.402696858904481481e-01
2.315274725643852172e-01 8.412783081273325081e-01
2.306486795496837938e-01 8.422806469341109770e-01
2.297758298628980178e-01 8.432767411642374533e-01
2.289088833133620382e-01 8.442666294391449888e-01
2.280477999820945401e-01 8.452503501493837668e-01
2.271925402199644894e-01 8.462279414557623003e-01
2.263430646458693407e-01 8.471994412904894078e-01
2.254993341449255673e-01 8.481648873583196302e-01
2.246613098666711550e-01 8.491243171376986476e-01
2.238289532232801970e-01 8.500777678819112504e-01
2.230022258877896457e-01 8.510252766202288655e-01
2.221810897923379158e-01 8.519668801590594143e-01
2.213655071264150898e-01 8.529026150830958386e-01
2.205554403351253079e-01 8.538325177564664026e-01
2.197508521174603713e-01 8.547566243238838846e-01
2.189517054245854466e-01 8.556749707117946580e-01
2.181579634581358174e-01 8.565875926295282161e-01
2.173695896685253759e-01 8.574945255704443658e-01
2.165865477532664951e-01 8.583958048130810869e-01
2.158088016553010857e-01 8.592914654223003934e-01
2.150363155613429222e-01 8.601815422504334174e-01
2.142690539002311267e-01 8.610660699384232730e-01
2.135069813412947271e-01 8.619450829169673645e-01
2.127500627927283172e-01 8.628186154076573633e-01
2.119982633999783761e-01 8.636867014241168539e-01
2.112515485441408825e-01 8.645493747731379797e-01
2.105098838403692274e-01 8.654066690558145369e-01
2.097732351362932568e-01 8.662586176686738471e-01
2.090415685104487220e-01 8.671052538048050762e-01
2.083148502707172778e-01 8.679466104549865557e-01
2.075930469527773603e-01 8.687827204088078847e-01
2.068761253185648352e-01 8.696136162557918103e-01
2.061640523547447756e-01 8.704393303865111120e-01
2.054567952711928991e-01 8.712598949937039317e-01
2.047543214994876626e-01 8.720753420733839967e-01
2.040565986914121555e-01 8.728857034259505099e-01
2.033635947174664838e-01 8.736910106572910450e-01
2.026752776653898414e-01 8.744912951798841094e-01
2.019916158386927396e-01 8.752865882138967102e-01
2.013125777551990347e-01 8.760769207882779241e-01
2.006381321455978362e-01 8.768623237418500249e-01
1.999682479520051293e-01 8.776428277243947251e-01
1.993028943265351405e-01 8.784184631977360880e-01
1.986420406298812225e-01 8.791892604368197750e-01
1.979856564299065647e-01 8.799552495307874089e-01
1.973337115002440356e-01 8.807164603840477168e-01
1.966861758189058784e-01 8.814729227173435655e-01
1.960430195669023157e-01 8.822246660688145559e-01
1.954042131268699800e-01 8.829717197950552876e-01
1.947697270817091708e-01 8.837141130721696269e-01
1.941395322132304924e-01 8.844518748968210886e-01
1.935135995008106236e-01 8.851850340872779999e-01
1.928919001200571637e-01 8.859136192844551116e-01
1.922744054414823878e-01 8.866376589529498808e-01
1.916610870291859670e-01 8.873571813820755327e-01
1.910519166395467372e-01 8.880722146868886835e-01
1.904468662199231277e-01 8.887827868092130768e-01
1.898459079073623046e-01 8.894889255186578803e-01
1.892490140273182797e-01 8.901906584136323186e-01
1.886561570923783737e-01 8.908880129223555322e-01
1.880673098009985056e-01 8.915810163038617731e-01
1.874824450362468642e-01 8.922696956490003828e-01
1.869015358645561842e-01 8.929540778814321067e-01
1.863245555344842652e-01 8.936341897586201899e-01
1.857514774754830678e-01 8.943100578728165884e-01
1.851822752966759411e-01 8.949817086520438503e-01
1.846169227856432060e-01 8.956491683610721122e-01
1.840553939072159251e-01 8.963124631023918765e-01
1.834976628022777501e-01 8.969716188171805715e-01
1.829437037865749849e-01 8.976266612862664473e-01
1.823934913495344201e-01 8.982776161310856988e-01
1.818470001530895497e-01 8.989245088146364804e-01
1.813042050305143371e-01 8.995673646424270364e-01
1.807650809852650031e-01 9.002062087634190579e-01
1.802296031898297235e-01 9.008410661709675971e-01
1.796977469845859321e-01 9.014719617037543209e-01
1.791694878766654786e-01 9.020989200467173230e-01
1.786448015388273081e-01 9.027219657319753843e-01
1.781236638083378288e-01 9.033411231397482366e-01
1.776060506858589405e-01 9.039564164992708317e-01
1.770919383343433073e-01 9.045678698897045011e-01
1.765813030779374015e-01 9.051755072410414549e-01
1.760741214008917088e-01 9.057793523350060605e-01
1.755703699464783718e-01 9.063794288059502380e-01
1.750700255159162999e-01 9.069757601417451909e-01
1.745730650673032180e-01 9.075683696846671422e-01
1.740794657145552926e-01 9.081572806322790736e-01
1.735892047263535576e-01 9.087425160383079126e-01
1.731022595250976959e-01 9.093240988135159464e-01
1.726186076858668705e-01 9.099020517265689056e-01
1.721382269353875227e-01 9.104763974048980524e-01
1.716610951510081085e-01 9.110471583355583824e-01
1.711871903596808020e-01 9.116143568660819430e-01
1.707164907369501106e-01 9.121780152053257096e-01
1.702489746059481779e-01 9.127381554243163553e-01
1.697846204363971934e-01 9.132947994570886907e-01
1.693234068436181294e-01 9.138479691015205519e-01
1.688653125875464178e-01 9.143976860201621371e-01
1.684103165717543149e-01 9.149439717410621231e-01
1.679583978424797341e-01 9.154868476585873438e-01
1.675095355876616565e-01 9.160263350342396915e-01
1.670637091359821746e-01 9.165624549974663582e-01
1.666208979559148373e-01 9.170952285464677445e-01
1.661810816547795999e-01 9.176246765489993740e-01
1.657442399778039921e-01 9.181508197431691443e-01
1.653103528071908357e-01 9.186736787382314695e-01
1.648794001611920135e-01 9.191932740153747616e-01
1.644513621931886216e-01 9.197096259285065800e-01
1.640262191907774225e-01 9.202227547050326750e-01
1.636039515748633766e-01 9.207326804466325898e-01
1.631845398987581963e-01 9.212394231300301550e-01
1.627679648472852569e-01 9.217430026077600980e-01
1.623542072358902244e-01 9.222434386089299885e-01
1.619432480097581506e-01 9.227407507399768560e-01
1.615350682429358697e-01 9.232349584854213642e-01
1.611296491374611117e-01 9.237260812086161010e-01
1.607269720224968612e-01 9.242141381524902055e-01
1.603270183534718785e-01 9.246991484402889983e-01
1.599297697112268823e-01 9.251811310763105034e-01
1.595352078011666730e-01 9.256601049466357534e-01
1.591433144524179166e-01 9.261360888198573171e-01
1.587540716169924260e-01 9.266091013478012783e-01
1.583674613689564359e-01 9.270791610662464377e-01
1.579834659036052358e-01 9.275462863956385196e-01
1.576020675366434642e-01 9.280104956418007145e-01
1.572232487033710102e-01 9.284718069966393372e-01
1.568469919578742156e-01 9.289302385388464867e-01
1.564732799722227952e-01 9.293858082345970439e-01
1.561020955356720585e-01 9.298385339382431169e-01
1.557334215538704880e-01 9.302884333930031557e-01
1.553672410480727295e-01 9.307355242316474042e-01
1.550035371543578566e-01 9.311798239771794661e-01
1.546422931228530195e-01 9.316213500435139849e-01
1.542834923169622285e-01 9.320601197361492174e-01
1.539271182126004389e-01 9.324961502528373858e-01
1.535731543974326319e-01 9.329294586842490355e-01
1.532215845701183909e-01 9.333600620146353943e-01
1.528723925395611416e-01 9.337879771224852909e-01
1.525255622241628861e-01 9.342132207811786326e-01
1.521810776510836016e-01 9.346358096596359966e-01
1.518389229555059949e-01 9.350557603229650017e-01
1.514990823799049202e-01 9.354730892331013514e-01
1.511615402733219593e-01 9.358878127494469901e-01
1.508262810906447204e-01 9.362999471295049281e-01
1.504932893918912162e-01 9.367095085295090717e-01
1.501625498414988769e-01 9.371165130050508330e-01
1.498340472076185315e-01 9.375209765117020755e-01
1.495077663614130248e-01 9.379229149056342862e-01
1.491836922763606632e-01 9.383223439442335279e-01
1.488618100275633516e-01 9.387192792867127267e-01
1.485421047910594206e-01 9.391137364947187427e-01
1.482245618431410061e-01 9.395057310329374411e-01
1.479091665596762584e-01 9.398952782696939900e-01
1.475959044154357691e-01 9.402823934775499382e-01
1.472847609834240790e-01 9.406670918338961851e-01
1.469757219342150423e-01 9.410493884215435090e-01
1.466687730352923269e-01 9.414292982293078760e-01
1.463639001503939940e-01 9.418068361525941956e-01
1.460610892388615190e-01 9.421820169939741918e-01
1.457603263549933914e-01 9.425548554637633858e-01
1.454615976474030736e-01 9.429253661805918618e-01
1.451648893583809274e-01 9.432935636719737005e-01
1.448701878232610540e-01 9.436594623748723043e-01
1.445774794697919086e-01 9.440230766362613934e-01
1.442867508175114666e-01 9.443844207136842250e-01
1.439979884771264151e-01 9.447435087758078165e-01
1.437111791498957292e-01 9.451003549029747264e-01
1.434263096270183002e-01 9.454549730877512825e-01
1.431433667890246453e-01 9.458073772354723685e-01
1.428623376051729454e-01 9.461575811647832124e-01
1.425832091328489426e-01 9.465055986081770678e-01
1.423059685169699995e-01 9.468514432125304525e-01
1.420306029893931565e-01 9.471951285396350562e-01
1.417570998683272965e-01 9.475366680667256514e-01
1.414854465577490839e-01 9.478760751870054513e-01
1.412156305468230122e-01 9.482133632101683585e-01
1.409476394093253093e-01 9.485485453629173280e-01
1.406814608030717562e-01 9.488816347894800662e-01
1.404170824693494191e-01 9.492126445521215095e-01
1.401544922323520459e-01 9.495415876316536385e-01
1.398936779986195700e-01 9.498684769279407414e-01
1.396346277564811389e-01 9.501933252604027880e-01
1.393773295755019737e-01 9.505161453685159190e-01
1.391217716059341136e-01 9.508369499123089374e-01
1.388679420781707696e-01 9.511557514728569140e-01
1.386158293022042021e-01 9.514725625527726827e-01
1.383654216670876236e-01 9.517873955766943395e-01
1.381167076404004046e-01 9.521002628917698551e-01
1.378696757677171369e-01 9.524111767681392449e-01
1.376243146720800559e-01 9.527201493994134074e-01
1.373806130534752645e-01 9.530271929031498557e-01
1.371385596883123170e-01 9.533323193213261160e-01
1.368981434289075205e-01 9.536355406208093521e-01
1.366593532029704294e-01 9.539368686938241026e-01
1.364221780130940587e-01 9.542363153584160207e-01
1.361866069362485665e-01 9.545338923589138380e-01
1.359526291232781292e-01 9.548296113663878870e-01
1.357202337984014240e-01 9.551234839791056253e-01
1.354894102587153870e-01 9.554155217229852726e-01
1.352601478737024132e-01 9.557057360520452294e-01
1.350324360847408034e-01 9.559941383488520517e-01
1.348062644046184866e-01 9.562807399249648732e-01
1.345816224170501840e-01 9.565655520213779406e-01
1.343584997761977928e-01 9.568485858089583740e-01
1.341368862061937950e-01 9.571298523888844834e-01
1.339167715006682746e-01 9.574093627930782002e-01
1.336981455222787385e-01 9.576871279846366214e-01
1.334809982022434338e-01 9.579631588582608881e-01
1.332653195398775803e-01 9.582374662406814014e-01
1.330510996021329884e-01 9.585100608910812614e-01
1.328383285231404531e-01 9.587809535015169304e-01
1.326269965037556176e-01 9.590501546973358993e-01
1.324170938111076390e-01 9.593176750375925765e-01
1.322086107781509923e-01 9.595835250154605145e-01
1.320015378032203257e-01 9.598477150586429696e-01
1.317958653495882593e-01 9.601102555297807983e-01
1.315915839450263747e-01 9.603711567268572447e-01
1.313886841813687867e-01 9.606304288836013949e-01
1.311871567140791006e-01 9.608880821698871921e-01
1.309869922618199511e-01 9.611441266921324500e-01
1.307881816060257330e-01 9.613985724936930932e-01
1.305907155904779404e-01 9.616514295552567315e-01
1.303945851208836437e-01 9.619027077952324589e-01
1.301997811644566294e-01 9.621524170701393208e-01
1.300062947495014276e-01 9.624005671749915614e-01
1.298141169650001980e-01 9.626471678436820945e-01
1.296232389602024193e-01 9.628922287493629772e-01
1.294336519442171873e-01 9.631357595048238851e-01
1.292453471856084835e-01 9.633777696628685883e-01
1.290583160119930795e-01 9.636182687166885419e-01
1.288725498096410516e-01 9.638572661002340336e-01
1.286880400230793475e-01 9.640947711885837768e-01
1.285047781546975465e-01 9.643307932983117281e-01
1.283227557643567551e-01 9.645653416878512409e-01
1.281419644690007242e-01 9.647984255578581081e-01
1.279623959422699908e-01 9.650300540515698300e-01
1.277840419141183514e-01 9.652602362551641058e-01
1.276068941704319726e-01 9.654889811981141046e-01
1.274309445526511930e-01 9.657162978535422937e-01
1.272561849573948523e-01 9.659421951385713800e-01
1.270826073360869779e-01 9.661666819146730312e-01
1.269102036945863043e-01 9.663897669880153751e-01
1.267389660928180117e-01 9.666114591098075026e-01
1.265688866444081295e-01 9.668317669766419709e-01
1.263999575163203271e-01 9.670506992308355310e-01
1.262321709284952298e-01 9.672682644607669689e-01
1.260655191534921504e-01 9.674844712012138359e-01
1.258999945161331235e-01 9.676993279336864040e-01
1.257355893931495772e-01 9.679128430867599553e-01
1.255722962128312248e-01 9.681250250364045185e-01
1.254101074546773442e-01 9.683358821063128286e-01
1.252490156490504436e-01 9.685454225682266216e-01
1.250890133768323975e-01 9.687536546422603756e-01
1.249300932690825816e-01 9.689605864972231641e-01
1.247722480066986578e-01 9.691662262509385117e-01
1.246154703200795383e-01 9.693705819705624727e-01
1.244597529887904452e-01 9.695736616728990453e-01
1.243050888412306210e-01 9.697754733247152537e-01
1.241514707543028700e-01 9.699760248430520093e-01
1.239988916530856133e-01 9.701753240955347524e-01
1.238473445105070792e-01 9.703733789006818711e-01
1.236968223470216455e-01 9.705701970282101243e-01
1.235473182302884859e-01 9.707657861993396198e-01
1.233988252748522557e-01 9.709601540870960168e-01
1.232513366418260398e-01 9.711533083166113967e-01
1.231048455385763823e-01 9.713452564654223576e-01
1.229593452184104957e-01 9.715360060637678874e-01
1.228148289802655363e-01 9.717255645948829068e-01
1.226712901684000184e-01 9.719139394952925892e-01
1.225287221720873371e-01 9.721011381551031283e-01
1.223871184253112337e-01 9.722871679182917282e-01
1.222464724064634967e-01 9.724720360829938182e-01
1.221067776380436454e-01 9.726557499017891573e-01
1.219680276863605167e-01 9.728383165819860512e-01
1.218302161612360712e-01 9.730197432859037932e-01
1.216933367157111007e-01 9.732000371311532172e-01
1.215573830457528925e-01 9.733792051909155862e-01
1.214223488899649345e-01 9.735572544942193707e-01
1.212882280292985754e-01 9.737341920262164718e-01
1.211550142867665880e-01 9.739100247284551148e-01
1.210227015271587436e-01 9.740847594991522973e-01
1.208912836567592464e-01 9.742584031934640176e-01
1.207607546230660828e-01 9.744309626237541710e-01
1.206311084145123280e-01 9.746024445598606700e-01
1.205023390601892702e-01 9.747728557293615648e-01
1.203744406295714081e-01 9.749422028178382771e-01
1.202474072322434057e-01 9.751104924691378351e-01
1.201212330176287535e-01 9.752777312856329983e-01
1.199959121747203733e-01 9.754439258284814951e-01
1.198714389318129708e-01 9.756090826178824837e-01
1.197478075562372624e-01 9.757732081333322371e-01
1.196250123540959498e-01 9.759363088138783837e-01
1.195030476700015137e-01 9.760983910583723722e-01
1.193819078868157413e-01 9.762594612257198268e-01
1.192615874253910718e-01 9.764195256351296814e-01
1.191420807443136082e-01 9.765785905663627586e-01
1.190233823396480012e-01 9.767366622599767956e-01
1.189054867446838748e-01 9.768937469175715815e-01
1.187883885296841663e-01 9.770498507020323187e-01
1.186720823016349652e-01 9.772049797377704294e-01
1.185565627039972814e-01 9.773591401109642529e-01
1.184418244164601730e-01 9.775123378697971877e-01
1.183278621546959425e-01 9.776645790246953904e-01
1.182146706701166228e-01 9.778158695485626994e-01
1.181022447496322958e-01 9.779662153770147803e-01
1.179905792154110483e-01 9.781156224086127171e-01
1.178796689246404683e-01 9.782640965050928283e-01
1.177695087692908482e-01 9.784116434915975935e-01
1.176600936758799287e-01 9.785582691569032487e-01
1.175514186052391691e-01 9.787039792536476046e-01
1.174434785522818353e-01 9.788487794985545332e-01
1.173362685457723376e-01 9.789926755726585661e-01
1.172297836480973993e-01 9.791356731215280496e-01
1.171240189550386002e-01 9.792777777554855234e-01
1.170189695955465431e-01 9.794189950498282116e-01
1.169146307315165056e-01 9.795593305450468469e-01
1.168109975575656601e-01 9.796987897470421647e-01
1.167080653008117641e-01 9.798373781273416183e-01
1.166058292206532954e-01 9.799751011233129860e-01
1.165042846085511952e-01 9.801119641383783110e-01
1.164034267878120144e-01 9.802479725422252876e-01
1.163032511133724745e-01 9.803831316710182042e-01
1.162037529715856804e-01 9.805174468276064426e-01
1.161049277800084295e-01 9.806509232817332000e-01
1.160067709871903940e-01 9.807835662702417689e-01
1.159092780724643723e-01 9.809153809972802618e-01
1.158124445457381496e-01 9.810463726345070024e-01
1.157162659472876776e-01 9.811765463212920313e-01
1.156207378475517245e-01 9.813059071649193887e-01
1.155258558469278579e-01 9.814344602407869544e-01
1.154316155755698015e-01 9.815622105926053997e-01
1.153380126931862482e-01 9.816891632325964734e-01
1.152450428888409095e-01 9.818153231416889559e-01
1.151527018807539937e-01 9.819406952697141699e-01
1.150609854161050993e-01 9.820652845356003802e-01
1.149698892708371639e-01 9.821890958275654171e-01
1.148794092494621472e-01 9.823121340033079685e-01
1.147895411848676300e-01 9.824344038901986487e-01
1.147002809381250515e-01 9.825559102854689586e-01
1.146116243982990002e-01 9.826766579563994686e-01
1.145235674822579069e-01 9.827966516405071129e-01
1.144361061344860014e-01 9.829158960457302641e-01
1.143492363268965722e-01 9.830343958506138069e-01
1.142629540586463793e-01 9.831521557044926585e-01
1.141772553559515097e-01 9.832691802276738446e-01
1.140921362719042736e-01 9.833854740116179105e-01
1.140075928862914478e-01 9.835010416191186655e-01
1.139236213054137803e-01 9.836158875844823735e-01
1.138402176619066064e-01 9.837300164137054992e-01
1.137573781145618107e-01 9.838434325846513451e-01
1.136750988481508851e-01 9.839561405472254663e-01
1.135933760732491943e-01 9.840681447235510859e-01
1.135122060260614768e-01 9.841794495081412908e-01
1.134315849682485666e-01 9.842900592680720040e-01
1.133515091867551006e-01 9.843999783431532924e-01
1.132719749936386411e-01 9.845092110460995638e-01
1.131929787258997566e-01 9.846177616626982099e-01
1.131145167453133371e-01 9.847256344519781379e-01
1.130365854382610613e-01 9.848328336463770816e-01
1.129591812155649744e-01 9.849393634519065799e-01
1.128823005123221201e-01 9.850452280483181777e-01
1.128059397877404502e-01 9.851504315892662955e-01
1.127300955249757181e-01 9.852549782024716540e-01
1.126547642309695119e-01 9.853588719898831449e-01
1.125799424362883827e-01 9.854621170278388131e-01
1.125056266949640699e-01 9.855647173672252848e-01
1.124318135843348082e-01 9.856666770336366401e-01
1.123584997048876211e-01 9.857680000275332866e-01
1.122856816801018898e-01 9.858686903243976118e-01
1.122133561562937559e-01 9.859687518748903035e-01
1.121415198024616755e-01 9.860681886050058909e-01
1.120701693101330554e-01 9.861670044162257343e-01
1.119993013932118198e-01 9.862652031856719015e-01
1.119289127878271700e-01 9.863627887662588245e-01
1.118590002521831495e-01 9.864597649868442897e-01
1.117895605664093878e-01 9.865561356523798731e-01
1.117205905324128584e-01 9.866519045440599323e-01
1.116520869737305660e-01 9.867470754194704874e-01
1.115840467353832188e-01 9.868416520127359925e-01
1.115164666837299284e-01 9.869356380346655522e-01
1.114493437063239362e-01 9.870290371728996925e-01
1.113826747117692972e-01 9.871218530920534695e-01
1.113164566295783836e-01 9.872140894338613526e-01
1.112506864100305942e-01 9.873057498173195556e-01
1.111853610240318424e-01 9.873968378388280343e-01
1.111204774629750563e-01 9.874873570723318172e-01
1.110560327386016649e-01 9.875773110694605617e-01
1.109920238828639022e-01 9.876667033596684409e-01
1.109284479477881252e-01 9.877555374503724783e-01
1.108653020053391308e-01 9.878438168270898823e-01
1.108025831472851941e-01 9.879315449535750471e-01
1.107402884850641894e-01 9.880187252719554447e-01
1.106784151496505719e-01 9.881053612028659616e-01
1.106169602914232053e-01 9.881914561455843460e-01
1.105559210800341335e-01 9.882770134781627691e-01
1.104952947042782407e-01 9.883620365575624955e-01
1.104350783719637852e-01 9.884465287197836680e-01
1.103752693097837662e-01 9.885304932799968691e-01
1.103158647631882899e-01 9.886139335326735722e-01
1.102568619962575880e-01 9.886968527517148164e-01
1.101982582915760761e-01 9.887792541905797705e-01
1.101400509501072461e-01 9.888611410824131864e-01
1.100822372910692931e-01 9.889425166401729639e-01
1.100248146518116588e-01 9.890233840567551615e-01
1.099677803876924903e-01 9.891037465051195632e-01
1.099111318719566688e-01 9.891836071384149109e-01
1.098548664956150306e-01 9.892629690901013628e-01
1.097989816673240748e-01 9.893418354740742826e-01
1.097434748132666699e-01 9.894202093847859203e-01
1.096883433770335231e-01 9.894980938973673146e-01
1.096335848195054002e-01 9.895754920677480859e-01
1.095791966187362326e-01 9.896524069327773399e-01
1.095251762698369741e-01 9.897288415103421277e-01
1.094715212848601793e-01 9.898047987994856856e-01
1.094182291926854844e-01 9.898802817805256726e-01
1.093652975389057536e-01 9.899552934151704120e-01
1.093127238857140998e-01 9.900298366466357969e-01
1.092605058117915307e-01 9.901039143997600878e-01
1.092086409121954954e-01 9.901775295811192645e-01
1.091571267982490989e-01 9.902506850791404913e-01
1.091059610974311200e-01 9.903233837642154702e-01
1.090551414532667240e-01 9.903956284888135730e-01
1.090046655252188829e-01 9.904674220875929747e-01
1.089545309885806834e-01 9.905387673775128965e-01
1.089047355343682050e-01 9.906096671579426305e-01
1.088552768692141598e-01 9.906801242107725614e-01
1.088061527152623109e-01 9.907501413005230795e-01
1.087573608100625838e-01 9.908197211744529387e-01
1.087088989064667610e-01 9.908888665626665038e-01
1.086607647725251619e-01 9.909575801782215532e-01
1.086129561913836694e-01 9.910258647172356383e-01
1.085654709611817703e-01 9.910937228589914438e-01
1.085183068949510665e-01 9.911611572660420366e-01
1.084714618205145781e-01 9.912281705843157820e-01
1.084249335803866982e-01 9.912947654432190392e-01
1.083787200316738975e-01 9.913609444557409667e-01
1.083328190459759005e-01 9.914267102185542191e-01
1.082872285092877501e-01 9.914920653121184202e-01
1.082419463219024547e-01 9.915570123007800829e-01
1.081969703983142461e-01 9.916215537328741947e-01
1.081522986671225456e-01 9.916856921408231385e-01
1.081079290709365676e-01 9.917494300412373898e-01
1.080638595662805623e-01 9.918127699350132165e-01
1.080200881234996829e-01 9.918757143074310445e-01
1.079766127266665737e-01 9.919382656282532684e-01
1.079334313734884310e-01 9.920004263518202858e-01
1.078905420752148958e-01 9.920621989171480859e-01
1.078479428565463777e-01 9.921235857480229514e-01
1.078056317555430854e-01 9.921845892530963829e-01
1.077636068235346967e-01 9.922452118259805776e-01
1.077218661250306520e-01 9.923054558453417995e-01
1.076804077376309066e-01 9.923653236749931938e-01
1.076392297519374874e-01 9.924248176639882679e-01
1.075983302714665357e-01 9.924839401467128175e-01
1.075577074125609323e-01 9.925426934429765202e-01
1.075173593043035891e-01 9.926010798581035299e-01
1.074772840884312131e-01 9.926591016830237368e-01
1.074374799192488322e-01 9.927167611943616965e-01
1.073979449635446559e-01 9.927740606545268909e-01
1.073586774005057670e-01 9.928310023118018801e-01
1.073196754216342169e-01 9.928875884004302321e-01
1.072809372306636894e-01 9.929438211407052295e-01
1.072424610434768721e-01 9.929997027390560227e-01
1.072042450880231895e-01 9.930552353881344496e-01
1.071662876042372425e-01 9.931104212669010778e-01
1.071285868439577488e-01 9.931652625407109136e-01
1.070911410708469957e-01 9.932197613613981124e-01
1.070539485603109325e-01 9.932739198673602443e-01
1.070170075994196779e-01 9.933277401836424492e-01
1.069803164868286666e-01 9.933812244220210363e-01
1.069438735327002815e-01 9.934343746810856413e-01
1.069076770586260550e-01 9.934871930463222700e-01
1.068717253975493137e-01 9.935396815901945677e-01
1.068360168936884486e-01 9.935918423722254200e-01
1.068005499024606564e-01 9.936436774390776661e-01
1.067653227904061530e-01 9.936951888246347009e-01
1.067303339351129837e-01 9.937463785500794122e-01
1.066955817251423050e-01 9.937972486239746717e-01
1.066610645599541662e-01 9.938478010423411613e-01
1.066267808498337494e-01 9.938980377887359774e-01
1.065927290158182189e-01 9.939479608343306793e-01
1.065589074896239608e-01 9.939975721379883389e-01
1.065253147135743622e-01 9.940468736463408117e-01
1.064919491405281193e-01 9.940958672938643437e-01
1.064588092338078773e-01 9.941445550029561762e-01
1.064258934671295509e-01 9.941929386840095972e-01
1.063932003245320057e-01 9.942410202354891036e-01
1.063607283003072390e-01 9.942888015440048965e-01
1.063284758989310047e-01 9.943362844843862680e-01
1.062964416349939795e-01 9.943834709197563182e-01
1.062646240331333314e-01 9.944303627016041203e-01
1.062330216279647604e-01 9.944769616698576620e-01
1.062016329640150247e-01 9.945232696529560101e-01
1.061704565956549384e-01 9.945692884679210310e-01
1.061394910870326891e-01 9.946150199204286668e-01
1.061087350120078349e-01 9.946604658048798786e-01
1.060781869540855515e-01 9.947056279044710347e-01
1.060478455063514208e-01 9.947505079912637438e-01
1.060177092714065655e-01 9.947951078262543545e-01
1.059877768613034232e-01 9.948394291594432337e-01
1.059580468974817141e-01 9.948834737299034892e-01
1.059285180107049640e-01 9.949272432658486931e-01
1.058991888409975130e-01 9.949707394847011610e-01
1.058700580375818018e-01 9.950139640931593421e-01
1.058411242588161716e-01 9.950569187872648769e-01
1.058123861721331632e-01 9.950996052524679891e-01
1.057838424539779970e-01 9.951420251636955427e-01
1.057554917897477326e-01 9.951841801854153235e-01
1.057273328737306922e-01 9.952260719717015425e-01
1.056993644090463008e-01 9.952677021663003387e-01
1.056715851075853835e-01 9.953090724026936176e-01
1.056439936899508381e-01 9.953501843041635544e-01
1.056165888853986962e-01 9.953910394838559883e-01
1.055893694317796005e-01 9.954316395448439270e-01
1.055623340754806849e-01 9.954719860801902742e-01
1.055354815713678840e-01 9.955120806730106686e-01
1.055088106827284516e-01 9.955519248965349899e-01
1.054823201812141731e-01 9.955915203141697534e-01
1.054560088467846740e-01 9.956308684795589503e-01
1.054298754676512712e-01 9.956699709366454432e-01
1.054039188402211696e-01 9.957088292197308066e-01
1.053781377690420212e-01 9.957474448535365008e-01
1.053525310667468434e-01 9.957858193532631574e-01
1.053270975539993826e-01 9.958239542246496434e-01
1.053018360594397684e-01 9.958618509640330130e-01
1.052767454196305574e-01 9.958995110584064614e-01
1.052518244790031643e-01 9.959369359854781667e-01
1.052270720898046963e-01 9.959741272137289103e-01
1.052024871120449401e-01 9.960110862024701417e-01
1.051780684134440286e-01 9.960478144019007107e-01
1.051538148693802049e-01 9.960843132531641553e-01
1.051297253628380307e-01 9.961205841884047674e-01
1.051057987843569547e-01 9.961566286308243257e-01
1.050820340319802426e-01 9.961924479947376065e-01
1.050584300112041430e-01 9.962280436856283394e-01
1.050349856349275940e-01 9.962634171002037187e-01
1.050116998234020271e-01 9.962985696264493596e-01
1.049885715041817824e-01 9.963335026436839215e-01
1.049655996120746060e-01 9.963682175226136195e-01
1.049427830890925922e-01 9.964027156253848494e-01
1.049201208844035282e-01 9.964369983056388103e-01
1.048976119542824742e-01 9.964710669085640182e-01
1.048752552620636491e-01 9.965049227709491531e-01
1.048530497780927467e-01 9.965385672212356827e-01
1.048309944796794457e-01 9.965720015795698217e-01
1.048090883510503779e-01 9.966052271578542676e-01
1.047873303833022768e-01 9.966382452598001596e-01
1.047657195743556396e-01 9.966710571809774821e-01
1.047442549289083757e-01 9.967036642088661358e-01
1.047229354583901623e-01 9.967360676229070071e-01
1.047017601809167586e-01 9.967682686945514847e-01
1.046807281212449592e-01 9.968002686873117524e-01
1.046598383107274627e-01 9.968320688568099719e-01
1.046390897872684356e-01 9.968636704508279101e-01
1.046184815952791447e-01 9.968950747093558995e-01
1.045980127856339231e-01 9.969262828646412444e-01
1.045776824156264689e-01 9.969572961412366263e-01
1.045574895489264633e-01 9.969881157560483986e-01
1.045374332555363828e-01 9.970187429183842154e-01
1.045175126117487419e-01 9.970491788299998825e-01
1.044977267001034743e-01 9.970794246851476528e-01
1.044780746093457585e-01 9.971094816706220776e-01
1.044585554343839817e-01 9.971393509658069698e-01
1.044391682762480927e-01 9.971690337427219220e-01
1.044199122420481768e-01 9.971985311660680473e-01
1.044007864449333495e-01 9.972278443932733882e-01
1.043817900040509145e-01 9.972569745745386571e-01
1.043629220445057709e-01 9.972859228528825337e-01
1.043441816973201680e-01 9.973146903641860739e-01
1.043255680993935841e-01 9.973432782372375627e-01
1.043070803934631197e-01 9.973716875937770343e-01
1.042887177280639038e-01 9.973999195485394598e-01
1.042704792574899175e-01 9.974279752092992668e-01
1.042523641417550245e-01 9.974558556769135276e-01
1.042343715465543358e-01 9.974835620453652574e-01
1.042165006432257263e-01 9.975110954018062692e-01
1.041987506087116849e-01 9.975384568265995844e-01
1.041811206255214561e-01 9.975656473933621760e-01
1.041636098816933059e-01 9.975926681690071574e-01
1.041462175707572047e-01 9.976195202137853046e-01
1.041289428916976206e-01 9.976462045813266899e-01
1.041117850489167024e-01 9.976727223186823146e-01
1.040947432521975441e-01 9.976990744663649657e-01
1.040778167166678814e-01 9.977252620583899612e-01
1.040610046627638702e-01 9.977512861223161167e-01
1.040443063161942266e-01 9.977771476792856031e-01
1.040277209079045889e-01 9.978028477440642474e-01
1.040112476740420039e-01 9.978283873250812785e-01
1.039948858559198580e-01 9.978537674244687405e-01
1.039786346999828637e-01 9.978789890381015715e-01
1.039624934577723786e-01 9.979040531556356841e-01
1.039464613858919195e-01 9.979289607605469348e-01
1.039305377459729535e-01 9.979537128301706472e-01
1.039147218046408694e-01 9.979783103357386942e-01
1.038990128334811996e-01 9.980027542424186882e-01
1.038834101090061052e-01 9.980270455093512849e-01
1.038679129126209993e-01 9.980511850896874870e-01
1.038525205305914773e-01 9.980751739306268355e-01
1.038372322540104670e-01 9.980990129734543803e-01
1.038220473787655751e-01 9.981227031535768734e-01
1.038069652055066266e-01 9.981462454005604057e-01
1.037919850396134686e-01 9.981696406381665998e-01
1.037771061911639814e-01 9.981928897843884707e-01
1.037623279749023270e-01 9.982159937514868409e-01
1.037476497102073625e-01 9.982389534460262004e-01
1.037330707210613046e-01 9.982617697689099012e-01
1.037185903360185596e-01 9.982844436154156842e-01
1.037042078881748874e-01 9.983069758752309841e-01
1.036899227151365649e-01 9.983293674324875688e-01
1.036757341589899933e-01 9.983516191657962890e-01
1.036616415662713203e-01 9.983737319482820505e-01
1.036476442879363802e-01 9.983957066476170095e-01
1.036337416793308014e-01 9.984175441260554340e-01
1.036199331001602525e-01 9.984392452404675655e-01
1.036062179144611045e-01 9.984608108423728146e-01
1.035925954905709684e-01 9.984822417779732895e-01
1.035790652010997182e-01 9.985035388881873253e-01
1.035656264229005141e-01 9.985247030086820130e-01
1.035522785370412008e-01 9.985457349699066176e-01
1.035390209287757046e-01 9.985666355971239971e-01
1.035258529875157929e-01 9.985874057104444645e-01
1.035127741068029017e-01 9.986080461248567630e-01
1.034997836842802277e-01 9.986285576502610395e-01
1.034868811216650003e-01 9.986489410914993758e-01
1.034740658247208789e-01 9.986691972483887625e-01
1.034613372032306688e-01 9.986893269157515185e-01
1.034486946709690658e-01 9.987093308834468219e-01
1.034361376456756493e-01 9.987292099364015741e-01
1.034236655490281265e-01 9.987489648546412635e-01
1.034112778066156452e-01 9.987685964133209415e-01
1.033989738479123566e-01 9.987881053827546429e-01
1.033867531062511863e-01 9.988074925284466943e-01
1.033746150187976609e-01 9.988267586111214680e-01
1.033625590265239841e-01 9.988459043867524700e-01
1.033505845741833767e-01 9.988649306065932043e-01
1.033386911102844169e-01 9.988838380172057052e-01
1.033268780870656850e-01 9.989026273604901807e-01
1.033151449604705063e-01 9.989212993737141000e-01
1.033034911901219571e-01 9.989398547895411706e-01
1.032919162392978984e-01 9.989582943360603151e-01
1.032804195749062875e-01 9.989766187368136485e-01
1.032690006674606281e-01 9.989948287108250113e-01
1.032576589910556425e-01 9.990129249726289462e-01
1.032463940233429023e-01 9.990309082322975653e-01
1.032352052455069169e-01 9.990487791954695274e-01
1.032240921422411806e-01 9.990665385633769047e-01
1.032130542017244551e-01 9.990841870328728280e-01
1.032020909155971361e-01 9.991017252964591311e-01
1.031912017789379382e-01 9.991191540423135509e-01
1.031803862902405805e-01 9.991364739543164841e-01
1.031696439513906938e-01 9.991536857120775217e-01
1.031589742676428806e-01 9.991707899909628710e-01
1.031483767475979557e-01 9.991877874621216682e-01
1.031378509031802698e-01 9.992046787925115137e-01
1.031273962496152691e-01 9.992214646449256721e-01
1.031170123054071519e-01 9.992381456780186078e-01
1.031066985923166784e-01 9.992547225463317417e-01
1.030964546353392020e-01 9.992711959003193201e-01
1.030862799626827142e-01 9.992875663863737268e-01
1.030761741057461545e-01 9.993038346468511302e-01
1.030661365990978434e-01 9.993200013200969067e-01
1.030561669804540420e-01 9.993360670404697332e-01
1.030462647906576074e-01 9.993520324383674547e-01
1.030364295736569402e-01 9.993678981402510653e-01
1.030266608764849046e-01 9.993836647686703545e-01
1.030169582492379554e-01 9.993993329422867777e-01
1.030073212450555165e-01 9.994149032758994355e-01
1.029977494200992882e-01 9.994303763804677221e-01
1.029882423335328895e-01 9.994457528631364163e-01
1.029787995475014706e-01 9.994610333272586633e-01
1.029694206271116602e-01 9.994762183724201776e-01
1.029601051404114148e-01 9.994913085944625575e-01
1.029508526583702011e-01 9.995063045855067108e-01
1.029416627548592478e-01 9.995212069339762806e-01
1.029325350066318395e-01 9.995360162246200719e-01
1.029234689933039015e-01 9.995507330385359213e-01
1.029144642973345986e-01 9.995653579531929012e-01
1.029055205040071280e-01 9.995798915424539688e-01
1.028966372014095965e-01 9.995943343765988365e-01
1.028878139804160763e-01 9.996086870223459542e-01
1.028790504346677320e-01 9.996229500428751580e-01
1.028703461605541269e-01 9.996371239978494305e-01
1.028617007571946268e-01 9.996512094434368834e-01
1.028531138264199424e-01 9.996652069323326284e-01
1.028445849727537970e-01 9.996791170137807603e-01
1.028361138033946492e-01 9.996929402335956727e-01
1.028276999281977355e-01 9.997066771341832636e-01
1.028193429596569453e-01 9.997203282545621406e-01
1.028110425128870992e-01 9.997338941303857140e-01
1.028027982056061579e-01 9.997473752939619596e-01
1.027946096581176388e-01 9.997607722742752889e-01
1.027864764932931024e-01 9.997740855970065343e-01
1.027783983365548326e-01 9.997873157845543757e-01
1.027703748158585173e-01 9.998004633560548804e-01
1.027624055616762067e-01 9.998135288274029309e-01
1.027544902069791599e-01 9.998265127112714312e-01
1.027466283872210950e-01 9.998394155171325126e-01
1.027388197403212716e-01 9.998522377512762960e-01
1.027310639066478931e-01 9.998649799168317642e-01
1.027233605290015506e-01 9.998776425137860802e-01
1.027157092525986526e-01 9.998902260390045704e-01
1.027081097250552577e-01 9.999027309862493773e-01
1.027005615963707263e-01 9.999151578461994427e-01
1.026930645189116087e-01 9.999275071064701592e-01
1.026856181473956992e-01 9.999397792516314665e-01
1.026782221388760907e-01 9.999519747632279465e-01
1.026708761527253544e-01 9.999640941197966981e-01
1.026635798506199126e-01 9.999761377968872100e-01
1.026563328965243854e-01 9.999881062670787912e-01
1.026491349566762135e-01 1.000000000000000000e+00
