1.000000000000000000e+00 6.312206133439106637e-01
9.962912469154195927e-01 6.288267140166604596e-01
9.926000928511122812e-01 6.264511886539525509e-01
9.889264714075443052e-01 6.240940196459221490e-01
9.852703165511583761e-01 6.217551897957845908e-01
9.816315626079774592e-01 6.194346823083897169e-01
9.780101442570336978e-01 6.171324807785572020e-01
9.744059965236175902e-01 6.148485691791926167e-01
9.708190547723480890e-01 6.125829318491865516e-01
9.672492547000612895e-01 6.103355534810980254e-01
9.636965323285171525e-01 6.081064191086236193e-01
9.601608239969237069e-01 6.058955140938552253e-01
9.566420663542773983e-01 6.037028241143285179e-01
9.531401963515210296e-01 6.015283351498644793e-01
9.496551512335165146e-01 5.993720334692071994e-01
9.461868685308361115e-01 5.972339056164617244e-01
9.427352860513700250e-01 5.951139383973346186e-01
9.393003418717529307e-01 5.930121188651814590e-01
9.358819743286093118e-01 5.909284343068651468e-01
9.324801220096214927e-01 5.888628722284307004e-01
9.290947237444190376e-01 5.868154203405987479e-01
9.257257185952948442e-01 5.847860665440854921e-01
9.223730458477492622e-01 5.827747989147528118e-01
9.190366450008644605e-01 5.807816056885949374e-01
9.157164557575149244e-01 5.788064752465664764e-01
9.124124180144141949e-01 5.768493960992605585e-01
9.091244718520073986e-01 5.749103568714404311e-01
9.058525575242077910e-01 5.729893462864344977e-01
9.025966154479887482e-01 5.710863531503995727e-01
8.993565861928317640e-01 5.692013663364615672e-01
8.961324104700394422e-01 5.673343747687409344e-01
8.929240291219184833e-01 5.654853674062700897e-01
8.897313831108407678e-01 5.636543332268124651e-01
8.865544135081884214e-01 5.618412612105921911e-01
8.833930614831908557e-01 5.600461403239410663e-01
8.802472682916641089e-01 5.582689595028754725e-01
8.771169752646582607e-01 5.565097076366097850e-01
8.740021237970237999e-01 5.547683735510178238e-01
8.709026553359072720e-01 5.530449459920520061e-01
8.678185113691834207e-01 5.513394136091304132e-01
8.647496334138383700e-01 5.496517649385020965e-01
8.616959630043107277e-01 5.479819883866019481e-01
8.586574416808064880e-01 5.463300722134060150e-01
8.556340109775941727e-01 5.446960045157974717e-01
8.526256124112991941e-01 5.430797732109564624e-01
8.496321874692031040e-01 5.414813660197834722e-01
8.466536775975668228e-01 5.399007704503686611e-01
8.436900241899870645e-01 5.383379737815201516e-01
8.407411685758033881e-01 5.367929630463609270e-01
8.378070520085666439e-01 5.352657250160079982e-01
8.348876156545863569e-01 5.337562461833454952e-01
8.319828005815699257e-01 5.322645127469045612e-01
8.290925477473698457e-01 5.307905105948602653e-01
8.262167979888540570e-01 5.293342252891611865e-01
8.233554920109160680e-01 5.278956420498004398e-01
8.205085703756384019e-01 5.264747457392427998e-01
8.176759734916280165e-01 5.250715208470191353e-01
8.148576416035393510e-01 5.236859514745003663e-01
8.120535147818002120e-01 5.223180213198639343e-01
8.092635329125581478e-01 5.209677136632635541e-01
8.064876356878643016e-01 5.196350113522152370e-01
8.037257625961097274e-01 5.183198967872100216e-01
8.009778529127326019e-01 5.170223519075667351e-01
7.982438456912119840e-01 5.157423581775345545e-01
7.955236797543642213e-01 5.144798965726581352e-01
7.928172936859598785e-01 5.132349475664139682e-01
7.901246258226759522e-01 5.120074911171315080e-01
7.874456142464004715e-01 5.107975066552074006e-01
7.847801967769050258e-01 5.096049730706235792e-01
7.821283109649002085e-01 5.084298687007788864e-01
7.794898940854904090e-01 5.072721713186442161e-01
7.768648831320414949e-01 5.061318581212502776e-01
7.742532148104784850e-01 5.050089057185146446e-01
7.716548255340227591e-01 5.039032901224205219e-01
7.690696514183880117e-01 5.028149867365503400e-01
7.664976282774437211e-01 5.017439703459859457e-01
7.639386916193607879e-01 5.006902151075788288e-01
7.613927766432505573e-01 4.996536945405999353e-01
7.588598182363099909e-01 4.986343815177732286e-01
7.563397509714813172e-01 4.976322482566987726e-01
7.538325091056380378e-01 4.966472663116712760e-01
7.513380265783067280e-01 4.956794065658982062e-01
7.488562370109314026e-01 4.947286392241210806e-01
7.463870737066902183e-01 4.937949338056441539e-01
7.439304696508693970e-01 4.928782591377726674e-01
7.414863575118024741e-01 4.919785833496641558e-01
7.390546696423790918e-01 4.910958738665933687e-01
7.366353380821261121e-01 4.902300974046333026e-01
7.342282945598677113e-01 4.893812199657518458e-01
7.318334704969636784e-01 4.885492068333256444e-01
7.294507970111291373e-01 4.877340225680697472e-01
7.270802049208353601e-01 4.869356310043819192e-01
7.247216247502915598e-01 4.861539952471015114e-01
7.223749867350059972e-01 4.853890776686793362e-01
7.200402208279231830e-01 4.846408399067569928e-01
7.177172567061351760e-01 4.839092428621517006e-01
7.154060237781602050e-01 4.831942466972440342e-01
7.131064511917850623e-01 4.824958108347632835e-01
7.108184678424629421e-01 4.818138939569671098e-01
7.085420023822609492e-01 4.811484540052086700e-01
7.062769832293462891e-01 4.804994481798879336e-01
7.040233385780034769e-01 4.798668329407783650e-01
7.017809964091713537e-01 4.792505640077251439e-01
6.995498845014875844e-01 4.786505963617062043e-01
6.973299304428295375e-01 4.780668842462495460e-01
6.951210616423367794e-01 4.774993811691992107e-01
6.929232053429018601e-01 4.769480399048210972e-01
6.907362886341137376e-01 4.764128124962416222e-01
6.885602384656376307e-01 4.758936502582091221e-01
6.863949816610149801e-01 4.753905037801696709e-01
6.842404449318659765e-01 4.749033229296483194e-01
6.820965548924757815e-01 4.744320568559254325e-01
6.799632380747460125e-01 4.739766539939991863e-01
6.778404209434911731e-01 4.735370620688239551e-01
6.757280299120602685e-01 4.731132280998143202e-01
6.736259913582635095e-01 4.727050984056048732e-01
6.715342316405803480e-01 4.723126186090551015e-01
6.694526771146300792e-01 4.719357336424891414e-01
6.673812541498798101e-01 4.715743877531595185e-01
6.653198891465698095e-01 4.712285245089249952e-01
6.632685085528308155e-01 4.708980868041308110e-01
6.612270388819720957e-01 4.705830168656821022e-01
6.591954067299152786e-01 4.702832562592986765e-01
6.571735387927504224e-01 4.699987458959413167e-01
6.551613618843920017e-01 4.697294260383993447e-01
6.531588029543085039e-01 4.694752363080283430e-01
6.511657891053036495e-01 4.692361156916284859e-01
6.491822476113244811e-01 4.690120025484533217e-01
6.472081059352718935e-01 4.688028346173387373e-01
6.452432917467918472e-01 4.686085490239427220e-01
6.432877329400210620e-01 4.684290822880861072e-01
6.413413576512649872e-01 4.682643703311855643e-01
6.394040942765867319e-01 4.681143484837683721e-01
6.374758714892801992e-01 4.679789514930623451e-01
6.355566182572089939e-01 4.678581135306500993e-01
6.336462638599861252e-01 4.677517682001805510e-01
6.317447379059744073e-01 4.676598485451297638e-01
6.298519703490860211e-01 4.675822870566027634e-01
6.279678915053601429e-01 4.675190156811692699e-01
6.260924320692993206e-01 4.674699658287265192e-01
6.242255231299442819e-01 4.674350683803819573e-01
6.223670961866692997e-01 4.674142536963495353e-01
6.205170831646774632e-01 4.674074516238541643e-01
6.186754164301823122e-01 4.674145915050373357e-01
6.168420288052544054e-01 4.674356021848597997e-01
6.150168535823204996e-01 4.674704120189955292e-01
6.131998245382965784e-01 4.675189488817126926e-01
6.113908759483429600e-01 4.675811401737370310e-01
6.095899425992262755e-01 4.676569128300936407e-01
6.077969598022737729e-01 4.677461933279243311e-01
6.060118634059113996e-01 4.678489076942760616e-01
6.042345898077701172e-01 4.679649815138584024e-01
6.024650759663527921e-01 4.680943399367671898e-01
6.007032594122502234e-01 4.682369076861723212e-01
5.989490782588983153e-01 4.683926090659672470e-01
5.972024712128676249e-01 4.685613679683792165e-01
5.954633775836788434e-01 4.687431078815385010e-01
5.937317372931365522e-01 4.689377518970059833e-01
5.920074908841773675e-01 4.691452227172578926e-01
5.902905795292261448e-01 4.693654426631280741e-01
5.885809450380578012e-01 4.695983336812067921e-01
5.868785298651602034e-01 4.698438173511967908e-01
5.851832771165976776e-01 4.701018148932267771e-01
5.834951305563714774e-01 4.703722471751229373e-01
5.818140346122788742e-01 4.706550347196393203e-01
5.801399343812695397e-01 4.709500977116482523e-01
5.784727756343002181e-01 4.712573560052918387e-01
5.768125048206893535e-01 4.715767291310961062e-01
5.751590690719750043e-01 4.719081363030493970e-01
5.735124162052774865e-01 4.722514964256467329e-01
5.718724947261710767e-01 4.726067281009023735e-01
5.702392538310699921e-01 4.729737496353317860e-01
5.686126434091319792e-01 4.733524790469060828e-01
5.669926140436867268e-01 4.737428340719809228e-01
5.653791170131938770e-01 4.741447321722019881e-01
5.637721042917388514e-01 4.745580905413894768e-01
5.621715285490718195e-01 4.749828261124045548e-01
5.605773431502000248e-01 4.754188555640000424e-01
5.589895021545393528e-01 4.758660953276575012e-01
5.574079603146349093e-01 4.763244615944142168e-01
5.558326730744606037e-01 4.767938703216816343e-01
5.542635965673053944e-01 4.772742372400590183e-01
5.527006876132575242e-01 4.777654778601440611e-01
5.511439037162964016e-01 4.782675074793431014e-01
5.495932030610025665e-01 4.787802411886842857e-01
5.480485445088975061e-01 4.793035938796350037e-01
5.465098875944230938e-01 4.798374802509272063e-01
5.449771925205721956e-01 4.803818148153918832e-01
5.434504201541839885e-01 4.809365119068061412e-01
5.419295320209124300e-01 4.815014856867541604e-01
5.404144902998825328e-01 4.820766501515046376e-01
5.389052578180449915e-01 4.826619191389066588e-01
5.374017980442422626e-01 4.832572063353062775e-01
5.359040750829968669e-01 4.838624252824847427e-01
5.344120536680357914e-01 4.844774893846209851e-01
5.329256991555626488e-01 4.851023119152796381e-01
5.314449775172894741e-01 4.857368060244258712e-01
5.299698553332411466e-01 4.863808847454685891e-01
5.285002997843445405e-01 4.870344610023329968e-01
5.270362786448145043e-01 4.876974476165636951e-01
5.255777602743487709e-01 4.883697573144593629e-01
5.241247136101446769e-01 4.890513027342390795e-01
5.226771081587486822e-01 4.897419964332421771e-01
5.212349139877506810e-01 4.904417508951606219e-01
5.197981017173359808e-01 4.911504785373053128e-01
5.183666425117054999e-01 4.918680917179055201e-01
5.169405080703753930e-01 4.925945027434429080e-01
5.155196706193683198e-01 4.933296238760181418e-01
5.141041029023074582e-01 4.940733673407512461e-01
5.126937781714223652e-01 4.948256453332144367e-01
5.112886701784798982e-01 4.955863700268974270e-01
5.098887531656493000e-01 4.963554535807036538e-01
5.084940018563106623e-01 4.971328081464777005e-01
5.071043914458193136e-01 4.979183458765614190e-01
5.057198975922336803e-01 4.987119789313792517e-01
5.043404964070165031e-01 4.995136194870496427e-01
5.029661644457198433e-01 5.003231797430227612e-01
5.015968786986614303e-01 5.011405719297420402e-01
5.002326165816011194e-01 5.019657083163278077e-01
4.988733559264272310e-01 5.027985012182816238e-01
4.975190749718595429e-01 5.036388630052096582e-01
4.961697523541768184e-01 5.044867061085613891e-01
4.948253670979773644e-01 5.053419430293847325e-01
4.934858986069792230e-01 5.062044863460911648e-01
4.921513266548669385e-01 5.070742487222326123e-01
4.908216313761921690e-01 5.079511429142847811e-01
4.894967932573339175e-01 5.088350817794353720e-01
4.881767931275246553e-01 5.097259782833756248e-01
4.868616121499489968e-01 5.106237455080906429e-01
4.855512318129193705e-01 5.115282966596471637e-01
4.842456339211345107e-01 5.124395450759756665e-01
4.829448005870258243e-01 5.133574042346438215e-01
4.816487142221965723e-01 5.142817877606179477e-01
4.803573575289575293e-01 5.152126094340114815e-01
4.790707134919646726e-01 5.161497831978141271e-01
4.777887653699612880e-01 5.170932231656023559e-01
4.765114966876293767e-01 5.180428436292254801e-01
4.752388912275534172e-01 5.189985590664663029e-01
4.739709330222996453e-01 5.199602841486709037e-01
4.727076063466134070e-01 5.209279337483472272e-01
4.714488957097383026e-01 5.219014229467272559e-01
4.701947858478583431e-01 5.228806670412905477e-01
4.689452617166665060e-01 5.238655815532463622e-01
4.677003084840606895e-01 5.248560822349709332e-01
4.664599115229698945e-01 5.258520850773960031e-01
4.652240564043111926e-01 5.268535063173477306e-01
4.639927288900798641e-01 5.278602624448310854e-01
4.627659149265730965e-01 5.288722702102570672e-01
4.615436006377485190e-01 5.298894466316108609e-01
4.603257723187190731e-01 5.309117090015562646e-01
4.591124164293831078e-01 5.319389748944763907e-01
4.579035195881925313e-01 5.329711621734432025e-01
4.566990685660573535e-01 5.340081889971192153e-01
4.554990502803875074e-01 5.350499738265823702e-01
4.543034517892725610e-01 5.360964354320765235e-01
4.531122602857975967e-01 5.371474928996818887e-01
4.519254630924968708e-01 5.382030656379040989e-01
4.507430476559430854e-01 5.392630733841787816e-01
4.495650015414731637e-01 5.403274362112907570e-01
4.483913124280485829e-01 5.413960745337030867e-01
4.472219681032508776e-01 5.424689091137960828e-01
4.460569564584096480e-01 5.435458610680123925e-01
4.448962654838639619e-01 5.446268518729071584e-01
4.437398832643542623e-01 5.457118033711009231e-01
4.425877979745454494e-01 5.468006377771322812e-01
4.414399978746780251e-01 5.478932776832108331e-01
4.402964713063472479e-01 5.489896460648651111e-01
4.391572066884081860e-01 5.500896662864882547e-01
4.380221925130054483e-01 5.511932621067752169e-01
4.368914173417259850e-01 5.523003576840535001e-01
4.357648698018732891e-01 5.534108775815036463e-01
4.346425385828611709e-01 5.545247467722695944e-01
4.335244124327256587e-01 5.556418906444571260e-01
4.324104801547527521e-01 5.567622350060187353e-01
4.313007306042210276e-01 5.578857060895247022e-01
4.301951526852563212e-01 5.590122305568185901e-01
4.290937353477972116e-01 5.601417355035560597e-01
4.279964675846686939e-01 5.612741484636281086e-01
4.269033384287632682e-01 5.624093974134645180e-01
4.258143369503258890e-01 5.635474107762200591e-01
4.247294522543423323e-01 5.646881174258411296e-01
4.236486734780274266e-01 5.658314466910133733e-01
4.225719897884127052e-01 5.669773283589873980e-01
4.214993903800301478e-01 5.681256926792865869e-01
4.204308644726903466e-01 5.692764703672918980e-01
4.193664013093536536e-01 5.704295926077072032e-01
4.183059901540910897e-01 5.715849910579030579e-01
4.172496202901341267e-01 5.727425978511392346e-01
4.161972810180103455e-01 5.739023455996663525e-01
4.151489616537636929e-01 5.750641673977068269e-01
4.141046515272566175e-01 5.762279968243142481e-01
4.130643399805525862e-01 5.773937679461133010e-01
4.120280163663765371e-01 5.785614153199184484e-01
4.109956700466516621e-01 5.797308739952330425e-01
4.099672903911101840e-01 5.809020795166298656e-01
4.089428667759764102e-01 5.820749679260110998e-01
4.079223885827198970e-01 5.832494757647518346e-01
4.069058451968769474e-01 5.844255400757242258e-01
4.058932260069382791e-01 5.856030984052058574e-01
4.048845204033013068e-01 5.867820888046707539e-01
4.038797177772850411e-01 5.879624498324663717e-01
4.028788075202057728e-01 5.891441205553740179e-01
4.018817790225111541e-01 5.903270405500573581e-01
4.008886216729721785e-01 5.915111499043971266e-01
3.998993248579298387e-01 5.926963892187142591e-01
3.989138779605956309e-01 5.938826996068823361e-01
3.979322703604040168e-01 5.950700226973304474e-01
3.969544914324151241e-01 5.962583006339375880e-01
3.959805305467655745e-01 5.974474760768188064e-01
3.950103770681667181e-01 5.986374922030069934e-01
3.940440203554479437e-01 5.998282927070276438e-01
3.930814497611436753e-01 6.010198218013717009e-01
3.921226546311228911e-01 6.022120242168650384e-01
3.911676243042587209e-01 6.034048452029371346e-01
3.902163481121380673e-01 6.045982305277902702e-01
3.892688153788084193e-01 6.057921264784704718e-01
3.883250154205612481e-01 6.069864798608413103e-01
3.873849375457504296e-01 6.081812379994626649e-01
3.864485710546442521e-01 6.093763487373751175e-01
3.855159052393095642e-01 6.105717604357925321e-01
3.845869293835275093e-01 6.117674219737025965e-01
3.836616327627381251e-01 6.129632827473793233e-01
3.827400046440144199e-01 6.141592926698062893e-01
3.818220342860633165e-01 6.153554021700141652e-01
3.809077109392526306e-01 6.165515621923336465e-01
3.799970238456634730e-01 6.177477241955643406e-01
3.790899622391663559e-01 6.189438401520627187e-01
3.781865153455201689e-01 6.201398625467496872e-01
3.772866723824930268e-01 6.213357443760395560e-01
3.763904225600038234e-01 6.225314391466922892e-01
3.754977550802834352e-01 6.237269008745904841e-01
3.746086591380552999e-01 6.249220840834422974e-01
3.737231239207331468e-01 6.261169438034126511e-01
3.728411386086361023e-01 6.273114355696840505e-01
3.719626923752199499e-01 6.285055154209477912e-01
3.710877743873233769e-01 6.296991398978288856e-01
3.702163738054287667e-01 6.308922660412447092e-01
3.693484797839365896e-01 6.320848513906995869e-01
3.684840814714524515e-01 6.332768539825172072e-01
3.676231680110865208e-01 6.344682323480117514e-01
3.667657285407638912e-01 6.356589455116000709e-01
3.659117521935457695e-01 6.368489529888556877e-01
3.650612280979607105e-01 6.380382147845076179e-01
3.642141453783446781e-01 6.392266913903831282e-01
3.633704931551902662e-01 6.404143437832982011e-01
3.625302605455036353e-01 6.416011334228970409e-01
3.616934366631686104e-01 6.427870222494402874e-01
3.608600106193183832e-01 6.439719726815459344e-01
3.600299715227124886e-01 6.451559476138822857e-01
3.592033084801203313e-01 6.463389104148162811e-01
3.583800105967094307e-01 6.475208249240167468e-01
3.575600669764384953e-01 6.487016554500165677e-01
3.567434667224551603e-01 6.498813667677321160e-01
3.559301989374967778e-01 6.510599241159438222e-01
3.551202527242947604e-01 6.522372931947385544e-01
3.543136171859824768e-01 6.534134401629144717e-01
3.535102814265045912e-01 6.545883316353515724e-01
3.527102345510293446e-01 6.557619346803464921e-01
3.519134656663620575e-01 6.569342168169155505e-01
3.511199638813602419e-01 6.581051460120664887e-01
3.503297183073494914e-01 6.592746906780390104e-01
3.495427180585403137e-01 6.604428196695175668e-01
3.487589522524451868e-01 6.616095022808159420e-01
3.479784100102955025e-01 6.627747082430355263e-01
3.472010804574585663e-01 6.639384077211984980e-01
3.464269527238539315e-01 6.651005713113578022e-01
3.456560159443685110e-01 6.662611700376831481e-01
3.448882592592716900e-01 6.674201753495264677e-01
3.441236718146279405e-01 6.685775591184669464e-01
3.433622427627088802e-01 6.697332936353365129e-01
3.426039612624027786e-01 6.708873516072274557e-01
3.418488164796229523e-01 6.720397061544832740e-01
3.410967975877130520e-01 6.731903308076726544e-01
3.403478937678510174e-01 6.743391995045500131e-01
3.396020942094497008e-01 6.754862865870016053e-01
3.388593881105550487e-01 6.766315667979783122e-01
3.381197646782416744e-01 6.777750152784175475e-01
3.373832131290053216e-01 6.789166075641539511e-01
3.366497226891516092e-01 6.800563195828204233e-01
3.359192825951826111e-01 6.811941276507396115e-01
3.351918820941788280e-01 6.823300084698090684e-01
3.344675104441786617e-01 6.834639391243773066e-01
3.337461569145533935e-01 6.845958970781154118e-01
3.330278107863790527e-01 6.857258601708819956e-01
3.323124613528041227e-01 6.868538066155850386e-01
3.316000979194132503e-01 6.879797149950390711e-01
3.308907098045874018e-01 6.891035642588200227e-01
3.301842863398591899e-01 6.902253337201179617e-01
3.294808168702645923e-01 6.913450030525887247e-01
3.287802907546904518e-01 6.924625522872044359e-01
3.280826973662172019e-01 6.935779618091056919e-01
3.273880260924576513e-01 6.946912123544528583e-01
3.266962663358912722e-01 6.958022850072805854e-01
3.260074075141940475e-01 6.969111611963537678e-01
3.253214390605636552e-01 6.980178226920268347e-01
3.246383504240402673e-01 6.991222516031068146e-01
3.239581310698230188e-01 7.002244303737208408e-01
3.232807704795813142e-01 7.013243417801873214e-01
3.226062581517621375e-01 7.024219689278945467e-01
3.219345836018920881e-01 7.035172952481844044e-01
3.212657363628756979e-01 7.046103044952418681e-01
3.205997059852879194e-01 7.057009807429934778e-01
3.199364820376628393e-01 7.067893083820121491e-01
3.192760541067773405e-01 7.078752721164308648e-01
3.186184117979302122e-01 7.089588569608650248e-01
3.179635447352164301e-01 7.100400482373437905e-01
3.173114425617968859e-01 7.111188315722513087e-01
3.166620949401632856e-01 7.121951928932782616e-01
3.160154915523987196e-01 7.132691184263837414e-01
3.153716221004331244e-01 7.143405946927680050e-01
3.147304763062943045e-01 7.154096085058572196e-01
3.140920439123544572e-01 7.164761469682997541e-01
3.134563146815718682e-01 7.175401974689741280e-01
3.128232783977281661e-01 7.186017476800105053e-01
3.121929248656608591e-01 7.196607855538250664e-01
3.115652439114913741e-01 7.207172993201665934e-01
3.109402253828486007e-01 7.217712774831777089e-01
3.103178591490878269e-01 7.228227088184698834e-01
3.096981351015055117e-01 7.238715823702125407e-01
3.090810431535488956e-01 7.249178874482364865e-01
3.084665732410221128e-01 7.259616136251532126e-01
3.078547153222872534e-01 7.270027507334874128e-01
3.072454593784612609e-01 7.280412888628271517e-01
3.066387954136082783e-01 7.290772183569879106e-01
3.060347134549285530e-01 7.301105298111929542e-01
3.054332035529416789e-01 7.311412140692707951e-01
3.048342557816670073e-01 7.321692622208670898e-01
3.042378602387988962e-01 7.331946655986747441e-01
3.036440070458782392e-01 7.342174157756801156e-01
3.030526863484599986e-01 7.352375045624257588e-01
3.024638883162762415e-01 7.362549240042907117e-01
3.018776031433954010e-01 7.372696663787882132e-01
3.012938210483778190e-01 7.382817241928801844e-01
3.007125322744266804e-01 7.392910901803100288e-01
3.001337270895356180e-01 7.402977572989521970e-01
2.995573957866320969e-01 7.413017187281808473e-01
2.989835286837173589e-01 7.423029678662554920e-01
2.984121161240019804e-01 7.433014983277248522e-01
2.978431484760383219e-01 7.442973039408496971e-01
2.972766161338488700e-01 7.452903787450427808e-01
2.967125095170511373e-01 7.462807169883280967e-01
2.961508190709786215e-01 7.472683131248186728e-01
2.955915352667987106e-01 7.482531618122115757e-01
2.950346486016266478e-01 7.492352579093040088e-01
2.944801495986361650e-01 7.502145964735255079e-01
2.939280288071665637e-01 7.511911727584903442e-01
2.933782768028265764e-01 7.521649822115690220e-01
2.928308841875948976e-01 7.531360204714773188e-01
2.922858415899169948e-01 7.541042833658858635e-01
2.917431396647992559e-01 7.550697669090470354e-01
2.912027690938993052e-01 7.560324672994417350e-01
2.906647205856137117e-01 7.569923809174456952e-01
2.901289848751621991e-01 7.579495043230133344e-01
2.895955527246686367e-01 7.589038342533819259e-01
2.890644149232395321e-01 7.598553676207939755e-01
2.885355622870389714e-01 7.608041015102391391e-01
2.880089856593607833e-01 7.617500331772149025e-01
2.874846759106978178e-01 7.626931600455065796e-01
2.869626239388084477e-01 7.636334797049861844e-01
2.864428206687798517e-01 7.645709899094295103e-01
2.859252570530889104e-01 7.655056885743538597e-01
2.854099240716602148e-01 7.664375737748732043e-01
2.848968127319210786e-01 7.673666437435728849e-01
2.843859140688544396e-01 7.682928968684031856e-01
2.838772191450484317e-01 7.692163316905920034e-01
2.833707190507442353e-01 7.701369469025755032e-01
2.828664049038803197e-01 7.710547413459484245e-01
2.823642678501351311e-01 7.719697140094327059e-01
2.818642990629666722e-01 7.728818640268647622e-01
2.813664897436499168e-01 7.737911906752015234e-01
2.808708311213118924e-01 7.746976933725449044e-01
2.803773144529642103e-01 7.756013716761844812e-01
2.798859310235332631e-01 7.765022252806593750e-01
2.793966721458882030e-01 7.774002540158380103e-01
2.789095291608671423e-01 7.782954578450158589e-01
2.784244934372999136e-01 7.791878368630319462e-01
2.779415563720302185e-01 7.800773912944033439e-01
2.774607093899343901e-01 7.809641214914778695e-01
2.769819439439386577e-01 7.818480279326039950e-01
2.765052515150342449e-01 7.827291112203199619e-01
2.760306236122902490e-01 7.836073720795597719e-01
2.755580517728650203e-01 7.844828113558772742e-01
2.750875275620147664e-01 7.853554300136880162e-01
2.746190425731011575e-01 7.862252291345278588e-01
2.741525884275963221e-01 7.870922099153304652e-01
2.736881567750861222e-01 7.879563736667209994e-01
2.732257392932721518e-01 7.888177218113276989e-01
2.727653276879710709e-01 7.896762558821106559e-01
2.723069136931126621e-01 7.905319775207071409e-01
2.718504890707364452e-01 7.913848884757943569e-01
2.713960456109859032e-01 7.922349906014698462e-01
2.709435751321013774e-01 7.930822858556468846e-01
2.704930694804116298e-01 7.939267762984680843e-01
2.700445205303230178e-01 7.947684640907352049e-01
2.695979201843081152e-01 7.956073514923556189e-01
2.691532603728916673e-01 7.964434408608043192e-01
2.687105330546361026e-01 7.972767346496029139e-01
2.682697302161246022e-01 7.981072354068154961e-01
2.678308438719433915e-01 7.989349457735589466e-01
2.673938660646623111e-01 7.997598684825301119e-01
2.669587888648137786e-01 8.005820063565494138e-01
2.665256043708709721e-01 8.014013623071188919e-01
2.660943047092240166e-01 8.022179393329968988e-01
2.656648820341550032e-01 8.030317405187875623e-01
2.652373285278121773e-01 8.038427690335465670e-01
2.648116364001821266e-01 8.046510281294013689e-01
2.643877978890612490e-01 8.054565211401868430e-01
2.639658052600257765e-01 8.062592514800964727e-01
2.635456508064006331e-01 8.070592226423477511e-01
2.631273268492269057e-01 8.078564381978625697e-01
2.627108257372287592e-01 8.086509017939634836e-01
2.622961398467785754e-01 8.094426171530823000e-01
2.618832615818611487e-01 8.102315880714857643e-01
2.614721833740371593e-01 8.110178184180136807e-01
2.610628976824051484e-01 8.118013121328316872e-01
2.606553969935623827e-01 8.125820732261995749e-01
2.602496738215654415e-01 8.133601057772514853e-01
2.598457207078889164e-01 8.141354139327917627e-01
2.594435302213836114e-01 8.149080019061034630e-01
2.590430949582336884e-01 8.156778739757716279e-01
2.586444075419129240e-01 8.164450344845189944e-01
2.582474606231398573e-01 8.172094878380562477e-01
2.578522468798324918e-01 8.179712385039444866e-01
2.574587590170616114e-01 8.187302910104723441e-01
2.570669897670034287e-01 8.194866499455446540e-01
2.566769318888914575e-01 8.202403199555855506e-01
2.562885781689678288e-01 8.209913057444532258e-01
2.559019214204329984e-01 8.217396120723686748e-01
2.555169544833957307e-01 8.224852437548559880e-01
2.551336702248214183e-01 8.232282056616960775e-01
2.547520615384800680e-01 8.239685027158920594e-01
2.543721213448937868e-01 8.247061398926478493e-01
2.539938425912830477e-01 8.254411222183583030e-01
2.536172182515124551e-01 8.261734547696113484e-01
2.532422413260361771e-01 8.269031426722028844e-01
2.528689048418422125e-01 8.276301911001628930e-01
2.524972018523962136e-01 8.283546052747937649e-01
2.521271254375847537e-01 8.290763904637198367e-01
2.517586687036580950e-01 8.297955519799484758e-01
2.513918247831718467e-01 8.305120951809434882e-01
2.510265868349286777e-01 8.312260254677087401e-01
2.506629480439190871e-01 8.319373482838836598e-01
2.503009016212616733e-01 8.326460691148495075e-01
2.499404408041429326e-01 8.333521934868474146e-01
2.495815588557565301e-01 8.340557269661059703e-01
2.492242490652419873e-01 8.347566751579809097e-01
2.488685047476228984e-01 8.354550437061050161e-01
2.485143192437448134e-01 8.361508382915484594e-01
2.481616859202123715e-01 8.368440646319896814e-01
2.478105981693262128e-01 8.375347284808968285e-01
2.474610494090194457e-01 8.382228356267198421e-01
2.471130330827934207e-01 8.389083918920913208e-01
2.467665426596533651e-01 8.395914031330394822e-01
2.464215716340435736e-01 8.402718752382090095e-01
2.460781135257820995e-01 8.409498141280939976e-01
2.457361618799950576e-01 8.416252257542782278e-01
2.453957102670507318e-01 8.422981160986874327e-01
2.450567522824930178e-01 8.429684911728495544e-01
2.447192815469748650e-01 8.436363570171651061e-01
2.443832917061912191e-01 8.443017197001868590e-01
2.440487764308115204e-01 8.449645853179089672e-01
2.437157294164120358e-01 8.456249599930648619e-01
2.433841443834079410e-01 8.462828498744349170e-01
2.430540150769849306e-01 8.469382611361619961e-01
2.427253352670306341e-01 8.475911999770775473e-01
2.423980987480657545e-01 8.482416726200346924e-01
2.420722993391749844e-01 8.488896853112515295e-01
2.417479308839376173e-01 8.495352443196626524e-01
2.414249872503577699e-01 8.501783559362782183e-01
2.411034623307947988e-01 8.508190264735530084e-01
2.407833500418928852e-01 8.514572622647629263e-01
2.404646443245108678e-01 8.520930696633898238e-01
2.401473391436518556e-01 8.527264550425149858e-01
2.398314284883922010e-01 8.533574247942201652e-01
2.395169063718107505e-01 8.539859853289968328e-01
2.392037668309177634e-01 8.546121430751635328e-01
2.388920039265835238e-01 8.552359044782908981e-01
2.385816117434669259e-01 8.558572760006342151e-01
2.382725843899439200e-01 8.564762641205743154e-01
2.379649159980354867e-01 8.570928753320651294e-01
2.376586007233361664e-01 8.577071161440894542e-01
2.373536327449415340e-01 8.583189930801222722e-01
2.370500062653763396e-01 8.589285126776005086e-01
2.367477155105219833e-01 8.595356814874008933e-01
2.364467547295442673e-01 8.601405060733247065e-01
2.361471181948206766e-01 8.607429930115897410e-01
2.358488002018678253e-01 8.613431488903287025e-01
2.355517950692687101e-01 8.619409803090958277e-01
2.352560971385999344e-01 8.625364938783787183e-01
2.349617007743586561e-01 8.631296962191186140e-01
2.346686003638897011e-01 8.637205939622359940e-01
2.343767903173124001e-01 8.643091937481637288e-01
2.340862650674476186e-01 8.648955022263862258e-01
2.337970190697443995e-01 8.654795260549856817e-01
2.335090468022067989e-01 8.660612719001941073e-01
2.332223427653205838e-01 8.666407464359521251e-01
2.329369014819798744e-01 8.672179563434737615e-01
2.326527174974137580e-01 8.677929083108176789e-01
2.323697853791130141e-01 8.683656090324647359e-01
2.320880997167565352e-01 8.689360652089005432e-01
2.318076551221378845e-01 8.695042835462054587e-01
2.315284462290919665e-01 8.700702707556499105e-01
2.312504676934213355e-01 8.706340335532946062e-01
2.309737141928229487e-01 8.711955786595986240e-01
2.306981804268145031e-01 8.717549127990312785e-01
2.304238611166610218e-01 8.723120426996903154e-01
2.301507510053013295e-01 8.728669750929262117e-01
2.298788448572747223e-01 8.734197167129714723e-01
2.296081374586473878e-01 8.739702742965751447e-01
2.293386236169391301e-01 8.745186545826435509e-01
2.290702981610497069e-01 8.750648643118854597e-01
2.288031559411858040e-01 8.756089102264631441e-01
2.285371918287874282e-01 8.761507990696487669e-01
2.282724007164548541e-01 8.766905375854847637e-01
2.280087775178750997e-01 8.772281325184511092e-01
2.277463171677489573e-01 8.777635906131361354e-01
2.274850146217177460e-01 8.782969186139129025e-01
2.272248648562901485e-01 8.788281232646205643e-01
2.269658628687692969e-01 8.793572113082502861e-01
2.267080036771796925e-01 8.798841894866366031e-01
2.264512823201943470e-01 8.804090645401523307e-01
2.261956938570619247e-01 8.809318432074093597e-01
2.259412333675338835e-01 8.814525322249638917e-01
2.256878959517918393e-01 8.819711383270248950e-01
2.254356767303749565e-01 8.824876682451695542e-01
2.251845708441073401e-01 8.830021287080604964e-01
2.249345734540255659e-01 8.835145264411697896e-01
2.246856797413064322e-01 8.840248681665053843e-01
2.244378849071944626e-01 8.845331606023432158e-01
2.241911841729299359e-01 8.850394104629626391e-01
2.239455727796765550e-01 8.855436244583871908e-01
2.237010459884496427e-01 8.860458092941280173e-01
2.234575990800441725e-01 8.865459716709325200e-01
2.232152273549629085e-01 8.870441182845367756e-01
2.229739261333447409e-01 8.875402558254216201e-01
2.227336907548931877e-01 8.880343909785735068e-01
2.224945165788048684e-01 8.885265304232483619e-01
2.222563989836980891e-01 8.890166808327394365e-01
2.220193333675416769e-01 8.895048488741498227e-01
2.217833151475837872e-01 8.899910412081676325e-01
2.215483397602810156e-01 8.904752644888456192e-01
2.213144026612273996e-01 8.909575253633842395e-01
2.210814993250836968e-01 8.914378304719182688e-01
2.208496252455066922e-01 8.919161864473070800e-01
2.206187759350789479e-01 8.923925999149286969e-01
2.203889469252380828e-01 8.928670774924766240e-01
2.201601337662067448e-01 8.933396257897612269e-01
2.199323320269225279e-01 8.938102514085133343e-01
2.197055372949678897e-01 8.942789609421925023e-01
2.194797451765004015e-01 8.947457609757971664e-01
2.192549512961830538e-01 8.952106580856792339e-01
2.190311512971146457e-01 8.956736588393613419e-01
2.188083408407605068e-01 8.961347697953575553e-01
2.185865156068830528e-01 8.965939975029973974e-01
2.183656712934729516e-01 8.970513485022520994e-01
2.181458036166799563e-01 8.975068293235651806e-01
2.179269083107441274e-01 8.979604464876854708e-01
2.177089811279271370e-01 8.984122065055026862e-01
2.174920178384439629e-01 8.988621158778870024e-01
2.172760142303942210e-01 8.993101810955308473e-01
2.170609661096942755e-01 8.997564086387934701e-01
2.168468693000090708e-01 9.002008049775492848e-01
2.166337196426841583e-01 9.006433765710375461e-01
2.164215129966781948e-01 9.010841298677165767e-01
2.162102452384951357e-01 9.015230713051189948e-01
2.159999122621170664e-01 9.019602073097112704e-01
2.157905099789368397e-01 9.023955442967548368e-01
2.155820343176909903e-01 9.028290886701700879e-01
2.153744812243929552e-01 9.032608468224038178e-01
2.151678466622661823e-01 9.036908251342973264e-01
2.149621266116777396e-01 9.041190299749595205e-01
2.147573170700717293e-01 9.045454677016405709e-01
2.145534140519031741e-01 9.049701446596093435e-01
2.143504135885719308e-01 9.053930671820319409e-01
2.141483117283568272e-01 9.058142415898542410e-01
2.139471045363499635e-01 9.062336741916855454e-01
2.137467880943910437e-01 9.066513712836854477e-01
2.135473585010021214e-01 9.070673391494521454e-01
2.133488118713224024e-01 9.074815840599141925e-01
2.131511443370432690e-01 9.078941122732234748e-01
2.129543520463432482e-01 9.083049300346508481e-01
2.127584311638236469e-01 9.087140435764839985e-01
2.125633778704437704e-01 9.091214591179276328e-01
2.123691883634568622e-01 9.095271828650054458e-01
2.121758588563458225e-01 9.099312210104644194e-01
2.119833855787592869e-01 9.103335797336815638e-01
2.117917647764478994e-01 9.107342652005717687e-01
2.116009927112007249e-01 9.111332835634987637e-01
2.114110656607819105e-01 9.115306409611872995e-01
2.112219799188672364e-01 9.119263435186378830e-01
2.110337317949813607e-01 9.123203973470431771e-01
2.108463176144348139e-01 9.127128085437065108e-01
2.106597337182613272e-01 9.131035831919616097e-01
2.104739764631554655e-01 9.134927273610956577e-01
2.102890422214100663e-01 9.138802471062725807e-01
2.101049273808544560e-01 9.142661484684592166e-01
2.099216283447923326e-01 9.146504374743531507e-01
2.097391415319400376e-01 9.150331201363118838e-01
2.095574633763649663e-01 9.154142024522843313e-01
2.093765903274243390e-01 9.157936904057433214e-01
2.091965188497038053e-01 9.161715899656209805e-01
2.090172454229566879e-01 9.165479070862446731e-01
2.088387665420430028e-01 9.169226477072748294e-01
2.086610787168688419e-01 9.172958177536451041e-01
2.084841784723260316e-01 9.176674231355035349e-01
2.083080623482318483e-01 9.180374697481552548e-01
2.081327268992689550e-01 9.184059634720069809e-01
2.079581686949255048e-01 9.187729101725135017e-01
2.077843843194355500e-01 9.191383157001248305e-01
2.076113703717194781e-01 9.195021858902352463e-01
2.074391234653246985e-01 9.198645265631342216e-01
2.072676402283666341e-01 9.202253435239582391e-01
2.070969173034696853e-01 9.205846425626446061e-01
2.069269513477085265e-01 9.209424294538857136e-01
2.067577390325496534e-01 9.212987099570864036e-01
2.065892770437929293e-01 9.216534898163207812e-01
2.064215620815135210e-01 9.220067747602921360e-01
2.062545908600037503e-01 9.223585705022927517e-01
2.060883601077155292e-01 9.227088827401662696e-01
2.059228665672026559e-01 9.230577171562704963e-01
2.057581069950634167e-01 9.234050794174420984e-01
2.055940781618833813e-01 9.237509751749621856e-01
2.054307768521784205e-01 9.240954100645231151e-01
2.052681998643378081e-01 9.244383897061972943e-01
2.051063440105676539e-01 9.247799197044059838e-01
2.049452061168344219e-01 9.251200056478904310e-01
2.047847830228086696e-01 9.254586531096835600e-01
2.046250715818089538e-01 9.257958676470831039e-01
2.044660686607459865e-01 9.261316548016256256e-01
2.043077711400669294e-01 9.264660200990620931e-01
2.041501759136999938e-01 9.267989690493343424e-01
2.039932798889988741e-01 9.271305071465525405e-01
2.038370799866879579e-01 9.274606398689738684e-01
2.036815731408070929e-01 9.277893726789824269e-01
2.035267562986570467e-01 9.281167110230699180e-01
2.033726264207448564e-01 9.284426603318174376e-01
2.032191804807295110e-01 9.287672260198789331e-01
2.030664154653678277e-01 9.290904134859643282e-01
2.029143283744602455e-01 9.294122281128252006e-01
2.027629162207973124e-01 9.297326752672399053e-01
2.026121760301058949e-01 9.300517603000014732e-01
2.024621048409958601e-01 9.303694885459043995e-01
2.023126997049067288e-01 9.306858653237343182e-01
2.021639576860547460e-01 9.310008959362569003e-01
2.020158758613798955e-01 9.313145856702096381e-01
2.018684513204934139e-01 9.316269397962921861e-01
2.017216811656251108e-01 9.319379635691596997e-01
2.015755625115711602e-01 9.322476622274153968e-01
2.014300924856420871e-01 9.325560409936056727e-01
2.012852682276106975e-01 9.328631050742141051e-01
2.011410868896603421e-01 9.331688596596581231e-01
2.009975456363334578e-01 9.334733099242854548e-01
2.008546416444802196e-01 9.337764610263715737e-01
2.007123721032072483e-01 9.340783181081179221e-01
2.005707342138266513e-01 9.343788862956514674e-01
2.004297251898052579e-01 9.346781706990237026e-01
2.002893422567139925e-01 9.349761764122125340e-01
2.001495826521774157e-01 9.352729085131226139e-01
2.000104436258234031e-01 9.355683720635881162e-01
1.998719224392331850e-01 9.358625721093750682e-01
1.997340163658913870e-01 9.361555136801854582e-01
1.995967226911363468e-01 9.364472017896614542e-01
1.994600387121105434e-01 9.367376414353899561e-01
1.993239617377113304e-01 9.370268375989089238e-01
1.991884890885416981e-01 9.373147952457131504e-01
1.990536180968613955e-01 9.376015193252617008e-01
1.989193461065379975e-01 9.378870147709855720e-01
1.987856704729984159e-01 9.381712865002953539e-01
1.986525885631803545e-01 9.384543394145913320e-01
1.985200977554841817e-01 9.387361783992721476e-01
1.983881954397247460e-01 9.390168083237453445e-01
1.982568790170834427e-01 9.392962340414380273e-01
1.981261459000606961e-01 9.395744603898081859e-01
1.979959935124281922e-01 9.398514921903570185e-01
1.978664192891816664e-01 9.401273342486414775e-01
1.977374206764936360e-01 9.404019913542864817e-01
1.976089951316664650e-01 9.406754682810000157e-01
1.974811401230854857e-01 9.409477697865858969e-01
1.973538531301723964e-01 9.412189006129598745e-01
1.972271316433386878e-01 9.414888654861638395e-01
1.971009731639394857e-01 9.417576691163820346e-01
1.969753752042273653e-01 9.420253161979575962e-01
1.968503352873062773e-01 9.422918114094089859e-01
1.967258509470860284e-01 9.425571594134476427e-01
1.966019197282364850e-01 9.428213648569953031e-01
1.964785391861421926e-01 9.430844323712026522e-01
1.963557068868571898e-01 9.433463665714680868e-01
1.962334204070598498e-01 9.436071720574568111e-01
1.961116773340080277e-01 9.438668534131203769e-01
1.959904752654942905e-01 9.441254152067170002e-01
1.958698118098013696e-01 9.443828619908316568e-01
1.957496845856578072e-01 9.446391983023979533e-01
1.956300912221936861e-01 9.448944286627184441e-01
1.955110293588966375e-01 9.451485575774871695e-01
1.953924966455678203e-01 9.454015895368117484e-01
1.952744907422784559e-01 9.456535290152354722e-01
1.951570093193260858e-01 9.459043804717613968e-01
1.950400500571912443e-01 9.461541483498744354e-01
1.949236106464943274e-01 9.464028370775661170e-01
1.948076887879524877e-01 9.466504510673582340e-01
1.946922821923368074e-01 9.468969947163276002e-01
1.945773885804295555e-01 9.471424724061308087e-01
1.944630056829817211e-01 9.473868885030294340e-01
1.943491312406705751e-01 9.476302473579155672e-01
1.942357630040575101e-01 9.478725533063377950e-01
1.941228987335459621e-01 9.481138106685276234e-01
1.940105361993396116e-01 9.483540237494256786e-01
1.938986731814006381e-01 9.485931968387086854e-01
1.937873074694081432e-01 9.488313342108171122e-01
1.936764368627167943e-01 9.490684401249818158e-01
1.935660591703156352e-01 9.493045188252526856e-01
1.934561722107869808e-01 9.495395745405263987e-01
1.933467738122655599e-01 9.497736114845746203e-01
1.932378618123977709e-01 9.500066338560728685e-01
1.931294340583011582e-01 9.502386458386299362e-01
1.930214884065238334e-01 9.504696516008160900e-01
1.929140227230044524e-01 9.506996552961937130e-01
1.928070348830319691e-01 9.509286610633460590e-01
1.927005227712057789e-01 9.511566730259078950e-01
1.925944842813958890e-01 9.513836952925956991e-01
1.924889173167033118e-01 9.516097319572378588e-01
1.923838197894206514e-01 9.518347870988058679e-01
1.922791896209928020e-01 9.520588647814448580e-01
1.921750247419777013e-01 9.522819690545051285e-01
1.920713230920074732e-01 9.525041039525737885e-01
1.919680826197495138e-01 9.527252734955057312e-01
1.918653012828678561e-01 9.529454816884561641e-01
1.917629770479846174e-01 9.531647325219125833e-01
1.916611078906416132e-01 9.533830299717267476e-01
1.915596917952622213e-01 9.536003779991476526e-01
1.914587267551132177e-01 9.538167805508536157e-01
1.913582107722670012e-01 9.540322415589860272e-01
1.912581418575637071e-01 9.542467649411817687e-01
1.911585180305735987e-01 9.544603546006062977e-01
1.910593373195597355e-01 9.546730144259881756e-01
1.909605977614405870e-01 9.548847482916513751e-01
1.908622974017528950e-01 9.550955600575498083e-01
1.907644342946146487e-01 9.553054535693014104e-01
1.906670065026883076e-01 9.555144326582216685e-01
1.905700120971439426e-01 9.557225011413584825e-01
1.904734491576228761e-01 9.559296628215261382e-01
1.903773157722011833e-01 9.561359214873402790e-01
1.902816100373533326e-01 9.563412809132523229e-01
1.901863300579162419e-01 9.565457448595844347e-01
1.900914739470532244e-01 9.567493170725648310e-01
1.899970398262181837e-01 9.569520012843624190e-01
1.899030258251199477e-01 9.571538012131224349e-01
1.898094300816866586e-01 9.573547205630017487e-01
1.897162507420305511e-01 9.575547630242043917e-01
1.896234859604125356e-01 9.577539322730170834e-01
1.895311338992072270e-01 9.579522319718453138e-01
1.894391927288678890e-01 9.581496657692490926e-01
1.893476606278917673e-01 9.583462372999784762e-01
1.892565357827852013e-01 9.585419501850106494e-01
1.891658163880293175e-01 9.587368080315851193e-01
1.890755006460454746e-01 9.589308144332405748e-01
1.889855867671611511e-01 9.591239729698514127e-01
1.888960729695756957e-01 9.593162872076635983e-01
1.888069574793265204e-01 9.595077606993320796e-01
1.887182385302551557e-01 9.596983969839567585e-01
1.886299143639735276e-01 9.598881995871194617e-01
1.885419832298305676e-01 9.600771720209209104e-01
1.884544433848786837e-01 9.602653177840176912e-01
1.883672930938404821e-01 9.604526403616591157e-01
1.882805306290756264e-01 9.606391432257240792e-01
1.881941542705479475e-01 9.608248298347586980e-01
1.881081623057924146e-01 9.610097036340130572e-01
1.880225530298824943e-01 9.611937680554786256e-01
1.879373247453975937e-01 9.613770265179256702e-01
1.878524757623904196e-01 9.615594824269408925e-01
1.877680043983549207e-01 9.617411391749638438e-01
1.876839089781938419e-01 9.619220001413261167e-01
1.876001878341868045e-01 9.621020686922870935e-01
1.875168393059583327e-01 9.622813481810728042e-01
1.874338617404460727e-01 9.624598419479132305e-01
1.873512534918691241e-01 9.626375533200797197e-01
1.872690129216964539e-01 9.628144856119228434e-01
1.871871383986155601e-01 9.629906421249104786e-01
1.871056282985012198e-01 9.631660261476654439e-01
1.870244810043842354e-01 9.633406409560030248e-01
1.869436949064204878e-01 9.635144898129692770e-01
1.868632684018600998e-01 9.636875759688784404e-01
1.867831998950165717e-01 9.638599026613517973e-01
1.867034877972362505e-01 9.640314731153543093e-01
1.866241305268677431e-01 9.642022905432338087e-01
1.865451265092315791e-01 9.643723581447584126e-01
1.864664741765900136e-01 9.645416791071542706e-01
1.863881719681167448e-01 9.647102566051444228e-01
1.863102183298671888e-01 9.648780938009859920e-01
1.862326117147482807e-01 9.650451938445090416e-01
1.861553505824889709e-01 9.652115598731537682e-01
1.860784333996104989e-01 9.653771950120093592e-01
1.860018586393968887e-01 9.655421023738517405e-01
1.859256247818656671e-01 9.657062850591816572e-01
1.858497303137384149e-01 9.658697461562629760e-01
1.857741737284119010e-01 9.660324887411603223e-01
1.856989535259288004e-01 9.661945158777778264e-01
1.856240682129490227e-01 9.663558306178966495e-01
1.855495163027207628e-01 9.665164360012133971e-01
1.854752963150520517e-01 9.666763350553781997e-01
1.854014067762820295e-01 9.668355307960327938e-01
1.853278462192526899e-01 9.669940262268482689e-01
1.852546131832805143e-01 9.671518243395634817e-01
1.851817062141282444e-01 9.673089281140230256e-01
1.851091238639770431e-01 9.674653405182151999e-01
1.850368646913983506e-01 9.676210645083102024e-01
1.849649272613260731e-01 9.677761030286977650e-01
1.848933101450290495e-01 9.679304590120256790e-01
1.848220119200833234e-01 9.680841353792372095e-01
1.847510311703447483e-01 9.682371350396093979e-01
1.846803664859215377e-01 9.683894608907908097e-01
1.846100164631471474e-01 9.685411158188396152e-01
1.845399797045531587e-01 9.686921026982610039e-01
1.844702548188420776e-01 9.688424243920458201e-01
1.844008404208607177e-01 9.689920837517076446e-01
1.843317351315731933e-01 9.691410836173207644e-01
1.842629375780343581e-01 9.692894268175581418e-01
1.841944463933632425e-01 9.694371161697290518e-01
1.841262602167166029e-01 9.695841544798167178e-01
1.840583776932625815e-01 9.697305445425157266e-01
1.839907974741544772e-01 9.698762891412702203e-01
1.839235182165046834e-01 9.700213910483110880e-01
1.838565385833586252e-01 9.701658530246931589e-01
1.837898572436689193e-01 9.703096778203337269e-01
1.837234728722695609e-01 9.704528681740487439e-01
1.836573841498503057e-01 9.705954268135915664e-01
1.835915897629309956e-01 9.707373564556891488e-01
1.835260884038363016e-01 9.708786598060799022e-01
1.834608787706701327e-01 9.710193395595511090e-01
1.833959595672906007e-01 9.711593983999761148e-01
1.833313295032847901e-01 9.712988390003511885e-01
1.832669872939437505e-01 9.714376640228329363e-01
1.832029316602376001e-01 9.715758761187753834e-01
1.831391613287906561e-01 9.717134779287670554e-01
1.830756750318568438e-01 9.718504720826676158e-01
1.830124715072949382e-01 9.719868611996456131e-01
1.829495494985441673e-01 9.721226478882143418e-01
1.828869077545998145e-01 9.722578347462693671e-01
1.828245450299889330e-01 9.723924243611251628e-01
1.827624600847460590e-01 9.725264193095517484e-01
1.827006516843892869e-01 9.726598221578114378e-01
1.826391185998961220e-01 9.727926354616951432e-01
1.825778596076797489e-01 9.729248617665596788e-01
1.825168734895651623e-01 9.730565036073633989e-01
1.824561590327655747e-01 9.731875635087028353e-01
1.823957150298586571e-01 9.733180439848497789e-01
1.823355402787633361e-01 9.734479475397864734e-01
1.822756335827161733e-01 9.735772766672426970e-01
1.822159937502482174e-01 9.737060338507316226e-01
1.821566195951618283e-01 9.738342215635859000e-01
1.820975099365075289e-01 9.739618422689938493e-01
1.820386635985611068e-01 9.740888984200354317e-01
1.819800794108006325e-01 9.742153924597181103e-01
1.819217562078838391e-01 9.743413268210123768e-01
1.818636928296252231e-01 9.744667039268885000e-01
1.818058881209736743e-01 9.745915261903512761e-01
1.817483409319898269e-01 9.747157960144759992e-01
1.816910501178237158e-01 9.748395157924439891e-01
1.816340145386924343e-01 9.749626879075785624e-01
1.815772330598580953e-01 9.750853147333798931e-01
1.815207045516054885e-01 9.752073986335604294e-01
1.814644278892201812e-01 9.753289419620807532e-01
1.814084019529666469e-01 9.754499470631839975e-01
1.813526256280663107e-01 9.755704162714315952e-01
1.812970978046759551e-01 9.756903519117383627e-01
1.812418173778659325e-01 9.758097562994071383e-01
1.811867832475987372e-01 9.759286317401636435e-01
1.811319943187075510e-01 9.760469805301921209e-01
1.810774495008747598e-01 9.761648049561691964e-01
1.810231477086107765e-01 9.762821072952994061e-01
1.809690878612328635e-01 9.763988898153487250e-01
1.809152688828440103e-01 9.765151547746805383e-01
1.808616897023119230e-01 9.766309044222888369e-01
1.808083492532481795e-01 9.767461409978336340e-01
1.807552464739873577e-01 9.768608667316743821e-01
1.807023803075662460e-01 9.769750838449047237e-01
1.806497497017033882e-01 9.770887945493867965e-01
1.805973536087782938e-01 9.772020010477848739e-01
1.805451909858112047e-01 9.773147055335996702e-01
1.804932607944425282e-01 9.774269101912023139e-01
1.804415620009126586e-01 9.775386171958678760e-01
1.803900935760417712e-01 9.776498287138092325e-01
1.803388544952096439e-01 9.777605469022111473e-01
1.802878437383356736e-01 9.778707739092633577e-01
1.802370602898589746e-01 9.779805118741942138e-01
1.801865031387184235e-01 9.780897629273044291e-01
1.801361712783329794e-01 9.781985291899998325e-01
1.800860637065819780e-01 9.783068127748253406e-01
1.800361794257854531e-01 9.784146157854977099e-01
1.799865174426847902e-01 9.785219403169386210e-01
1.799370767684230765e-01 9.786287884553078742e-01
1.798878564185259210e-01 9.787351622780363636e-01
1.798388554128821926e-01 9.788410638538586062e-01
1.797900727757246742e-01 9.789464952428460487e-01
1.797415075356111613e-01 9.790514584964390421e-01
1.796931587254052831e-01 9.791559556574800371e-01
1.796450253822577114e-01 9.792599887602457809e-01
1.795971065475872042e-01 9.793635598304801793e-01
1.795494012670618422e-01 9.794666708854258275e-01
1.795019085905804335e-01 9.795693239338569835e-01
1.794546275722537776e-01 9.796715209761114318e-01
1.794075572703862365e-01 9.797732640041227903e-01
1.793606967474572211e-01 9.798745550014520411e-01
1.793140450701028454e-01 9.799753959433199491e-01
1.792676013090976350e-01 9.800757887966384807e-01
1.792213645393363475e-01 9.801757355200430011e-01
1.791753338398157924e-01 9.802752380639234708e-01
1.791295082936167904e-01 9.803742983704560876e-01
1.790838869878862150e-01 9.804729183736352605e-01
1.790384690138190626e-01 9.805710999993040300e-01
1.789932534666407171e-01 9.806688451651862648e-01
1.789482394455890468e-01 9.807661557809174147e-01
1.789034260538969190e-01 9.808630337480758188e-01
1.788588123987744638e-01 9.809594809602134591e-01
1.788143975913916994e-01 9.810554993028873794e-01
1.787701807468609072e-01 9.811510906536901055e-01
1.787261609842195065e-01 9.812462568822803988e-01
1.786823374264125408e-01 9.813409998504144527e-01
1.786387092002756083e-01 9.814353214119758695e-01
1.785952754365176809e-01 9.815292234130066351e-01
1.785520352697040347e-01 9.816227076917369843e-01
1.785089878382392636e-01 9.817157760786164866e-01
1.784661322843503761e-01 9.818084303963433568e-01
1.784234677540699199e-01 9.819006724598953184e-01
1.783809933972192729e-01 9.819925040765594693e-01
1.783387083673919071e-01 9.820839270459622572e-01
1.782966118219367346e-01 9.821749431600991231e-01
1.782547029219416213e-01 9.822655542033644771e-01
1.782129808322168718e-01 9.823557619525813411e-01
1.781714447212788266e-01 9.824455681770312143e-01
1.781300937613334856e-01 9.825349746384830496e-01
1.780889271282603270e-01 9.826239830912231188e-01
1.780479440015960424e-01 9.827125952820844335e-01
1.780071435645184108e-01 9.828008129504753887e-01
1.779665250038302837e-01 9.828886378284096281e-01
1.779260875099436257e-01 9.829760716405345766e-01
1.778858302768634714e-01 9.830631161041609722e-01
1.778457525021722163e-01 9.831497729292909549e-01
1.778058533870137403e-01 9.832360438186477092e-01
1.777661321360778091e-01 9.833219304677036643e-01
1.777265879575842811e-01 9.834074345647091375e-01
1.776872200632676480e-01 9.834925577907212002e-01
1.776480276683615744e-01 9.835773018196315443e-01
1.776090099915832443e-01 9.836616683181956811e-01
1.775701662551182891e-01 9.837456589460602530e-01
1.775314956846051895e-01 9.838292753557918990e-01
1.774929975091202317e-01 9.839125191929048997e-01
1.774546709611622974e-01 9.839953920958895983e-01
1.774165152766377374e-01 9.840778956962397128e-01
1.773785296948452994e-01 9.841600316184809794e-01
1.773407134584612244e-01 9.842418014801979087e-01
1.773030658135242854e-01 9.843232068920620970e-01
1.772655860094210223e-01 9.844042494578598701e-01
1.772282732988708087e-01 9.844849307745190403e-01
1.771911269379113085e-01 9.845652524321367727e-01
1.771541461858837374e-01 9.846452160140070076e-01
1.771173303054182635e-01 9.847248230966471061e-01
1.770806785624195467e-01 9.848040752498253836e-01
1.770441902260522227e-01 9.848829740365879770e-01
1.770078645687265251e-01 9.849615210132859344e-01
1.769717008660839641e-01 9.850397177296016382e-01
1.769356983969830877e-01 9.851175657285761167e-01
1.768998564434851317e-01 9.851950665466351342e-01
1.768641742908400871e-01 9.852722217136161698e-01
1.768286512274724054e-01 9.853490327527945070e-01
1.767932865449671487e-01 9.854255011809102127e-01
1.767580795380558900e-01 9.855016285081938943e-01
1.767230295046028909e-01 9.855774162383930115e-01
1.766881357455912516e-01 9.856528658687983002e-01
1.766533975651091160e-01 9.857279788902694184e-01
1.766188142703359332e-01 9.858027567872611474e-01
1.765843851715288571e-01 9.858772010378493711e-01
1.765501095820090627e-01 9.859513131137565001e-01
1.765159868181482850e-01 9.860250944803773399e-01
1.764820161993553294e-01 9.860985465968045149e-01
1.764481970480625272e-01 9.861716709158545591e-01
1.764145286897125520e-01 9.862444688840925622e-01
1.763810104527450129e-01 9.863169419418580386e-01
1.763476416685831605e-01 9.863890915232901291e-01
1.763144216716208135e-01 9.864609190563522478e-01
1.762813497992091749e-01 9.865324259628580617e-01
1.762484253916437316e-01 9.866036136584954708e-01
1.762156477921512365e-01 9.866744835528525881e-01
1.761830163468768029e-01 9.867450370494416090e-01
1.761505304048709419e-01 9.868152755457241243e-01
1.761181893180767399e-01 9.868852004331355454e-01
1.760859924413170907e-01 9.869548130971094180e-01
1.760539391322819558e-01 9.870241149171024020e-01
1.760220287515155413e-01 9.870931072666185857e-01
1.759902606624039745e-01 9.871617915132334664e-01
1.759586342311623697e-01 9.872301690186183754e-01
1.759271488268226713e-01 9.872982411385643475e-01
1.758958038212208863e-01 9.873660092230068797e-01
1.758645985889848995e-01 9.874334746160490228e-01
1.758335325075220112e-01 9.875006386559856963e-01
1.758026049570066973e-01 9.875675026753276686e-01
1.757718153203682854e-01 9.876340680008246498e-01
1.757411629832788813e-01 9.877003359534897164e-01
1.757106473341411290e-01 9.877663078486224046e-01
1.756802677640761923e-01 9.878319849958318022e-01
1.756500236669117088e-01 9.878973686990606407e-01
1.756199144391697997e-01 9.879624602566082769e-01
1.755899394800551072e-01 9.880272609611536749e-01
1.755600981914430814e-01 9.880917720997791642e-01
1.755303899778679622e-01 9.881559949539926446e-01
1.755008142465111498e-01 9.882199307997512339e-01
1.754713704071893809e-01 9.882835809074835831e-01
1.754420578723431545e-01 9.883469465421134137e-01
1.754128760570251022e-01 9.884100289630812775e-01
1.753838243788883589e-01 9.884728294243680935e-01
1.753549022581751271e-01 9.885353491745170196e-01
1.753261091177051867e-01 9.885975894566563227e-01
1.752974443828644868e-01 9.886595515085215835e-01
1.752689074815937387e-01 9.887212365624779009e-01
1.752404978443772299e-01 9.887826458455425405e-01
1.752122149042313615e-01 9.888437805794065838e-01
1.751840580966936567e-01 9.889046419804570220e-01
1.751560268598114367e-01 9.889652312597991823e-01
1.751281206341307461e-01 9.890255496232783772e-01
1.751003388626853896e-01 9.890855982715012207e-01
1.750726809909857462e-01 9.891453783998583882e-01
1.750451464670078894e-01 9.892048911985452664e-01
1.750177347411826789e-01 9.892641378525842688e-01
1.749904452663848808e-01 9.893231195418457080e-01
1.749632774979223149e-01 9.893818374410697780e-01
1.749362308935250854e-01 9.894402927198876485e-01
1.749093049133348954e-01 9.894984865428426701e-01
1.748824990198942775e-01 9.895564200694114687e-01
1.748558126781359912e-01 9.896140944540253725e-01
1.748292453553725867e-01 9.896715108460912846e-01
1.748027965212855250e-01 9.897286703900122218e-01
1.747764656479150469e-01 9.897855742252089639e-01
1.747502522096495148e-01 9.898422234861402602e-01
1.747241556832149767e-01 9.898986193023237012e-01
1.746981755476649800e-01 9.899547627983563691e-01
1.746723112843701076e-01 9.900106550939352656e-01
1.746465623770077913e-01 9.900662973038780734e-01
1.746209283115520150e-01 9.901216905381432509e-01
1.745954085762632391e-01 9.901768359018504606e-01
1.745700026616781864e-01 9.902317344953009970e-01
1.745447100605997670e-01 9.902863874139977707e-01
1.745195302680870864e-01 9.903407957486652924e-01
1.744944627814453419e-01 9.903949605852701010e-01
1.744695071002160258e-01 9.904488830050399706e-01
1.744446627261667937e-01 9.905025640844848933e-01
1.744199291632818616e-01 9.905560048954156205e-01
1.743953059177519027e-01 9.906092065049644235e-01
1.743707924979644996e-01 9.906621699756040789e-01
1.743463884144942633e-01 9.907148963651678519e-01
1.743220931800932016e-01 9.907673867268684820e-01
1.742979063096810333e-01 9.908196421093181661e-01
1.742738273203355837e-01 9.908716635565476549e-01
1.742498557312832652e-01 9.909234521080253488e-01
1.742259910638894460e-01 9.909750087986768374e-01
1.742022328416490684e-01 9.910263346589038846e-01
1.741785805901771844e-01 9.910774307146030804e-01
1.741550338371994910e-01 9.911282979871857135e-01
1.741315921125430322e-01 9.911789374935959795e-01
1.741082549481269004e-01 9.912293502463296324e-01
1.740850218779528558e-01 9.912795372534535243e-01
1.740618924380962218e-01 9.913294995186235914e-01
1.740388661666965320e-01 9.913792380411039495e-01
1.740159426039485924e-01 9.914287538157851021e-01
1.739931212920931280e-01 9.914780478332024805e-01
1.739704017754079013e-01 9.915271210795549850e-01
1.739477836001985522e-01 9.915759745367231925e-01
1.739252663147896338e-01 9.916246091822877862e-01
1.739028494695157023e-01 9.916730259895474298e-01
1.738805326167123522e-01 9.917212259275370867e-01
1.738583153107073898e-01 9.917692099610458945e-01
1.738361971078118684e-01 9.918169790506358163e-01
1.738141775663115118e-01 9.918645341526584058e-01
1.737922562464577214e-01 9.919118762192735694e-01
1.737704327104589996e-01 9.919590061984667750e-01
1.737487065224722071e-01 9.920059250340674817e-01
1.737270772485939307e-01 9.920526336657657929e-01
1.737055444568519624e-01 9.920991330291305532e-01
1.736841077171965564e-01 9.921454240556268900e-01
1.736627666014919913e-01 9.921915076726336435e-01
1.736415206835081326e-01 9.922373848034604649e-01
1.736203695389119117e-01 9.922830563673652460e-01
1.735993127452588880e-01 9.923285232795712174e-01
1.735783498819849224e-01 9.923737864512844897e-01
1.735574805303977675e-01 9.924188467897105959e-01
1.735367042736688792e-01 9.924637051980719216e-01
1.735160206968250074e-01 9.925083625756244698e-01
1.734954293867400077e-01 9.925528198176747363e-01
1.734749299321266813e-01 9.925970778155964735e-01
1.734545219235286151e-01 9.926411374568478996e-01
1.734342049533119656e-01 9.926849996249875741e-01
1.734139786156575214e-01 9.927286651996916067e-01
1.733938425065524314e-01 9.927721350567700886e-01
1.733737962237824615e-01 9.928154100681834127e-01
1.733538393669237510e-01 9.928584911020591486e-01
1.733339715373350132e-01 9.929013790227075864e-01
1.733141923381495975e-01 9.929440746906387227e-01
1.732945013742675511e-01 9.929865789625784700e-01
1.732748982523479031e-01 9.930288926914843106e-01
1.732553825808007264e-01 9.930710167265618393e-01
1.732359539697793938e-01 9.931129519132807504e-01
1.732166120311728896e-01 9.931546990933903807e-01
1.731973563785980941e-01 9.931962591049361411e-01
1.731781866273920112e-01 9.932376327822752815e-01
1.731591023946042751e-01 9.932788209560923232e-01
1.731401032989894340e-01 9.933198244534151566e-01
1.731211889609994836e-01 9.933606440976304741e-01
1.731023590027761794e-01 9.934012807084990904e-01
1.730836130481437085e-01 9.934417351021723741e-01
1.730649507226010853e-01 9.934820080912067919e-01
1.730463716533148233e-01 9.935221004845796733e-01
1.730278754691113308e-01 9.935620130877044209e-01
1.730094618004698326e-01 9.936017467024460537e-01
1.729911302795147654e-01 9.936413021271363055e-01
1.729728805400086722e-01 9.936806801565886138e-01
1.729547122173447360e-01 9.937198815821133291e-01
1.729366249485397022e-01 9.937589071915329253e-01
1.729186183722265790e-01 9.937977577691964326e-01
1.729006921286474763e-01 9.938364340959952026e-01
1.728828458596464446e-01 9.938749369493770081e-01
1.728650792086624255e-01 9.939132671033611421e-01
1.728473918207220628e-01 9.939514253285529621e-01
1.728297833424327079e-01 9.939894123921590996e-01
1.728122534219754813e-01 9.940272290580013381e-01
1.727948017090981114e-01 9.940648760865317124e-01
1.727774278551080511e-01 9.941023542348468300e-01
1.727601315128655945e-01 9.941396642567020825e-01
1.727429123367769381e-01 9.941768069025265220e-01
1.727257699827872972e-01 9.942137829194366283e-01
1.727087041083740782e-01 9.942505930512510748e-01
1.726917143725401338e-01 9.942872380385046061e-01
1.726748004358068522e-01 9.943237186184623599e-01
1.726579619602075510e-01 9.943600355251335232e-01
1.726411986092806217e-01 9.943961894892860975e-01
1.726245100480630623e-01 9.944321812384605552e-01
1.726078959430835114e-01 9.944680114969831619e-01
1.725913559623558635e-01 9.945036809859809646e-01
1.725748897753725530e-01 9.945391904233945590e-01
1.725584970530980866e-01 9.945745405239925230e-01
1.725421774679623543e-01 9.946097319993847385e-01
1.725259306938542458e-01 9.946447655580362701e-01
1.725097564061151001e-01 9.946796419052807980e-01
1.724936542815322382e-01 9.947143617433340523e-01
1.724776239983326631e-01 9.947489257713074684e-01
1.724616652361764535e-01 9.947833346852213987e-01
1.724457776761505468e-01 9.948175891780189906e-01
1.724299610007624384e-01 9.948516899395788426e-01
1.724142148939336594e-01 9.948856376567283277e-01
1.723985390409936980e-01 9.949194330132573594e-01
1.723829331286736433e-01 9.949530766899308265e-01
1.723673968450999683e-01 9.949865693645022491e-01
1.723519298797883681e-01 9.950199117117264347e-01
1.723365319236375148e-01 9.950531044033726902e-01
1.723212026689229237e-01 9.950861481082373672e-01
1.723059418092909578e-01 9.951190434921574068e-01
1.722907490397525554e-01 9.951517912180225522e-01
1.722756240566772346e-01 9.951843919457883381e-01
1.722605665577870981e-01 9.952168463324887471e-01
1.722455762421507552e-01 9.952491550322490887e-01
1.722306528101773537e-01 9.952813186962984338e-01
1.722157959636107238e-01 9.953133379729820485e-01
1.722010054055232442e-01 9.953452135077740515e-01
1.721862808403100686e-01 9.953769459432897371e-01
1.721716219736832976e-01 9.954085359192985649e-01
1.721570285126658995e-01 9.954399840727353732e-01
1.721425001655861597e-01 9.954712910377138124e-01
1.721280366420716579e-01 9.955024574455382247e-01
1.721136376530436884e-01 9.955334839247150791e-01
1.720993029107112937e-01 9.955643711009665164e-01
1.720850321285656293e-01 9.955951195972414514e-01
1.720708250213743851e-01 9.956257300337275629e-01
1.720566813051759292e-01 9.956562030278640618e-01
1.720426006972737287e-01 9.956865391943530152e-01
1.720285829162307711e-01 9.957167391451713367e-01
1.720146276818638187e-01 9.957468034895827769e-01
1.720007347152380794e-01 9.957767328341496915e-01
1.719869037386613786e-01 9.958065277827448103e-01
1.719731344756788571e-01 9.958361889365625608e-01
1.719594266510672820e-01 9.958657168941315030e-01
1.719457799908297446e-01 9.958951122513252097e-01
1.719321942221900823e-01 9.959243756013740345e-01
1.719186690735875211e-01 9.959535075348767696e-01
1.719052042746711528e-01 9.959825086398121918e-01
1.718917995562947998e-01 9.960113795015498317e-01
1.718784546505113253e-01 9.960401207028622972e-01
1.718651692905676098e-01 9.960687328239357097e-01
1.718519432108990552e-01 9.960972164423815833e-01
1.718387761471243391e-01 9.961255721332475943e-01
1.718256678360401413e-01 9.961538004690292381e-01
1.718126180156160088e-01 9.961819020196805985e-01
1.717996264249889715e-01 9.962098773526252282e-01
1.717866928044584629e-01 9.962377270327680279e-01
1.717738168954811018e-01 9.962654516225051271e-01
1.717609984406655854e-01 9.962930516817357640e-01
1.717482371837675270e-01 9.963205277678727212e-01
1.717355328696844319e-01 9.963478804358532059e-01
1.717228852444504517e-01 9.963751102381496194e-01
1.717102940552314716e-01 9.964022177247806589e-01
1.716977590503200590e-01 9.964292034433217538e-01
1.716852799791304118e-01 9.964560679389153908e-01
1.716728565921933902e-01 9.964828117542825492e-01
1.716604886411515207e-01 9.965094354297325818e-01
1.716481758787541112e-01 9.965359395031740952e-01
1.716359180588522548e-01 9.965623245101254968e-01
1.716237149363939452e-01 9.965885909837249867e-01
1.716115662674193298e-01 9.966147394547415495e-01
1.715994718090555760e-01 9.966407704515848343e-01
1.715874313195123180e-01 9.966666845003161468e-01
1.715754445580766341e-01 9.966924821246575528e-01
1.715635112851084110e-01 9.967181638460033133e-01
1.715516312620354311e-01 9.967437301834294328e-01
1.715398042513486820e-01 9.967691816537038729e-01
1.715280300165976934e-01 9.967945187712967670e-01
1.715163083223857354e-01 9.968197420483905224e-01
1.715046389343650723e-01 9.968448519948895914e-01
1.714930216192325496e-01 9.968698491184306842e-01
1.714814561447246255e-01 9.968947339243925398e-01
1.714699422796129580e-01 9.969195069159059175e-01
1.714584797936997418e-01 9.969441685938635889e-01
1.714470684578131010e-01 9.969687194569294419e-01
1.714357080438025094e-01 9.969931600015494721e-01
1.714243983245343772e-01 9.970174907219602201e-01
1.714131390738873051e-01 9.970417121101992075e-01
1.714019300667477541e-01 9.970658246561145965e-01
1.713907710790055217e-01 9.970898288473744042e-01
1.713796618875492450e-01 9.971137251694761616e-01
1.713686022702619327e-01 9.971375141057567948e-01
1.713575920060166347e-01 9.971611961374016175e-01
1.713466308746719458e-01 9.971847717434542124e-01
1.713357186570677038e-01 9.972082414008250906e-01
1.713248551350204929e-01 9.972316055843021276e-01
1.713140400913193973e-01 9.972548647665591126e-01
1.713032733097217264e-01 9.972780194181650737e-01
1.712925545749485190e-01 9.973010700075938262e-01
1.712818836726804905e-01 9.973240170012328543e-01
1.712712603895534813e-01 9.973468608633928589e-01
1.712606845131544875e-01 9.973696020563163067e-01
1.712501558320172756e-01 9.973922410401874217e-01
1.712396741356181362e-01 9.974147782731399570e-01
1.712292392143718034e-01 9.974372142112672979e-01
1.712188508596272085e-01 9.974595493086311215e-01
1.712085088636633445e-01 9.974817840172699457e-01
1.711982130196850749e-01 9.975039187872085655e-01
1.711879631218190534e-01 9.975259540664664915e-01
1.711777589651096998e-01 9.975478903010670528e-01
1.711676003455149531e-01 9.975697279350458357e-01
1.711574870599023024e-01 9.975914674104598978e-01
1.711474189060447904e-01 9.976131091673960949e-01
1.711373956826167664e-01 9.976346536439797408e-01
1.711274171891901952e-01 9.976561012763836001e-01
1.711174832262303269e-01 9.976774524988358817e-01
1.711075935950920612e-01 9.976987077436295648e-01
1.710977480980156173e-01 9.977198674411300594e-01
1.710879465381229259e-01 9.977409320197845322e-01
1.710781887194134931e-01 9.977619019061296779e-01
1.710684744467605434e-01 9.977827775248004905e-01
1.710588035259072437e-01 9.978035592985385893e-01
1.710491757634626242e-01 9.978242476482002132e-01
1.710395909668979142e-01 9.978448429927653240e-01
1.710300489445425454e-01 9.978653457493449341e-01
1.710205495055805158e-01 9.978857563331899883e-01
1.710110924600463378e-01 9.979060751576992461e-01
1.710016776188215126e-01 9.979263026344276089e-01
1.709923047936305895e-01 9.979464391730942241e-01
1.709829737970374464e-01 9.979664851815902571e-01
1.709736844424416258e-01 9.979864410659873286e-01
1.709644365440744496e-01 9.980063072305456195e-01
1.709552299169955492e-01 9.980260840777215314e-01
1.709460643770889521e-01 9.980457720081756801e-01
1.709369397410595570e-01 9.980653714207810001e-01
1.709278558264293868e-01 9.980848827126305167e-01
1.709188124515340634e-01 9.981043062790453391e-01
1.709098094355190334e-01 9.981236425135818768e-01
1.709008465983360980e-01 9.981428918080407220e-01
1.708919237607398056e-01 9.981620545524733101e-01
1.708830407442837318e-01 9.981811311351902472e-01
1.708741973713170936e-01 9.982001219427688588e-01
1.708653934649811690e-01 9.982190273600609620e-01
1.708566288492056884e-01 9.982378477701999708e-01
1.708479033487053933e-01 9.982565835546092226e-01
1.708392167889765390e-01 9.982752350930088614e-01
1.708305689962934248e-01 9.982938027634239431e-01
1.708219597977048421e-01 9.983122869421913181e-01
1.708133890210307149e-01 9.983306880039678477e-01
1.708048564948586867e-01 9.983490063217369537e-01
1.707963620485405676e-01 9.983672422668166124e-01
1.707879055121891143e-01 9.983853962088664602e-01
1.707794867166744501e-01 9.984034685158953426e-01
1.707711054936208450e-01 9.984214595542683091e-01
1.707627616754033018e-01 9.984393696887140512e-01
1.707544550951441975e-01 9.984571992823322306e-01
1.707461855867099254e-01 9.984749486966004728e-01
1.707379529847077027e-01 9.984926182913814730e-01
1.707297571244821288e-01 9.985102084249307675e-01
1.707215978421119662e-01 9.985277194539027290e-01
1.707134749744069202e-01 9.985451517333588933e-01
1.707053883589043086e-01 9.985625056167737323e-01
1.706973378338657865e-01 9.985797814560430918e-01
1.706893232382742376e-01 9.985969796014898536e-01
1.706813444118304990e-01 9.986141004018714851e-01
1.706734011949501417e-01 9.986311442043872555e-01
1.706654934287603342e-01 9.986481113546844535e-01
1.706576209550966228e-01 9.986650021968657143e-01
1.706497836164998505e-01 9.986818170734959033e-01
1.706419812562128824e-01 9.986985563256087772e-01
1.706342137181776908e-01 9.987152202927134237e-01
1.706264808470320249e-01 9.987318093128015883e-01
1.706187824881063853e-01 9.987483237223542254e-01
1.706111184874210540e-01 9.987647638563479369e-01
1.706034886916827920e-01 9.987811300482617449e-01
1.705958929482820352e-01 9.987974226300839753e-01
1.705883311052896201e-01 9.988136419323183635e-01
1.705808030114539797e-01 9.988297882839913822e-01
1.705733085161978968e-01 9.988458620126577925e-01
1.705658474696156723e-01 9.988618634444080824e-01
1.705584197224699894e-01 9.988777929038745729e-01
1.705510251261891375e-01 9.988936507142376353e-01
1.705436635328637929e-01 9.989094371972324637e-01
1.705363347952443265e-01 9.989251526731555142e-01
1.705290387667376395e-01 9.989407974608707219e-01
1.705217753014043602e-01 9.989563718778156076e-01
1.705145442539559575e-01 9.989718762400082719e-01
1.705073454797517707e-01 9.989873108620528352e-01
1.705001788347961234e-01 9.990026760571466546e-01
1.704930441757354920e-01 9.990179721370856525e-01
1.704859413598556195e-01 9.990331994122712000e-01
1.704788702450786564e-01 9.990483581917160016e-01
1.704718306899603852e-01 9.990634487830500898e-01
1.704648225536873341e-01 9.990784714925273757e-01
1.704578456960739452e-01 9.990934266250314222e-01
1.704508999775599110e-01 9.991083144840817720e-01
1.704439852592072313e-01 9.991231353718398323e-01
1.704371014026975217e-01 9.991378895891148693e-01
1.704302482703292376e-01 9.991525774353698930e-01
1.704234257250148987e-01 9.991671992087282073e-01
1.704166336302784801e-01 9.991817552059788499e-01
1.704098718502524423e-01 9.991962457225823657e-01
1.704031402496752889e-01 9.992106710526772462e-01
1.703964386938886522e-01 9.992250314890853691e-01
1.703897670488347948e-01 9.992393273233181050e-01
1.703831251810537795e-01 9.992535588455818685e-01
1.703765129576808313e-01 9.992677263447841129e-01
1.703699302464437570e-01 9.992818301085391042e-01
1.703633769156602806e-01 9.992958704231734712e-01
1.703568528342354060e-01 9.993098475737323128e-01
1.703503578716586975e-01 9.993237618439843040e-01
1.703438918980018923e-01 9.993376135164280250e-01
1.703374547839161257e-01 9.993514028722970677e-01
1.703310464006294045e-01 9.993651301915658092e-01
1.703246666199440540e-01 9.993787957529552957e-01
1.703183153142341366e-01 9.993923998339384607e-01
1.703119923564428984e-01 9.994059427107455651e-01
1.703056976200803263e-01 9.994194246583704144e-01
1.702994309792204564e-01 9.994328459505749107e-01
1.702931923084989585e-01 9.994462068598952698e-01
1.702869814831106665e-01 9.994595076576470172e-01
1.702807983788070245e-01 9.994727486139307615e-01
1.702746428718935889e-01 9.994859299976373013e-01
1.702685148392276415e-01 9.994990520764532871e-01
1.702624141582156636e-01 9.995121151168661067e-01
1.702563407068109491e-01 9.995251193841697690e-01
1.702502943635110233e-01 9.995380651424700114e-01
1.702442750073554500e-01 9.995509526546892953e-01
1.702382825179231951e-01 9.995637821825725799e-01
1.702323167753303779e-01 9.995765539866920957e-01
1.702263776602278011e-01 9.995892683264527845e-01
1.702204650537985364e-01 9.996019254600976289e-01
1.702145788377556757e-01 9.996145256447125371e-01
1.702087188943398055e-01 9.996270691362315608e-01
1.702028851063168147e-01 9.996395561894418913e-01
1.701970773569754514e-01 9.996519870579896327e-01
1.701912955301250197e-01 9.996643619943839099e-01
1.701855395100930757e-01 9.996766812500026411e-01
1.701798091817231240e-01 9.996889450750975348e-01
1.701741044303722028e-01 9.997011537187984187e-01
1.701684251419088301e-01 9.997133074291189025e-01
1.701627712027105055e-01 9.997254064529613737e-01
1.701571424996615178e-01 9.997374510361216604e-01
1.701515389201506967e-01 9.997494414232935833e-01
1.701459603520691921e-01 9.997613778580750621e-01
1.701404066838081985e-01 9.997732605829715569e-01
1.701348778042566789e-01 9.997850898394019525e-01
1.701293736027992276e-01 9.997968658677028886e-01
1.701238939693138219e-01 9.998085889071340882e-01
1.701184387941696574e-01 9.998202591958824659e-01
1.701130079682248997e-01 9.998318769710673459e-01
1.701076013828245470e-01 9.998434424687451250e-01
1.701022189297982934e-01 9.998549559239140461e-01
1.700968605014582524e-01 9.998664175705188617e-01
1.700915259905969312e-01 9.998778276414556077e-01
1.700862152904850100e-01 9.998891863685760439e-01
1.700809282948692602e-01 9.999004939826925398e-01
1.700756648979704078e-01 9.999117507135827365e-01
1.700704249944809676e-01 9.999229567899937665e-01
1.700652084795632457e-01 9.999341124396475822e-01
1.700600152488471739e-01 9.999452178892446197e-01
1.700548451984281728e-01 9.999562733644692392e-01
1.700496982248652644e-01 9.999672790899933883e-01
1.700445742251787962e-01 9.999782352894818205e-01
1.700394730968484702e-01 9.999891421855963136e-01
1.700343947378113452e-01 1.000000000000000000e+00
