4.000000000000000000e+01 6.000000000000000000e+01
3.992337032537803765e+01 5.994315666040171209e+01
3.984714862607653885e+01 5.988737272937193978e+01
3.977133131654277776e+01 5.983263544798643352e+01
3.969591482422062256e+01 5.977893219415333448e+01
3.962089559007828399e+01 5.972625048151913063e+01
3.954627006912225085e+01 5.967457795837022161e+01
3.947203473089748371e+01 5.962390240653063955e+01
3.939818605997387380e+01 5.957421174025635935e+01
3.932472055641896702e+01 5.952549400512661748e+01
3.925163473625702437e+01 5.947773737693268004e+01
3.917892513191444692e+01 5.943093016056450040e+01
3.910658829265159397e+01 5.938506078889565742e+01
3.903462078498115773e+01 5.934011782166697913e+01
3.896301919307305184e+01 5.929608994436925684e+01
3.889178011914596311e+01 5.925296596712544783e+01
3.882090018384566577e+01 5.921073482357265050e+01
3.875037602661019065e+01 5.916938556974437091e+01
3.868020430602190629e+01 5.912890738295325121e+01
3.861038170014671067e+01 5.908928956067477145e+01
3.854090490686040482e+01 5.905052151943213801e+01
3.847177064416236902e+01 5.901259279368272104e+01
3.840297565047672634e+01 5.897549303470639614e+01
3.833451668494106457e+01 5.893921200949601769e+01
3.826639052768292970e+01 5.890373959965037187e+01
3.819859398008416917e+01 5.886906580026988678e+01
3.813112386503337348e+01 5.883518071885536216e+01
3.806397702716646592e+01 5.880207457420998196e+01
3.799715033309567502e+01 5.876973769534488667e+01
3.793064067162706010e+01 5.873816052038853996e+01
3.786444495396671073e+01 5.870733359550012409e+01
3.779856011391582626e+01 5.867724757378721989e+01
3.773298310805483879e+01 5.864789321422794899e+01
3.766771091591678555e+01 5.861926138059785529e+01
3.760274054015005163e+01 5.859134304040163954e+01
3.753806900667073165e+01 5.856412926381005235e+01
3.747369336480475255e+01 5.853761122260204530e+01
3.740961068741995632e+01 5.851178018911241452e+01
3.734581807104830631e+01 5.848662753518505042e+01
3.728231263599847267e+01 5.846214473113206367e+01
3.721909152645888241e+01 5.843832334469880863e+01
3.715615191059151812e+01 5.841515504003506720e+01
3.709349098061660044e+01 5.839263157667249260e+01
3.703110595288836748e+01 5.837074480850843372e+01
3.696899406796211451e+01 5.834948668279628237e+01
3.690715259065272136e+01 5.832884923914249242e+01
3.684557881008482383e+01 5.830882460851034210e+01
3.678427003973484233e+01 5.828940501223056714e+01
3.672322361746502395e+01 5.827058276101899992e+01
3.666243690554974677e+01 5.825235025400122169e+01
3.660190729069418580e+01 5.823469997774444806e+01
3.654163218404560354e+01 5.821762450529661947e+01
3.648160902119742133e+01 5.820111649523281727e+01
3.642183526218621381e+01 5.818516869070909792e+01
3.636230839148191762e+01 5.816977391852380208e+01
3.630302591797129708e+01 5.815492508818635997e+01
3.624398537493495809e+01 5.814061519099373498e+01
3.618518432001800988e+01 5.812683729911447017e+01
3.612662033519461602e+01 5.811358456468044409e+01
3.606829102672656262e+01 5.810085021888637158e+01
3.601019402511602152e+01 5.808862757109704233e+01
3.595232698505270719e+01 5.807691000796241809e+01
3.589468758535554826e+01 5.806569099254052446e+01
3.583727352890907980e+01 5.805496406342822269e+01
3.578008254259472665e+01 5.804472283389988263e+01
3.572311237721707045e+01 5.803496099105393569e+01
3.566636080742536308e+01 5.802567229496737156e+01
3.560982563163034342e+01 5.801685057785814337e+01
3.555350467191658481e+01 5.800848974325552376e+01
3.549739577395050105e+01 5.800058376517840486e+01
3.544149680688413895e+01 5.799312668732153497e+01
3.538580566325493493e+01 5.798611262224967788e+01
3.533032025888158500e+01 5.797953575059976572e+01
3.527503853275612755e+01 5.797339032029090333e+01
3.521995844693243072e+01 5.796767064574233075e+01
3.516507798641121241e+01 5.796237110709929397e+01
3.511039515902168517e+01 5.795748614946678146e+01
3.505590799530000368e+01 5.795301028215111216e+01
3.500161454836464259e+01 5.794893807790941764e+01
3.494751289378881154e+01 5.794526417220689041e+01
3.489360112947004922e+01 5.794198326248186959e+01
3.483987737549710317e+01 5.793909010741866439e+01
3.478633977401425170e+01 5.793657952622813667e+01
3.473298648908312458e+01 5.793444639793596451e+01
3.467981570654222168e+01 5.793268566067860803e+01
3.462682563386414358e+01 5.793129231100687093e+01
3.457401450001074039e+01 5.793026140319710038e+01
3.452138055528622118e+01 5.792958804856991861e+01
3.446892207118837348e+01 5.792926741481648634e+01
3.441663734025794241e+01 5.792929472533222679e+01
3.436452467592634008e+01 5.792966525855801763e+01
3.431258241236172069e+01 5.793037434732872271e+01
3.426080890431357062e+01 5.793141737822911352e+01
3.420920252695585617e+01 5.793278979095705239e+01
3.415776167572886379e+01 5.793448707769393025e+01
3.410648476617981828e+01 5.793650478248233071e+01
3.405537023380231432e+01 5.793883850061079244e+01
3.400441653387473195e+01 5.794148387800570532e+01
3.395362214129763601e+01 5.794443661063025530e+01
3.390298555043029438e+01 5.794769244389032536e+01
3.385250527492639350e+01 5.795124717204735987e+01
3.380217984756897209e+01 5.795509663763811403e+01
3.375200782010472977e+01 5.795923673090122463e+01
3.370198776307771027e+01 5.796366338921055217e+01
3.365211826566246600e+01 5.796837259651523766e+01
3.360239793549678211e+01 5.797336038278643855e+01
3.355282539851398838e+01 5.797862282347064422e+01
3.350339929877497269e+01 5.798415603894953563e+01
3.345411829829989614e+01 5.798995619400636059e+01
3.340498107689974461e+01 5.799601949729871109e+01
3.335598633200771701e+01 5.800234220083767411e+01
3.330713277851054244e+01 5.800892059947329926e+01
3.325841914857974047e+01 5.801575103038632619e+01
3.320984419150294542e+01 5.802282987258607960e+01
3.316140667351528748e+01 5.803015354641453172e+01
3.311310537763088746e+01 5.803771851305639728e+01
3.306493910347455056e+01 5.804552127405528239e+01
3.301690666711368038e+01 5.805355837083575210e+01
3.296900690089045582e+01 5.806182638423132403e+01
3.292123865325431353e+01 5.807032193401825992e+01
3.287360078859481405e+01 5.807904167845516241e+01
3.282609218707486320e+01 5.808798231382827026e+01
3.277871174446441671e+01 5.809714057400239540e+01
3.273145837197463237e+01 5.810651322997749446e+01
3.268433099609252679e+01 5.811609708945072583e+01
3.263732855841620761e+01 5.812588899638399909e+01
3.259045001549066001e+01 5.813588583057697434e+01
3.254369433864416550e+01 5.814608450724534805e+01
3.249706051382537453e+01 5.815648197660451046e+01
3.245054754144101850e+01 5.816707522345838299e+01
3.240415443619436786e+01 5.817786126679345671e+01
3.235788022692440791e+01 5.818883715937796808e+01
3.231172395644577477e+01 5.819999998736610536e+01
3.226568468138947310e+01 5.821134686990725271e+01
3.221976147204441077e+01 5.822287495876015129e+01
3.217395341219978633e+01 5.823458143791197017e+01
3.212825959898830064e+01 5.824646352320220899e+01
3.208267914273025667e+01 5.825851846195136119e+01
3.203721116677856884e+01 5.827074353259431660e+01
3.199185480736469600e+01 5.828313604431841810e+01
3.194660921344549109e+01 5.829569333670612963e+01
3.190147354655101708e+01 5.830841277938225176e+01
3.185644698063333280e+01 5.832129177166563494e+01
3.181152870191627002e+01 5.833432774222535500e+01
3.176671790874620882e+01 5.834751814874125131e+01
3.172201381144386545e+01 5.836086047756880646e+01
3.167741563215711764e+01 5.837435224340833173e+01
3.163292260471487438e+01 5.838799098897834483e+01
3.158853397448197953e+01 5.840177428469316112e+01
3.154424899821521677e+01 5.841569972834457758e+01
3.150006694392034845e+01 5.842976494478764948e+01
3.145598709071028054e+01 5.844396758563048166e+01
3.141200872866428995e+01 5.845830532892798459e+01
3.136813115868836732e+01 5.847277587887956685e+01
3.132435369237667544e+01 5.848737696553069298e+01
3.128067565187411603e+01 5.850210634447824987e+01
3.123709636974001924e+01 5.851696179657968599e+01
3.119361518881297357e+01 5.853194112766588830e+01
3.115023146207677840e+01 5.854704216825773955e+01
3.110694455252755120e+01 5.856226277328627106e+01
3.106375383304195381e+01 5.857760082181643213e+01
3.102065868624659828e+01 5.859305421677436243e+01
3.097765850438857171e+01 5.860862088467817443e+01
3.093475268920714427e+01 5.862429877537216782e+01
3.089194065180660331e+01 5.864008586176444027e+01
3.084922181253027418e+01 5.865598013956785195e+01
3.080659560083567428e+01 5.867197962704430125e+01
3.076406145517083957e+01 5.868808236475224049e+01
3.072161882285181633e+01 5.870428641529743885e+01
3.067926715994130404e+01 5.872058986308692141e+01
3.063700593112845283e+01 5.873699081408602041e+01
3.059483460960983692e+01 5.875348739557853150e+01
3.055275267697157204e+01 5.877007775592992544e+01
3.051075962307260170e+01 5.878676006435355106e+01
3.046885494592912735e+01 5.880353251067983678e+01
3.042703815160020042e+01 5.882039330512838404e+01
3.038530875407445464e+01 5.883734067808297397e+01
3.034366627515800374e+01 5.885437287986943034e+01
3.030211024436346889e+01 5.887148818053626087e+01
3.026064019880015721e+01 5.888868486963809801e+01
3.021925568306537357e+01 5.890596125602186106e+01
3.017795624913687647e+01 5.892331566761561845e+01
3.013674145626644929e+01 5.894074645122012868e+01
3.009561087087461928e+01 5.895825197230296766e+01
3.005456406644648482e+01 5.897583061479525668e+01
3.001360062342866541e+01 5.899348078089096958e+01
2.997272012912736372e+01 5.901120089084871267e+01
2.993192217760753238e+01 5.902898938279601282e+01
2.989120636959316002e+01 5.904684471253604272e+01
2.985057231236863018e+01 5.906476535335677625e+01
2.981001961968119929e+01 5.908274979584248854e+01
2.976954791164453340e+01 5.910079654768763646e+01
2.972915681464335691e+01 5.911890413351303408e+01
2.968884596123914221e+01 5.913707109468432321e+01
2.964861499007690071e+01 5.915529598913266085e+01
2.960846354579300765e+01 5.917357739117768745e+01
2.956839127892409991e+01 5.919191389135259840e+01
2.952839784581702531e+01 5.921030409623145374e+01
2.948848290853981524e+01 5.922874662825855552e+01
2.944864613479372295e+01 5.924724012557995678e+01
2.940888719782626026e+01 5.926578324187700986e+01
2.936920577634527518e+01 5.928437464620198227e+01
2.932960155443404204e+01 5.930301302281565512e+01
2.929007422146735351e+01 5.932169707102691802e+01
2.925062347202862512e+01 5.934042550503431812e+01
2.921124900582797679e+01 5.935919705376951327e+01
2.917195052762131624e+01 5.937801046074265798e+01
2.913272774713038871e+01 5.939686448388963669e+01
2.909358037896380722e+01 5.941575789542115160e+01
2.905450814253904568e+01 5.943468948167362242e+01
2.901551076200537693e+01 5.945365804296189083e+01
2.897658796616778076e+01 5.947266239343367999e+01
2.893773948841177202e+01 5.949170136092582339e+01
2.889896506662916664e+01 5.951077378682217045e+01
2.886026444314478567e+01 5.952987852591322593e+01
2.882163736464406156e+01 5.954901444625744489e+01
2.878308358210156470e+01 5.956818042904416188e+01
2.874460285071042875e+01 5.958737536845817573e+01
2.870619492981266418e+01 5.960659817154590456e+01
2.866785958283037417e+01 5.962584775808313964e+01
2.862959657719782669e+01 5.964512306044432677e+01
2.859140568429441487e+01 5.966442302347343229e+01
2.855328667937848053e+01 5.968374660435627277e+01
2.851523934152197626e+01 5.970309277249435809e+01
2.847726345354599431e+01 5.972246050938019124e+01
2.843935880195711974e+01 5.974184880847405310e+01
2.840152517688462197e+01 5.976125667508216566e+01
2.836376237201847772e+01 5.978068312623631186e+01
2.832607018454818260e+01 5.980012719057479131e+01
2.828844841510240116e+01 5.981958790822480410e+01
2.825089686768940567e+01 5.983906433068615627e+01
2.821341534963829645e+01 5.985855552071627983e+01
2.817600367154102159e+01 5.987806055221660273e+01
2.813866164719516405e+01 5.989757851012018364e+01
2.810138909354749970e+01 5.991710849028062569e+01
2.806418583063831917e+01 5.993664959936228342e+01
2.802705168154650295e+01 5.995620095473166344e+01
2.798998647233533887e+01 5.997576168435006139e+01
2.795299003199906807e+01 5.999533092666743528e+01
2.791606219241019105e+01 6.001490783051743705e+01
2.787920278826745957e+01 6.003449155501361645e+01
2.784241165704461451e+01 6.005408126944679736e+01
2.780568863893980947e+01 6.007367615318359810e+01
2.776903357682574480e+01 6.009327539556605302e+01
2.773244631620049816e+01 6.011287819581237102e+01
2.769592670513902632e+01 6.013248376291875985e+01
2.765947459424535637e+01 6.015209131556235889e+01
2.762308983660545181e+01 6.017170008200520925e+01
2.758677228774072177e+01 6.019130929999928981e+01
2.755052180556221231e+01 6.021091821669259048e+01
2.751433825032541591e+01 6.023052608853617329e+01
2.747822148458575953e+01 6.025013218119229919e+01
2.744217137315468946e+01 6.026973576944349276e+01
2.740618778305641001e+01 6.028933613710261596e+01
2.737027058348523312e+01 6.030893257692389398e+01
2.733441964576353911e+01 6.032852439051490023e+01
2.729863484330034495e+01 6.034811088824948655e+01
2.726291605155048359e+01 6.036769138918162270e+01
2.722726314797435165e+01 6.038726522096017391e+01
2.719167601199826478e+01 6.040683171974456656e+01
2.715615452497538129e+01 6.042639023012133492e+01
2.712069857014720498e+01 6.044594010502156323e+01
2.708530803260564213e+01 6.046548070563920163e+01
2.704998279925563409e+01 6.048501140135019938e+01
2.701472275877832629e+01 6.050453156963251189e+01
2.697952780159479147e+01 6.052404059598694630e+01
2.694439781983029292e+01 6.054353787385880281e+01
2.690933270727908067e+01 6.056302280456032605e+01
2.687433235936970988e+01 6.058249479719399488e+01
2.683939667313088506e+01 6.060195326857654408e+01
2.680452554715781233e+01 6.062139764316381729e+01
2.676971888157906676e+01 6.064082735297633775e+01
2.673497657802395722e+01 6.066024183752569598e+01
2.670029853959039556e+01 6.067964054374161975e+01
2.666568467081323490e+01 6.069902292589983261e+01
2.663113487763312293e+01 6.071838844555061598e+01
2.659664906736579582e+01 6.073773657144811722e+01
2.656222714867188017e+01 6.075706677948032564e+01
2.652786903152713549e+01 6.077637855259978039e+01
2.649357462719317269e+01 6.079567138075496047e+01
2.645934384818861318e+01 6.081494476082237099e+01
2.642517660826071690e+01 6.083419819653926908e+01
2.639107282235743313e+01 6.085343119843709303e+01
2.635703240659989888e+01 6.087264328377553824e+01
2.632305527825537084e+01 6.089183397647725826e+01
2.628914135571057997e+01 6.091100280706324099e+01
2.625529055844551252e+01 6.093014931258880296e+01
2.622150280700760305e+01 6.094927303658018758e+01
2.618777802298634327e+01 6.096837352897181717e+01
2.615411612898828864e+01 6.098745034604412751e+01
2.612051704861247359e+01 6.100650305036202781e+01
2.608698070642621403e+01 6.102553121071390763e+01
2.605350702794130768e+01 6.104453440205129056e+01
2.602009593959061462e+01 6.106351220542902780e+01
2.598674736870502855e+01 6.108246420794607445e+01
2.595346124349080341e+01 6.110139000268683418e+01
2.592023749300726365e+01 6.112028918866305816e+01
2.588707604714488753e+01 6.113916137075629820e+01
2.585397683660372792e+01 6.115800615966090703e+01
2.582093979287221686e+01 6.117682317182755725e+01
2.578796484820629686e+01 6.119561202940733580e+01
2.575505193560891470e+01 6.121437236019631456e+01
2.572220098880985262e+01 6.123310379758068223e+01
2.568941194224590063e+01 6.125180598048234515e+01
2.565668473104134861e+01 6.127047855330508241e+01
2.562401929098882647e+01 6.128912116588116987e+01
2.559141555853044991e+01 6.130773347341850865e+01
2.555887347073930727e+01 6.132631513644825105e+01
2.552639296530124113e+01 6.134486582077289540e+01
2.549397398049695340e+01 6.136338519741487119e+01
2.546161645518441219e+01 6.138187294256558602e+01
2.542932032878156434e+01 6.140032873753494869e+01
2.539708554124934992e+01 6.141875226870136117e+01
2.536491203307500442e+01 6.143714322746213696e+01
2.533279974525566303e+01 6.145550131018441675e+01
2.530074861928223129e+01 6.147382621815648207e+01
2.526875859712356842e+01 6.149211765753954495e+01
2.523682962121091578e+01 6.151037533931995682e+01
2.520496163442263438e+01 6.152859897926185795e+01
2.517315458006918760e+01 6.154678829786024608e+01
2.514140840187840453e+01 6.156494302029447852e+01
2.510972304398100619e+01 6.158306287638217213e+01
2.507809845089638401e+01 6.160114760053352967e+01
2.504653456751864837e+01 6.161919693170607815e+01
2.501503133910292220e+01 6.163721061335980522e+01
2.498358871125187974e+01 6.165518839341267210e+01
2.495220662990254468e+01 6.167313002419658119e+01
2.492088504131331916e+01 6.169103526241366353e+01
2.488962389205125447e+01 6.170890386909300673e+01
2.485842312897956319e+01 6.172673560954773819e+01
2.482728269924535169e+01 6.174453025333248490e+01
2.479620255026760134e+01 6.176228757420123117e+01
2.476518262972535922e+01 6.178000735006552446e+01
2.473422288554615278e+01 6.179768936295305082e+01
2.470332326589463179e+01 6.181533339896658674e+01
2.467248371916142347e+01 6.183293924824329935e+01
2.464170419395219724e+01 6.185050670491439462e+01
2.461098463907694978e+01 6.186803556706514229e+01
2.458032500353948180e+01 6.188552563669520623e+01
2.454972523652709171e+01 6.190297671967937276e+01
2.451918528740046810e+01 6.192038862572858449e+01
2.448870510568377412e+01 6.193776116835130807e+01
2.445828464105493794e+01 6.195509416481527154e+01
2.442792384333612787e+01 6.197238743610948575e+01
2.439762266248441591e+01 6.198964080690662826e+01
2.436738104858264009e+01 6.200685410552574695e+01
2.433719895183043747e+01 6.202402716389526205e+01
2.430707632253546535e+01 6.204115981751631637e+01
2.427701311110479665e+01 6.205825190542640968e+01
2.424700926803650347e+01 6.207530327016338845e+01
2.421706474391139707e+01 6.209231375772968420e+01
2.418717948938495965e+01 6.210928321755692139e+01
2.415735345517942179e+01 6.212621150247077395e+01
2.412758659207602108e+01 6.214309846865615583e+01
2.409787885090742066e+01 6.215994397562269569e+01
2.406823018255029467e+01 6.217674788617051718e+01
2.403864053791805233e+01 6.219351006635628210e+01
2.400910986795375024e+01 6.221023038545956751e+01
2.397963812362312197e+01 6.222690871594947737e+01
2.395022525590779594e+01 6.224354493345157380e+01
2.392087121579863052e+01 6.226013891671509981e+01
2.389157595428921965e+01 6.227669054758042222e+01
2.386233942236952998e+01 6.229319971094680852e+01
2.383316157101968358e+01 6.230966629474046670e+01
2.380404235120388989e+01 6.232609018988281235e+01
2.377498171386449499e+01 6.234247129025906276e+01
2.374597960991619416e+01 6.235880949268706530e+01
2.371703599024035825e+01 6.237510469688638892e+01
2.368815080567949494e+01 6.239135680544768547e+01
2.365932400703184868e+01 6.240756572380229983e+01
2.363055554504612488e+01 6.242373136019214286e+01
2.360184537041633135e+01 6.243985362563983443e+01
2.357319343377675835e+01 6.245593243391905958e+01
2.354459968569707229e+01 6.247196770152520884e+01
2.351606407667752308e+01 6.248795934764626026e+01
2.348758655714428656e+01 6.250390729413388158e+01
2.345916707744490992e+01 6.251981146547480250e+01
2.343080558784387435e+01 6.253567178876243560e+01
2.340250203851827138e+01 6.255148819366868906e+01
2.337425637955359292e+01 6.256726061241608505e+01
2.334606856093963145e+01 6.258298897975004138e+01
2.331793853256647253e+01 6.259867323291144459e+01
2.328986624422061880e+01 6.261431331160941482e+01
2.326185164558119567e+01 6.262990915799432656e+01
2.323389468621626719e+01 6.264546071663103533e+01
2.320599531557925488e+01 6.266096793447233892e+01
2.317815348300545608e+01 6.267643076083266607e+01
2.315036913770865468e+01 6.269184914736198522e+01
2.312264222877783126e+01 6.270722304801992664e+01
2.309497270517396927e+01 6.272255241905012468e+01
2.306736051572694635e+01 6.273783721895477328e+01
2.303980560913252518e+01 6.275307740846940874e+01
2.301230793394942964e+01 6.276827295053789157e+01
2.298486743859651327e+01 6.278342381028760144e+01
2.295748407135001301e+01 6.279852995500483104e+01
2.293015778034087759e+01 6.281359135411042871e+01
2.290288851355219890e+01 6.282860797913559736e+01
2.287567621881671798e+01 6.284357980369790653e+01
2.284852084381440207e+01 6.285850680347754604e+01
2.282142233607011406e+01 6.287338895619372892e+01
2.279438064295135646e+01 6.288822624158132157e+01
2.276739571166609366e+01 6.290301864136766596e+01
2.274046748926065220e+01 6.291776613924960770e+01
2.271359592261768157e+01 6.293246872087070187e+01
2.268678095845420373e+01 6.294712637379860354e+01
2.266002254331973731e+01 6.296173908750269277e+01
2.263332062359447860e+01 6.297630685333184175e+01
2.260667514548755364e+01 6.299082966449240217e+01
2.258008605503535193e+01 6.300530751602634894e+01
2.255355329809991716e+01 6.301974040478965122e+01
2.252707682036740167e+01 6.303412832943078570e+01
2.250065656734659569e+01 6.304847129036946995e+01
2.247429248436751337e+01 6.306276928977553098e+01
2.244798451658003913e+01 6.307702233154800098e+01
2.242173260895263809e+01 6.309123042129437664e+01
2.239553670627113746e+01 6.310539356631002050e+01
2.236939675313754350e+01 6.311951177555779680e+01
2.234331269396894371e+01 6.313358505964784229e+01
2.231728447299644458e+01 6.314761343081750766e+01
2.229131203426418040e+01 6.316159690291150497e+01
2.226539532162836821e+01 6.317553549136219004e+01
2.223953427875641609e+01 6.318942921317002970e+01
2.221372884912609891e+01 6.320327808688423232e+01
2.218797897602476965e+01 6.321708213258354903e+01
2.216228460254862398e+01 6.323084137185723819e+01
2.213664567160202878e+01 6.324455582778620055e+01
2.211106212589688624e+01 6.325822552492425643e+01
2.208553390795205118e+01 6.327185048927960764e+01
2.206006096009279460e+01 6.328543074829645576e+01
2.203464322445031698e+01 6.329896633083676249e+01
2.200928064296130771e+01 6.331245726716218769e+01
2.198397315736754720e+01 6.332590358891616944e+01
2.195872070921554453e+01 6.333930532910618894e+01
2.193352323985624253e+01 6.335266252208613480e+01
2.190838069044473713e+01 6.336597520353888768e+01
2.188329300194005711e+01 6.337924341045899013e+01
2.185826011510497580e+01 6.339246718113552959e+01
2.183328197050587249e+01 6.340564655513512093e+01
2.180835850851262236e+01 6.341878157328507370e+01
2.178348966929852182e+01 6.343187227765668723e+01
2.175867539284027075e+01 6.344491871154869500e+01
2.173391561891797252e+01 6.345792091947086533e+01
2.170921028711518375e+01 6.347087894712772993e+01
2.168455933681898529e+01 6.348379284140247591e+01
2.165996270722009953e+01 6.349666265034095858e+01
2.163542033731304315e+01 6.350948842313586340e+01
2.161093216589630472e+01 6.352227021011101726e+01
2.158649813157255792e+01 6.353500806270584178e+01
2.156211817274891018e+01 6.354770203345992030e+01
2.153779222763717982e+01 6.356035217599772835e+01
2.151352023425420157e+01 6.357295854501347776e+01
2.148930213042217119e+01 6.358552119625610999e+01
2.146513785376901140e+01 6.359804018651443869e+01
2.144102734172876623e+01 6.361051557360238462e+01
2.141697053154202735e+01 6.362294741634438111e+01
2.139296736025638879e+01 6.363533577456090029e+01
2.136901776472693015e+01 6.364768070905407882e+01
2.134512168161671397e+01 6.365998228159354255e+01
2.132127904739732926e+01 6.367224055490227386e+01
2.129748979834943867e+01 6.368445559264267075e+01
2.127375387056336820e+01 6.369662745940271975e+01
2.125007119993971472e+01 6.370875622068226818e+01
2.122644172218997127e+01 6.372084194287945280e+01
2.120286537283718076e+01 6.373288469327722083e+01
2.117934208721662159e+01 6.374488454003001436e+01
2.115587180047649341e+01 6.375684155215053295e+01
2.113245444757864888e+01 6.376875579949665962e+01
2.110908996329932208e+01 6.378062735275847217e+01
2.108577828222989936e+01 6.379245628344538233e+01
2.106251933877770455e+01 6.380424266387341703e+01
2.103931306716678762e+01 6.381598656715257789e+01
2.101615940143875605e+01 6.382768806717435695e+01
2.099305827545360970e+01 6.383934723859934479e+01
2.097000962289060055e+01 6.385096415684495241e+01
2.094701337724910672e+01 6.386253889807325379e+01
2.092406947184952770e+01 6.387407153917895641e+01
2.090117783983418676e+01 6.388556215777744995e+01
2.087833841416826530e+01 6.389701083219300415e+01
2.085555112764074082e+01 6.390841764144705195e+01
2.083281591286534962e+01 6.391978266524658636e+01
2.081013270228155321e+01 6.393110598397268518e+01
2.078750142815552948e+01 6.394238767866910678e+01
2.076492202258117814e+01 6.395362783103104931e+01
2.074239441748112966e+01 6.396482652339395258e+01
2.071991854460778626e+01 6.397598383872245620e+01
2.069749433554435569e+01 6.398709986059943589e+01
2.067512172170591001e+01 6.399817467321517483e+01
2.065280063434045843e+01 6.400920836135658476e+01
2.063053100453002742e+01 6.402020101039657618e+01
2.060831276319175132e+01 6.403115270628353528e+01
2.058614584107897372e+01 6.404206353553084341e+01
2.056403016878237366e+01 6.405293358520658842e+01
2.054196567673108476e+01 6.406376294292329021e+01
2.051995229519383201e+01 6.407455169682776841e+01
2.049798995428007942e+01 6.408529993559110949e+01
2.047607858394119162e+01 6.409600774839870496e+01
2.045421811397159928e+01 6.410667522494043169e+01
2.043240847400996785e+01 6.411730245540088902e+01
2.041064959354039132e+01 6.412788953044973539e+01
2.038894140189357884e+01 6.413843654123215288e+01
2.036728382824806260e+01 6.414894357935934011e+01
2.034567680163140579e+01 6.415941073689918994e+01
2.032412025092141761e+01 6.416983810636698138e+01
2.030261410484737894e+01 6.418022578071618511e+01
2.028115829199127873e+01 6.419057385332939702e+01
2.025975274078904675e+01 6.420088241800931428e+01
2.023839737953180418e+01 6.421115156896982512e+01
2.021709213636711766e+01 6.422138140082719815e+01
2.019583693930024992e+01 6.423157200859130000e+01
2.017463171619543161e+01 6.424172348765698359e+01
2.015347639477713315e+01 6.425183593379554736e+01
2.013237090263132956e+01 6.426190944314619458e+01
2.011131516720679002e+01 6.427194411220771997e+01
2.009030911581636047e+01 6.428194003783015376e+01
2.006935267563825320e+01 6.429189731720654777e+01
2.004844577371734715e+01 6.430181604786487526e+01
2.002758833696647756e+01 6.431169632765994493e+01
2.000678029216774689e+01 6.432153825476545705e+01
1.998602156597382873e+01 6.433134192766608805e+01
1.996531208490927511e+01 6.434110744514971714e+01
1.994465177537183820e+01 6.435083490629968139e+01
1.992404056363378118e+01 6.436052441048714456e+01
1.990347837584319635e+01 6.437017605736352266e+01
1.988296513802533738e+01 6.437978994685300904e+01
1.986250077608393383e+01 6.438936617914517058e+01
1.984208521580252693e+01 6.439890485468761483e+01
1.982171838284579835e+01 6.440840607417872832e+01
1.980140020276089885e+01 6.441786993856051424e+01
1.978113060097878062e+01 6.442729654901148706e+01
1.976090950281554370e+01 6.443668600693965232e+01
1.974073683347376473e+01 6.444603841397557176e+01
1.972061251804383275e+01 6.445535387196547106e+01
1.970053648150529924e+01 6.446463248296444704e+01
1.968050864872821037e+01 6.447387434922973171e+01
1.966052894447444999e+01 6.448307957321405581e+01
1.964059729339908245e+01 6.449224825755904078e+01
1.962071362005170272e+01 6.450138050508871856e+01
1.960087784887776508e+01 6.451047641880307992e+01
1.958108990421994022e+01 6.451953610187166532e+01
1.956134971031945469e+01 6.452855965762734058e+01
1.954165719131742662e+01 6.453754718956000147e+01
1.952201227125621941e+01 6.454649880131043460e+01
1.950241487408078100e+01 6.455541459666422099e+01
1.948286492363998690e+01 6.456429467954571066e+01
1.946336234368798301e+01 6.457313915401208249e+01
1.944390705788552154e+01 6.458194812424738984e+01
1.942449898980130385e+01 6.459072169455680523e+01
1.940513806291333054e+01 6.459945996936080803e+01
1.938582420061022304e+01 6.460816305318952857e+01
1.936655732619257009e+01 6.461683105067706379e+01
1.934733736287425998e+01 6.462546406655594922e+01
1.932816423378381998e+01 6.463406220565163096e+01
1.930903786196574501e+01 6.464262557287705135e+01
1.928995817038182992e+01 6.465115427322722041e+01
1.927092508191249465e+01 6.465964841177395783e+01
1.925193851935811651e+01 6.466810809366056390e+01
1.923299840544035533e+01 6.467653342409668937e+01
1.921410466280347507e+01 6.468492450835314855e+01
1.919525721401566543e+01 6.469328145175688860e+01
1.917645598157035991e+01 6.470160435968591628e+01
1.915770088788755388e+01 6.470989333756439521e+01
1.913899185531511904e+01 6.471814849085770049e+01
1.912032880613010732e+01 6.472636992506760123e+01
1.910171166254006891e+01 6.473455774572748567e+01
1.908314034668435610e+01 6.474271205839758636e+01
1.906461478063542359e+01 6.475083296866036164e+01
1.904613488640012875e+01 6.475892058211584867e+01
1.902770058592103197e+01 6.476697500437710175e+01
1.900931180107768625e+01 6.477499634106568749e+01
1.899096845368793041e+01 6.478298469780726521e+01
1.897267046550917868e+01 6.479094018022715318e+01
1.895441775823969976e+01 6.479886289394599430e+01
1.893621025351990284e+01 6.480675294457547864e+01
1.891804787293361656e+01 6.481461043771408015e+01
1.889993053800935030e+01 6.482243547894289293e+01
1.888185817022158375e+01 6.483022817382149583e+01
1.886383069099201748e+01 6.483798862788387396e+01
1.884584802169084483e+01 6.484571694663436858e+01
1.882791008363800600e+01 6.485341323554369808e+01
1.881001679810444216e+01 6.486107760004506417e+01
1.879216808631335667e+01 6.486871014553024395e+01
1.877436386944145497e+01 6.487631097734573871e+01
1.875660406862018448e+01 6.488388020078902230e+01
1.873888860493697806e+01 6.489141792110478946e+01
1.872121739943649388e+01 6.489892424348128941e+01
1.870359037312183759e+01 6.490639927304665946e+01
1.868600744695579507e+01 6.491384311486537229e+01
1.866846854186204752e+01 6.492125587393464059e+01
1.865097357872640416e+01 6.492863765518096386e+01
1.863352247839799603e+01 6.493598856345664672e+01
1.861611516169049807e+01 6.494330870353640250e+01
1.859875154938333708e+01 6.495059818011398534e+01
1.858143156222287473e+01 6.495785709779889316e+01
1.856415512092362619e+01 6.496508556111307087e+01
1.854692214616942891e+01 6.497228367448769859e+01
1.852973255861464352e+01 6.497945154225998010e+01
1.851258627888532970e+01 6.498658926867003061e+01
1.849548322758042218e+01 6.499369695785777878e+01
1.847842332527291020e+01 6.500077471385986883e+01
1.846140649251099219e+01 6.500782264060669036e+01
1.844443264981925168e+01 6.501484084191939417e+01
1.842750171769980483e+01 6.502182942150693634e+01
1.841061361663345508e+01 6.502878848296320768e+01
1.839376826708084067e+01 6.503571812976419153e+01
1.837696558948358572e+01 6.504261846526513580e+01
1.836020550426542641e+01 6.504948959269778186e+01
1.834348793183334791e+01 6.505633161516763607e+01
1.832681279257871410e+01 6.506314463565129813e+01
1.831018000687838665e+01 6.506992875699378942e+01
1.829358949509584420e+01 6.507668408190592402e+01
1.827704117758229430e+01 6.508341071296175073e+01
1.826053497467778186e+01 6.509010875259602358e+01
1.824407080671228698e+01 6.509677830310167224e+01
1.822764859400682980e+01 6.510341946662737200e+01
1.821126825687455053e+01 6.511003234517507110e+01
1.819492971562180372e+01 6.511661704059761746e+01
1.817863289054924181e+01 6.512317365459644236e+01
1.816237770195287737e+01 6.512970228871917300e+01
1.814616407012517030e+01 6.513620304435738717e+01
1.812999191535607935e+01 6.514267602274436797e+01
1.811386115793413154e+01 6.514912132495287267e+01
1.809777171814746666e+01 6.515553905189294426e+01
1.808172351628489949e+01 6.516192930430979402e+01
1.806571647263695013e+01 6.516829218278164149e+01
1.804975050749688847e+01 6.517462778771769649e+01
1.803382554116176806e+01 6.518093621935604176e+01
1.801794149393345279e+01 6.518721757776168602e+01
1.800209828611963658e+01 6.519347196282453183e+01
1.798629583803485588e+01 6.519969947425745715e+01
1.797053407000151637e+01 6.520590021159438265e+01
1.795481290235087712e+01 6.521207427418838165e+01
1.793913225542407019e+01 6.521822176120983272e+01
1.792349204957308473e+01 6.522434277164461491e+01
1.790789220516175462e+01 6.523043740429226034e+01
1.789233264256674971e+01 6.523650575776424887e+01
1.787681328217854571e+01 6.524254793048223178e+01
1.786133404440240824e+01 6.524856402067635486e+01
1.784589484965934503e+01 6.525455412638358155e+01
1.783049561838707575e+01 6.526051834544604446e+01
1.781513627104099484e+01 6.526645677550941116e+01
1.779981672809510940e+01 6.527236951402130671e+01
1.778453691004298776e+01 6.527825665822979317e+01
1.776929673739870807e+01 6.528411830518177794e+01
1.775409613069777848e+01 6.528995455172153584e+01
1.773893501049807853e+01 6.529576549448925959e+01
1.772381329738077227e+01 6.530155122991955352e+01
1.770873091195122839e+01 6.530731185424006924e+01
1.769368777483993327e+01 6.531304746347007040e+01
1.767868380670340045e+01 6.531875815341909686e+01
1.766371892822506595e+01 6.532444401968557202e+01
1.764879306011618709e+01 6.533010515765555226e+01
1.763390612311672712e+01 6.533574166250137694e+01
1.761905803799625048e+01 6.534135362918043199e+01
1.760424872555478615e+01 6.534694115243391366e+01
1.758947810662371936e+01 6.535250432678559207e+01
1.757474610206663712e+01 6.535804324654063180e+01
1.756005263278021289e+01 6.536355800578442654e+01
1.754539761969504497e+01 6.536904869838144805e+01
1.753078098377652339e+01 6.537451541797413768e+01
1.751620264602565769e+01 6.537995825798179794e+01
1.750166252747993667e+01 6.538537731159952671e+01
1.748716054921414909e+01 6.539077267179717978e+01
1.747269663234121850e+01 6.539614443131831933e+01
1.745827069801302756e+01 6.540149268267923333e+01
1.744388266742123150e+01 6.540681751816792655e+01
1.742953246179807891e+01 6.541211902984319693e+01
1.741522000241721102e+01 6.541739730953368337e+01
1.740094521059446819e+01 6.542265244883694209e+01
1.738670800768868574e+01 6.542788453911855129e+01
1.737250831510248616e+01 6.543309367151125855e+01
1.735834605428306077e+01 6.543827993691409972e+01
1.734422114672295478e+01 6.544344342599158892e+01
1.733013351396084190e+01 6.544858422917292273e+01
1.731608307758229159e+01 6.545370243665114174e+01
1.730206975922053303e+01 6.545879813838240580e+01
1.728809348055721884e+01 6.546387142408521242e+01
1.727415416332316767e+01 6.546892238323970048e+01
1.726025172929912443e+01 6.547395110508691118e+01
1.724638610031649577e+01 6.547895767862810601e+01
1.723255719825809251e+01 6.548394219262409877e+01
1.721876494505885802e+01 6.548890473559457348e+01
1.720500926270659647e+01 6.549384539581750175e+01
1.719129007324269409e+01 6.549876426132847484e+01
1.717760729876283321e+01 6.550366141992013524e+01
1.716396086141770994e+01 6.550853695914159402e+01
1.715035068341373403e+01 6.551339096629784819e+01
1.713677668701372880e+01 6.551822352844926911e+01
1.712323879453763098e+01 6.552303473241103404e+01
1.710973692836317994e+01 6.552782466475265721e+01
1.709627101092660340e+01 6.553259341179746400e+01
1.708284096472328883e+01 6.553734105962213619e+01
1.706944671230847277e+01 6.554206769405624300e+01
1.705608817629789442e+01 6.554677340068178637e+01
1.704276527936847430e+01 6.555145826483280302e+01
1.702947794425896433e+01 6.555612237159493816e+01
1.701622609377060158e+01 6.556076580580503332e+01
1.700300965076776905e+01 6.556538865205078537e+01
1.698982853817862093e+01 6.556999099467034853e+01
1.697668267899573991e+01 6.557457291775199337e+01
1.696357199627675882e+01 6.557913450513380837e+01
1.695049641314499667e+01 6.558367584040333043e+01
1.693745585279007315e+01 6.558819700689726062e+01
1.692445023846853758e+01 6.559269808770120846e+01
1.691147949350447988e+01 6.559717916564936502e+01
1.689854354129013458e+01 6.560164032332427553e+01
1.688564230528649546e+01 6.560608164305659784e+01
1.687277570902389812e+01 6.561050320692486082e+01
1.685994367610263112e+01 6.561490509675523697e+01
1.684714613019351503e+01 6.561928739412135769e+01
1.683438299503848867e+01 6.562365018034410014e+01
1.682165419445118815e+01 6.562799353649144507e+01
1.680895965231752598e+01 6.563231754337829216e+01
1.679629929259625598e+01 6.563662228156628942e+01
1.678367303931954169e+01 6.564090783136374796e+01
1.677108081659351058e+01 6.564517427282545725e+01
1.675852254859881185e+01 6.564942168575261405e+01
1.674599815959117421e+01 6.565365014969270874e+01
1.673350757390194588e+01 6.565785974393942581e+01
1.672105071593863101e+01 6.566205054753261550e+01
1.670862751018543335e+01 6.566622263925815162e+01
1.669623788120378549e+01 6.567037609764796002e+01
1.668388175363287829e+01 6.567451100097991912e+01
1.667155905219017953e+01 6.567862742727785985e+01
1.665926970167195265e+01 6.568272545431155152e+01
1.664701362695376829e+01 6.568680515959667332e+01
1.663479075299102306e+01 6.569086662039484281e+01
1.662260100481942615e+01 6.569490991371363009e+01
1.661044430755551460e+01 6.569893511630654359e+01
1.659832058639713637e+01 6.570294230467312957e+01
1.658622976662395132e+01 6.570693155505898631e+01
1.657417177359790728e+01 6.571090294345582095e+01
1.656214653276373028e+01 6.571485654560153478e+01
1.655015396964939356e+01 6.571879243698026585e+01
1.653819400986659360e+01 6.572271069282253109e+01
1.652626657911121555e+01 6.572661138810528314e+01
1.651437160316380570e+01 6.573049459755203827e+01
1.650250900789001562e+01 6.573436039563299005e+01
1.649067871924107465e+01 6.573820885656513724e+01
1.647888066325422329e+01 6.574204005431239750e+01
1.646711476605316804e+01 6.574585406258580633e+01
1.645538095384852539e+01 6.574965095484361655e+01
1.644367915293825178e+01 6.575343080429149722e+01
1.643200928970808405e+01 6.575719368388269004e+01
1.642037129063196232e+01 6.576093966631819399e+01
1.640876508227246333e+01 6.576466882404697856e+01
1.639719059128120549e+01 6.576838122926615426e+01
1.638564774439928584e+01 6.577207695392117159e+01
1.637413646845767090e+01 6.577575606970606259e+01
1.636265669037761938e+01 6.577941864806366823e+01
1.635120833717108013e+01 6.578306476018583737e+01
1.633979133594109001e+01 6.578669447701369677e+01
1.632840561388217893e+01 6.579030786923789265e+01
1.631705109828074640e+01 6.579390500729883229e+01
1.630572771651545949e+01 6.579748596138695405e+01
1.629443539605763291e+01 6.580105080144299734e+01
1.628317406447160920e+01 6.580459959715828688e+01
1.627194364941513527e+01 6.580813241797501689e+01
1.626074407863972482e+01 6.581164933308653531e+01
1.624957527999103846e+01 6.581515041143762801e+01
1.623843718140923897e+01 6.581863572172487409e+01
1.622732971092934662e+01 6.582210533239691586e+01
1.621625279668160857e+01 6.582555931165477148e+01
1.620520636689184002e+01 6.582899772745220446e+01
1.619419034988176875e+01 6.583242064749602207e+01
1.618320467406938690e+01 6.583582813924643062e+01
1.617224926796929196e+01 6.583922026991736232e+01
1.616132406019301015e+01 6.584259710647684471e+01
1.615042897944934452e+01 6.584595871564737024e+01
1.613956395454469117e+01 6.584930516390620880e+01
1.612872891438336964e+01 6.585263651748586256e+01
1.611792378796794623e+01 6.585595284237435010e+01
1.610714850439954660e+01 6.585925420431564703e+01
1.609640299287816845e+01 6.586254066881005542e+01
1.608568718270299414e+01 6.586581230111460172e+01
1.607500100327269621e+01 6.586906916624342045e+01
1.606434438408573939e+01 6.587231132896819474e+01
1.605371725474068256e+01 6.587553885381851160e+01
1.604311954493647008e+01 6.587875180508233086e+01
1.603255118447272309e+01 6.588195024680635470e+01
1.602201210325003089e+01 6.588513424279649655e+01
1.601150223127023509e+01 6.588830385661829325e+01
1.600102149863670320e+01 6.589145915159733136e+01
1.599056983555461642e+01 6.589460019081968767e+01
1.598014717233123783e+01 6.589772703713238400e+01
1.596975343937618419e+01 6.590083975314384190e+01
1.595938856720169241e+01 6.590393840122432323e+01
1.594905248642288420e+01 6.590702304350637064e+01
1.593874512775802543e+01 6.591009374188531922e+01
1.592846642202878193e+01 6.591315055801972278e+01
1.591821630016047528e+01 6.591619355333183705e+01
1.590799469318232795e+01 6.591922278900808863e+01
1.589780153222771375e+01 6.592223832599957234e+01
1.588763674853440300e+01 6.592524022502252024e+01
1.587750027344479697e+01 6.592822854655879894e+01
1.586739203840616774e+01 6.593120335085636441e+01
1.585731197497089084e+01 6.593416469792981616e+01
1.584726001479667445e+01 6.593711264756086621e+01
1.583723608964679030e+01 6.594004725929883648e+01
1.582724013139029040e+01 6.594296859246115616e+01
1.581727207200223440e+01 6.594587670613390173e+01
1.580733184356390097e+01 6.594877165917229433e+01
1.579741937826300457e+01 6.595165351020122557e+01
1.578753460839390677e+01 6.595452231761574069e+01
1.577767746635782409e+01 6.595737813958162121e+01
1.576784788466303056e+01 6.596022103403585390e+01
1.575804579592506016e+01 6.596305105868721341e+01
1.574827113286690583e+01 6.596586827101674544e+01
1.573852382831921481e+01 6.596867272827833517e+01
1.572880381522048232e+01 6.597146448749923309e+01
1.571911102661723625e+01 6.597424360548060918e+01
1.570944539566422726e+01 6.597701013879806453e+01
1.569980685562461176e+01 6.597976414380222820e+01
1.569019533987013126e+01 6.598250567661926880e+01
1.568061078188129187e+01 6.598523479315144868e+01
1.567105311524753297e+01 6.598795154907770666e+01
1.566152227366740668e+01 6.599065599985419794e+01
1.565201819094873947e+01 6.599334820071483421e+01
1.564254080100880273e+01 6.599602820667188041e+01
1.563309003787447082e+01 6.599869607251650905e+01
1.562366583568238632e+01 6.600135185281935435e+01
1.561426812867911451e+01 6.600399560193109494e+01
1.560489685122129799e+01 6.600662737398300806e+01
1.559555193777580584e+01 6.600924722288758062e+01
1.558623332291988639e+01 6.601185520233904924e+01
1.557694094134131113e+01 6.601445136581399709e+01
1.556767472783851858e+01 6.601703576657190808e+01
1.555843461732075106e+01 6.601960845765577801e+01
1.554922054480819860e+01 6.602216949189269712e+01
1.554003244543213036e+01 6.602471892189440439e+01
1.553087025443502789e+01 6.602725680005791276e+01
1.552173390717071300e+01 6.602978317856606338e+01
1.551262333910447744e+01 6.603229810938815092e+01
1.550353848581320548e+01 6.603480164428049193e+01
1.549447928298549648e+01 6.603729383478702175e+01
1.548544566642178566e+01 6.603977473223990557e+01
1.547643757203445780e+01 6.604224438776010686e+01
1.546745493584796094e+01 6.604470285225801263e+01
1.545849769399892182e+01 6.604715017643401609e+01
1.544956578273625070e+01 6.604958641077914194e+01
1.544065913842124971e+01 6.605201160557560058e+01
1.543177769752771766e+01 6.605442581089742760e+01
1.542292139664204953e+01 6.605682907661110903e+01
1.541409017246333590e+01 6.605922145237613563e+01
1.540528396180345894e+01 6.606160298764562810e+01
1.539650270158719003e+01 6.606397373166697662e+01
1.538774632885227689e+01 6.606633373348240923e+01
1.537901478074953410e+01 6.606868304192963137e+01
1.537030799454293195e+01 6.607102170564240851e+01
1.536162590760967817e+01 6.607334977305119139e+01
1.535296845744030136e+01 6.607566729238374137e+01
1.534433558163873101e+01 6.607797431166574142e+01
1.533572721792237381e+01 6.608027087872137884e+01
1.532714330412219006e+01 6.608255704117401308e+01
1.531858377818276473e+01 6.608483284644674427e+01
1.531004857816238207e+01 6.608709834176303843e+01
1.530153764223308777e+01 6.608935357414739542e+01
1.529305090868075823e+01 6.609159859042588891e+01
1.528458831590516631e+01 6.609383343722683435e+01
1.527614980242003817e+01 6.609605816098139996e+01
1.526773530685311719e+01 6.609827280792423210e+01
1.525934476794621730e+01 6.610047742409405203e+01
1.525097812455528157e+01 6.610267205533429546e+01
1.524263531565043195e+01 6.610485674729373784e+01
1.523431628031602081e+01 6.610703154542709115e+01
1.522602095775068065e+01 6.610919649499565764e+01
1.521774928726736853e+01 6.611135164106792672e+01
1.520950120829341046e+01 6.611349702852020016e+01
1.520127666037054581e+01 6.611563270203723164e+01
1.519307558315496642e+01 6.611775870611283779e+01
1.518489791641735387e+01 6.611987508505052347e+01
1.517674360004291501e+01 6.612198188296410706e+01
1.516861257403141749e+01 6.612407914377831730e+01
1.516050477849722000e+01 6.612616691122947543e+01
1.515242015366930417e+01 6.612824522886604939e+01
1.514435863989130127e+01 6.613031414004932174e+01
1.513632017762151882e+01 6.613237368795400073e+01
1.512830470743296196e+01 6.613442391556884559e+01
1.512031217001336181e+01 6.613646486569729177e+01
1.511234250616518793e+01 6.613849658095807627e+01
1.510439565680567142e+01 6.614051910378584864e+01
1.509647156296682091e+01 6.614253247643179634e+01
1.508857016579543320e+01 6.614453674096426994e+01
1.508069140655311102e+01 6.614653193926943686e+01
1.507283522661626840e+01 6.614851811305183560e+01
1.506500156747614660e+01 6.615049530383505783e+01
1.505719037073881239e+01 6.615246355296234526e+01
1.504940157812516865e+01 6.615442290159722916e+01
1.504163513147095799e+01 6.615637339072411294e+01
1.503389097272676089e+01 6.615831506114895433e+01
1.502616904395799757e+01 6.616024795349981957e+01
1.501846928734492792e+01 6.616217210822753714e+01
1.501079164518264086e+01 6.616408756560633719e+01
1.500313605988105792e+01 6.616599436573442006e+01
1.499550247396491898e+01 6.616789254853463831e+01
1.498789083007377521e+01 6.616978215375505101e+01
1.498030107096197838e+01 6.617166322096959163e+01
1.497273313949867202e+01 6.617353578957865068e+01
1.496518697866777003e+01 6.617539989880971518e+01
1.495766253156794789e+01 6.617725558771797978e+01
1.495015974141262127e+01 6.617910289518697198e+01
1.494267855152992652e+01 6.618094185992912060e+01
1.493521890536270469e+01 6.618277252048645209e+01
1.492778074646847131e+01 6.618459491523111637e+01
1.492036401851940042e+01 6.618640908236608311e+01
1.491296866530229437e+01 6.618821505992566756e+01
1.490559463071855895e+01 6.619001288577622688e+01
1.489824185878417317e+01 6.619180259761672858e+01
1.489091029362965735e+01 6.619358423297934735e+01
1.488359987950004637e+01 6.619535782923009037e+01
1.487631056075485070e+01 6.619712342356943680e+01
1.486904228186802612e+01 6.619888105303290615e+01
1.486179498742793648e+01 6.620063075449166945e+01
1.485456862213731100e+01 6.620237256465316023e+01
1.484736313081321235e+01 6.620410652006169983e+01
1.484017845838698868e+01 6.620583265709909426e+01
1.483301454990423807e+01 6.620755101198520265e+01
1.482587135052475880e+01 6.620926162077859090e+01
1.481874880552250673e+01 6.621096451937710015e+01
1.481164686028555089e+01 6.621265974351847206e+01
1.480456546031602194e+01 6.621434732878093143e+01
1.479750455123006425e+01 6.621602731058378311e+01
1.479046407875778257e+01 6.621769972418803718e+01
1.478344398874319587e+01 6.621936460469696328e+01
1.477644422714417516e+01 6.622102198705674425e+01
1.476946474003239729e+01 6.622267190605700193e+01
1.476250547359328102e+01 6.622431439633146510e+01
1.475556637412593552e+01 6.622594949235849526e+01
1.474864738804309638e+01 6.622757722846174033e+01
1.474174846187106880e+01 6.622919763881068889e+01
1.473486954224966361e+01 6.623081075742125279e+01
1.472801057593213514e+01 6.623241661815639247e+01
1.472117150978511901e+01 6.623401525472667117e+01
1.471435229078856288e+01 6.623560670069085177e+01
1.470755286603566248e+01 6.623719098945650785e+01
1.470077318273279410e+01 6.623876815428057796e+01
1.469401318819944002e+01 6.624033822826994822e+01
1.468727282986812632e+01 6.624190124438206340e+01
1.468055205528434293e+01 6.624345723542548114e+01
1.467385081210647790e+01 6.624500623406046884e+01
1.466716904810573752e+01 6.624654827279955782e+01
1.466050671116607340e+01 6.624808338400815444e+01
1.465386374928410795e+01 6.624961159990509429e+01
1.464724011056905262e+01 6.625113295256323909e+01
1.464063574324263151e+01 6.625264747391001663e+01
1.463405059563900146e+01 6.625415519572803191e+01
1.462748461620467033e+01 6.625565614965560712e+01
1.462093775349841351e+01 6.625715036718736428e+01
1.461440995619119398e+01 6.625863787967480789e+01
1.460790117306607527e+01 6.626011871832687916e+01
1.460141135301813442e+01 6.626159291421051023e+01
1.459494044505437849e+01 6.626306049825122102e+01
1.458848839829365396e+01 6.626452150123364504e+01
1.458205516196656149e+01 6.626597595380214045e+01
1.457564068541536173e+01 6.626742388646130166e+01
1.456924491809388833e+01 6.626886532957655618e+01
1.456286780956745375e+01 6.627030031337470461e+01
1.455650930951275335e+01 6.627172886794447493e+01
1.455016936771777836e+01 6.627315102323710505e+01
1.454384793408171461e+01 6.627456680906685449e+01
1.453754495861484841e+01 6.627597625511160118e+01
1.453126039143847237e+01 6.627737939091336727e+01
1.452499418278478061e+01 6.627877624587888761e+01
1.451874628299677639e+01 6.628016684928013547e+01
1.451251664252816909e+01 6.628155123025487683e+01
1.450630521194327294e+01 6.628292941780725300e+01
1.450011194191690578e+01 6.628430144080826381e+01
1.449393678323428425e+01 6.628566732799637862e+01
1.448777968679092432e+01 6.628702710797800535e+01
1.448164060359253291e+01 6.628838080922810150e+01
1.447551948475490313e+01 6.628972846009067155e+01
1.446941628150380765e+01 6.629107008877930696e+01
1.446333094517489215e+01 6.629240572337774040e+01
1.445726342721356339e+01 6.629373539184037156e+01
1.445121367917488620e+01 6.629505912199280715e+01
1.444518165272346621e+01 6.629637694153237248e+01
1.443916729963334511e+01 6.629768887802867994e+01
1.443317057178788332e+01 6.629899495892411210e+01
1.442719142117965347e+01 6.630029521153437599e+01
1.442122979991032139e+01 6.630158966304905732e+01
1.441528566019053414e+01 6.630287834053207519e+01
1.440935895433980285e+01 6.630416127092226475e+01
1.440344963478639073e+01 6.630543848103387461e+01
1.439755765406719235e+01 6.630670999755710682e+01
1.439168296482761633e+01 6.630797584705860004e+01
1.438582551982147173e+01 6.630923605598198378e+01
1.437998527191084008e+01 6.631049065064838999e+01
1.437416217406596353e+01 6.631173965725692199e+01
1.436835617936511866e+01 6.631298310188523715e+01
1.436256724099449933e+01 6.631422101049000162e+01
1.435679531224809224e+01 6.631545340890743034e+01
1.435104034652755267e+01 6.631668032285379866e+01
1.434530229734208362e+01 6.631790177792592544e+01
1.433958111830830795e+01 6.631911779960169895e+01
1.433387676315014581e+01 6.632032841324055994e+01
1.432818918569868671e+01 6.632153364408404173e+01
1.432251833989206524e+01 6.632273351725623911e+01
1.431686417977533310e+01 6.632392805776430578e+01
1.431122665950032946e+01 6.632511729049896587e+01
1.430560573332555308e+01 6.632630124023502560e+01
1.430000135561603436e+01 6.632747993163181377e+01
1.429441348084320218e+01 6.632865338923375020e+01
1.428884206358475772e+01 6.632982163747077209e+01
1.428328705852453773e+01 6.633098470065887398e+01
1.427774842045238657e+01 6.633214260300054832e+01
1.427222610426402305e+01 6.633329536858529707e+01
1.426672006496090539e+01 6.633444302139014326e+01
1.426123025765009800e+01 6.633558558528007154e+01
1.425575663754413647e+01 6.633672308400852557e+01
1.425029915996089436e+01 6.633785554121789119e+01
1.424485778032344818e+01 6.633898298043999375e+01
1.423943245415993530e+01 6.634010542509655295e+01
1.423402313710342071e+01 6.634122289849965171e+01
1.422862978489176378e+01 6.634233542385223359e+01
1.422325235336747262e+01 6.634344302424857176e+01
1.421789079847756909e+01 6.634454572267472372e+01
1.421254507627344843e+01 6.634564354200902869e+01
1.420721514291074250e+01 6.634673650502254816e+01
1.420190095464917590e+01 6.634782463437954902e+01
1.419660246785242563e+01 6.634890795263795837e+01
1.419131963898798077e+01 6.634998648224986084e+01
1.418605242462699856e+01 6.635106024556191073e+01
1.418080078144416767e+01 6.635212926481582940e+01
1.417556466621755540e+01 6.635319356214884579e+01
1.417034403582847446e+01 6.635425315959415116e+01
1.416513884726133021e+01 6.635530807908139650e+01
1.415994905760348210e+01 6.635635834243707620e+01
1.415477462404509623e+01 6.635740397138505386e+01
1.414961550387899969e+01 6.635844498754694598e+01
1.414447165450053667e+01 6.635948141244264775e+01
1.413934303340741749e+01 6.636051326749070256e+01
1.413422959819957470e+01 6.636154057400879935e+01
1.412913130657901739e+01 6.636256335321421318e+01
1.412404811634968205e+01 6.636358162622423151e+01
1.411897998541727972e+01 6.636459541405660900e+01
1.411392687178915395e+01 6.636560473763000800e+01
1.410888873357412798e+01 6.636660961776442491e+01
1.410386552898235557e+01 6.636761007518163069e+01
1.409885721632517175e+01 6.636860613050563984e+01
1.409386375401494185e+01 6.636959780426309408e+01
1.408888510056490873e+01 6.637058511688373130e+01
1.408392121458904533e+01 6.637156808870079772e+01
1.407897205480189839e+01 6.637254673995148835e+01
1.407403758001844096e+01 6.637352109077735918e+01
1.406911774915391611e+01 6.637449116122479609e+01
1.406421252122368770e+01 6.637545697124538435e+01
1.405932185534308232e+01 6.637641854069637759e+01
1.405444571072723825e+01 6.637737588934108146e+01
1.404958404669095451e+01 6.637832903684929420e+01
1.404473682264852918e+01 6.637927800279774715e+01
1.403990399811361200e+01 6.638022280667048847e+01
1.403508553269904446e+01 6.638116346785930943e+01
1.403028138611670705e+01 6.638210000566415658e+01
1.402549151817735940e+01 6.638303243929354380e+01
1.402071588879049102e+01 6.638396078786499288e+01
1.401595445796415795e+01 6.638488507040538877e+01
1.401120718580482816e+01 6.638580530585144857e+01
1.400647403251722878e+01 6.638672151305006253e+01
1.400175495840418094e+01 6.638763371075877728e+01
1.399704992386644520e+01 6.638854191764612267e+01
1.399235888940256878e+01 6.638944615229205226e+01
1.398768181560871859e+01 6.639034643318835549e+01
1.398301866317852671e+01 6.639124277873904134e+01
1.397836939290293401e+01 6.639213520726072204e+01
1.397373396567002324e+01 6.639302373698303938e+01
1.396911234246486799e+01 6.639390838604903422e+01
1.396450448436936753e+01 6.639478917251555856e+01
1.395991035256208690e+01 6.639566611435365928e+01
1.395532990831810061e+01 6.639653922944894759e+01
1.395076311300882743e+01 6.639740853560203959e+01
1.394620992810187055e+01 6.639827405052888309e+01
1.394167031516085764e+01 6.639913579186118398e+01
1.393714423584527928e+01 6.639999377714678985e+01
1.393263165191032726e+01 6.640084802385004537e+01
1.392813252520672940e+01 6.640169854935220428e+01
1.392364681768059320e+01 6.640254537095178478e+01
1.391917449137323892e+01 6.640338850586496733e+01
1.391471550842103788e+01 6.640422797122595000e+01
1.391026983105525083e+01 6.640506378408734633e+01
1.390583742160186453e+01 6.640589596142055484e+01
1.390141824248142832e+01 6.640672452011611426e+01
1.389701225620888891e+01 6.640754947698410149e+01
1.389261942539343053e+01 6.640837084875447260e+01
1.388823971273830793e+01 6.640918865207746080e+01
1.388387308104068119e+01 6.641000290352391744e+01
1.387951949319145406e+01 6.641081361958568152e+01
1.387517891217511057e+01 6.641162081667596340e+01
1.387085130106954622e+01 6.641242451112968581e+01
1.386653662304590817e+01 6.641322471920385340e+01
1.386223484136842465e+01 6.641402145707792215e+01
1.385794591939424159e+01 6.641481474085412628e+01
1.385366982057326268e+01 6.641560458655786192e+01
1.384940650844797538e+01 6.641639101013804236e+01
1.384515594665328919e+01 6.641717402746745336e+01
1.384091809891637226e+01 6.641795365434307996e+01
1.383669292905648263e+01 6.641872990648647601e+01
1.383248040098479947e+01 6.641950279954413361e+01
1.382828047870426147e+01 6.642027234908778155e+01
1.382409312630939979e+01 6.642103857061478323e+01
1.381991830798616760e+01 6.642180147954844927e+01
1.381575598801177662e+01 6.642256109123839281e+01
1.381160613075453192e+01 6.642331742096088476e+01
1.380746870067365961e+01 6.642407048391915225e+01
1.380334366231914345e+01 6.642482029524377651e+01
1.379923098033155782e+01 6.642556686999299131e+01
1.379513061944189900e+01 6.642631022315302403e+01
1.379104254447141820e+01 6.642705036963845089e+01
1.378696672033145454e+01 6.642778732429250965e+01
1.378290311202326635e+01 6.642852110188744064e+01
1.377885168463786414e+01 6.642925171712482779e+01
1.377481240335584189e+01 6.642997918463592555e+01
1.377078523344721006e+01 6.643070351898195725e+01
1.376677014027122681e+01 6.643142473465448461e+01
1.376276708927623282e+01 6.643214284607570619e+01
1.375877604599947546e+01 6.643285786759881262e+01
1.375479697606695062e+01 6.643356981350827084e+01
1.375082984519322693e+01 6.643427869802017938e+01
1.374687461918127873e+01 6.643498453528255254e+01
1.374293126392231912e+01 6.643568733937568993e+01
1.373899974539563296e+01 6.643638712431244642e+01
1.373508002966840280e+01 6.643708390403857322e+01
1.373117208289554547e+01 6.643777769243303055e+01
1.372727587131953975e+01 6.643846850330830023e+01
1.372339136127026116e+01 6.643915635041069834e+01
1.371951851916480791e+01 6.643984124742068786e+01
1.371565731150733747e+01 6.644052320795319133e+01
1.371180770488889245e+01 6.644120224555787502e+01
1.370796966598723898e+01 6.644187837371949001e+01
1.370414316156668733e+01 6.644255160585817066e+01
1.370032815847793373e+01 6.644322195532973296e+01
1.369652462365788281e+01 6.644388943542597303e+01
1.369273252412948239e+01 6.644455405937497972e+01
1.368895182700155289e+01 6.644521584034141881e+01
1.368518249946862042e+01 6.644587479142685993e+01
1.368142450881074446e+01 6.644653092567006070e+01
1.367767782239335261e+01 6.644718425604725098e+01
1.367394240766706481e+01 6.644783479547245975e+01
1.367021823216753340e+01 6.644848255679777083e+01
1.366650526351526551e+01 6.644912755281364980e+01
1.366280346941545609e+01 6.644976979624921398e+01
1.365911281765782270e+01 6.645040929977253086e+01
1.365543327611642965e+01 6.645104607599093072e+01
1.365176481274952458e+01 6.645168013745123403e+01
1.364810739559936792e+01 6.645231149664012094e+01
1.364446099279205882e+01 6.645294016598434439e+01
1.364082557253737171e+01 6.645356615785104282e+01
1.363720110312858580e+01 6.645418948454805275e+01
1.363358755294231273e+01 6.645481015832413618e+01
1.362998489043833317e+01 6.645542819136929324e+01
1.362639308415941919e+01 6.645604359581504639e+01
1.362281210273117615e+01 6.645665638373469619e+01
1.361924191486186331e+01 6.645726656714361980e+01
1.361568248934222858e+01 6.645787415799954090e+01
1.361213379504534338e+01 6.645847916820279977e+01
1.360859580092642851e+01 6.645908160959663746e+01
1.360506847602268543e+01 6.645968149396745162e+01
1.360155178945312926e+01 6.646027883304506645e+01
1.359804571041842181e+01 6.646087363850303120e+01
1.359455020820069748e+01 6.646146592195886171e+01
1.359106525216339811e+01 6.646205569497432464e+01
1.358759081175110239e+01 6.646264296905569324e+01
1.358412685648935891e+01 6.646322775565401741e+01
1.358067335598451741e+01 6.646381006616537945e+01
1.357723027992355824e+01 6.646438991193116408e+01
1.357379759807392539e+01 6.646496730423832844e+01
1.357037528028335593e+01 6.646554225431965790e+01
1.356696329647971666e+01 6.646611477335400764e+01
1.356356161667082993e+01 6.646668487246658685e+01
1.356017021094431030e+01 6.646725256272920035e+01
1.355678904946739038e+01 6.646781785516051855e+01
1.355341810248675749e+01 6.646838076072630486e+01
1.355005734032838660e+01 6.646894129033971410e+01
1.354670673339736631e+01 6.646949945486149147e+01
1.354336625217773715e+01 6.647005526510025675e+01
1.354003586723232111e+01 6.647060873181276008e+01
1.353671554920255105e+01 6.647115986570412360e+01
1.353340526880831085e+01 6.647170867742806877e+01
1.353010499684775780e+01 6.647225517758718638e+01
1.352681470419716447e+01 6.647279937673319239e+01
1.352353436181074464e+01 6.647334128536715525e+01
1.352026394072048987e+01 6.647388091393972331e+01
1.351700341203600075e+01 6.647441827285140903e+01
1.351375274694431816e+01 6.647495337245278790e+01
1.351051191670976159e+01 6.647548622304476851e+01
1.350728089267375509e+01 6.647601683487881985e+01
1.350405964625466382e+01 6.647654521815722717e+01
1.350084814894763063e+01 6.647707138303329089e+01
1.349764637232440556e+01 6.647759533961161083e+01
1.349445428803317881e+01 6.647811709794827095e+01
1.349127186779841736e+01 6.647863666805112359e+01
1.348809908342069441e+01 6.647915405987997417e+01
1.348493590677652776e+01 6.647966928334685122e+01
1.348178230981821279e+01 6.648018234831621953e+01
1.347863826457365377e+01 6.648069326460522177e+01
1.347550374314620214e+01 6.648120204198389160e+01
1.347237871771448603e+01 6.648170869017539530e+01
1.346926316053224859e+01 6.648221321885623070e+01
1.346615704392818103e+01 6.648271563765649717e+01
1.346306034030575915e+01 6.648321595616009461e+01
1.345997302214307290e+01 6.648371418390493659e+01
1.345689506199266994e+01 6.648421033038320616e+01
1.345382643248137988e+01 6.648470440504152634e+01
1.345076710631016148e+01 6.648519641728124441e+01
1.344771705625392677e+01 6.648568637645860235e+01
1.344467625516138654e+01 6.648617429188497852e+01
1.344164467595487622e+01 6.648666017282710072e+01
1.343862229163019961e+01 6.648714402850724525e+01
1.343560907525646009e+01 6.648762586810347841e+01
1.343260499997590074e+01 6.648810570074985549e+01
1.342961003900373562e+01 6.648858353553663392e+01
1.342662416562798988e+01 6.648905938151051487e+01
1.342364735320933455e+01 6.648953324767481377e+01
1.342067957518092314e+01 6.649000514298968767e+01
1.341772080504822995e+01 6.649047507637233423e+01
1.341477101638888314e+01 6.649094305669724747e+01
1.341183018285250839e+01 6.649140909279634570e+01
1.340889827816056190e+01 6.649187319345925573e+01
1.340597527610616524e+01 6.649233536743348338e+01
1.340306115055394720e+01 6.649279562342459826e+01
1.340015587543988218e+01 6.649325397009646110e+01
1.339725942477112319e+01 6.649371041607145116e+01
1.339437177262584555e+01 6.649416496993060832e+01
1.339149289315307989e+01 6.649461764021390309e+01
1.338862276057255585e+01 6.649506843542037871e+01
1.338576134917453508e+01 6.649551736400837854e+01
1.338290863331965319e+01 6.649596443439573079e+01
1.338006458743875804e+01 6.649640965495996170e+01
1.337722918603275168e+01 6.649685303403849446e+01
1.337440240367242161e+01 6.649729457992881976e+01
1.337158421499828798e+01 6.649773430088870896e+01
1.336877459472044194e+01 6.649817220513641303e+01
1.336597351761838048e+01 6.649860830085083307e+01
1.336318095854085186e+01 6.649904259617173352e+01
1.336039689240569217e+01 6.649947509919991262e+01
1.335762129419966726e+01 6.649990581799742984e+01
1.335485413897831464e+01 6.650033476058773374e+01
1.335209540186578003e+01 6.650076193495593202e+01
1.334934505805466110e+01 6.650118734904889095e+01
1.334660308280584751e+01 6.650161101077549120e+01
1.334386945144836290e+01 6.650203292800678412e+01
1.334114413937920673e+01 6.650245310857616232e+01
1.333842712206319270e+01 6.650287156027957280e+01
1.333571837503279411e+01 6.650328829087568749e+01
1.333301787388798232e+01 6.650370330808608799e+01
1.333032559429607389e+01 6.650411661959545029e+01
1.332764151199156721e+01 6.650452823305170114e+01
1.332496560277598796e+01 6.650493815606621695e+01
1.332229784251773275e+01 6.650534639621402277e+01
1.331963820715190927e+01 6.650575296103393441e+01
1.331698667268018177e+01 6.650615785802874314e+01
1.331434321517061292e+01 6.650656109466541466e+01
1.331170781075750753e+01 6.650696267837523123e+01
1.330908043564125620e+01 6.650736261655400483e+01
1.330646106608817902e+01 6.650776091656221922e+01
1.330384967843037103e+01 6.650815758572521474e+01
1.330124624906554409e+01 6.650855263133334461e+01
1.329865075445687239e+01 6.650894606064218806e+01
1.329606317113283964e+01 6.650933788087267828e+01
1.329348347568708100e+01 6.650972809921128714e+01
1.329091164477822673e+01 6.651011672281018150e+01
1.328834765512975302e+01 6.651050375878743637e+01
1.328579148352982031e+01 6.651088921422713440e+01
1.328324310683112408e+01 6.651127309617959327e+01
1.328070250195074209e+01 6.651165541166150774e+01
1.327816964586997273e+01 6.651203616765609183e+01
1.327564451563419112e+01 6.651241537111326352e+01
1.327312708835268751e+01 6.651279302894982948e+01
1.327061734119851977e+01 6.651316914804961300e+01
1.326811525140835712e+01 6.651354373526362451e+01
1.326562079628232915e+01 6.651391679741023211e+01
1.326313395318386945e+01 6.651428834127531786e+01
1.326065469953956999e+01 6.651465837361243416e+01
1.325818301283902123e+01 6.651502690114297422e+01
1.325571887063466470e+01 6.651539393055630001e+01
1.325326225054164375e+01 6.651575946850992693e+01
1.325081313023764373e+01 6.651612352162968023e+01
1.324837148746274984e+01 6.651648609650985122e+01
1.324593730001928904e+01 6.651684719971331106e+01
1.324351054577168441e+01 6.651720683777172383e+01
1.324109120264629880e+01 6.651756501718567449e+01
1.323867924863128920e+01 6.651792174442479677e+01
1.323627466177645573e+01 6.651827702592797209e+01
1.323387742019309066e+01 6.651863086810345749e+01
1.323148750205382917e+01 6.651898327732902771e+01
1.322910488559249842e+01 6.651933425995213156e+01
1.322672954910396825e+01 6.651968382229006238e+01
1.322436147094400560e+01 6.652003197063005757e+01
1.322200062952912170e+01 6.652037871122949753e+01
1.321964700333642639e+01 6.652072405031601932e+01
1.321730057090347543e+01 6.652106799408767301e+01
1.321496131082812830e+01 6.652141054871307801e+01
1.321262920176839550e+01 6.652175172033156514e+01
1.321030422244229108e+01 6.652209151505329032e+01
1.320798635162768875e+01 6.652242993895940515e+01
1.320567556816217092e+01 6.652276699810221317e+01
1.320337185094288301e+01 6.652310269850528357e+01
1.320107517892638782e+01 6.652343704616359332e+01
1.319878553112851627e+01 6.652377004704369767e+01
1.319650288662422177e+01 6.652410170708384385e+01
1.319422722454743813e+01 6.652443203219409895e+01
1.319195852409092851e+01 6.652476102825653470e+01
1.318969676450614159e+01 6.652508870112531270e+01
1.318744192510306590e+01 6.652541505662685495e+01
1.318519398525008590e+01 6.652574010055997178e+01
1.318295292437383637e+01 6.652606383869598972e+01
1.318071872195905669e+01 6.652638627677890781e+01
1.317849135754844703e+01 6.652670742052549713e+01
1.317627081074252615e+01 6.652702727562548546e+01
1.317405706119948228e+01 6.652734584774162840e+01
1.317185008863503448e+01 6.652766314250989410e+01
1.316964987282228705e+01 6.652797916553957691e+01
1.316745639359158737e+01 6.652829392241342532e+01
1.316526963083038027e+01 6.652860741868775563e+01
1.316308956448306766e+01 6.652891965989263667e+01
1.316091617455086471e+01 6.652923065153194671e+01
1.315874944109165945e+01 6.652954039908355810e+01
1.315658934421986714e+01 6.652984890799945106e+01
1.315443586410629173e+01 6.653015618370582729e+01
1.315228898097798371e+01 6.653046223160325212e+01
1.315014867511809626e+01 6.653076705706676819e+01
1.314801492686574846e+01 6.653107066544603754e+01
1.314588771661587785e+01 6.653137306206544110e+01
1.314376702481910719e+01 6.653167425222423503e+01
1.314165283198160061e+01 6.653197424119663594e+01
1.313954511866492325e+01 6.653227303423199146e+01
1.313744386548589915e+01 6.653257063655487968e+01
1.313534905311647805e+01 6.653286705336520868e+01
1.313326066228358968e+01 6.653316228983835856e+01
1.313117867376900882e+01 6.653345635112532364e+01
1.312910306840921137e+01 6.653374924235279764e+01
1.312703382709524114e+01 6.653404096862330164e+01
1.312497093077256949e+01 6.653433153501532615e+01
1.312291436044095505e+01 6.653462094658340220e+01
1.312086409715431046e+01 6.653490920835828604e+01
1.311882012202055847e+01 6.653519632534701600e+01
1.311678241620149699e+01 6.653548230253305462e+01
1.311475096091266757e+01 6.653576714487640231e+01
1.311272573742320802e+01 6.653605085731372526e+01
1.311070672705572449e+01 6.653633344475845490e+01
1.310869391118615113e+01 6.653661491210088741e+01
1.310668727124361510e+01 6.653689526420832578e+01
1.310468678871029802e+01 6.653717450592519356e+01
1.310269244512130271e+01 6.653745264207313426e+01
1.310070422206451823e+01 6.653772967745112510e+01
1.309872210118048130e+01 6.653800561683559067e+01
1.309674606416224663e+01 6.653828046498050242e+01
1.309477609275524834e+01 6.653855422661750652e+01
1.309281216875716680e+01 6.653882690645603759e+01
1.309085427401779178e+01 6.653909850918341817e+01
1.308890239043889281e+01 6.653936903946494397e+01
1.308695649997408239e+01 6.653963850194405438e+01
1.308501658462868456e+01 6.653990690124236096e+01
1.308308262645959985e+01 6.654017424195983210e+01
1.308115460757517212e+01 6.654044052867483572e+01
1.307923251013505883e+01 6.654070576594428132e+01
1.307731631635009428e+01 6.654096995830373373e+01
1.307540600848216172e+01 6.654123311026748411e+01
1.307350156884405656e+01 6.654149522632867786e+01
1.307160297979936026e+01 6.654175631095941412e+01
1.306971022376230529e+01 6.654201636861084523e+01
1.306782328319764375e+01 6.654227540371329042e+01
1.306594214062051762e+01 6.654253342067632104e+01
1.306406677859632737e+01 6.654279042388888854e+01
1.306219717974060224e+01 6.654304641771940965e+01
1.306033332671887059e+01 6.654330140651585168e+01
1.305847520224652669e+01 6.654355539460586044e+01
1.305662278908870455e+01 6.654380838629684547e+01
1.305477607006014829e+01 6.654406038587609373e+01
1.305293502802508065e+01 6.654431139761085490e+01
1.305109964589707694e+01 6.654456142574844080e+01
1.304926990663893172e+01 6.654481047451632492e+01
1.304744579326253451e+01 6.654505854812225607e+01
1.304562728882874190e+01 6.654530565075432946e+01
1.304381437644724606e+01 6.654555178658108616e+01
1.304200703927645044e+01 6.654579695975164100e+01
1.304020526052334183e+01 6.654604117439573940e+01
1.303840902344335895e+01 6.654628443462387111e+01
1.303661831134027338e+01 6.654652674452736960e+01
1.303483310756605462e+01 6.654676810817849741e+01
1.303305339552075104e+01 6.654700852963054558e+01
1.303127915865235664e+01 6.654724801291791891e+01
1.302951038045669208e+01 6.654748656205622126e+01
1.302774704447727139e+01 6.654772418104238341e+01
1.302598913430518479e+01 6.654796087385471992e+01
1.302423663357896721e+01 6.654819664445302863e+01
1.302248952598447751e+01 6.654843149677869008e+01
1.302074779525477055e+01 6.654866543475475282e+01
1.301901142516997467e+01 6.654889846228603290e+01
1.301728039955716731e+01 6.654913058325918485e+01
1.301555470229025069e+01 6.654936180154281544e+01
1.301383431728982742e+01 6.654959212098754051e+01
1.301211922852308156e+01 6.654982154542609862e+01
1.301040942000364709e+01 6.655005007867342215e+01
1.300870487579149426e+01 6.655027772452675094e+01
1.300700557999279994e+01 6.655050448676568919e+01
1.300531151675982855e+01 6.655073036915231910e+01
1.300362267029081131e+01 6.655095537543125772e+01
1.300193902482982011e+01 6.655117950932977067e+01
1.300026056466664848e+01 6.655140277455782893e+01
1.299858727413669079e+01 6.655162517480823681e+01
1.299691913762081974e+01 6.655184671375666028e+01
1.299525613954526548e+01 6.655206739506175495e+01
1.299359826438149668e+01 6.655228722236523708e+01
1.299194549664609966e+01 6.655250619929195466e+01
1.299029782090065588e+01 6.655272432945000105e+01
1.298865522175162468e+01 6.655294161643074347e+01
1.298701768385022248e+01 6.655315806380896504e+01
1.298538519189230556e+01 6.655337367514290747e+01
1.298375773061824745e+01 6.655358845397437051e+01
1.298213528481281998e+01 6.655380240382878299e+01
1.298051783930508130e+01 6.655401552821528810e+01
1.297890537896824981e+01 6.655422783062681447e+01
1.297729788871958867e+01 6.655443931454017559e+01
1.297569535352029035e+01 6.655464998341611249e+01
1.297409775837535406e+01 6.655485984069942162e+01
1.297250508833347382e+01 6.655506888981899749e+01
1.297091732848691947e+01 6.655527713418793212e+01
1.296933446397141765e+01 6.655548457720355771e+01
1.296775647996603631e+01 6.655569122224756029e+01
1.296618336169307106e+01 6.655589707268605082e+01
1.296461509441792437e+01 6.655610213186962199e+01
1.296305166344899540e+01 6.655630640313344770e+01
1.296149305413755748e+01 6.655650988979733995e+01
1.295993925187764972e+01 6.655671259516583405e+01
1.295839024210595802e+01 6.655691452252825968e+01
1.295684601030170136e+01 6.655711567515882621e+01
1.295530654198651455e+01 6.655731605631666525e+01
1.295377182272433814e+01 6.655751566924595863e+01
1.295224183812130292e+01 6.655771451717595255e+01
1.295071657382561447e+01 6.655791260332107129e+01
1.294919601552744126e+01 6.655810993088097405e+01
1.294768014895879915e+01 6.655830650304064022e+01
1.294616895989344130e+01 6.655850232297039781e+01
1.294466243414674445e+01 6.655869739382606554e+01
1.294316055757559347e+01 6.655889171874896704e+01
1.294166331607827303e+01 6.655908530086603037e+01
1.294017069559435384e+01 6.655927814328984482e+01
1.293868268210457906e+01 6.655947024911873200e+01
1.293719926163075762e+01 6.655966162143681686e+01
1.293572042023564528e+01 6.655985226331411297e+01
1.293424614402283979e+01 6.656004217780656518e+01
1.293277641913666898e+01 6.656023136795613482e+01
1.293131123176207886e+01 6.656041983679087082e+01
1.292985056812452171e+01 6.656060758732496652e+01
1.292839441448984950e+01 6.656079462255883072e+01
1.292694275716420371e+01 6.656098094547915878e+01
1.292549558249389996e+01 6.656116655905898938e+01
1.292405287686532667e+01 6.656135146625778987e+01
1.292261462670483141e+01 6.656153567002151306e+01
1.292118081847861255e+01 6.656171917328266829e+01
1.291975143869260911e+01 6.656190197896034988e+01
1.291832647389239774e+01 6.656208408996036496e+01
1.291690591066307725e+01 6.656226550917526197e+01
1.291548973562916736e+01 6.656244623948440164e+01
1.291407793545449678e+01 6.656262628375399970e+01
1.291267049684209667e+01 6.656280564483722628e+01
1.291126740653409399e+01 6.656298432557426281e+01
1.290986865131160499e+01 6.656316232879234462e+01
1.290847421799462680e+01 6.656333965730584623e+01
1.290708409344193264e+01 6.656351631391633816e+01
1.290569826455096525e+01 6.656369230141262960e+01
1.290431671825773030e+01 6.656386762257085365e+01
1.290293944153669159e+01 6.656404228015453839e+01
1.290156642140066445e+01 6.656421627691463527e+01
1.290019764490071097e+01 6.656438961558959022e+01
1.289883309912603693e+01 6.656456229890542886e+01
1.289747277120388169e+01 6.656473432957579917e+01
1.289611664829942050e+01 6.656490571030202830e+01
1.289476471761565435e+01 6.656507644377317945e+01
1.289341696639331047e+01 6.656524653266613711e+01
1.289207338191073582e+01 6.656541597964562129e+01
1.289073395148379397e+01 6.656558478736431539e+01
1.288939866246576216e+01 6.656575295846283780e+01
1.288806750224722819e+01 6.656592049556986979e+01
1.288674045825598746e+01 6.656608740130219815e+01
1.288541751795693990e+01 6.656625367826474360e+01
1.288409866885198873e+01 6.656641932905064607e+01
1.288278389847993921e+01 6.656658435624132153e+01
1.288147319441639205e+01 6.656674876240651884e+01
1.288016654427364749e+01 6.656691255010434816e+01
1.287886393570059873e+01 6.656707572188138045e+01
1.287756535638263600e+01 6.656723828027269008e+01
1.287627079404154351e+01 6.656740022780186905e+01
1.287498023643539469e+01 6.656756156698114069e+01
1.287369367135845799e+01 6.656772230031140225e+01
1.287241108664109390e+01 6.656788243028225338e+01
1.287113247014965367e+01 6.656804195937205293e+01
1.286985780978638338e+01 6.656820089004801844e+01
1.286858709348931917e+01 6.656835922476622613e+01
1.286732030923219128e+01 6.656851696597171042e+01
1.286605744502432458e+01 6.656867411609846386e+01
1.286479848891054090e+01 6.656883067756955086e+01
1.286354342897105774e+01 6.656898665279712191e+01
1.286229225332139237e+01 6.656914204418247039e+01
1.286104495011226057e+01 6.656929685411608943e+01
1.285980150752948248e+01 6.656945108497772878e+01
1.285856191379388491e+01 6.656960473913645160e+01
1.285732615716119831e+01 6.656975781895067712e+01
1.285609422592196793e+01 6.656991032676823750e+01
1.285486610840144905e+01 6.657006226492640621e+01
1.285364179295951637e+01 6.657021363575196915e+01
