1.000000000000000000e+01 1.000000000000000000e+02
9.995119762131457364e+00 1.001811494321629681e+02
9.990034164472035627e+00 1.003613562516247839e+02
9.984747434121258536e+00 1.005406350691106070e+02
9.979263703751348302e+00 1.007190001803365504e+02
9.973587014316485977e+00 1.008964655717046384e+02
9.967721317668599923e+00 1.010730449259147008e+02
9.961670479083380769e+00 1.012487516274935331e+02
9.955438279700004500e+00 1.014235987682419022e+02
9.949028418877947644e+00 1.015975991525997983e+02
9.942444516474086669e+00 1.017707653029306272e+02
9.935690115043168902e+00 1.019431094647248557e+02
9.928768681964594833e+00 1.021146436117239489e+02
9.921683611498327338e+00 1.022853794509652232e+02
9.914438226772615437e+00 1.024553284277484977e+02
9.907035781706127864e+00 1.026245017305252816e+02
9.899479462866960233e+00 1.027929102957113514e+02
9.891772391270885478e+00 1.029605648124236410e+02
9.883917624121117740e+00 1.031274757271422828e+02
9.875918156491765743e+00 1.032936532482987246e+02
9.867776922957055774e+00 1.034591073507908590e+02
9.859496799168324443e+00 1.036238477804261322e+02
9.851080603380701461e+00 1.037878840582934714e+02
9.842531097931310313e+00 1.039512254850651232e+02
9.833850990670761405e+00 1.041138811452292714e+02
9.825042936349618117e+00 1.042758599112544289e+02
9.816109537961461129e+00 1.044371704476865261e+02
9.807053348044114216e+00 1.045978212151797635e+02
9.797876869940520095e+00 1.047578204744620223e+02
9.788582559020699847e+00 1.049171762902359433e+02
9.779172823866179698e+00 1.050758965350165539e+02
9.769650027418210314e+00 1.052339888929063676e+02
9.760016488091038056e+00 1.053914608633089358e+02
9.750274480851468084e+00 1.055483197645817626e+02
9.740426238265875725e+00 1.057045727376295048e+02
9.730473951515806519e+00 1.058602267494383824e+02
9.720419771383244978e+00 1.060152885965526792e+02
9.710265809206596543e+00 1.061697649084941730e+02
9.700014137808381065e+00 1.063236621511255606e+02
9.689666792395611239e+00 1.064769866299585033e+02
9.679225771433777936e+00 1.066297444934073013e+02
9.668693037495328824e+00 1.067819417359890366e+02
9.658070518083521350e+00 1.069335842014709499e+02
9.647360106432449456e+00 1.070846775859658919e+02
9.636563662284057585e+00 1.072352274409767290e+02
9.625683012642904046e+00 1.073852391763903853e+02
9.614719952509414469e+00 1.075347180634223747e+02
9.603676245592327021e+00 1.076836692375126177e+02
9.592553625001022155e+00 1.078320977011731827e+02
9.581353793918394146e+00 1.079800083267888340e+02
9.570078426254898574e+00 1.081274058593710237e+02
9.558729167284393924e+00 1.082742949192661115e+02
9.547307634262354625e+00 1.084206800048184505e+02
9.535815417027036389e+00 1.085665654949891206e+02
9.524254078584135641e+00 1.087119556519308787e+02
9.512625155675483057e+00 1.088568546235201211e+02
9.500930159332257929e+00 1.090012664458464258e+02
9.489170575413242048e+00 1.091451950456603441e+02
9.477347865128567861e+00 1.092886442427801370e+02
9.465463465549433408e+00 1.094316177524579672e+02
9.453518790104206815e+00 1.095741191877062448e+02
9.441515229061373304e+00 1.097161520615847081e+02
9.429454149999704882e+00 1.098577197894488791e+02
9.417336898266079004e+00 1.099988256911603060e+02
9.405164797421310396e+00 1.101394729932594032e+02
9.392939149674372601e+00 1.102796648311012433e+02
9.380661236305368078e+00 1.104194042509549831e+02
9.368332318077589704e+00 1.105586942120674223e+02
9.355953635639009391e+00 1.106975375886911479e+02
9.343526409913511799e+00 1.108359371720779620e+02
9.331051842482191105e+00 1.109738956724379335e+02
9.318531115955002164e+00 1.111114157208646418e+02
9.305965394333069796e+00 1.112484998712271675e+02
9.293355823361924450e+00 1.113851506020291851e+02
9.280703530875941354e+00 1.115213703182357960e+02
9.268009627134244255e+00 1.116571613530684033e+02
9.255275205148334905e+00 1.117925259697682492e+02
9.242501341001679194e+00 1.119274663633289322e+02
9.229689094161500407e+00 1.120619846621984408e+02
9.216839507782999874e+00 1.121960829299511317e+02
9.203953609006235936e+00 1.123297631669300216e+02
9.191032409245867285e+00 1.124630273118599320e+02
9.178076904473977393e+00 1.125958772434317581e+02
9.165088075496166553e+00 1.127283147818584297e+02
9.152066888221124685e+00 1.128603416904028336e+02
9.139014293923860777e+00 1.129919596768781958e+02
9.125931229502773689e+00 1.131231703951212637e+02
9.112818617730740200e+00 1.132539754464386590e+02
9.099677367500390801e+00 1.133843763810268683e+02
9.086508374063747340e+00 1.135143746993661580e+02
9.073312519266361065e+00 1.136439718535887664e+02
9.060090671776137583e+00 1.137731692488219153e+02
9.046843687306960646e+00 1.139019682445057242e+02
9.033572408837297729e+00 1.140303701556866258e+02
9.020277666823897533e+00 1.141583762542864662e+02
9.006960279410737513e+00 1.142859877703477878e+02
8.993621052633342217e+00 1.144132058932554230e+02
8.980260780618598559e+00 1.145400317729349950e+02
8.966880245780199488e+00 1.146664665210283829e+02
8.953480219009835039e+00 1.147925112120467190e+02
8.940061459864242721e+00 1.149181668845010904e+02
8.926624716748227328e+00 1.150434345420112408e+02
8.913170727093772783e+00 1.151683151543927863e+02
8.899700217535336577e+00 1.152928096587229589e+02
8.886213904081444070e+00 1.154169189603854733e+02
8.872712492282662566e+00 1.155406439340945610e+02
8.859196677396072417e+00 1.156639854248987120e+02
8.845667144546320415e+00 1.157869442491641792e+02
8.832124568883340743e+00 1.159095211955387441e+02
8.818569615736837619e+00 1.160317170258958726e+02
8.805002940767614916e+00 1.161535324762596701e+02
8.791425190115834454e+00 1.162749682577107677e+02
8.777837000546281132e+00 1.163960250572735902e+02
8.764238999590714840e+00 1.165167035387851371e+02
8.750631805687385523e+00 1.166370043437456445e+02
8.737016028317786009e+00 1.167569280921512700e+02
8.723392268140704786e+00 1.168764753833092271e+02
8.709761117123658636e+00 1.169956467966355120e+02
8.696123158671767328e+00 1.171144428924354628e+02
8.682478967754134302e+00 1.172328642126675646e+02
8.668829111027799073e+00 1.173509112816905429e+02
8.655174146959319970e+00 1.174685846069941562e+02
8.641514625944045846e+00 1.175858846799138462e+02
8.627851090423142466e+00 1.177028119763294853e+02
8.614184074998412655e+00 1.178193669573485636e+02
8.600514106544990156e+00 1.179355500699739423e+02
8.586841704321926727e+00 1.180513617477564026e+02
8.573167380080761291e+00 1.181668024114323430e+02
8.559491638172083583e+00 1.182818724695467267e+02
8.545814975650170453e+00 1.183965723190616188e+02
8.532137882375728566e+00 1.185109023459503845e+02
8.518460841116780813e+00 1.186248629257779612e+02
8.504784327647762154e+00 1.187384544242672320e+02
8.491108810846849764e+00 1.188516771978519415e+02
8.477434752791575434e+00 1.189645315942160977e+02
8.463762608852759328e+00 1.190770179528203414e+02
8.450092827786813032e+00 1.191891366054152996e+02
8.436425851826433231e+00 1.193008878765422196e+02
8.422762116769739293e+00 1.194122720840210548e+02
8.409102052067883193e+00 1.195232895394262869e+02
8.395446080911165510e+00 1.196339405485505409e+02
8.381794620313698374e+00 1.197442254118563341e+02
8.368148081196647325e+00 1.198541444249160577e+02
8.354506868470073400e+00 1.199636978788404491e+02
8.340871381113418082e+00 1.200728860606957227e+02
8.327242012254664871e+00 1.201817092539095455e+02
8.313619149248193452e+00 1.202901677386660424e+02
8.300003173751367314e+00 1.203982617922900289e+02
8.286394461799876154e+00 1.205059916896206573e+02
8.272793383881861473e+00 1.206133577033747031e+02
8.259200305010857335e+00 1.207203601044995196e+02
8.245615584797564068e+00 1.208269991625160458e+02
8.232039577520488649e+00 1.209332751458518516e+02
8.218472632195464200e+00 1.210391883221645912e+02
8.204915092644082364e+00 1.211447389586558074e+02
8.191367297561063410e+00 1.212499273223754841e+02
8.177829580580578295e+00 1.213547536805173621e+02
8.164302270341543988e+00 1.214592183007052029e+02
8.150785690551925811e+00 1.215633214512702551e+02
8.137280160052057454e+00 1.216670634015200250e+02
8.123785992876994655e+00 1.217704444219984339e+02
8.110303498317938065e+00 1.218734647847376920e+02
8.096832980982725303e+00 1.219761247635018862e+02
8.083374740855431284e+00 1.220784246340225536e+02
8.069929073355071480e+00 1.221803646742262970e+02
8.056496269393450760e+00 1.222819451644546547e+02
8.043076615432152465e+00 1.223831663876763685e+02
8.029670393538701489e+00 1.224840286296921761e+02
8.016277881441912001e+00 1.225845321793322711e+02
8.002899352586425152e+00 1.226846773286466430e+02
7.989535076186474072e+00 1.227844643730882694e+02
7.976185317278871700e+00 1.228838936116895439e+02
7.962850336775246340e+00 1.229829653472318256e+02
7.949530391513535577e+00 1.230816798864084802e+02
7.936225734308752777e+00 1.231800375399813419e+02
7.922936614003045719e+00 1.232780386229308505e+02
7.909663275515047332e+00 1.233756834546000078e+02
7.896405959888547876e+00 1.234729723588321519e+02
7.883164904340488555e+00 1.235699056641028477e+02
7.869940342308295200e+00 1.236664837036459090e+02
7.856732503496561826e+00 1.237627068155736652e+02
7.843541613923097344e+00 1.238585753429916991e+02
7.830367895964346125e+00 1.239540896341080298e+02
7.817211568400192157e+00 1.240492500423370217e+02
7.804072846458160129e+00 1.241440569263980080e+02
7.790951941857023222e+00 1.242385106504087702e+02
7.777849062849827355e+00 1.243326115839740993e+02
7.764764414266344339e+00 1.244263601022693280e+02
7.751698197554957481e+00 1.245197565861191720e+02
7.738650610824000076e+00 1.246128014220718825e+02
7.725621848882546772e+00 1.247054950024688083e+02
7.712612103280670262e+00 1.247978377255094671e+02
7.699621562349173054e+00 1.248898299953122972e+02
7.686650411238803215e+00 1.249814722219711740e+02
7.673698831958961186e+00 1.250727648216076915e+02
7.660767003415907439e+00 1.251637082164194510e+02
7.647855101450478976e+00 1.252543028347243563e+02
7.634963298875321769e+00 1.253445491110010721e+02
7.622091765511649797e+00 1.254344474859256877e+02
7.609240668225531579e+00 1.255239984064047434e+02
7.596410170963722841e+00 1.256132023256046182e+02
7.583600434789041778e+00 1.257020597029774791e+02
7.570811617915299330e+00 1.257905710042837910e+02
7.558043875741793372e+00 1.258787367016115439e+02
7.545297360887367688e+00 1.259665572733922119e+02
7.532572223224047292e+00 1.260540332044135994e+02
7.519868609910257184e+00 1.261411649858296329e+02
7.507186665423625449e+00 1.262279531151671108e+02
7.494526531593384000e+00 1.263143980963296400e+02
7.481888347632367875e+00 1.264005004395987015e+02
7.469272250168621952e+00 1.264862606616319738e+02
7.456678373276620420e+00 1.265716792854590267e+02
7.444106848508103447e+00 1.266567568404743724e+02
7.431557804922539034e+00 1.267414938624280722e+02
7.419031369117213615e+00 1.268258908934138134e+02
7.406527665256956716e+00 1.269099484818546983e+02
7.394046815103510362e+00 1.269936671824866607e+02
7.381588938044538750e+00 1.270770475563397213e+02
7.369154151122289775e+00 1.271600901707170124e+02
7.356742569061915482e+00 1.272427955991717141e+02
7.344354304299450575e+00 1.273251644214820146e+02
7.331989467009456973e+00 1.274071972236240384e+02
7.319648165132337958e+00 1.274888945977428847e+02
7.307330504401329918e+00 1.275702571421218181e+02
7.295036588369169017e+00 1.276512854611496977e+02
7.282766518434447001e+00 1.277319801652866573e+02
7.270520393867650810e+00 1.278123418710281243e+02
7.258298311836898442e+00 1.278923712008672169e+02
7.246100367433370160e+00 1.279720687832556081e+02
7.233926653696440390e+00 1.280514352525628681e+02
7.221777261638514744e+00 1.281304712490343718e+02
7.209652280269578384e+00 1.282091774187478563e+02
7.197551796621453946e+00 1.282875544135685004e+02
7.185475895771777921e+00 1.283656028911028955e+02
7.173424660867700808e+00 1.284433235146516381e+02
7.161398173149305713e+00 1.285207169531607860e+02
7.149396511972759605e+00 1.285977838811721483e+02
7.137419754833195462e+00 1.286745249787725243e+02
7.125467977387327956e+00 1.287509409315418054e+02
7.113541253475808901e+00 1.288270324305001395e+02
7.101639655145326913e+00 1.289028001720540999e+02
7.089763252670445937e+00 1.289782448579419452e+02
7.077912114575202196e+00 1.290533671951779979e+02
7.066086307654443566e+00 1.291281678959961141e+02
7.054285896994930027e+00 1.292026476777925268e+02
7.042510945996192540e+00 1.292768072630677523e+02
7.030761516391146770e+00 1.293506473793678140e+02
7.019037668266480345e+00 1.294241687592248695e+02
7.007339460082801175e+00 1.294973721400971272e+02
6.995666948694557519e+00 1.295702582643081371e+02
6.984020189369731568e+00 1.296428278789854858e+02
6.972399235809309204e+00 1.297150817359990356e+02
6.960804140166529486e+00 1.297870205918986244e+02
6.949234953065911213e+00 1.298586452078511968e+02
6.937691723622071649e+00 1.299299563495776226e+02
6.926174499458323197e+00 1.300009547872890039e+02
6.914683326725066692e+00 1.300716412956226407e+02
6.903218250117971522e+00 1.301420166535776559e+02
6.891779312895955911e+00 1.302120816444503077e+02
6.880366556898958486e+00 1.302818370557688468e+02
6.868980022565514432e+00 1.303512836792284020e+02
6.857619748950128269e+00 1.304204223106253266e+02
6.846285773740458325e+00 1.304892537497915157e+02
6.834978133274300482e+00 1.305577788005284674e+02
6.823696862556385412e+00 1.306259982705411176e+02
6.812441995274987505e+00 1.306939129713717023e+02
6.801213563818344632e+00 1.307615237183333363e+02
6.790011599290894928e+00 1.308288313304435633e+02
6.778836131529332398e+00 1.308958366303577918e+02
6.767687189118481328e+00 1.309625404443028174e+02
6.756564799406996613e+00 1.310289436020100595e+02
6.745468988522882015e+00 1.310950469366490836e+02
6.734399781388840545e+00 1.311608512847609234e+02
6.723357201737451661e+00 1.312263574861914606e+02
6.712341272126176150e+00 1.312915663840249749e+02
6.701352013952199371e+00 1.313564788245176089e+02
6.690389447467103068e+00 1.314210956570310316e+02
6.679453591791377320e+00 1.314854177339661021e+02
6.668544464928768178e+00 1.315494459106967611e+02
6.657662083780468087e+00 1.316131810455040068e+02
6.646806464159146444e+00 1.316766239995099568e+02
6.635977620802823829e+00 1.317397756366121655e+02
6.625175567388592590e+00 1.318026368234181405e+02
6.614400316546185543e+00 1.318652084291799156e+02
6.603651879871391017e+00 1.319274913257290223e+02
6.592930267939323130e+00 1.319894863874114890e+02
6.582235490317540183e+00 1.320511944910232387e+02
6.571567555579018283e+00 1.321126165157456853e+02
6.560926471314984632e+00 1.321737533430814722e+02
6.550312244147602492e+00 1.322346058567906937e+02
6.539724879742521146e+00 1.322951749428272308e+02
6.529164382821280199e+00 1.323554614892754273e+02
6.518630757173583312e+00 1.324154663862871644e+02
6.508124005669429835e+00 1.324751905260190767e+02
6.497644130271114093e+00 1.325346348025702241e+02
6.487191132045094122e+00 1.325938001119201033e+02
6.476765011173722719e+00 1.326526873518668879e+02
6.466365766966855055e+00 1.327112974219661226e+02
6.455993397873323936e+00 1.327696312234697871e+02
6.445647901492287168e+00 1.328276896592656442e+02
6.435329274584452364e+00 1.328854736338170142e+02
6.425037513083173835e+00 1.329429840531030038e+02
6.414772612105430483e+00 1.330002218245589347e+02
6.404534565962676673e+00 1.330571878570173681e+02
6.394323368171578537e+00 1.331138830606494707e+02
6.384139011464627700e+00 1.331703083469067508e+02
6.373981487800638668e+00 1.332264646284631908e+02
6.363850788375128964e+00 1.332823528191579783e+02
6.353746903630586473e+00 1.333379738339383778e+02
6.343669823266619545e+00 1.333933285888033140e+02
6.333619536249998738e+00 1.334484180007472673e+02
6.323596030824583991e+00 1.335032429877045388e+02
6.313599294521141658e+00 1.335578044684941403e+02
6.303629314167057629e+00 1.336121033627649979e+02
6.293686075895935872e+00 1.336661405909416089e+02
6.283769565157094839e+00 1.337199170741702687e+02
6.273879766724959950e+00 1.337734337342657227e+02
6.264016664708345949e+00 1.338266914936581315e+02
6.254180242559643332e+00 1.338796912753407184e+02
6.244370483083897305e+00 1.339324340028178426e+02
6.234587368447791711e+00 1.339849206000533854e+02
6.224830880188527260e+00 1.340371519914197904e+02
6.215100999222603839e+00 1.340891291016475577e+02
6.205397705854508672e+00 1.341408528557751652e+02
6.195720979785302340e+00 1.341923241790994155e+02
6.186070800121112434e+00 1.342435439971264657e+02
6.176447145381534831e+00 1.342945132355231124e+02
6.166849993507938166e+00 1.343452328200687873e+02
6.157279321871676814e+00 1.343957036766078375e+02
6.147735107282215061e+00 1.344459267310024302e+02
6.138217325995157125e+00 1.344959029090858564e+02
6.128725953720192798e+00 1.345456331366164306e+02
6.119260965628950721e+00 1.345951183392318171e+02
6.109822336362764617e+00 1.346443594424038110e+02
6.100410040040356918e+00 1.346933573713936880e+02
6.091024050265432699e+00 1.347421130512080083e+02
6.081664340134190105e+00 1.347906274065549326e+02
6.072330882242749972e+00 1.348389013618009926e+02
6.063023648694497503e+00 1.348869358409284018e+02
6.053742611107347571e+00 1.349347317674927922e+02
6.044487740620927418e+00 1.349822900645815764e+02
6.035259007903675865e+00 1.350296116547725944e+02
6.026056383159867913e+00 1.350766974600934134e+02
6.016879836136560300e+00 1.351235484019810826e+02
6.007729336130456232e+00 1.351701654012423717e+02
5.998604851994696396e+00 1.352165493780144061e+02
5.989506352145575363e+00 1.352627012517259288e+02
5.980433804569178946e+00 1.353086219410589877e+02
5.971387176827951393e+00 1.353543123639110490e+02
5.962366436067187081e+00 1.353997734373577373e+02
5.953371549021449383e+00 1.354450060776158580e+02
5.944402482020918477e+00 1.354900112000070749e+02
5.935459200997668106e+00 1.355347897189219566e+02
5.926541671491873053e+00 1.355793425477845915e+02
5.917649858657944684e+00 1.356236705990175437e+02
5.908783727270599861e+00 1.356677747840073778e+02
5.899943241730860599e+00 1.357116560130706659e+02
5.891128366071987088e+00 1.357553151954204509e+02
5.882339063965344117e+00 1.357987532391330205e+02
5.873575298726201765e+00 1.358419710511154506e+02
5.864837033319469484e+00 1.358849695370732888e+02
5.856124230365369776e+00 1.359277496014789506e+02
5.847436852145040831e+00 1.359703121475403691e+02
5.838774860606084971e+00 1.360126580771703004e+02
5.830138217368046938e+00 1.360547882909558552e+02
5.821526883727837109e+00 1.360967036881286845e+02
5.812940820665086328e+00 1.361384051665355059e+02
5.804379988847448324e+00 1.361798936226090575e+02
5.795844348635836418e+00 1.362211699513395899e+02
5.787333860089602489e+00 1.362622350462466727e+02
5.778848482971659095e+00 1.363030897993515396e+02
5.770388176753543874e+00 1.363437351011498038e+02
5.761952900620423534e+00 1.363841718405846279e+02
5.753542613476043677e+00 1.364244009050203488e+02
5.745157273947622656e+00 1.364644231802164711e+02
5.736796840390690377e+00 1.365042395503020884e+02
5.728461270893869361e+00 1.365438508977508150e+02
5.720150523283606070e+00 1.365832581033559450e+02
5.711864555128843612e+00 1.366224620462062660e+02
5.703603323745646492e+00 1.366614636036620993e+02
5.695366786201769393e+00 1.367002636513317668e+02
5.687154899321172685e+00 1.367388630630485977e+02
5.678967619688492618e+00 1.367772627108481629e+02
5.670804903653453799e+00 1.368154634649460206e+02
5.662666707335236360e+00 1.368534661937157750e+02
5.654552986626789846e+00 1.368912717636676177e+02
5.646463697199100018e+00 1.369288810394272105e+02
5.638398794505405931e+00 1.369662948837149088e+02
5.630358233785370814e+00 1.370035141573254691e+02
5.622341970069201444e+00 1.370405397191080112e+02
5.614349958181723999e+00 1.370773724259464927e+02
5.606382152746411940e+00 1.371140131327404390e+02
5.598438508189366836e+00 1.371504626923861281e+02
5.590518978743254763e+00 1.371867219557580597e+02
5.582623518451196531e+00 1.372227917716908507e+02
5.574752081170615270e+00 1.372586729869614999e+02
5.566904620577036944e+00 1.372943664462719369e+02
5.559081090167849126e+00 1.373298729922320263e+02
5.551281443266014470e+00 1.373651934653427702e+02
5.543505633023745105e+00 1.374003287039800227e+02
5.535753612426130843e+00 1.374352795443784885e+02
5.528025334294726534e+00 1.374700468206160053e+02
5.520320751291098560e+00 1.375046313645982252e+02
5.512639815920332254e+00 1.375390340060436074e+02
5.504982480534492240e+00 1.375732555724687813e+02
5.497348697336051693e+00 1.376072968891741652e+02
5.489738418381272744e+00 1.376411587792299542e+02
5.482151595583555803e+00 1.376748420634624495e+02
5.474588180716744468e+00 1.377083475604406715e+02
5.467048125418392246e+00 1.377416760864632295e+02
5.459531381192995525e+00 1.377748284555457019e+02
5.452037899415183020e+00 1.378078054794080742e+02
5.444567631332874136e+00 1.378406079674626596e+02
5.437120528070393810e+00 1.378732367268022188e+02
5.429696540631558044e+00 1.379056925621884773e+02
5.422295619902715913e+00 1.379379762760408710e+02
5.414917716655763158e+00 1.379700886684255750e+02
5.407562781551114917e+00 1.380020305370448739e+02
5.400230765140645595e+00 1.380338026772267312e+02
5.392921617870594986e+00 1.380654058819147565e+02
5.385635290084438864e+00 1.380968409416584279e+02
5.378371732025726715e+00 1.381281086446034578e+02
5.371130893840885712e+00 1.381592097764826121e+02
5.363912725581989172e+00 1.381901451206067009e+02
5.356717177209498360e+00 1.382209154578559094e+02
5.349544198594964328e+00 1.382515215666712720e+02
5.342393739523703999e+00 1.382819642230464865e+02
5.335265749697439830e+00 1.383122442005200696e+02
5.328160178736912833e+00 1.383423622701675697e+02
5.321076976184460072e+00 1.383723192005942337e+02
5.314016091506561956e+00 1.384021157579277883e+02
5.306977474096363778e+00 1.384317527058115331e+02
5.299961073276160839e+00 1.384612308053976335e+02
5.292966838299858701e+00 1.384905508153407254e+02
5.285994718355400579e+00 1.385197134917916912e+02
5.279044662567168977e+00 1.385487195883916911e+02
5.272116619998356235e+00 1.385775698562664502e+02
5.265210539653304878e+00 1.386062650440207449e+02
5.258326370479825762e+00 1.386348058977331164e+02
5.251464061371480696e+00 1.386631931609508399e+02
5.244623561169842851e+00 1.386914275746851217e+02
5.237804818666729645e+00 1.387195098774064093e+02
5.231007782606405421e+00 1.387474408050400996e+02
5.224232401687759264e+00 1.387752210909622761e+02
5.217478624566457945e+00 1.388028514659958148e+02
5.210746399857067779e+00 1.388303326584065474e+02
5.204035676135158717e+00 1.388576653938997367e+02
5.197346401939372917e+00 1.388848503956167519e+02
5.190678525773476437e+00 1.389118883841319132e+02
5.184031996108381612e+00 1.389387800774494792e+02
5.177406761384145462e+00 1.389655261910009187e+02
5.170802770011944105e+00 1.389921274376424094e+02
5.164219970376020541e+00 1.390185845276523651e+02
5.157658310835611992e+00 1.390448981687292473e+02
5.151117739726851497e+00 1.390710690659896613e+02
5.144598205364647292e+00 1.390970979219664230e+02
5.138099656044534669e+00 1.391229854366069389e+02
5.131622040044511834e+00 1.391487323072718141e+02
5.125165305626846468e+00 1.391743392287334586e+02
5.118729401039864513e+00 1.391998068931750083e+02
5.112314274519714097e+00 1.392251359901894148e+02
5.105919874292106364e+00 1.392503272067785929e+02
5.099546148574038540e+00 1.392753812273528524e+02
5.093193045575492128e+00 1.393002987337304432e+02
5.086860513501110681e+00 1.393250804051372427e+02
5.080548500551855362e+00 1.393497269182066134e+02
5.074256954926642749e+00 1.393742389469794603e+02
5.067985824823957763e+00 1.393986171629043724e+02
5.061735058443450619e+00 1.394228622348379929e+02
5.055504603987508894e+00 1.394469748290454447e+02
5.049294409662812733e+00 1.394709556092009564e+02
5.043104423681870507e+00 1.394948052363886575e+02
5.036934594264532272e+00 1.395185243691035168e+02
5.030784869639486345e+00 1.395421136632523371e+02
5.024655198045735460e+00 1.395655737721549485e+02
5.018545527734053380e+00 1.395889053465456016e+02
5.012455806968424632e+00 1.396121090345743028e+02
5.006385984027463820e+00 1.396351854818085769e+02
5.000336007205818056e+00 1.396581353312350302e+02
4.994305824815550743e+00 1.396809592232613113e+02
4.988295385187505815e+00 1.397036577957180157e+02
4.982304636672655995e+00 1.397262316838608740e+02
4.976333527643434174e+00 1.397486815203728838e+02
4.970382006495044358e+00 1.397710079353666970e+02
4.964450021646759303e+00 1.397932115563871207e+02
4.958537521543196824e+00 1.398152930084136187e+02
4.952644454655581896e+00 1.398372529138630682e+02
4.946770769482993657e+00 1.398590918925925166e+02
4.940916414553591096e+00 1.398808105619021944e+02
4.935081338425827191e+00 1.399024095365383857e+02
4.929265489689644397e+00 1.399238894286967252e+02
4.923468816967653261e+00 1.399452508480253528e+02
4.917691268916297709e+00 1.399664944016282391e+02
4.911932794227004351e+00 1.399876206940686814e+02
4.906193341627314908e+00 1.400086303273728561e+02
4.900472859882002652e+00 1.400295239010334001e+02
4.894771297794178189e+00 1.400503020120132192e+02
4.889088604206373923e+00 1.400709652547492681e+02
4.883424728001617865e+00 1.400915142211565012e+02
4.877779618104493231e+00 1.401119495006319369e+02
4.872153223482180273e+00 1.401322716800586932e+02
4.866545493145486567e+00 1.401524813438102512e+02
4.860956376149861313e+00 1.401725790737547186e+02
4.855385821596398088e+00 1.401925654492591491e+02
4.849833778632820724e+00 1.402124410471940905e+02
4.844300196454455865e+00 1.402322064419380752e+02
4.838785024305195748e+00 1.402518622053822241e+02
4.833288211478441454e+00 1.402714089069349939e+02
4.827809707318038157e+00 1.402908471135268655e+02
4.822349461219193500e+00 1.403101773896153190e+02
4.816907422629385316e+00 1.403294002971896361e+02
4.811483541049256907e+00 1.403485163957759880e+02
4.806077766033496346e+00 1.403675262424424659e+02
4.800690047191706000e+00 1.403864303918042253e+02
4.795320334189257849e+00 1.404052293960287159e+02
4.789968576748139917e+00 1.404239238048409391e+02
4.784634724647784054e+00 1.404425141655287916e+02
4.779318727725889282e+00 1.404610010229484942e+02
4.774020535879227367e+00 1.404793849195300481e+02
4.768740099064439519e+00 1.404976663952827778e+02
4.763477367298819765e+00 1.405158459878009296e+02
4.758232290661088548e+00 1.405339242322693565e+02
4.753004819292152128e+00 1.405519016614691452e+02
4.747794903395854860e+00 1.405697788057834998e+02
4.742602493239716388e+00 1.405875561932034543e+02
4.737427539155659062e+00 1.406052343493338697e+02
4.732269991540725584e+00 1.406228137973993171e+02
4.727129800857784225e+00 1.406402950582500182e+02
4.722006917636223378e+00 1.406576786503679841e+02
4.716901292472637230e+00 1.406749650898730408e+02
4.711812876031499009e+00 1.406921548905289399e+02
4.706741619045823555e+00 1.407092485637496395e+02
4.701687472317824579e+00 1.407262466186054439e+02
4.696650386719552372e+00 1.407431495618293127e+02
4.691630313193531521e+00 1.407599578978232273e+02
4.686627202753381738e+00 1.407766721286645009e+02
4.681641006484433376e+00 1.407932927541122012e+02
4.676671675544327833e+00 1.408098202716136029e+02
4.671719161163614409e+00 1.408262551763106956e+02
4.666783414646335615e+00 1.408425979610466356e+02
4.661864387370598273e+00 1.408588491163724541e+02
4.656962030789143725e+00 1.408750091305534795e+02
4.652076296429902946e+00 1.408910784895761310e+02
4.647207135896543662e+00 1.409070576771545404e+02
4.642354500869009470e+00 1.409229471747372031e+02
4.637518343104048313e+00 1.409387474615137990e+02
4.632698614435735607e+00 1.409544590144219569e+02
4.627895266775985839e+00 1.409700823081539909e+02
4.623108252115053496e+00 1.409856178151638062e+02
4.618337522522032224e+00 1.410010660056737208e+02
4.613583030145338881e+00 1.410164273476814287e+02
4.608844727213191383e+00 1.410317023069667925e+02
4.604122566034080322e+00 1.410468913470989492e+02
4.599416498997229930e+00 1.410619949294431308e+02
4.594726478573051942e+00 1.410770135131677989e+02
4.590052457313592349e+00 1.410919475552515507e+02
4.585394387852968379e+00 1.411067975104902246e+02
4.580752222907798377e+00 1.411215638315039769e+02
4.576125915277625467e+00 1.411362469687443593e+02
4.571515417845331442e+00 1.411508473705013955e+02
4.566920683577543549e+00 1.411653654829108007e+02
4.562341665525035062e+00 1.411798017499610296e+02
4.557778316823117848e+00 1.411941566135004962e+02
4.553230590692026070e+00 1.412084305132447923e+02
4.548698440437296320e+00 1.412226238867838504e+02
4.544181819450136217e+00 1.412367371695891904e+02
4.539680681207789448e+00 1.412507707950210829e+02
4.535194979273891036e+00 1.412647251943359379e+02
4.530724667298818176e+00 1.412786007966934392e+02
4.526269699020033066e+00 1.412923980291639339e+02
4.521830028262419532e+00 1.413061173167356230e+02
4.517405608938609873e+00 1.413197590823219514e+02
4.512996395049311715e+00 1.413333237467688832e+02
4.508602340683621534e+00 1.413468117288622352e+02
4.504223400019334633e+00 1.413602234453350377e+02
4.499859527323249786e+00 1.413735593108748958e+02
4.495510676951465889e+00 1.413868197381312655e+02
4.491176803349673285e+00 1.414000051377228999e+02
4.486857861053437091e+00 1.414131159182452109e+02
4.482553804688477861e+00 1.414261524862776298e+02
4.478264588970941595e+00 1.414391152463909975e+02
4.473990168707667969e+00 1.414520046011550107e+02
4.469730498796452345e+00 1.414648209511455832e+02
4.465485534226297126e+00 1.414775646949521786e+02
4.461255230077664002e+00 1.414902362291853990e+02
4.457039541522715531e+00 1.415028359484842042e+02
4.452838423825552283e+00 1.415153642455235001e+02
4.448651832342447321e+00 1.415278215110214148e+02
4.444479722522070908e+00 1.415402081337468303e+02
4.440322049905711665e+00 1.415525245005267436e+02
4.436178770127493287e+00 1.415647709962537419e+02
4.432049838914584150e+00 1.415769480038933921e+02
4.427935212087401595e+00 1.415890559044916870e+02
4.423834845559813544e+00 1.416010950771824923e+02
4.419748695339332123e+00 1.416130658991949076e+02
4.415676717527303730e+00 1.416249687458607411e+02
4.411618868319093778e+00 1.416368039906219849e+02
4.407575104004264333e+00 1.416485720050381474e+02
4.403545380966751743e+00 1.416602731587937001e+02
4.399529655685034513e+00 1.416719078197055524e+02
4.395527884732298496e+00 1.416834763537304127e+02
4.391540024776597662e+00 1.416949791249721784e+02
4.387566032581007747e+00 1.417064164956894103e+02
4.383605865003779023e+00 1.417177888263027228e+02
4.379659478998482847e+00 1.417290964754021161e+02
4.375726831614151102e+00 1.417403397997544516e+02
4.371807879995415647e+00 1.417515191543107846e+02
4.367902581382637983e+00 1.417626348922138106e+02
4.364010893112041600e+00 1.417736873648051414e+02
4.360132772615832764e+00 1.417846769216327800e+02
4.356268177422321308e+00 1.417956039104584249e+02
4.352417065156035214e+00 1.418064686772648315e+02
4.348579393537834292e+00 1.418172715662631447e+02
4.344755120385013214e+00 1.418280129199002602e+02
4.340944203611408092e+00 1.418386930788661857e+02
4.337146601227494180e+00 1.418493123821012887e+02
4.333362271340480021e+00 1.418598711668036856e+02
4.329591172154398926e+00 1.418703697684364897e+02
4.325833261970196020e+00 1.418808085207351155e+02
4.322088499185810839e+00 1.418911877557145829e+02
4.318356842296258158e+00 1.419015078036767932e+02
4.314638249893701705e+00 1.419117689932177484e+02
4.310932680667526995e+00 1.419219716512348270e+02
4.307240093404408832e+00 1.419321161029340885e+02
4.303560446988377031e+00 1.419422026718373786e+02
4.299893700400875041e+00 1.419522316797896337e+02
4.296239812720819451e+00 1.419622034469661003e+02
4.292598743124653282e+00 1.419721182918794398e+02
4.288970450886394836e+00 1.419819765313870050e+02
4.285354895377686546e+00 1.419917784806979455e+02
4.281752036067835832e+00 1.420015244533803980e+02
4.278161832523858621e+00 1.420112147613686204e+02
4.274584244410513101e+00 1.420208497149700975e+02
4.271019231490335244e+00 1.420304296228726741e+02
4.267466753623667230e+00 1.420399547921516614e+02
4.263926770768684982e+00 1.420494255282769132e+02
4.260399242981424806e+00 1.420588421351199031e+02
4.256884130415799383e+00 1.420682049149607735e+02
4.253381393323619974e+00 1.420775141684954122e+02
4.249890992054607075e+00 1.420867701948424155e+02
4.246412887056405516e+00 1.420959732915501945e+02
4.242947038874590682e+00 1.421051237546038521e+02
4.239493408152674725e+00 1.421142218784322608e+02
4.236051955632110122e+00 1.421232679559149972e+02
4.232622642152289671e+00 1.421322622783893053e+02
4.229205428650542054e+00 1.421412051356569748e+02
4.225800276162128277e+00 1.421500968159913327e+02
4.222407145820230134e+00 1.421589376061440930e+02
4.219025998855942206e+00 1.421677277913522914e+02
4.215656796598255873e+00 1.421764676553450499e+02
4.212299500474044223e+00 1.421851574803505684e+02
4.208954072008040725e+00 1.421937975471028324e+02
4.205620472822818812e+00 1.422023881348485190e+02
4.202298664638768777e+00 1.422109295213537337e+02
4.198988609274067585e+00 1.422194219829108306e+02
4.195690268644652221e+00 1.422278657943451492e+02
4.192403604764185943e+00 1.422362612290217498e+02
4.189128579744026304e+00 1.422446085588521782e+02
4.185865155793185188e+00 1.422529080543011446e+02
4.182613295218291505e+00 1.422611599843932311e+02
4.179372960423550332e+00 1.422693646167195425e+02
4.176144113910696731e+00 1.422775222174443570e+02
4.172926718278952229e+00 1.422856330513118337e+02
4.169720736224975077e+00 1.422936973816525210e+02
4.166526130542809625e+00 1.423017154703900076e+02
4.163342864123833031e+00 1.423096875780474875e+02
4.160170899956701973e+00 1.423176139637543258e+02
4.157010201127293136e+00 1.423254948852526240e+02
4.153860730818645486e+00 1.423333305989036717e+02
4.150722452310898980e+00 1.423411213596945117e+02
4.147595328981230622e+00 1.423488674212444209e+02
4.144479324303787848e+00 1.423565690358112761e+02
4.141374401849622799e+00 1.423642264542981195e+02
4.138280525286621270e+00 1.423718399262595256e+02
4.135197658379433427e+00 1.423794096999079670e+02
4.132125764989397432e+00 1.423869360221202669e+02
4.129064809074466602e+00 1.423944191384439080e+02
4.126014754689130370e+00 1.424018592931033993e+02
4.122975565984336122e+00 1.424092567290065574e+02
4.119947207207408368e+00 1.424166116877509012e+02
4.116929642701966152e+00 1.424239244096298478e+02
4.113922836907836889e+00 1.424311951336389654e+02
4.110926754360971991e+00 1.424384240974822546e+02
4.107941359693358052e+00 1.424456115375783725e+02
4.104966617632926251e+00 1.424527576890668001e+02
4.102002493003462646e+00 1.424598627858140389e+02
4.099048950724513141e+00 1.424669270604197777e+02
4.096105955811290222e+00 1.424739507442229751e+02
4.093173473374574378e+00 1.424809340673080555e+02
4.090251468620619946e+00 1.424878772585109346e+02
4.087339906851051197e+00 1.424947805454251295e+02
4.084438753462762861e+00 1.425016441544077850e+02
4.081547973947818875e+00 1.425084683105857266e+02
4.078667533893344910e+00 1.425152532378614865e+02
4.075797398981426234e+00 1.425219991589192716e+02
4.072937534988997577e+00 1.425287062952309043e+02
4.070087907787735659e+00 1.425353748670618188e+02
4.067248483343949950e+00 1.425420050934769449e+02
4.064419227718468086e+00 1.425485971923466479e+02
4.061600107066526633e+00 1.425551513803526120e+02
4.058791087637653838e+00 1.425616678729936666e+02
4.055992135775555951e+00 1.425681468845916413e+02
4.053203217917998202e+00 1.425745886282972208e+02
4.050424300596689342e+00 1.425809933160956859e+02
4.047655350437159072e+00 1.425873611588127403e+02
4.044896334158638140e+00 1.425936923661202229e+02
4.042147218573937550e+00 1.425999871465418778e+02
4.039407970589321550e+00 1.426062457074590384e+02
4.036678557204387729e+00 1.426124682551163403e+02
4.033958945511937344e+00 1.426186549946273772e+02
4.031249102697850084e+00 1.426248061299803567e+02
4.028548996040954400e+00 1.426309218640437280e+02
4.025858592912900491e+00 1.426370023985717808e+02
4.023177860778027082e+00 1.426430479342102444e+02
4.020506767193231745e+00 1.426490586705018018e+02
4.017845279807836789e+00 1.426550348058916882e+02
4.015193366363456029e+00 1.426609765377332053e+02
4.012550994693859785e+00 1.426668840622931782e+02
4.009918132724839879e+00 1.426727575747574406e+02
4.007294748474070190e+00 1.426785972692363202e+02
4.004680810050970763e+00 1.426844033387700676e+02
4.002076285656568366e+00 1.426901759753342560e+02
3.999481143583356602e+00 1.426959153698451530e+02
3.996895352215153796e+00 1.427016217121651209e+02
3.994318880026961338e+00 1.427072951911079315e+02
3.991751695584822013e+00 1.427129359944441376e+02
3.989193767545674785e+00 1.427185443089063597e+02
3.986645064657210913e+00 1.427241203201945154e+02
3.984105555757727402e+00 1.427296642129811630e+02
3.981575209775981783e+00 1.427351761709167306e+02
3.979053995731043347e+00 1.427406563766346608e+02
3.976541882732145261e+00 1.427461050117566685e+02
3.974038839978536242e+00 1.427515222568979425e+02
3.971544836759329566e+00 1.427569082916722323e+02
3.969059842453352971e+00 1.427622632946970214e+02
3.966583826528997214e+00 1.427675874435986429e+02
3.964116758544062868e+00 1.427728809150173674e+02
3.961658608145608440e+00 1.427781438846124615e+02
3.959209345069794939e+00 1.427833765270672188e+02
3.956768939141733110e+00 1.427885790160940758e+02
3.954337360275326674e+00 1.427937515244394717e+02
3.951914578473116890e+00 1.427988942238889933e+02
3.949500563826125799e+00 1.428040072852722346e+02
3.947095286513698120e+00 1.428090908784677424e+02
3.944698716803344052e+00 1.428141451724080184e+02
3.942310825050579393e+00 1.428191703350843227e+02
3.939931581698767449e+00 1.428241665335516188e+02
3.937560957278957829e+00 1.428291339339334058e+02
3.935198922409725242e+00 1.428340727014266065e+02
3.932845447797010063e+00 1.428389830003062855e+02
3.930500504233954473e+00 1.428438649939305378e+02
3.928164062600740358e+00 1.428487188447452354e+02
3.925836093864426779e+00 1.428535447142887449e+02
3.923516569078785210e+00 1.428583427631967595e+02
3.921205459384136116e+00 1.428631131512069032e+02
3.918902736007184195e+00 1.428678560371634774e+02
3.916608370260851846e+00 1.428725715790221500e+02
3.914322333544113963e+00 1.428772599338545888e+02
3.912044597341831853e+00 1.428819212578530653e+02
3.909775133224585364e+00 1.428865557063351162e+02
3.907513912848506354e+00 1.428911634337480905e+02
3.905260907955109939e+00 1.428957445936737827e+02
3.903016090371127067e+00 1.429002993388328946e+02
3.900779432008333991e+00 1.429048278210896115e+02
3.898550904863384403e+00 1.429093301914561494e+02
3.896330481017638903e+00 1.429138066000971889e+02
3.894118132636995355e+00 1.429182571963343662e+02
3.891913831971717919e+00 1.429226821286507345e+02
3.889717551356265179e+00 1.429270815446951701e+02
3.887529263209120067e+00 1.429314555912867490e+02
3.885348940032616660e+00 1.429358044144192661e+02
3.883176554412769210e+00 1.429401281592654414e+02
3.881012079019098060e+00 1.429444269701813539e+02
3.878855486604457337e+00 1.429487009907108188e+02
3.876706750004862201e+00 1.429529503635895935e+02
3.874565842139313432e+00 1.429571752307496979e+02
3.872432736009625120e+00 1.429613757333237629e+02
3.870307404700249254e+00 1.429655520116491800e+02
3.868189821378101190e+00 1.429697042052724214e+02
3.866079959292384238e+00 1.429738324529531326e+02
3.863977791774414694e+00 1.429779368926684526e+02
3.861883292237445975e+00 1.429820176616171068e+02
3.859796434176492763e+00 1.429860748962236130e+02
3.857717191168154702e+00 1.429901087321423745e+02
3.855645536870440093e+00 1.429941193042618295e+02
3.853581445022588259e+00 1.429981067467084870e+02
3.851524889444893240e+00 1.430020711928510480e+02
3.849475844038526606e+00 1.430060127753045265e+02
3.847434282785358928e+00 1.430099316259341435e+02
3.845400179747783476e+00 1.430138278758594765e+02
3.843373509068536364e+00 1.430177016554584100e+02
3.841354244970520249e+00 1.430215530943710860e+02
3.839342361756624022e+00 1.430253823215039120e+02
3.837337833809545184e+00 1.430291894650334825e+02
3.835340635591611314e+00 1.430329746524105587e+02
3.833350741644599324e+00 1.430367380103639050e+02
3.831368126589558720e+00 1.430404796649042112e+02
3.829392765126629961e+00 1.430441997413279296e+02
3.827424632034865493e+00 1.430478983642211972e+02
3.825463702172051228e+00 1.430515756574635873e+02
3.823509950474524466e+00 1.430552317442320032e+02
3.821563351956995369e+00 1.430588667470044015e+02
3.819623881712366664e+00 1.430624807875636293e+02
3.817691514911552453e+00 1.430660739870011469e+02
3.815766226803298355e+00 1.430696464657208082e+02
3.813847992714000767e+00 1.430731983434425274e+02
3.811936788047526115e+00 1.430767297392060300e+02
3.810032588285030108e+00 1.430802407713745481e+02
3.808135368984777003e+00 1.430837315576384583e+02
3.806245105781957960e+00 1.430872022150189480e+02
3.804361774388510309e+00 1.430906528598716534e+02
3.802485350592936353e+00 1.430940836078902691e+02
3.800615810260121741e+00 1.430974945741101578e+02
3.798753129331154277e+00 1.431008858729119595e+02
3.796897283823142732e+00 1.431042576180250876e+02
3.795048249829035658e+00 1.431076099225313385e+02
3.793206003517438418e+00 1.431109428988683590e+02
3.791370521132432447e+00 1.431142566588332556e+02
3.789541778993394061e+00 1.431175513135860058e+02
3.787719753494812380e+00 1.431208269736529530e+02
3.785904421106107254e+00 1.431240837489302749e+02
3.784095758371447182e+00 1.431273217486874501e+02
3.782293741909569018e+00 1.431305410815706409e+02
3.780498348413594556e+00 1.431337418556061607e+02
3.778709554650849345e+00 1.431369241782038273e+02
3.776927337462681056e+00 1.431400881561603171e+02
3.775151673764277405e+00 1.431432338956626040e+02
3.773382540544484076e+00 1.431463615022911995e+02
3.771619914865623535e+00 1.431494710810235347e+02
3.769863773863312506e+00 1.431525627362373143e+02
3.768114094746280340e+00 1.431556365717137567e+02
3.766370854796187828e+00 1.431586926906408337e+02
3.764634031367444678e+00 1.431617311956165963e+02
3.762903601887027882e+00 1.431647521886524146e+02
3.761179543854300533e+00 1.431677557711761608e+02
3.759461834840829741e+00 1.431707420440354781e+02
3.757750452490204562e+00 1.431737111075009352e+02
3.756045374517856139e+00 1.431766630612692097e+02
3.754346578710873850e+00 1.431795980044662429e+02
3.752654042927825451e+00 1.431825160356504512e+02
3.750967745098575445e+00 1.431854172528157960e+02
3.749287663224103451e+00 1.431883017533948816e+02
3.747613775376323009e+00 1.431911696342621383e+02
3.745946059697900399e+00 1.431940209917368065e+02
3.744284494402073449e+00 1.431968559215860921e+02
3.742629057772471235e+00 1.431996745190281786e+02
3.740979728162931561e+00 1.432024768787352684e+02
3.739336483997321547e+00 1.432052630948365675e+02
3.737699303769356884e+00 1.432080332609214111e+02
3.736068166042419758e+00 1.432107874700421064e+02
3.734443049449379881e+00 1.432135258147170020e+02
3.732823932692413305e+00 1.432162483869334153e+02
3.731210794542822118e+00 1.432189552781506166e+02
3.729603613840853704e+00 1.432216465793026998e+02
3.728002369495522217e+00 1.432243223808015671e+02
3.726407040484426503e+00 1.432269827725397704e+02
3.724817605853572022e+00 1.432296278438934110e+02
3.723234044717190105e+00 1.432322576837250381e+02
3.721656336257558539e+00 1.432348723803864630e+02
3.720084459724822157e+00 1.432374720217216861e+02
3.718518394436813423e+00 1.432400566950695975e+02
3.716958119778873471e+00 1.432426264872668753e+02
3.715403615203672683e+00 1.432451814846507716e+02
3.713854860231032173e+00 1.432477217730618975e+02
3.712311834447744818e+00 1.432502474378469515e+02
3.710774517507396730e+00 1.432527585638615619e+02
3.709242889130188292e+00 1.432552552354729016e+02
3.707716929102756964e+00 1.432577375365625585e+02
3.706196617277997873e+00 1.432602055505291219e+02
3.704681933574887065e+00 1.432626593602909395e+02
3.703172857978302535e+00 1.432650990482888176e+02
3.701669370538847925e+00 1.432675246964886639e+02
3.700171451372673559e+00 1.432699363863841313e+02
3.698679080661301022e+00 1.432723341989993173e+02
3.697192238651444196e+00 1.432747182148912941e+02
3.695710905654833400e+00 1.432770885141528083e+02
3.694235062048038643e+00 1.432794451764148960e+02
3.692764688272292872e+00 1.432817882808493835e+02
3.691299764833315677e+00 1.432841179061715025e+02
3.689840272301137425e+00 1.432864341306425047e+02
3.688386191309922513e+00 1.432887370320721345e+02
3.686937502557794399e+00 1.432910266878211587e+02
3.685494186806660188e+00 1.432933031748039809e+02
3.684056224882034769e+00 1.432955665694910579e+02
3.682623597672865401e+00 1.432978169479114001e+02
3.681196286131357631e+00 1.433000543856551019e+02
3.679774271272799879e+00 1.433022789578757852e+02
3.678357534175389798e+00 1.433044907392930156e+02
3.676946055980058858e+00 1.433066898041948036e+02
3.675539817890299155e+00 1.433088762264400202e+02
3.674138801171989321e+00 1.433110500794608129e+02
3.672742987153220895e+00 1.433132114362649361e+02
3.671352357224124230e+00 1.433153603694382809e+02
3.669966892836696637e+00 1.433174969511471204e+02
3.668586575504628300e+00 1.433196212531405820e+02
3.667211386803130857e+00 1.433217333467528931e+02
3.665841308368762874e+00 1.433238333029057969e+02
3.664476321899260203e+00 1.433259211921108829e+02
3.663116409153361452e+00 1.433279970844718605e+02
3.661761551950638349e+00 1.433300610496868899e+02
3.660411732171322541e+00 1.433321131570508840e+02
3.659066931756135066e+00 1.433341534754577253e+02
3.657727132706115825e+00 1.433361820734025969e+02
3.656392317082452159e+00 1.433381990189842270e+02
3.655062467006307880e+00 1.433402043799070782e+02
3.653737564658654069e+00 1.433421982234836776e+02
3.652417592280098546e+00 1.433441806166367485e+02
3.651102532170715786e+00 1.433461516259014559e+02
3.649792366689877721e+00 1.433481113174275663e+02
3.648487078256084537e+00 1.433500597569816932e+02
3.647186649346795484e+00 1.433519970099494003e+02
3.645891062498260116e+00 1.433539231413373898e+02
3.644600300305350427e+00 1.433558382157756625e+02
3.643314345421391653e+00 1.433577422975196498e+02
3.642033180557994854e+00 1.433596354504523447e+02
3.640756788484889039e+00 1.433615177380863486e+02
3.639485152029754644e+00 1.433633892235660880e+02
3.638218254078054770e+00 1.433652499696698328e+02
3.636956077572869539e+00 1.433671000388117989e+02
3.635698605514729564e+00 1.433689394930441665e+02
3.634445820961448970e+00 1.433707683940591835e+02
3.633197707027959300e+00 1.433725868031912398e+02
3.631954246886144322e+00 1.433743947814188573e+02
3.630715423764674377e+00 1.433761923893667074e+02
3.629481220948841180e+00 1.433779796873076577e+02
3.628251621780392622e+00 1.433797567351647615e+02
3.627026609657368894e+00 1.433815235925132185e+02
3.625806168033936849e+00 1.433832803185824218e+02
3.624590280420226573e+00 1.433850269722578616e+02
3.623378930382168850e+00 1.433867636120830866e+02
3.622172101541329514e+00 1.433884902962617502e+02
3.620969777574747361e+00 1.433902070826594013e+02
3.619771942214771610e+00 1.433919140288055587e+02
3.618578579248898475e+00 1.433936111918954737e+02
3.617389672519609523e+00 1.433952986287921760e+02
3.616205205924209132e+00 1.433969763960282933e+02
3.615025163414662845e+00 1.433986445498079263e+02
3.613849528997436611e+00 1.434003031460086106e+02
3.612678286733334243e+00 1.434019522401830784e+02
3.611511420737337996e+00 1.434035918875611912e+02
3.610348915178446916e+00 1.434052221430517307e+02
3.609190754279517854e+00 1.434068430612442455e+02
3.608036922317104267e+00 1.434084546964109279e+02
3.606887403621297672e+00 1.434100571025083468e+02
3.605742182575566890e+00 1.434116503331792956e+02
3.604601243616600836e+00 1.434132344417546108e+02
3.603464571234148206e+00 1.434148094812549061e+02
3.602332149970859820e+00 1.434163755043923913e+02
3.601203964422130976e+00 1.434179325635725775e+02
3.600079999235942019e+00 1.434194807108961243e+02
3.598960239112702908e+00 1.434210199981605172e+02
3.597844668805094681e+00 1.434225504768618293e+02
3.596733273117912688e+00 1.434240721981964271e+02
3.595626036907910272e+00 1.434255852130626749e+02
3.594522945083642895e+00 1.434270895720627550e+02
3.593423982605311817e+00 1.434285853255042014e+02
3.592329134484608222e+00 1.434300725234017193e+02
3.591238385784558229e+00 1.434315512154787768e+02
3.590151721619367908e+00 1.434330214511693384e+02
3.589069127154268735e+00 1.434344832796195135e+02
3.587990587605362602e+00 1.434359367496892048e+02
3.586916088239468170e+00 1.434373819099537002e+02
3.585845614373967649e+00 1.434388188087053777e+02
3.584779151376652706e+00 1.434402474939553258e+02
3.583716684665571250e+00 1.434416680134349065e+02
3.582658199708875113e+00 1.434430804145974037e+02
3.581603682024667723e+00 1.434444847446196150e+02
3.580553117180851785e+00 1.434458810504034432e+02
3.579506490794976958e+00 1.434472693785774879e+02
3.578463788534088863e+00 1.434486497754985805e+02
3.577424996114578093e+00 1.434500222872533755e+02
3.576390099302028780e+00 1.434513869596599136e+02
3.575359083911068936e+00 1.434527438382691287e+02
3.574331935805219018e+00 1.434540929683664103e+02
3.573308640896743604e+00 1.434554343949731390e+02
3.572289185146499957e+00 1.434567681628482205e+02
3.571273554563791031e+00 1.434580943164895643e+02
3.570261735206214482e+00 1.434594129001355896e+02
3.569253713179515231e+00 1.434607239577667315e+02
3.568249474637437135e+00 1.434620275331069195e+02
3.567249005781574223e+00 1.434633236696251117e+02
3.566252292861225026e+00 1.434646124105366596e+02
3.565259322173242928e+00 1.434658937988048422e+02
3.564270080061890500e+00 1.434671678771423160e+02
3.563284552918693393e+00 1.434684346880125361e+02
3.562302727182292461e+00 1.434696942736312053e+02
3.561324589338299429e+00 1.434709466759677525e+02
3.560350125919150344e+00 1.434721919367466398e+02
3.559379323503960357e+00 1.434734300974488974e+02
3.558412168718378954e+00 1.434746611993134309e+02
3.557448648234445177e+00 1.434758852833385276e+02
3.556488748770443742e+00 1.434771023902831075e+02
3.555532457090759824e+00 1.434783125606682574e+02
3.554579760005736944e+00 1.434795158347784536e+02
3.553630644371532643e+00 1.434807122526630963e+02
3.552685097089976374e+00 1.434819018541377034e+02
3.551743105108425169e+00 1.434830846787853602e+02
3.550804655419623312e+00 1.434842607659580267e+02
3.549869735061559339e+00 1.434854301547779301e+02
3.548938331117324374e+00 1.434865928841388154e+02
