1.422654863601802155e+01 4.893533594482152438e+01
1.434446289456363033e+01 4.918082706911534530e+01
1.446017417420341467e+01 4.942522644870028614e+01
1.457371723233867833e+01 4.966853805130603661e+01
1.468512643285381714e+01 4.991076589393949092e+01
1.479443573891697206e+01 5.015191404147940091e+01
1.490167870664894778e+01 5.039198660521169870e+01
1.500688847961704830e+01 5.063098774131318436e+01
1.511009778411147764e+01 5.086892164929067661e+01
1.521133892516306574e+01 5.110579257038251910e+01
1.531064378326218112e+01 5.134160478592882271e+01
1.540804381173990301e+01 5.157636261571649783e+01
1.550357003477371443e+01 5.181007041630475385e+01
1.559725304598123508e+01 5.204273257933642327e+01
1.568912300756677070e+01 5.227435352984001327e+01
1.577920964998670073e+01 5.250493772452712449e+01
1.586754227210104418e+01 5.273448965008959277e+01
1.595414974177976219e+01 5.296301382150020487e+01
1.603906049693367208e+01 5.319051478032079672e+01
1.612230254694105369e+01 5.341699709302098853e+01
1.620390347444231338e+01 5.364246534931073285e+01
1.628389043747624143e+01 5.386692416048944665e+01
1.636229017193263502e+01 5.409037815781434944e+01
1.643912899429721364e+01 5.431283199089027391e+01
1.651443280466590124e+01 5.453429032608310933e+01
1.658822709000665796e+01 5.475475784495871778e+01
1.666053692764814187e+01 5.497423924274898610e+01
1.673138698897553311e+01 5.519273922684654110e+01
1.680080154331487208e+01 5.541026251532940705e+01
1.686880446198822625e+01 5.562681383551667125e+01
1.693541922252302001e+01 5.584239792255625900e+01
1.700066891299970706e+01 5.605701951804548600e+01
1.706457623652288902e+01 5.627068336868516241e+01
1.712716351580185048e+01 5.648339422496777473e+01
1.718845269782725538e+01 5.669515683990012889e+01
1.724846535863156660e+01 5.690597596776085965e+01
1.730722270812150398e+01 5.711585636289289880e+01
1.736474559497155212e+01 5.732480277853113648e+01
1.742105451156823293e+01 5.753281996566519041e+01
1.747616959899551858e+01 5.773991267193733279e+01
1.753011065205236108e+01 5.794608564057536881e+01
1.758289712429396090e+01 5.815134360936030333e+01
1.763454813308888802e+01 5.835569130962856121e+01
1.768508246468480394e+01 5.855913346530838481e+01
1.773451857927594233e+01 5.876167479199011723e+01
1.778287461606608844e+01 5.896331999602993790e+01
1.783016839832120226e+01 5.916407377368657450e+01
1.787641743840626418e+01 5.936394081029052927e+01
1.792163894280137271e+01 5.956292577944535083e+01
1.796584981709250073e+01 5.976103334226030483e+01
1.800906667093266122e+01 5.995826814661398174e+01
1.805130582296961350e+01 6.015463482644818782e+01
1.809258330573656792e+01 6.035013800109152982e+01
1.813291487050263839e+01 6.054478227461209627e+01
1.817231599208009740e+01 6.073857223519854642e+01
1.821080187358578328e+01 6.093151245456904519e+01
1.824838745115421546e+01 6.112360748740731964e+01
1.828508739860027177e+01 6.131486187082522576e+01
1.832091613202949532e+01 6.150528012385113641e+01
1.835588781439426498e+01 6.169486674694354633e+01
1.839001635999436957e+01 6.188362622152914838e+01
1.842331543892057510e+01 6.207156300956479811e+01
1.845579848144008395e+01 6.225868155312269892e+01
1.848747868232285896e+01 6.244498627399809720e+01
1.851836900510797435e+01 6.263048157333891908e+01
1.854848218630929324e+01 6.281517183129667359e+01
1.857783073955989650e+01 6.299906140669796883e+01
1.860642695969484350e+01 6.318215463673607957e+01
1.863428292677189191e+01 6.336445583668184867e+01
1.866141051003000229e+01 6.354596929961343932e+01
1.868782137178547131e+01 6.372669929616420603e+01
1.871352697126566866e+01 6.390665007428824396e+01
1.873853856838043086e+01 6.408582585904288464e+01
1.876286722743125068e+01 6.426423085238771193e+01
1.878652382075846106e+01 6.444186923299942293e+01
1.880951903232665146e+01 6.461874515610209357e+01
1.883186336124871119e+01 6.479486275331225897e+01
1.885356712524880862e+01 6.497022613249825440e+01
1.887464046406479312e+01 6.514483937765344024e+01
1.889509334279049213e+01 6.531870654878261462e+01
1.891493555515839375e+01 6.549183168180137216e+01
1.893417672676332231e+01 6.566421878844765558e+01
1.895282631822766461e+01 6.583587185620532978e+01
1.897089362830880077e+01 6.600679484823911025e+01
1.898838779694935397e+01 6.617699170334046244e+01
1.900531780827098771e+01 6.634646633588417330e+01
1.902169249351240055e+01 6.651522263579497007e+01
1.903752053391227150e+01 6.668326446852393019e+01
1.905281046353785968e+01 6.685059567503429889e+01
1.906757067206003953e+01 6.701722007179620277e+01
1.908180940747550380e+01 6.718314145079003197e+01
1.909553477877690497e+01 6.734836357951809305e+01
1.910875475857174877e+01 6.751289020102412053e+01
1.912147718565077170e+01 6.767672503392034855e+01
1.913370976750662322e+01 6.783987177242191535e+01
1.914546008280365896e+01 6.800233408638808896e+01
1.915673558379958763e+01 6.816411562137017199e+01
1.916754359871982416e+01 6.832521999866573026e+01
1.917789133408531299e+01 6.848565081537881838e+01
1.918778587699461369e+01 6.864541164448600341e+01
1.919723419736104475e+01 6.880450603490784545e+01
1.920624315010569561e+01 6.896293751158562202e+01
1.921481947730703510e+01 6.912070957556302631e+01
1.922296981030796204e+01 6.927782570407259755e+01
1.923070067178101183e+01 6.943428935062662788e+01
1.923801847775252227e+01 6.959010394511236086e+01
1.924492953958650077e+01 6.974527289389122586e+01
1.925144006592895707e+01 6.989979957990195203e+01
1.925755616461342612e+01 7.005368736276723496e+01
1.926328384452844844e+01 7.020693957890389925e+01
1.926862901744770085e+01 7.035955954163627268e+01
1.927359749982351289e+01 7.051155054131268685e+01
1.927819501454449735e+01 7.066291584542474880e+01
1.928242719265794847e+01 7.081365869872942653e+01
1.928629957505774684e+01 7.096378232337363556e+01
1.928981761413842122e+01 7.111328991902122709e+01
1.929298667541604928e+01 7.126218466298220733e+01
1.929581203911665455e+01 7.141046971034404578e+01
1.929829890173275331e+01 7.155814819410495886e+01
1.930045237754868381e+01 7.170522322530895565e+01
1.930227750013536792e+01 7.185169789318258893e+01
1.930377922381508782e+01 7.199757526527329787e+01
1.930496242509693516e+01 7.214285838758911495e+01
1.930583190408347960e+01 7.228755028473973709e+01
1.930639238584929274e+01 7.243165396007879053e+01
1.930664852179187108e+01 7.257517239584720414e+01
1.930660489095553700e+01 7.271810855331752066e+01
1.930626600132888271e+01 7.286046537293918846e+01
1.930563629111629709e+01 7.300224577448457808e+01
1.930472012998411202e+01 7.314345265719576616e+01
1.930352182028188679e+01 7.328408889993190201e+01
1.930204559823937061e+01 7.342415736131708570e+01
1.930029563513962643e+01 7.356366087988875790e+01
1.929827603846883122e+01 7.370260227424645905e+01
1.929599085304322870e+01 7.384098434320083015e+01
1.929344406211371066e+01 7.397880986592294050e+01
1.929063958844851001e+01 7.411608160209368634e+01
1.928758129539444610e+01 7.425280229205334592e+01
1.928427298791719835e+01 7.438897465695116296e+01
1.928071841362100969e+01 7.452460139889491586e+01
1.927692126374829584e+01 7.465968520110037332e+01
1.927288517415954772e+01 7.479422872804065037e+01
1.926861372629396385e+01 7.492823462559535130e+01
1.926411044811121087e+01 7.506170552119949946e+01
1.925937881501470983e+01 7.519464402399221115e+01
1.925442225075683211e+01 7.532705272496497173e+01
1.924924412832640286e+01 7.545893419710959904e+01
1.924384777081886355e+01 7.559029099556578046e+01
1.923823645228947399e+01 7.572112565776815529e+01
1.923241339858990528e+01 7.585144070359289969e+01
1.922638178818857568e+01 7.598123863550384272e+01
1.922014475297507730e+01 7.611052193869797122e+01
1.921370537904900999e+01 7.623929308125036641e+01
1.920706670749357414e+01 7.636755451425851504e+01
1.920023173513423131e+01 7.649530867198600959e+01
1.919320341528274554e+01 7.662255797200553786e+01
1.918598465846691070e+01 7.674930481534120474e+01
1.917857833314628380e+01 7.687555158661011490e+01
1.917098726641419404e+01 7.700130065416320235e+01
1.916321424468631918e+01 7.712655437022533533e+01
1.915526201437613452e+01 7.725131507103458262e+01
1.914713328255747982e+01 7.737558507698074095e+01
1.913883071761452825e+01 7.749936669274295298e+01
1.913035694987942037e+01 7.762266220742655776e+01
1.912171457225782589e+01 7.774547389469910286e+01
1.911290614084267148e+01 7.786780401292539011e+01
1.910393417551628659e+01 7.798965480530173977e+01
1.909480116054122334e+01 7.811102849998930253e+01
1.908550954513996700e+01 7.823192731024649049e+01
1.907606174406378230e+01 7.835235343456047019e+01
1.906646013815090157e+01 7.847230905677777457e+01
1.905670707487429638e+01 7.859179634623392019e+01
1.904680486887925284e+01 7.871081745788208650e+01
1.903675580251092470e+01 7.882937453242089987e+01
1.902656212633212363e+01 7.894746969642120860e+01
1.901622605963149937e+01 7.906510506245190584e+01
1.900574979092234429e+01 7.918228272920475774e+01
1.899513547843219641e+01 7.929900478161830790e+01
1.898438525058342918e+01 7.941527329100077282e+01
1.897350120646502702e+01 7.953109031515191418e+01
1.896248541629571704e+01 7.964645789848403012e+01
1.895133992187863115e+01 7.976137807214180953e+01
1.894006673704768318e+01 7.987585285412136216e+01
1.892866784810581393e+01 7.998988424938809771e+01
1.891714521425529227e+01 8.010347424999372379e+01
1.890550076802020740e+01 8.021662483519217801e+01
1.889373641566133344e+01 8.032933797155463651e+01
1.888185403758350844e+01 8.044161561308344233e+01
1.886985548873568774e+01 8.055345970132509592e+01
1.885774259900380301e+01 8.066487216548223671e+01
1.884551717359660472e+01 8.077585492252464405e+01
1.883318099342459107e+01 8.088640987729921505e+01
1.882073581547217955e+01 8.099653892263899024e+01
1.880818337316327771e+01 8.110624393947117028e+01
1.879552537672033807e+01 8.121552679692415211e+01
1.878276351351708229e+01 8.132438935243358458e+01
1.876989944842497593e+01 8.143283345184745770e+01
1.875693482415359625e+01 8.154086092953018294e+01
1.874387126158502070e+01 8.164847360846574986e+01
1.873071036010235346e+01 8.175567330035985947e+01
1.871745369791248947e+01 8.186246180574116238e+01
1.870410283236325100e+01 8.196884091406145956e+01
1.869065930025498901e+01 8.207481240379500775e+01
1.867712461814678804e+01 8.218037804253685863e+01
1.866350028265733840e+01 8.228553958710020311e+01
1.864978777076062144e+01 8.239029878361287729e+01
1.863598854007647887e+01 8.249465736761283097e+01
1.862210402915618346e+01 8.259861706414272930e+01
1.860813565776311407e+01 8.270217958784357393e+01
1.859408482714860256e+01 8.280534664304748560e+01
1.857995292032308043e+01 8.290811992386946372e+01
1.856574130232259279e+01 8.301050111429834999e+01
1.855145132047077539e+01 8.311249188828681156e+01
1.853708430463639090e+01 8.321409390984045729e+01
1.852264156748650592e+01 8.331530883310604452e+01
1.850812440473537990e+01 8.341613830245881900e+01
1.849353409538916537e+01 8.351658395258898793e+01
1.847887190198649421e+01 8.361664740858729772e+01
1.846413907083503148e+01 8.371633028602971649e+01
1.844933683224405740e+01 8.381563419106133495e+01
1.843446640075319110e+01 8.391456072047935777e+01
1.841952897535726663e+01 8.401311146181525658e+01
1.840452573972752148e+01 8.411128799341609863e+01
1.838945786242906877e+01 8.420909188452500871e+01
1.837432649713481325e+01 8.430652469536084936e+01
1.835913278283581462e+01 8.440358797719703432e+01
1.834387784404820110e+01 8.450028327243958870e+01
1.832856279101667596e+01 8.459661211470434239e+01
1.831318871991469877e+01 8.469257602889332759e+01
1.829775671304139451e+01 8.478817653127042320e+01
1.828226783901524755e+01 8.488341512953620338e+01
1.826672315296465499e+01 8.497829332290197613e+01
1.825112369671537849e+01 8.507281260216306862e+01
1.823547049897496564e+01 8.516697444977133102e+01
1.821976457551419770e+01 8.526078033990692973e+01
1.820400692934561349e+01 8.535423173854933054e+01
1.818819855089915905e+01 8.544733010354754299e+01
1.817234041819502721e+01 8.554007688468966819e+01
1.815643349701372955e+01 8.563247352377167942e+01
1.814047874106345759e+01 8.572452145466546369e+01
1.812447709214477598e+01 8.581622210338620960e+01
1.810842948031270438e+01 8.590757688815898518e+01
1.809233682403623433e+01 8.599858721948471896e+01
1.807620003035532008e+01 8.608925450020539927e+01
1.806001999503538613e+01 8.617958012556860581e+01
1.804379760271942601e+01 8.626956548329135899e+01
1.802753372707769941e+01 8.635921195362331559e+01
1.801122923095508099e+01 8.644852090940926814e+01
1.799488496651612479e+01 8.653749371615096209e+01
1.797850177538785488e+01 8.662613173206828776e+01
1.796208048880033914e+01 8.671443630815980441e+01
1.794562192772508880e+01 8.680240878826259632e+01
1.792912690301130851e+01 8.689005050911154626e+01
1.791259621552005044e+01 8.697736280039795531e+01
1.789603065625630052e+01 8.706434698482746626e+01
1.787943100649903272e+01 8.715100437817747547e+01
1.786279803792927012e+01 8.723733628935386264e+01
1.784613251275619206e+01 8.732334402044715205e+01
1.782943518384131920e+01 8.740902886678802020e+01
1.781270679482080155e+01 8.749439211700226338e+01
1.779594808022585539e+01 8.757943505306515419e+01
1.777915976560136713e+01 8.766415895035521544e+01
1.776234256762272068e+01 8.774856507770742553e+01
1.774549719421084859e+01 8.783265469746581289e+01
1.772862434464556003e+01 8.791642906553556713e+01
1.771172470967716350e+01 8.799988943143451081e+01
1.769479897163642690e+01 8.808303703834407372e+01
1.767784780454287841e+01 8.816587312315969882e+01
1.766087187421151583e+01 8.824839891654069390e+01
1.764387183835791362e+01 8.833061564295957169e+01
1.762684834670177025e+01 8.841252452075087831e+01
1.760980204106892799e+01 8.849412676215942497e+01
1.759273355549189333e+01 8.857542357338810746e+01
1.757564351630886179e+01 8.865641615464511460e+01
1.755853254226129678e+01 8.873710570019066779e+01
1.754140124459007311e+01 8.881749339838331991e+01
1.752425022713021363e+01 8.889758043172565749e+01
1.750708008640425462e+01 8.897736797690954802e+01
1.748989141171422901e+01 8.905685720486097523e+01
1.747268478523233526e+01 8.913604928078426326e+01
1.745546078209027741e+01 8.921494536420597399e+01
1.743821997046731909e+01 8.929354660901817908e+01
1.742096291167706212e+01 8.937185416352141942e+01
1.740369016025298166e+01 8.944986917046711028e+01
1.738640226403272848e+01 8.952759276709949177e+01
1.736909976424122348e+01 8.960502608519722401e+01
1.735178319557255833e+01 8.968217025111442808e+01
1.733445308627074155e+01 8.975902638582135751e+01
1.731710995820928289e+01 8.983559560494460072e+01
1.729975432696964432e+01 8.991187901880687150e+01
1.728238670191858617e+01 8.998787773246640143e+01
1.726500758628442966e+01 9.006359284575586344e+01
1.724761747723221461e+01 9.013902545332091165e+01
1.723021686593782675e+01 9.021417664465832331e+01
1.721280623766106999e+01 9.028904750415368596e+01
1.719538607181771184e+01 9.036363911111875780e+01
1.717795684205053064e+01 9.043795253982837323e+01
1.716051901629936793e+01 9.051198885955697904e+01
1.714307305687020389e+01 9.058574913461480094e+01
1.712561942050326635e+01 9.065923442438358393e+01
1.710815855844020916e+01 9.073244578335201993e+01
1.709069091649035244e+01 9.080538426115074913e+01
1.707321693509600635e+01 9.087805090258700602e+01
1.705573704939690671e+01 9.095044674767889603e+01
1.703825168929374811e+01 9.102257283168935942e+01
1.702076127951086448e+01 9.109443018515969470e+01
1.700326623965803208e+01 9.116601983394279785e+01
1.698576698429144827e+01 9.123734279923606039e+01
1.696826392297386121e+01 9.130840009761384124e+01
1.695075746033389308e+01 9.137919274105969691e+01
1.693324799612456388e+01 9.144972173699822804e+01
1.691573592528100178e+01 9.151998808832657062e+01
1.689822163797739663e+01 9.158999279344561728e+01
1.688070551968317545e+01 9.165973684629086904e+01
1.686318795121841418e+01 9.172922123636301706e+01
1.684566930880853164e+01 9.179844694875811228e+01
1.682814996413821618e+01 9.186741496419753616e+01
1.681063028440465601e+01 9.193612625905758762e+01
1.679311063237005897e+01 9.200458180539880004e+01
1.677559136641345461e+01 9.207278257099491725e+01
1.675807284058183200e+01 9.214072951936164202e+01
1.674055540464057756e+01 9.220842360978500096e+01
1.672303940412326995e+01 9.227586579734948202e+01
1.670552518038079270e+01 9.234305703296585932e+01
1.668801307062981465e+01 9.240999826339874801e+01
1.667050340800063069e+01 9.247669043129386068e+01
1.665299652158438093e+01 9.254313447520497959e+01
1.663549273647963389e+01 9.260933132962071568e+01
1.661799237383837990e+01 9.267528192499088391e+01
1.660049575091141705e+01 9.274098718775272232e+01
1.658300318109314730e+01 9.280644804035678419e+01
1.656551497396578654e+01 9.287166540129260284e+01
1.654803143534301313e+01 9.293664018511402958e+01
1.653055286731304463e+01 9.300137330246442957e+01
1.651307956828115309e+01 9.306586566010152239e+01
1.649561183301164746e+01 9.313011816092202366e+01
1.647814995266930183e+01 9.319413170398600244e+01
1.646069421486026130e+01 9.325790718454106809e+01
1.644324490367242930e+01 9.332144549404624456e+01
1.642580229971531836e+01 9.338474752019563141e+01
1.640836668015941413e+01 9.344781414694180910e+01
1.639093831877502794e+01 9.351064625451908796e+01
1.637351748597066603e+01 9.357324471946643030e+01
1.635610444883089443e+01 9.363561041465018775e+01
1.633869947115374188e+01 9.369774420928663972e+01
1.632130281348762324e+01 9.375964696896427597e+01
1.630391473316780093e+01 9.382131955566586612e+01
1.628653548435238818e+01 9.388276282779031590e+01
1.626916531805789035e+01 9.394397764017431030e+01
1.625180448219431995e+01 9.400496484411378617e+01
1.623445322159985338e+01 9.406572528738510641e+01
1.621711177807507198e+01 9.412625981426609201e+01
1.619978039041676610e+01 9.418656926555686937e+01
1.618245929445131992e+01 9.424665447860044765e+01
1.616514872306768780e+01 9.430651628730315394e+01
1.614784890624995839e+01 9.436615552215486957e+01
1.613056007110951739e+01 9.442557301024901051e+01
1.611328244191681236e+01 9.448476957530242260e+01
1.609601624013273025e+01 9.454374603767497831e+01
1.607876168443958420e+01 9.460250321438905985e+01
1.606151899077172729e+01 9.466104191914884325e+01
1.604428837234578964e+01 9.471936296235935515e+01
1.602707003969053545e+01 9.477746715114543008e+01
1.600986420067637184e+01 9.483535528937039771e+01
1.599267106054448995e+01 9.489302817765468490e+01
1.597549082193565795e+01 9.495048661339416185e+01
1.595832368491865694e+01 9.500773139077837470e+01
1.594116984701837758e+01 9.506476330080860748e+01
1.592402950324357747e+01 9.512158313131570253e+01
1.590690284611430272e+01 9.517819166697780986e+01
1.588979006568898278e+01 9.523458968933793756e+01
1.587269134959119299e+01 9.529077797682130324e+01
1.585560688303610632e+01 9.534675730475258604e+01
1.583853684885661650e+01 9.540252844537296539e+01
1.582148142752915909e+01 9.545809216785707463e+01
1.580444079719922179e+01 9.551344923832969869e+01
1.578741513370654737e+01 9.556860041988242926e+01
1.577040461061004351e+01 9.562354647259007834e+01
1.575340939921239247e+01 9.567828815352700644e+01
1.573642966858436942e+01 9.573282621678326620e+01
1.571946558558888007e+01 9.578716141348064639e+01
1.570251731490470348e+01 9.584129449178847437e+01
1.568558501904996838e+01 9.589522619693940442e+01
1.566866885840533996e+01 9.594895727124497853e+01
1.565176899123694554e+01 9.600248845411108789e+01
1.563488557371902843e+01 9.605582048205326373e+01
1.561801875995633537e+01 9.610895408871186874e+01
1.560116870200624106e+01 9.616189000486713212e+01
1.558433554990062220e+01 9.621462895845407104e+01
1.556751945166746864e+01 9.626717167457726987e+01
1.555072055335225123e+01 9.631951887552551739e+01
1.553393899903903197e+01 9.637167128078634448e+01
1.551717493087134514e+01 9.642362960706041974e+01
1.550042848907282078e+01 9.647539456827583138e+01
1.548369981196758260e+01 9.652696687560224120e+01
1.546698903600040431e+01 9.657834723746488237e+01
1.545029629575663854e+01 9.662953635955852860e+01
1.543362172398191312e+01 9.668053494486122190e+01
1.541696545160160525e+01 9.673134369364801444e+01
1.540032760774009191e+01 9.678196330350446885e+01
1.538370831973978170e+01 9.683239446934013017e+01
1.536710771317992474e+01 9.688263788340188398e+01
1.535052591189521465e+01 9.693269423528711570e+01
1.533396303799417915e+01 9.698256421195688404e+01
1.531741921187735933e+01 9.703224849774888128e+01
1.530089455225528106e+01 9.708174777439036518e+01
1.528438917616622916e+01 9.713106272101089189e+01
1.526790319899381743e+01 9.718019401415504888e+01
1.525143673448436310e+01 9.722914232779501731e+01
1.523498989476406074e+01 9.727790833334304921e+01
1.521856279035597126e+01 9.732649269966381667e+01
1.520215553019681387e+01 9.737489609308674687e+01
1.518576822165357321e+01 9.742311917741812977e+01
1.516940097053991998e+01 9.747116261395322567e+01
1.515305388113245044e+01 9.751902706148825928e+01
1.513672705618674286e+01 9.756671317633227147e+01
1.512042059695323459e+01 9.761422161231894279e+01
1.510413460319292511e+01 9.766155302081827472e+01
1.508786917319290488e+01 9.770870805074818577e+01
1.507162440378171375e+01 9.775568734858603648e+01
1.505540039034452349e+01 9.780249155838004071e+01
1.503919722683816040e+01 9.784912132176062016e+01
1.502301500580595750e+01 9.789557727795163089e+01
1.500685381839244670e+01 9.794186006378151887e+01
1.499071375435788589e+01 9.798797031369441868e+01
1.497459490209263322e+01 9.803390865976109581e+01
1.495849734863135438e+01 9.807967573168988906e+01
1.494242117966708250e+01 9.812527215683752502e+01
1.492636647956512341e+01 9.817069856021983298e+01
1.491033333137680827e+01 9.821595556452241738e+01
1.489432181685309331e+01 9.826104379011123058e+01
1.487833201645801928e+01 9.830596385504307477e+01
1.486236400938201641e+01 9.835071637507601849e+01
1.484641787355507425e+01 9.839530196367972792e+01
1.483049368565975890e+01 9.843972123204572711e+01
1.481459152114409861e+01 9.848397478909761560e+01
1.479871145423432921e+01 9.852806324150114392e+01
1.478285355794749556e+01 9.857198719367427486e+01
1.476701790410392334e+01 9.861574724779714529e+01
1.475120456333955765e+01 9.865934400382194269e+01
1.473541360511816656e+01 9.870277805948275329e+01
1.471964509774341323e+01 9.874605001030531071e+01
1.470389910837080372e+01 9.878916044961663090e+01
1.468817570301950148e+01 9.883210996855468977e+01
1.467247494658401941e+01 9.887489915607791602e+01
1.465679690284578918e+01 9.891752859897469818e+01
1.464114163448460282e+01 9.895999888187277804e+01
1.462550920308993341e+01 9.900231058724858713e+01
1.460989966917214389e+01 9.904446429543652641e+01
1.459431309217356620e+01 9.908646058463818918e+01
1.457874953047946676e+01 9.912830003093151277e+01
1.456320904142890349e+01 9.916998320827983093e+01
1.454769168132545865e+01 9.921151068854094035e+01
1.453219750544786315e+01 9.925288304147602503e+01
1.451672656806050909e+01 9.929410083475858073e+01
1.450127892242385030e+01 9.933516463398322571e+01
1.448585462080469988e+01 9.937607500267452565e+01
1.447045371448641049e+01 9.941683250229566227e+01
1.445507625377895522e+01 9.945743769225711617e+01
1.443972228802889823e+01 9.949789112992529283e+01
1.442439186562926956e+01 9.953819337063103490e+01
1.440908503402932794e+01 9.957834496767812027e+01
1.439380183974422778e+01 9.961834647235170337e+01
1.437854232836458301e+01 9.965819843392669952e+01
1.436330654456593336e+01 9.969790139967609832e+01
1.434809453211811281e+01 9.973745591487923434e+01
1.433290633389451685e+01 9.977686252282998680e+01
1.431774199188128449e+01 9.981612176484499344e+01
1.430260154718637011e+01 9.985523418027169384e+01
1.428748504004853892e+01 9.989420030649642968e+01
1.427239250984625585e+01 9.993302067895244534e+01
1.425732399510649095e+01 9.997169583112786029e+01
1.424227953351343068e+01 1.000102262945735276e+02
1.422725916191710027e+01 1.000486125989109354e+02
1.421226291634190275e+01 1.000868552718400082e+02
1.419729083199506547e+01 1.001249548391468380e+02
1.418234294327499789e+01 1.001629118247114292e+02
1.416741928377957471e+01 1.002007267505153436e+02
1.415251988631431956e+01 1.002384001366493180e+02
1.413764478290052296e+01 1.002759325013208382e+02
1.412279400478326252e+01 1.003133243608616567e+02
1.410796758243934867e+01 1.003505762297352675e+02
1.409316554558518853e+01 1.003876886205443384e+02
1.407838792318457521e+01 1.004246620440381292e+02
1.406363474345638842e+01 1.004614970091197961e+02
1.404890603388222381e+01 1.004981940228537098e+02
1.403420182121394610e+01 1.005347535904727039e+02
1.401952213148116400e+01 1.005711762153853073e+02
1.400486698999862689e+01 1.006074623991828787e+02
1.399023642137355417e+01 1.006436126416467687e+02
1.397563044951288624e+01 1.006796274407554108e+02
1.396104909763046287e+01 1.007155072926913277e+02
1.394649238825413207e+01 1.007512526918481939e+02
1.393196034323278276e+01 1.007868641308377562e+02
1.391745298374331341e+01 1.008223421004967832e+02
1.390297033029752960e+01 1.008576870898939291e+02
1.388851240274897059e+01 1.008928995863366112e+02
1.387407922029966656e+01 1.009279800753777891e+02
1.385967080150683195e+01 1.009629290408227575e+02
1.384528716428949480e+01 1.009977469647358674e+02
1.383092832593505328e+01 1.010324343274472199e+02
1.381659430310576830e+01 1.010669916075593164e+02
1.380228511184520102e+01 1.011014192819537101e+02
1.378800076758457571e+01 1.011357178257975562e+02
1.377374128514908058e+01 1.011698877125501781e+02
1.375950667876411693e+01 1.012039294139695755e+02
1.374529696206147378e+01 1.012378434001189049e+02
1.373111214808544922e+01 1.012716301393728884e+02
1.371695224929890955e+01 1.013052900984242797e+02
1.370281727758928803e+01 1.013388237422902023e+02
1.368870724427452679e+01 1.013722315343185016e+02
1.367462216010895659e+01 1.014055139361940121e+02
1.366056203528912683e+01 1.014386714079448808e+02
1.364652687945956622e+01 1.014717044079487778e+02
1.363251670171849916e+01 1.015046133929391061e+02
1.361853151062349809e+01 1.015373988180111837e+02
1.360457131419708610e+01 1.015700611366283823e+02
1.359063611993228093e+01 1.016026008006282240e+02
1.357672593479808754e+01 1.016350182602284633e+02
1.356284076524493543e+01 1.016673139640331556e+02
1.354898061721006464e+01 1.016994883590386394e+02
1.353514549612285478e+01 1.017315418906395479e+02
1.352133540691011326e+01 1.017634750026347490e+02
1.350755035400130133e+01 1.017952881372332854e+02
1.349379034133371213e+01 1.018269817350602438e+02
1.348005537235760087e+01 1.018585562351626521e+02
1.346634545004126515e+01 1.018900120750152922e+02
1.345266057687607564e+01 1.019213496905264975e+02
1.343900075488145696e+01 1.019525695160439795e+02
1.342536598560982419e+01 1.019836719843605124e+02
1.341175627015146432e+01 1.020146575267197164e+02
1.339817160913938210e+01 1.020455265728217000e+02
1.338461200275408558e+01 1.020762795508287581e+02
1.337107745072833964e+01 1.021069168873709998e+02
1.335756795235186445e+01 1.021374390075519614e+02
1.334408350647599129e+01 1.021678463349541914e+02
1.333062411151827398e+01 1.021981392916448073e+02
1.331718976546705591e+01 1.022283182981810086e+02
1.330378046588599794e+01 1.022583837736156198e+02
1.329039620991855486e+01 1.022883361355025329e+02
1.327703699429241446e+01 1.023181757999021784e+02
1.326370281532389050e+01 1.023479031813869540e+02
1.325039366892228010e+01 1.023775186930465964e+02
1.323710955059417671e+01 1.024070227464936096e+02
1.322385045544773341e+01 1.024364157518685658e+02
1.321061637819690304e+01 1.024656981178454629e+02
1.319740731316562332e+01 1.024948702516370105e+02
1.318422325429196640e+01 1.025239325589999311e+02
1.317106419513225468e+01 1.025528854442401752e+02
1.315793012886512869e+01 1.025817293102181935e+02
1.314482104829558118e+01 1.026104645583541100e+02
1.313173694585895390e+01 1.026390915886329083e+02
1.311867781362489715e+01 1.026676107996096192e+02
1.310564364330128662e+01 1.026960225884144222e+02
1.309263442623810647e+01 1.027243273507577754e+02
1.307965015343130055e+01 1.027525254809354891e+02
1.306669081552657730e+01 1.027806173718338272e+02
1.305375640282318805e+01 1.028086034149345238e+02
1.304084690527766632e+01 1.028364840003197997e+02
1.302796231250752612e+01 1.028642595166773930e+02
1.301510261379494082e+01 1.028919303513055041e+02
1.300226779809036692e+01 1.029194968901177845e+02
1.298945785401615183e+01 1.029469595176482670e+02
1.297667276987009899e+01 1.029743186170562410e+02
1.296391253362900109e+01 1.030015745701311829e+02
1.295117713295213946e+01 1.030287277572976308e+02
1.293846655518474975e+01 1.030557785576200160e+02
1.292578078736146274e+01 1.030827273488075093e+02
1.291311981620970251e+01 1.031095745072188095e+02
1.290048362815305794e+01 1.031363204078669611e+02
1.288787220931462407e+01 1.031629654244240868e+02
1.287528554552031146e+01 1.031895099292261762e+02
1.286272362230212174e+01 1.032159542932777754e+02
1.285018642490139484e+01 1.032422988862567337e+02
1.283767393827202952e+01 1.032685440765188645e+02
1.282518614708366300e+01 1.032946902311026349e+02
1.281272303572483828e+01 1.033207377157337987e+02
1.280028458830612514e+01 1.033466868948300430e+02
1.278787078866321991e+01 1.033725381315055785e+02
1.277548162036001855e+01 1.033982917875757579e+02
1.276311706669165780e+01 1.034239482235616379e+02
1.275077711068752784e+01 1.034495077986945262e+02
1.273846173511425661e+01 1.034749708709205436e+02
1.272617092247867276e+01 1.035003377969051286e+02
1.271390465503073131e+01 1.035256089320375139e+02
1.270166291476641973e+01 1.035507846304352455e+02
1.268944568343063395e+01 1.035758652449486448e+02
1.267725294252003110e+01 1.036008511271652139e+02
1.266508467328584864e+01 1.036257426274141125e+02
1.265294085673670743e+01 1.036505400947705340e+02
1.264082147364137931e+01 1.036752438770601401e+02
1.262872650453153689e+01 1.036998543208633663e+02
1.261665592970447314e+01 1.037243717715198699e+02
1.260460972922579970e+01 1.037487965731327932e+02
1.259258788293211495e+01 1.037731290685731267e+02
1.258059037043365436e+01 1.037973695994840000e+02
1.256861717111690879e+01 1.038215185062850026e+02
1.255666826414722692e+01 1.038455761281764183e+02
1.254474362847138735e+01 1.038695428031434886e+02
1.253284324282014950e+01 1.038934188679607047e+02
1.252096708571078310e+01 1.039172046581959421e+02
1.250911513544957288e+01 1.039409005082147530e+02
1.249728737013429480e+01 1.039645067511844871e+02
1.248548376765667989e+01 1.039880237190785408e+02
1.247370430570484956e+01 1.040114517426804355e+02
1.246194896176572797e+01 1.040347911515880384e+02
1.245021771312743297e+01 1.040580422742176410e+02
1.243851053688164754e+01 1.040812054378080660e+02
1.242682740992596813e+01 1.041042809684248027e+02
1.241516830896623169e+01 1.041272691909640713e+02
1.240353321051881785e+01 1.041501704291568586e+02
1.239192209091293861e+01 1.041729850055730111e+02
1.238033492629289789e+01 1.041957132416252563e+02
1.236877169262033505e+01 1.042183554575732103e+02
1.235723236567644889e+01 1.042409119725273712e+02
1.234571692106419682e+01 1.042633831044531689e+02
1.233422533421048151e+01 1.042857691701748593e+02
1.232275758036830915e+01 1.043080704853795453e+02
1.231131363461893180e+01 1.043302873646210998e+02
1.229989347187397364e+01 1.043524201213240872e+02
1.228849706687753240e+01 1.043744690677877003e+02
1.227712439420826485e+01 1.043964345151896396e+02
1.226577542828145084e+01 1.044183167735900355e+02
1.225445014335104155e+01 1.044401161519352712e+02
1.224314851351168620e+01 1.044618329580618763e+02
1.223187051270074477e+01 1.044834674987003780e+02
1.222061611470027565e+01 1.045050200794791095e+02
1.220938529313901100e+01 1.045264910049280473e+02
1.219817802149431252e+01 1.045478805784825767e+02
1.218699427309410765e+01 1.045691891024873286e+02
1.217583402111881341e+01 1.045904168781999317e+02
1.216469723860323349e+01 1.046115642057947639e+02
1.215358389843844655e+01 1.046326313843667180e+02
1.214249397337367675e+01 1.046536187119349535e+02
1.213142743601813933e+01 1.046745264854465631e+02
1.212038425884288095e+01 1.046953550007803386e+02
1.210936441418259690e+01 1.047161045527504371e+02
1.209836787423742699e+01 1.047367754351100473e+02
1.208739461107474789e+01 1.047573679405550990e+02
1.207644459663093883e+01 1.047778823607278866e+02
1.206551780271313312e+01 1.047983189862207354e+02
1.205461420100095715e+01 1.048186781065795827e+02
1.204373376304825172e+01 1.048389600103076731e+02
1.203287646028477731e+01 1.048591649848690821e+02
1.202204226401790521e+01 1.048792933166923689e+02
1.201123114543429082e+01 1.048993452911741144e+02
1.200044307560153634e+01 1.049193211926825029e+02
1.198967802546983030e+01 1.049392213045608884e+02
1.197893596587358545e+01 1.049590459091312908e+02
1.196821686753304448e+01 1.049787952876979915e+02
1.195752070105588949e+01 1.049984697205509860e+02
1.194684743693882467e+01 1.050180694869695088e+02
1.193619704556914307e+01 1.050375948652255573e+02
1.192556949722629334e+01 1.050570461325873310e+02
1.191496476208341626e+01 1.050764235653227132e+02
1.190438281020887779e+01 1.050957274387027098e+02
1.189382361156778067e+01 1.051149580270049313e+02
1.188328713602347264e+01 1.051341156035169888e+02
1.187277335333902961e+01 1.051532004405399192e+02
1.186228223317873187e+01 1.051722128093915956e+02
1.185181374510952779e+01 1.051911529804101519e+02
1.184136785860247976e+01 1.052100212229573089e+02
1.183094454303419951e+01 1.052288178054217838e+02
1.182054376768827098e+01 1.052475429952226733e+02
1.181016550175666069e+01 1.052661970588127360e+02
1.179980971434111403e+01 1.052847802616818029e+02
1.178947637445453900e+01 1.053032928683600460e+02
1.177916545102237578e+01 1.053217351424213177e+02
1.176887691288395921e+01 1.053401073464864766e+02
1.175861072879386349e+01 1.053584097422266410e+02
1.174836686742323799e+01 1.053766425903664867e+02
1.173814529736112888e+01 1.053948061506875007e+02
1.172794598711579184e+01 1.054129006820312924e+02
1.171776890511598701e+01 1.054309264423027628e+02
1.170761401971226867e+01 1.054488836884734155e+02
1.169748129917826063e+01 1.054667726765845259e+02
1.168737071171192099e+01 1.054845936617503952e+02
1.167728222543678918e+01 1.055023468981615338e+02
1.166721580840323469e+01 1.055200326390878587e+02
1.165717142858968280e+01 1.055376511368818626e+02
1.164714905390383137e+01 1.055552026429818113e+02
1.163714865218386052e+01 1.055726874079148843e+02
1.162717019119963169e+01 1.055901056813003436e+02
1.161721363865387069e+01 1.056074577118526463e+02
1.160727896218334187e+01 1.056247437473845849e+02
1.159736612936001521e+01 1.056419640348104281e+02
1.158747510769221734e+01 1.056591188201489899e+02
1.157760586462578090e+01 1.056762083485267709e+02
1.156775836754516895e+01 1.056932328641809846e+02
1.155793258377460297e+01 1.057101926104626983e+02
1.154812848057917662e+01 1.057270878298398600e+02
1.153834602516595531e+01 1.057439187639003677e+02
1.152858518468506865e+01 1.057606856533551110e+02
1.151884592623079584e+01 1.057773887380410116e+02
1.150912821684263498e+01 1.057940282569240367e+02
1.149943202350636717e+01 1.058106044481022394e+02
1.148975731315511162e+01 1.058271175488087295e+02
1.148010405267036660e+01 1.058435677954146996e+02
1.147047220888304686e+01 1.058599554234323818e+02
1.146086174857450679e+01 1.058762806675180599e+02
1.145127263847755295e+01 1.058925437614749967e+02
1.144170484527745479e+01 1.059087449382564188e+02
1.143215833561294126e+01 1.059248844299684436e+02
1.142263307607718481e+01 1.059409624678730211e+02
1.141312903321878736e+01 1.059569792823908614e+02
1.140364617354274301e+01 1.059729351031043478e+02
1.139418446351140268e+01 1.059888301587604502e+02
1.138474386954542794e+01 1.060046646772736096e+02
1.137532435802473074e+01 1.060204388857286517e+02
1.136592589528941311e+01 1.060361530103836287e+02
1.135654844764069082e+01 1.060518072766727187e+02
1.134719198134181362e+01 1.060674019092090532e+02
1.133785646261897107e+01 1.060829371317876024e+02
1.132854185766219679e+01 1.060984131673880029e+02
1.131924813262626373e+01 1.061138302381773713e+02
1.130997525363156342e+01 1.061291885655131466e+02
1.130072318676498888e+01 1.061444883699458757e+02
1.129149189808079790e+01 1.061597298712220550e+02
1.128228135360147633e+01 1.061749132882868878e+02
1.127309151931859432e+01 1.061900388392870980e+02
1.126392236119364476e+01 1.062051067415736725e+02
1.125477384515888701e+01 1.062201172117046468e+02
1.124564593711817118e+01 1.062350704654478761e+02
1.123653860294776230e+01 1.062499667177837495e+02
1.122745180849715751e+01 1.062648061829079609e+02
1.121838551958988717e+01 1.062795890742342095e+02
1.120933970202432128e+01 1.062943156043969424e+02
1.120031432157445295e+01 1.063089859852540542e+02
1.119130934399069233e+01 1.063236004278896019e+02
1.118232473500063762e+01 1.063381591426164761e+02
1.117336046030984953e+01 1.063526623389791155e+02
1.116441648560260980e+01 1.063671102257561643e+02
1.115549277654268145e+01 1.063815030109631294e+02
1.114658929877405846e+01 1.063958409018550668e+02
1.113770601792170289e+01 1.064101241049292099e+02
1.112884289959228568e+01 1.064243528259276275e+02
1.111999990937491312e+01 1.064385272698398381e+02
1.111117701284184811e+01 1.064526476409054538e+02
1.110237417554922423e+01 1.064667141426167660e+02
1.109359136303775806e+01 1.064807269777213889e+02
1.108482854083344549e+01 1.064946863482248318e+02
1.107608567444825987e+01 1.065085924553930994e+02
1.106736272938084298e+01 1.065224454997552499e+02
1.105865967111718362e+01 1.065362456811060241e+02
1.104997646513129617e+01 1.065499931985083322e+02
1.104131307688588670e+01 1.065636882502958684e+02
1.103266947183301916e+01 1.065773310340756552e+02
1.102404561541477435e+01 1.065909217467305297e+02
1.101544147306389476e+01 1.066044605844217443e+02
1.100685701020443830e+01 1.066179477425914541e+02
1.099829219225240706e+01 1.066313834159652032e+02
1.098974698461638688e+01 1.066447677985544971e+02
1.098122135269817434e+01 1.066581010836592469e+02
1.097271526189339319e+01 1.066713834638702707e+02
1.096422867759211428e+01 1.066846151310717801e+02
1.095576156517946131e+01 1.066977962764438530e+02
1.094731389003621658e+01 1.067109270904649208e+02
1.093888561753941779e+01 1.067240077629141695e+02
1.093047671306294966e+01 1.067370384828740413e+02
1.092208714197813180e+01 1.067500194387326644e+02
1.091371686965430143e+01 1.067629508181862548e+02
1.090536586145938180e+01 1.067758328082415744e+02
1.089703408276046126e+01 1.067886655952183474e+02
1.088872149892435104e+01 1.068014493647516474e+02
1.088042807531815015e+01 1.068141843017943273e+02
1.087215377730979249e+01 1.068268705906193787e+02
1.086389857026860106e+01 1.068395084148223333e+02
1.085566241956582800e+01 1.068520979573236644e+02
1.084744529057519635e+01 1.068646394003711038e+02
1.083924714867342942e+01 1.068771329255420568e+02
1.083106795924078014e+01 1.068895787137459337e+02
1.082290768766155331e+01 1.069019769452264939e+02
1.081476629932462430e+01 1.069143277995641768e+02
1.080664375962395241e+01 1.069266314556784607e+02
1.079854003395908357e+01 1.069388880918301652e+02
1.079045508773566198e+01 1.069510978856237671e+02
1.078238888636592208e+01 1.069632610140097029e+02
1.077434139526918067e+01 1.069753776532866993e+02
1.076631257987233070e+01 1.069874479791040471e+02
1.075830240561032269e+01 1.069994721664638746e+02
1.075031083792664077e+01 1.070114503897234357e+02
1.074233784227378230e+01 1.070233828225973980e+02
1.073438338411372328e+01 1.070352696381600879e+02
1.072644742891838554e+01 1.070471110088477360e+02
1.071852994217009503e+01 1.070589071064607509e+02
1.071063088936204366e+01 1.070706581021659503e+02
1.070275023599873521e+01 1.070823641664987917e+02
1.069488794759643291e+01 1.070940254693655902e+02
1.068704398968360536e+01 1.071056421800457628e+02
1.067921832780136171e+01 1.071172144671940174e+02
1.067141092750389042e+01 1.071287424988425556e+02
1.066362175435888382e+01 1.071402264424033035e+02
1.065585077394796620e+01 1.071516664646700434e+02
1.064809795186711483e+01 1.071630627318206592e+02
1.064036325372707736e+01 1.071744154094192680e+02
1.063264664515378399e+01 1.071857246624184086e+02
1.062494809178875776e+01 1.071969906551612013e+02
1.061726755928951782e+01 1.072082135513834942e+02
1.060960501332998263e+01 1.072193935142160228e+02
1.060196041960086255e+01 1.072305307061865278e+02
1.059433374381005777e+01 1.072416252892219006e+02
1.058672495168304373e+01 1.072526774246503294e+02
1.057913400896325484e+01 1.072636872732034021e+02
1.057156088141246997e+01 1.072746549950181958e+02
1.056400553481118720e+01 1.072855807496394078e+02
1.055646793495899516e+01 1.072964646960214594e+02
1.054894804767494598e+01 1.073073069925305703e+02
1.054144583879792130e+01 1.073181077969468475e+02
1.053396127418699102e+01 1.073288672664663608e+02
1.052649431972177219e+01 1.073395855577032307e+02
1.051904494130278955e+01 1.073502628266916474e+02
1.051161310485181843e+01 1.073608992288879875e+02
1.050419877631223819e+01 1.073714949191728323e+02
1.049680192164937331e+01 1.073820500518529997e+02
1.048942250685083444e+01 1.073925647806635908e+02
1.048206049792685590e+01 1.074030392587700362e+02
1.047471586091062790e+01 1.074134736387701139e+02
1.046738856185863042e+01 1.074238680726959387e+02
1.046007856685095128e+01 1.074342227120160089e+02
1.045278584199161998e+01 1.074445377076371813e+02
1.044551035340891865e+01 1.074548132099066748e+02
1.043825206725570354e+01 1.074650493686140749e+02
1.043101094970971587e+01 1.074752463329933079e+02
1.042378696697389096e+01 1.074854042517246171e+02
1.041658008527666901e+01 1.074955232729365093e+02
1.040939027087229185e+01 1.075056035442077729e+02
1.040221749004111018e+01 1.075156452125693818e+02
1.039506170908987492e+01 1.075256484245064712e+02
1.038792289435203386e+01 1.075356133259602842e+02
1.038080101218802120e+01 1.075455400623301045e+02
1.037369602898554710e+01 1.075554287784751892e+02
1.036660791115987656e+01 1.075652796187166871e+02
1.035953662515411899e+01 1.075750927268395571e+02
1.035248213743949997e+01 1.075848682460944872e+02
1.034544441451563834e+01 1.075946063191997979e+02
1.033842342291082161e+01 1.076043070883433472e+02
1.033141912918227057e+01 1.076139706951844062e+02
1.032443149991640929e+01 1.076235972808555772e+02
1.031746050172912987e+01 1.076331869859646417e+02
1.031050610126604639e+01 1.076427399505964502e+02
1.030356826520276137e+01 1.076522563143147977e+02
1.029664696024511628e+01 1.076617362161642717e+02
1.028974215312944196e+01 1.076711797946720992e+02
1.028285381062281267e+01 1.076805871878500227e+02
1.027598189952329122e+01 1.076899585331961333e+02
1.026912638666016875e+01 1.076992939676967040e+02
1.026228723889421346e+01 1.077085936278280087e+02
1.025546442311790152e+01 1.077178576495581694e+02
1.024865790625565865e+01 1.077270861683489613e+02
1.024186765526409104e+01 1.077362793191576458e+02
1.023509363713221454e+01 1.077454372364387467e+02
1.022833581888168553e+01 1.077545600541458697e+02
1.022159416756702477e+01 1.077636479057334924e+02
1.021486865027583768e+01 1.077727009241587552e+02
1.020815923412903992e+01 1.077817192418832377e+02
1.020146588628107232e+01 1.077907029908747631e+02
1.019478857392011406e+01 1.077996523026091040e+02
1.018812726426829762e+01 1.078085673080718294e+02
1.018148192458192014e+01 1.078174481377600102e+02
1.017485252215164948e+01 1.078262949216839814e+02
1.016823902430272852e+01 1.078351077893690899e+02
1.016164139839518121e+01 1.078438868698574566e+02
1.015505961182401151e+01 1.078526322917096820e+02
1.014849363201940058e+01 1.078613441830065938e+02
1.014194342644690572e+01 1.078700226713509664e+02
1.013540896260765045e+01 1.078786678838692268e+02
1.012889020803851636e+01 1.078872799472132016e+02
1.012238713031233495e+01 1.078958589875617946e+02
1.011589969703807235e+01 1.079044051306226777e+02
1.010942787586101232e+01 1.079129185016340102e+02
1.010297163446294277e+01 1.079213992253661303e+02
1.009653094056232980e+01 1.079298474261232172e+02
1.009010576191449893e+01 1.079382632277449972e+02
1.008369606631181270e+01 1.079466467536083769e+02
1.007730182158383947e+01 1.079549981266291496e+02
1.007092299559753101e+01 1.079633174692636288e+02
1.006455955625738241e+01 1.079716049035103254e+02
1.005821147150560968e+01 1.079798605509115816e+02
1.005187870932230609e+01 1.079880845325552201e+02
1.004556123772561094e+01 1.079962769690761775e+02
1.003925902477186582e+01 1.080044379806581674e+02
1.003297203855577813e+01 1.080125676870352578e+02
1.002670024721057551e+01 1.080206662074935480e+02
1.002044361890816049e+01 1.080287336608727315e+02
1.001420212185926317e+01 1.080367701655677450e+02
1.000797572431359050e+01 1.080447758395303737e+02
1.000176439455998079e+01 1.080527508002708288e+02
9.995568100926544020e+00 1.080606951648593537e+02
9.989386811780811115e+00 1.080686090499278293e+02
9.983220495529876004e+00 1.080764925716713236e+02
9.977069120620537745e+00 1.080843458458497253e+02
9.970932655539435530e+00 1.080921689877892504e+02
9.964811068813190786e+00 1.080999621123840484e+02
9.958704329008540412e+00 1.081077253340977791e+02
9.952612404732475326e+00 1.081154587669651477e+02
9.946535264632364814e+00 1.081231625245934538e+02
9.940472877396091533e+00 1.081308367201641545e+02
9.934425211752179408e+00 1.081384814664343850e+02
9.928392236469917975e+00 1.081460968757385217e+02
9.922373920359492061e+00 1.081536830599896888e+02
9.916370232272100793e+00 1.081612401306813211e+02
9.910381141100078395e+00 1.081687681988886283e+02
9.904406615777016754e+00 1.081762673752701716e+02
9.898446625277882660e+00 1.081837377700693139e+02
9.892501138619133272e+00 1.081911794931157829e+02
9.886570124858831576e+00 1.081985926538271485e+02
9.880653553096758301e+00 1.082059773612103015e+02
9.874751392474522049e+00 1.082133337238629593e+02
9.868863612175674760e+00 1.082206618499751443e+02
9.862990181425811187e+00 1.082279618473306897e+02
9.857131069492684361e+00 1.082352338233086897e+02
9.851286245686301513e+00 1.082424778848849485e+02
9.845455679359035983e+00 1.082496941386335010e+02
9.839639339905723148e+00 1.082568826907280339e+02
9.833837196763759891e+00 1.082640436469433354e+02
9.828049219413209414e+00 1.082711771126567868e+02
9.822275377376893601e+00 1.082782831928497558e+02
9.816515640220487171e+00 1.082853619921090740e+02
9.810769977552617149e+00 1.082924136146284582e+02
9.805038359024949912e+00 1.082994381642099455e+02
9.799320754332287109e+00 1.083064357442653005e+02
9.793617133212650927e+00 1.083134064578174645e+02
9.787927465447376463e+00 1.083203504075019481e+02
9.782251720861195210e+00 1.083272676955682527e+02
9.776589869322322102e+00 1.083341584238812914e+02
9.770941880742538999e+00 1.083410226939227528e+02
9.765307725077278178e+00 1.083478606067925369e+02
9.759687372325700494e+00 1.083546722632101051e+02
9.754080792530777089e+00 1.083614577635159009e+02
9.748487955779369329e+00 1.083682172076727284e+02
9.742908832202303415e+00 1.083749506952671169e+02
9.737343391974446760e+00 1.083816583255106991e+02
9.731791605314784377e+00 1.083883401972415896e+02
9.726253442486486378e+00 1.083949964089257065e+02
9.720728873796986136e+00 1.084016270586581925e+02
9.715217869598046008e+00 1.084082322441647221e+02
9.709720400285830166e+00 1.084148120628028664e+02
9.704236436300968549e+00 1.084213666115634425e+02
9.698765948128626135e+00 1.084278959870718495e+02
9.693308906298566896e+00 1.084344002855893763e+02
9.687865281385217742e+00 1.084408796030145936e+02
9.682435044007734248e+00 1.084473340348846193e+02
9.677018164830059277e+00 1.084537636763764681e+02
9.671614614560981593e+00 1.084601686223083874e+02
9.666224363954198040e+00 1.084665489671411081e+02
9.660847383808373934e+00 1.084729048049792226e+02
9.655483644967192802e+00 1.084792362295724359e+02
9.650133118319416781e+00 1.084855433343169011e+02
9.644795774798939902e+00 1.084918262122564983e+02
9.639471585384843166e+00 1.084980849560841136e+02
9.634160521101444274e+00 1.085043196581429470e+02
9.628862553018347370e+00 1.085105304104277621e+02
9.623577652250496328e+00 1.085167173045862086e+02
9.618305789958222718e+00 1.085228804319200435e+02
9.613046937347290211e+00 1.085290198833864395e+02
9.607801065668946094e+00 1.085351357495992204e+02
9.602568146219962131e+00 1.085412281208301408e+02
9.597348150342680739e+00 1.085472970870101079e+02
9.592141049425059407e+00 1.085533427377304889e+02
9.586946814900711544e+00 1.085593651622443048e+02
9.581765418248947341e+00 1.085653644494674950e+02
9.576596830994812848e+00 1.085713406879801397e+02
9.571441024709134382e+00 1.085772939660277103e+02
9.566297971008548728e+00 1.085832243715222916e+02
9.561167641555545771e+00 1.085891319920438036e+02
9.556050008058504019e+00 1.085950169148412101e+02
9.550945042271722585e+00 1.086008792268337686e+02
9.545852715995456705e+00 1.086067190146121959e+02
9.540773001075951498e+00 1.086125363644399187e+02
9.535705869405475710e+00 1.086183313622542670e+02
9.530651292922346585e+00 1.086241040936676399e+02
9.525609243610965393e+00 1.086298546439687271e+02
9.520579693501845853e+00 1.086355830981237176e+02
9.515562614671642550e+00 1.086412895407774357e+02
9.510557979243174032e+00 1.086469740562545780e+02
9.505565759385454783e+00 1.086526367285608643e+02
9.500585927313718315e+00 1.086582776413842168e+02
9.495618455289440263e+00 1.086638968780958976e+02
9.490663315620363250e+00 1.086694945217517443e+02
9.485720480660519982e+00 1.086750706550932790e+02
9.480789922810254566e+00 1.086806253605488592e+02
9.475871614516243824e+00 1.086861587202348716e+02
9.470965528271516831e+00 1.086916708159568685e+02
9.466071636615474461e+00 1.086971617292106913e+02
9.461189912133908919e+00 1.087026315411836208e+02
9.456320327459016184e+00 1.087080803327555572e+02
9.451462855269420871e+00 1.087135081845000713e+02
9.446617468290183339e+00 1.087189151766856128e+02
9.441784139292821010e+00 1.087243013892766044e+02
9.436962841095320798e+00 1.087296669019345501e+02
9.432153546562151547e+00 1.087350117940191723e+02
9.427356228604274690e+00 1.087403361445895200e+02
9.422570860179162011e+00 1.087456400324050776e+02
9.417797414290800972e+00 1.087509235359268871e+02
9.413035863989705376e+00 1.087561867333186143e+02
9.408286182372929574e+00 1.087614297024476713e+02
9.403548342584070241e+00 1.087666525208863249e+02
9.398822317813277039e+00 1.087718552659127482e+02
9.394108081297263269e+00 1.087770380145121436e+02
9.389405606319307651e+00 1.087822008433778223e+02
9.384714866209261430e+00 1.087873438289122561e+02
9.380035834343550150e+00 1.087924670472281719e+02
9.375368484145186088e+00 1.087975705741496171e+02
9.370712789083761152e+00 1.088026544852130542e+02
9.366068722675455760e+00 1.088077188556683836e+02
9.361436258483042394e+00 1.088127637604800242e+02
9.356815370115880270e+00 1.088177892743279784e+02
9.352206031229920669e+00 1.088227954716088561e+02
9.347608215527706932e+00 1.088277824264369684e+02
9.343021896758370914e+00 1.088327502126453226e+02
9.338447048717632981e+00 1.088376989037867162e+02
9.333883645247798455e+00 1.088426285731347178e+02
9.329331660237757617e+00 1.088475392936847612e+02
9.324791067622980378e+00 1.088524311381551257e+02
9.320261841385510948e+00 1.088573041789879881e+02
9.315743955553964284e+00 1.088621584883504454e+02
9.311237384203518985e+00 1.088669941381355244e+02
9.306742101455915517e+00 1.088718111999632185e+02
9.302258081479443774e+00 1.088766097451814687e+02
9.297785298488937755e+00 1.088813898448672148e+02
9.293323726745770230e+00 1.088861515698273621e+02
9.288873340557842084e+00 1.088908949905997900e+02
9.284434114279569883e+00 1.088956201774543757e+02
9.280006022311878766e+00 1.089003272003939600e+02
9.275589039102195343e+00 1.089050161291553565e+02
9.271183139144429930e+00 1.089096870332103322e+02
9.266788296978969441e+00 1.089143399817665880e+02
9.262404487192664959e+00 1.089189750437687394e+02
9.258031684418815743e+00 1.089235922878993250e+02
9.253669863337158574e+00 1.089281917825797308e+02
9.249318998673851766e+00 1.089327735959711987e+02
9.244979065201464508e+00 1.089373377959757647e+02
9.240650037738957323e+00 1.089418844502372394e+02
9.236331891151667861e+00 1.089464136261421743e+02
9.232024600351294907e+00 1.089509253908207995e+02
9.227728140295880621e+00 1.089554198111479906e+02
9.223442485989796324e+00 1.089598969537442201e+02
9.219167612483722962e+00 1.089643568849764961e+02
9.214903494874628009e+00 1.089687996709592994e+02
9.210650108305754813e+00 1.089732253775555506e+02
9.206407427966599499e+00 1.089776340703775048e+02
9.202175429092887882e+00 1.089820258147877325e+02
9.197954086966557696e+00 1.089864006759000006e+02
9.193743376915740839e+00 1.089907587185802385e+02
9.189543274314736720e+00 1.089951000074474337e+02
9.185353754583992725e+00 1.089994246068745838e+02
9.181174793190081118e+00 1.090037325809895634e+02
9.177006365645677732e+00 1.090080239936760904e+02
9.172848447509535319e+00 1.090122989085746070e+02
9.168701014386464010e+00 1.090165573890831894e+02
9.164564041927302895e+00 1.090207994983584570e+02
9.160437505828896931e+00 1.090250252993164679e+02
9.156321381834072071e+00 1.090292348546336001e+02
9.152215645731610394e+00 1.090334282267475032e+02
9.148120273356219911e+00 1.090376054778579089e+02
9.144035240588511471e+00 1.090417666699275827e+02
9.139960523354970334e+00 1.090459118646831769e+02
9.135896097627931312e+00 1.090500411236161113e+02
9.131841939425545007e+00 1.090541545079834691e+02
9.127798024811756505e+00 1.090582520788088630e+02
9.123764329896269842e+00 1.090623338968832883e+02
9.119740830834523138e+00 1.090664000227660324e+02
9.115727503827656619e+00 1.090704505167854990e+02
9.111724325122485979e+00 1.090744854390400889e+02
9.107731271011465068e+00 1.090785048493990672e+02
9.103748317832662806e+00 1.090825088075034159e+02
9.099775441969725875e+00 1.090864973727666580e+02
9.095812619851850300e+00 1.090904706043757528e+02
9.091859827953749473e+00 1.090944285612919060e+02
9.087917042795616851e+00 1.090983713022514365e+02
9.083984240943101085e+00 1.091022988857666149e+02
9.080061399007265166e+00 1.091062113701264877e+02
9.076148493644556225e+00 1.091101088133977299e+02
9.072245501556773561e+00 1.091139912734254693e+02
9.068352399491027782e+00 1.091178588078340965e+02
9.064469164239712384e+00 1.091217114740281176e+02
9.060595772640466450e+00 1.091255493291929781e+02
9.056732201576135566e+00 1.091293724302958594e+02
9.052878427974743403e+00 1.091331808340865166e+02
9.049034428809449082e+00 1.091369745970980745e+02
9.045200181098511649e+00 1.091407537756478661e+02
9.041375661905256322e+00 1.091445184258382142e+02
9.037560848338031860e+00 1.091482686035572556e+02
9.033755717550178588e+00 1.091520043644797084e+02
9.029960246739987539e+00 1.091557257640677392e+02
9.026174413150663156e+00 1.091594328575716730e+02
9.022398194070280653e+00 1.091631257000308750e+02
9.018631566831754043e+00 1.091668043462744606e+02
9.014874508812791731e+00 1.091704688509221484e+02
9.011126997435857433e+00 1.091741192683850130e+02
9.007389010168131094e+00 1.091777556528662672e+02
9.003660524521469810e+00 1.091813780583620570e+02
8.999941518052365197e+00 1.091849865386622014e+02
8.996231968361902531e+00 1.091885811473510302e+02
8.992531853095723449e+00 1.091921619378080948e+02
8.988841149943977982e+00 1.091957289632089783e+02
8.985159836641287256e+00 1.091992822765260200e+02
8.981487890966702636e+00 1.092028219305291259e+02
8.977825290743657760e+00 1.092063479777864785e+02
8.974172013839931239e+00 1.092098604706653475e+02
8.970528038167600471e+00 1.092133594613327858e+02
8.966893341683000784e+00 1.092168450017564396e+02
8.963267902386679253e+00 1.092203171437052589e+02
8.959651698323353841e+00 1.092237759387502365e+02
8.956044707581868991e+00 1.092272214382652038e+02
8.952446908295147665e+00 1.092306536934275130e+02
8.948858278640150488e+00 1.092340727552188042e+02
8.945278796837831337e+00 1.092374786744257591e+02
8.941708441153087605e+00 1.092408715016407825e+02
8.938147189894719347e+00 1.092442512872627702e+02
8.934595021415383087e+00 1.092476180814978335e+02
8.931051914111543866e+00 1.092509719343600096e+02
8.927517846423430825e+00 1.092543128956720011e+02
8.923992796834989250e+00 1.092576410150659001e+02
8.920476743873836156e+00 1.092609563419838707e+02
8.916969666111212334e+00 1.092642589256788881e+02
8.913471542161934380e+00 1.092675488152154628e+02
8.909982350684346741e+00 1.092708260594703233e+02
8.906502070380277303e+00 1.092740907071331407e+02
8.903030679994987651e+00 1.092773428067072388e+02
8.899568158317125111e+00 1.092805824065102485e+02
8.896114484178673010e+00 1.092838095546748747e+02
8.892669636454906268e+00 1.092870242991495502e+02
8.889233594064338106e+00 1.092902266876991320e+02
8.885806335968672087e+00 1.092934167679056259e+02
8.882387841172757703e+00 1.092965945871688120e+02
8.878978088724533535e+00 1.092997601927069979e+02
8.875577057714982843e+00 1.093029136315576579e+02
8.872184727278082050e+00 1.093060549505781438e+02
8.868801076590752785e+00 1.093091841964463384e+02
8.865426084872808588e+00 1.093123014156613522e+02
8.862059731386905170e+00 1.093154066545441907e+02
8.858701995438490684e+00 1.093184999592384088e+02
8.855352856375755977e+00 1.093215813757108066e+02
8.852012293589583081e+00 1.093246509497520975e+02
8.848680286513491922e+00 1.093277087269775336e+02
8.845356814623590580e+00 1.093307547528276018e+02
8.842041857438525554e+00 1.093337890725686918e+02
8.838735394519424915e+00 1.093368117312937073e+02
8.835437405469852123e+00 1.093398227739227764e+02
8.832147869935750961e+00 1.093428222452038625e+02
8.828866767605392241e+00 1.093458101897134185e+02
8.825594078209325843e+00 1.093487866518570684e+02
8.822329781520322101e+00 1.093517516758702044e+02
8.819073857353323831e+00 1.093547053058186833e+02
8.815826285565391274e+00 1.093576475855993948e+02
8.812587046055648798e+00 1.093605785589409720e+02
8.809356118765233390e+00 1.093634982694043885e+02
8.806133483677239582e+00 1.093664067603835832e+02
8.802919120816664389e+00 1.093693040751061432e+02
8.799713010250357570e+00 1.093721902566338571e+02
8.796515132086963007e+00 1.093750653478633978e+02
8.793325466476870744e+00 1.093779293915269477e+02
8.790143993612156592e+00 1.093807824301927667e+02
8.786970693726530612e+00 1.093836245062658747e+02
8.783805547095283828e+00 1.093864556619886201e+02
8.780648534035229602e+00 1.093892759394413332e+02
8.777499634904653902e+00 1.093920853805429232e+02
8.774358830103254903e+00 1.093948840270514609e+02
8.771226100072093246e+00 1.093976719205648465e+02
8.768101425293533424e+00 1.094004491025213781e+02
8.764984786291190488e+00 1.094032156142003345e+02
8.761876163629869652e+00 1.094059714967226142e+02
8.758775537915518328e+00 1.094087167910513330e+02
8.755682889795163959e+00 1.094114515379924057e+02
8.752598199956862501e+00 1.094141757781951299e+02
8.749521449129639805e+00 1.094168895521528100e+02
8.746452618083434771e+00 1.094195929002033409e+02
8.743391687629046061e+00 1.094222858625297619e+02
8.740338638618073475e+00 1.094249684791608956e+02
8.737293451942862887e+00 1.094276407899718890e+02
8.734256108536447627e+00 1.094303028346848095e+02
8.731226589372495184e+00 1.094329546528692418e+02
8.728204875465245038e+00 1.094355962839428429e+02
8.725190947869458924e+00 1.094382277671719237e+02
8.722184787680355100e+00 1.094408491416720182e+02
8.719186376033560393e+00 1.094434604464084657e+02
8.716195694105044467e+00 1.094460617201969796e+02
8.713212723111068314e+00 1.094486530017042014e+02
8.710237444308123855e+00 1.094512343294482832e+02
8.707269838992878874e+00 1.094538057417994423e+02
8.704309888502114845e+00 1.094563672769805152e+02
8.701357574212675416e+00 1.094589189730675116e+02
8.698412877541402466e+00 1.094614608679902119e+02
8.695475779945082806e+00 1.094639929995326497e+02
8.692546262920386013e+00 1.094665154053337517e+02
8.689624308003809361e+00 1.094690281228878064e+02
8.686709896771619199e+00 1.094715311895450753e+02
8.683803010839790559e+00 1.094740246425122905e+02
8.680903631863950309e+00 1.094765085188532368e+02
8.678011741539320312e+00 1.094789828554892779e+02
8.675127321600655250e+00 1.094814476891998964e+02
8.672250353822185787e+00 1.094839030566232196e+02
8.669380820017561717e+00 1.094863489942566019e+02
8.666518702039788025e+00 1.094887855384571083e+02
8.663663981781169809e+00 1.094912127254420682e+02
8.660816641173253672e+00 1.094936305912896017e+02
8.657976662186767314e+00 1.094960391719391595e+02
8.655144026831560922e+00 1.094984385031920340e+02
8.652318717156546768e+00 1.095008286207118999e+02
8.649500715249640592e+00 1.095032095600253115e+02
8.646690003237704758e+00 1.095055813565222564e+02
8.643886563286482527e+00 1.095079440454566395e+02
8.641090377600546546e+00 1.095102976619468365e+02
8.638301428423233119e+00 1.095126422409761915e+02
8.635519698036583591e+00 1.095149778173935147e+02
8.632745168761289278e+00 1.095173044259136077e+02
8.629977822956627520e+00 1.095196221011177897e+02
8.627217643020399507e+00 1.095219308774543805e+02
8.624464611388878765e+00 1.095242307892392120e+02
8.621718710536740105e+00 1.095265218706561399e+02
8.618979922977011654e+00 1.095288041557575269e+02
8.616248231261003809e+00 1.095310776784647828e+02
8.613523617978257718e+00 1.095333424725688047e+02
8.610806065756479555e+00 1.095355985717305174e+02
8.608095557261483677e+00 1.095378460094813562e+02
8.605392075197130453e+00 1.095400848192237646e+02
8.602695602305267641e+00 1.095423150342316632e+02
8.600006121365666445e+00 1.095445366876509468e+02
8.597323615195966440e+00 1.095467498125000105e+02
8.594648066651613405e+00 1.095489544416701762e+02
8.591979458625793598e+00 1.095511506079262034e+02
8.589317774049382237e+00 1.095533383439067876e+02
8.586662995890876005e+00 1.095555176821250001e+02
8.584015107156334423e+00 1.095576886549688140e+02
8.581374090889321238e+00 1.095598512947015308e+02
8.578739930170842243e+00 1.095620056334623058e+02
8.576112608119283109e+00 1.095641517032665604e+02
8.573492107890350766e+00 1.095662895360065221e+02
8.570878412677013003e+00 1.095684191634516509e+02
8.568271505709434521e+00 1.095705406172490939e+02
8.565671370254920092e+00 1.095726539289241970e+02
8.563077989617852381e+00 1.095747591298809454e+02
8.560491347139628004e+00 1.095768562514024040e+02
8.557911426198600680e+00 1.095789453246512011e+02
8.555338210210020833e+00 1.095810263806700107e+02
8.552771682625968097e+00 1.095830994503819653e+02
8.550211826935298021e+00 1.095851645645911248e+02
8.547658626663578119e+00 1.095872217539829450e+02
8.545112065373025700e+00 1.095892710491247328e+02
8.542572126662447474e+00 1.095913124804660725e+02
8.540038794167179148e+00 1.095933460783392803e+02
8.537512051559023263e+00 1.095953718729598592e+02
8.534991882546188791e+00 1.095973898944269536e+02
8.532478270873230741e+00 1.095994001727237759e+02
8.529971200320989766e+00 1.096014027377180611e+02
8.527470654706524655e+00 1.096033976191624788e+02
8.524976617883060825e+00 1.096053848466951308e+02
8.522489073739922816e+00 1.096073644498399347e+02
8.520008006202473894e+00 1.096093364580070642e+02
8.517533399232055658e+00 1.096113009004934042e+02
8.515065236825925865e+00 1.096132578064829914e+02
8.512603503017199813e+00 1.096152072050473976e+02
8.510148181874786388e+00 1.096171491251462271e+02
8.507699257503327672e+00 1.096190835956274725e+02
8.505256714043136768e+00 1.096210106452279831e+02
8.502820535670139179e+00 1.096229303025738915e+02
8.500390706595808865e+00 1.096248425961810113e+02
8.497967211067109616e+00 1.096267475544552781e+02
8.495550033366429332e+00 1.096286452056931751e+02
8.493139157811523177e+00 1.096305355780821316e+02
8.490734568755449629e+00 1.096324186997009349e+02
8.488336250586511866e+00 1.096342945985201567e+02
8.485944187728193810e+00 1.096361633024025934e+02
8.483558364639099736e+00 1.096380248391036361e+02
8.481178765812892095e+00 1.096398792362716819e+02
8.478805375778234676e+00 1.096417265214485752e+02
8.476438179098723325e+00 1.096435667220699912e+02
8.474077160372834427e+00 1.096453998654658619e+02
8.471722304233853862e+00 1.096472259788607317e+02
8.469373595349821926e+00 1.096490450893742121e+02
8.467031018423471167e+00 1.096508572240213795e+02
8.464694558192164209e+00 1.096526624097131304e+02
8.462364199427833356e+00 1.096544606732566365e+02
8.460039926936916643e+00 1.096562520413556854e+02
8.457721725560300996e+00 1.096580365406111213e+02
8.455409580173258277e+00 1.096598141975212286e+02
8.453103475685384893e+00 1.096615850384821016e+02
8.450803397040539622e+00 1.096633490897880421e+02
8.448509329216783215e+00 1.096651063776319859e+02
8.446221257226316226e+00 1.096668569281058296e+02
8.443939166115420392e+00 1.096686007672008714e+02
8.441663040964396458e+00 1.096703379208081657e+02
8.439392866887500233e+00 1.096720684147189075e+02
8.437128629032885740e+00 1.096737922746248302e+02
8.434870312582539498e+00 1.096755095261185744e+02
8.432617902752227224e+00 1.096772201946940726e+02
8.430371384791422784e+00 1.096789243057469179e+02
8.428130743983253126e+00 1.096806218845747480e+02
8.425895965644437879e+00 1.096823129563776149e+02
8.423667035125227187e+00 1.096839975462583681e+02
8.421443937809337754e+00 1.096856756792230243e+02
8.419226659113896005e+00 1.096873473801811230e+02
8.417015184489374136e+00 1.096890126739461095e+02
8.414809499419533267e+00 1.096906715852357053e+02
8.412609589421355949e+00 1.096923241386722623e+02
8.410415440044994639e+00 1.096939703587831474e+02
8.408227036873702431e+00 1.096956102700010689e+02
8.406044365523774431e+00 1.096972438966644887e+02
8.403867411644490915e+00 1.096988712630179492e+02
8.401696160918049827e+00 1.097004923932124427e+02
8.399530599059513492e+00 1.097021073113057810e+02
8.397370711816742883e+00 1.097037160412629220e+02
8.395216484970339010e+00 1.097053186069563395e+02
8.393067904333580742e+00 1.097069150321664068e+02
8.390924955752366188e+00 1.097085053405817092e+02
8.388787625105150525e+00 1.097100895557994136e+02
8.386655898302885603e+00 1.097116677013256094e+02
8.384529761288959548e+00 1.097132398005756784e+02
8.382409200039138142e+00 1.097148058768746210e+02
8.380294200561500872e+00 1.097163659534574123e+02
8.378184748896384093e+00 1.097179200534693280e+02
8.376080831116318848e+00 1.097194681999663430e+02
8.373982433325970476e+00 1.097210104159154014e+02
8.371889541662078216e+00 1.097225467241947996e+02
8.369802142293396585e+00 1.097240771475945280e+02
8.367720221420631432e+00 1.097256017088165976e+02
8.365643765276384869e+00 1.097271204304753667e+02
8.363572760125091321e+00 1.097286333350979248e+02
8.361507192262958910e+00 1.097301404451243485e+02
8.359447048017907278e+00 1.097316417829081132e+02
8.357392313749510748e+00 1.097331373707163777e+02
8.355342975848936149e+00 1.097346272307303252e+02
8.353299020738885972e+00 1.097361113850455041e+02
8.351260434873532645e+00 1.097375898556721410e+02
8.349227204738463470e+00 1.097390626645354956e+02
8.347199316850618445e+00 1.097405298334761454e+02
8.345176757758233421e+00 1.097419913842503547e+02
8.343159514040776159e+00 1.097434473385303590e+02
8.341147572308889480e+00 1.097448977179047063e+02
8.339140919204332647e+00 1.097463425438785691e+02
8.337139541399917420e+00 1.097477818378741006e+02
8.335143425599451206e+00 1.097492156212307037e+02
8.333152558537678445e+00 1.097506439152053588e+02
8.331166926980220211e+00 1.097520667409729782e+02
8.329186517723512040e+00 1.097534841196266768e+02
8.327211317594750639e+00 1.097548960721780986e+02
8.325241313451829939e+00 1.097563026195577436e+02
8.323276492183280695e+00 1.097577037826152662e+02
8.321316840708215423e+00 1.097590995821198021e+02
8.319362345976266226e+00 1.097604900387602385e+02
8.317412994967527951e+00 1.097618751731455689e+02
8.315468774692496012e+00 1.097632550058051635e+02
8.313529672192007780e+00 1.097646295571890960e+02
8.311595674537187506e+00 1.097659988476684561e+02
8.309666768829384154e+00 1.097673628975356337e+02
8.307742942200112779e+00 1.097687217270046176e+02
8.305824181810994133e+00 1.097700753562113078e+02
8.303910474853699597e+00 1.097714238052138143e+02
8.302001808549889006e+00 1.097727670939927691e+02
8.300098170151153809e+00 1.097741052424515971e+02
8.298199546938956672e+00 1.097754382704168279e+02
8.296305926224578187e+00 1.097767661976383806e+02
8.294417295349049368e+00 1.097780890437898904e+02
8.292533641683100143e+00 1.097794068284689644e+02
8.290654952627100727e+00 1.097807195711974799e+02
8.288781215610997677e+00 1.097820272914218833e+02
8.286912418094262378e+00 1.097833300085135022e+02
8.285048547565827093e+00 1.097846277417687872e+02
8.283189591544029895e+00 1.097859205104096390e+02
8.281335537576556050e+00 1.097872083335836777e+02
8.279486373240381170e+00 1.097884912303645280e+02
8.277642086141709044e+00 1.097897692197521025e+02
8.275802663915918345e+00 1.097910423206729007e+02
8.273968094227502235e+00 1.097923105519802789e+02
8.272138364770011520e+00 1.097935739324547200e+02
8.270313463265992482e+00 1.097948324808041320e+02
8.268493377466937133e+00 1.097960862156641184e+02
8.266678095153219274e+00 1.097973351555982759e+02
8.264867604134039425e+00 1.097985793190984367e+02
8.263061892247366202e+00 1.097998187245849664e+02
8.261260947359879481e+00 1.098010533904070343e+02
8.259464757366909993e+00 1.098022833348428975e+02
8.257673310192389593e+00 1.098035085761001568e+02
8.255886593788783756e+00 1.098047291323160408e+02
8.254104596137041838e+00 1.098059450215576618e+02
8.252327305246538458e+00 1.098071562618222998e+02
8.250554709155011324e+00 1.098083628710376729e+02
8.248786795928513271e+00 1.098095648670621927e+02
8.247023553661344764e+00 1.098107622676852344e+02
8.245264970476005928e+00 1.098119550906274213e+02
8.243511034523134384e+00 1.098131433535408519e+02
8.241761733981448401e+00 1.098143270740093982e+02
8.240017057057693606e+00 1.098155062695489619e+02
8.238276991986584363e+00 1.098166809576077156e+02
8.236541527030745158e+00 1.098178511555663732e+02
8.234810650480655525e+00 1.098190168807384737e+02
8.233084350654596761e+00 1.098201781503705945e+02
8.231362615898587975e+00 1.098213349816426643e+02
8.229645434586338126e+00 1.098224873916681616e+02
8.227932795119183851e+00 1.098236353974944279e+02
8.226224685926034397e+00 1.098247790161028661e+02
8.224521095463316556e+00 1.098259182644092391e+02
8.222822012214917820e+00 1.098270531592638974e+02
8.221127424692129537e+00 1.098281837174520348e+02
8.219437321433593624e+00 1.098293099556939580e+02
8.217751691005243941e+00 1.098304318906453148e+02
8.216070522000249454e+00 1.098315495388973346e+02
8.214393803038962716e+00 1.098326629169771138e+02
8.212721522768861249e+00 1.098337720413478422e+02
8.211053669864490701e+00 1.098348769284090309e+02
8.209390233027409778e+00 1.098359775944967822e+02
8.207731200986138731e+00 1.098370740558840311e+02
8.206076562496098958e+00 1.098381663287807726e+02
8.204426306339557939e+00 1.098392544293343320e+02
8.202780421325577720e+00 1.098403383736295922e+02
8.201138896289954516e+00 1.098414181776892065e+02
8.199501720095168977e+00 1.098424938574738832e+02
8.197868881630327564e+00 1.098435654288825987e+02
8.196240369811105708e+00 1.098446329077528532e+02
8.194616173579698071e+00 1.098456963098608838e+02
8.192996281904758149e+00 1.098467556509219207e+02
8.191380683781348537e+00 1.098478109465904140e+02
8.189769368230882307e+00 1.098488622124602614e+02
8.188162324301071493e+00 1.098499094640650640e+02
8.186559541065866696e+00 1.098509527168783251e+02
8.184961007625407348e+00 1.098519919863137062e+02
8.183366713105968415e+00 1.098530272877252685e+02
8.181776646659903562e+00 1.098540586364076717e+02
8.180190797465588304e+00 1.098550860475964157e+02
8.178609154727368491e+00 1.098561095364680682e+02
8.177031707675508798e+00 1.098571291181405059e+02
8.175458445566132326e+00 1.098581448076731277e+02
8.173889357681172640e+00 1.098591566200670684e+02
8.172324433328315152e+00 1.098601645702654537e+02
8.170763661840943826e+00 1.098611686731535997e+02
8.169207032578091443e+00 1.098621689435592401e+02
8.167654534924380982e+00 1.098631653962527537e+02
8.166106158289972328e+00 1.098641580459473914e+02
8.164561892110512531e+00 1.098651469072994757e+02
8.163021725847078969e+00 1.098661319949086419e+02
8.161485648986126051e+00 1.098671133233180512e+02
8.159953651039430156e+00 1.098680909070145901e+02
8.158425721544041664e+00 1.098690647604291115e+02
8.156901850062228121e+00 1.098700348979366339e+02
8.155382026181419164e+00 1.098710013338565830e+02
8.153866239514155012e+00 1.098719640824529904e+02
8.152354479698036727e+00 1.098729231579346788e+02
8.150846736395667591e+00 1.098738785744555173e+02
8.149342999294603374e+00 1.098748303461146065e+02
8.147843258107300812e+00 1.098757784869565199e+02
8.146347502571060772e+00 1.098767230109714887e+02
8.144855722447978508e+00 1.098776639320956150e+02
8.143367907524890370e+00 1.098786012642110848e+02
8.141884047613322295e+00 1.098795350211463671e+02
8.140404132549432958e+00 1.098804652166764413e+02
8.138928152193969368e+00 1.098813918645229961e+02
8.137456096432204689e+00 1.098823149783546143e+02
8.135987955173893837e+00 1.098832345717869998e+02
8.134523718353218413e+00 1.098841506583831773e+02
8.133063375928735184e+00 1.098850632516537047e+02
8.131606917883321017e+00 1.098859723650568441e+02
8.130154334224126700e+00 1.098868780119988031e+02
8.128705614982518313e+00 1.098877802058339199e+02
8.127260750214032825e+00 1.098886789598648477e+02
8.125819729998319474e+00 1.098895742873427821e+02
8.124382544439091802e+00 1.098904662014676319e+02
8.122949183664077921e+00 1.098913547153882320e+02
8.121519637824961890e+00 1.098922398422025566e+02
8.120093897097341085e+00 1.098931215949578899e+02
8.118671951680667576e+00 1.098939999866510249e+02
8.117253791798201945e+00 1.098948750302284623e+02
8.115839407696958219e+00 1.098957467385866238e+02
8.114428789647657680e+00 1.098966151245720084e+02
8.113021927944672029e+00 1.098974802009814198e+02
8.111618812905975417e+00 1.098983419805621367e+02
8.110219434873092936e+00 1.098992004760121119e+02
8.108823784211052654e+00 1.099000556999801574e+02
8.107431851308328774e+00 1.099009076650661427e+02
8.106043626576797223e+00 1.099017563838211942e+02
8.104659100451682363e+00 1.099026018687478512e+02
8.103278263391505476e+00 1.099034441323002795e+02
8.101901105878035025e+00 1.099042831868844559e+02
8.100527618416236919e+00 1.099051190448583242e+02
8.099157791534224771e+00 1.099059517185320374e+02
8.097791615783210162e+00 1.099067812201680994e+02
8.096429081737447575e+00 1.099076075619815640e+02
8.095070179994191761e+00 1.099084307561402056e+02
8.093714901173640897e+00 1.099092508147647038e+02
8.092363235918892173e+00 1.099100677499288565e+02
8.091015174895890283e+00 1.099108815736597222e+02
8.089670708793374132e+00 1.099116922979378330e+02
8.088329828322832427e+00 1.099124999346973226e+02
8.086992524218452161e+00 1.099133044958261820e+02
8.085658787237067102e+00 1.099141059931663591e+02
8.084328608158109830e+00 1.099149044385140002e+02
8.083001977783565550e+00 1.099156998436195778e+02
8.081678886937917028e+00 1.099164922201881183e+02
8.080359326468098402e+00 1.099172815798793152e+02
8.079043287243449001e+00 1.099180679343077713e+02
8.077730760155658274e+00 1.099188512950431260e+02
8.076421736118719608e+00 1.099196316736102403e+02
8.075116206068884139e+00 1.099204090814893675e+02
8.073814160964607467e+00 1.099211835301163518e+02
8.072515591786505240e+00 1.099219550308827564e+02
8.071220489537299869e+00 1.099227235951360768e+02
8.069928845241774340e+00 1.099234892341798826e+02
8.068640649946726029e+00 1.099242519592740024e+02
8.067355894720915188e+00 1.099250117816346801e+02
8.066074570655016984e+00 1.099257687124347598e+02
