5.000000000000000000e+01 1.000000000000000000e+01
4.983017169624812226e+01 1.019852506871877118e+01
4.964855908482964963e+01 1.039799656583029552e+01
4.945648539118111842e+01 1.059854539841804133e+01
4.925515335833465258e+01 1.080028512430123300e+01
4.904565382691540520e+01 1.100331334470097389e+01
4.882897430059750832e+01 1.120771299723377368e+01
4.860600730346658338e+01 1.141355355430885332e+01
4.837755839930900947e+01 1.162089213272821020e+01
4.814435379021123396e+01 1.182977452054690382e+01
4.790704744671484860e+01 1.204023612721326586e+01
4.766622774709224331e+01 1.225230286279084879e+01
4.742242362140209622e+01 1.246599195174450792e+01
4.717611020864831772e+01 1.268131268640413012e+01
4.692771404397755219e+01 1.289826712483462678e+01
4.667761779845698555e+01 1.311685073746051167e+01
4.642616459737122625e+01 1.333705300642989755e+01
4.617366194476285557e+01 1.355885798136227649e+01
4.592038528256757957e+01 1.378224479480994624e+01
4.566658121249843560e+01 1.400718814047481864e+01
4.541247040806754143e+01 1.423365871695978946e+01
4.515825024298547419e+01 1.446162363959542674e+01
4.490409716078720948e+01 1.469104682266647721e+01
4.465016880900184049e+01 1.492188933416679930e+01
4.439660595958591927e+01 1.515410972503379838e+01
4.414353423573134449e+01 1.538766433465255901e+01
4.389106566357621375e+01 1.562250757427402270e+01
4.363930006581782806e+01 1.585859218985923569e+01
4.338832631276856944e+01 1.609586950574163922e+01
4.313822344501848960e+01 1.633428965039033542e+01
4.288906168057977197e+01 1.657380176545831674e+01
4.264090331818977830e+01 1.681435419920963881e+01
4.239380354734142742e+01 1.705589468533788988e+01
4.214781117458985449e+01 1.729837050811393340e+01
4.190296927474980038e+01 1.754172865473342569e+01
4.165931577474446357e+01 1.778591595567314343e+01
4.141688397708912817e+01 1.803087921380921799e+01
4.117570302928674408e+01 1.827656532299944203e+01
4.093579834477277757e+01 1.852292137678535511e+01
4.069719198046780662e+01 1.876989476782739175e+01
4.045990297547396608e+01 1.901743327864763344e+01
4.022394765498020774e+01 1.926548516421914670e+01
3.998933990301751606e+01 1.951399922690833577e+01
3.975609140732400704e+01 1.976292488424678595e+01
3.952421187923740575e+01 2.001221222998139027e+01
3.929370925122546510e+01 2.026181208882605489e+01
3.906458985438928266e+01 2.051167606531463150e+01
3.883685857802795027e+01 2.076175658713264482e+01
3.861051901313205548e+01 2.101200694328494478e+01
3.838557358147593135e+01 2.126238131743718895e+01
3.816202365180183165e+01 2.151283481675108078e+01
3.793986964443111987e+01 2.176332349651637443e+01
3.771911112549642553e+01 2.201380438086668079e+01
3.749974689186246479e+01 2.226423547985107021e+01
3.728177504769052319e+01 2.251457580311908657e+01
3.706519307350082926e+01 2.276478537046332562e+01
3.684999788849728475e+01 2.301482521945070658e+01
3.663618590683851295e+01 2.326465741036132684e+01
3.642375308846761328e+01 2.351424502864203347e+01
3.621269498504886997e+01 2.376355218507058709e+01
3.600300678150247080e+01 2.401254401381561365e+01
3.579468333357726806e+01 2.426118666856726591e+01
3.558771920185578352e+01 2.450944731690366396e+01
3.538210868254510189e+01 2.475729413304881632e+01
3.517784583537065402e+01 2.500469628916870235e+01
3.497492450885739146e+01 2.525162394534356380e+01
3.477333836325374961e+01 2.549804823834625012e+01
3.457308089132767037e+01 2.574394126934849680e+01
3.437414543724067073e+01 2.598927609066955924e+01
3.417652521368516716e+01 2.623402669167435519e+01
3.398021331745148643e+01 2.647816798392136661e+01
3.378520274357429543e+01 2.672167578565408164e+01
3.359148639819331805e+01 2.696452680572335936e+01
3.339905711024961477e+01 2.720669862702227704e+01
3.320790764212683399e+01 2.744816968950921421e+01
3.301803069933594514e+01 2.768891927288963117e+01
3.282941893933234212e+01 2.792892747902183714e+01
3.264206497954545227e+01 2.816817521410718328e+01
3.245596140469333335e+01 2.840664417072052217e+01
3.227110077344752170e+01 2.864431680973242322e+01
3.208747562450727031e+01 2.888117634217048746e+01
3.190507848213658804e+01 2.911720671106327529e+01
3.172390186121234734e+01 2.935239257330661644e+01
3.154393827182726895e+01 2.958671928158867814e+01
3.136518022348730028e+01 2.982017286640690301e+01
3.118762022893933761e+01 3.005274001820685825e+01
3.101125080766179209e+01 3.028440806967017096e+01
3.083606448904748731e+01 3.051516497817608098e+01
3.066205381530570762e+01 3.074499930845856710e+01
3.048921134410768374e+01 3.097390021547871086e+01
3.031752965099759933e+01 3.120185742752971692e+01
3.014700133158921602e+01 3.142886122959001227e+01
2.997761900356638165e+01 3.165490244693789990e+01
2.980937530850403050e+01 3.187997242903951545e+01
2.964226291352479592e+01 3.210406303372015202e+01
2.947627451280505895e+01 3.232716661162753979e+01
2.931140282894295979e+01 3.254927599099419666e+01
2.914764061419984387e+01 3.277038446270476157e+01
2.898498065162560167e+01 3.299048576567293622e+01
2.882341575607745199e+01 3.320957407253160198e+01
2.866293877514086574e+01 3.342764397563865231e+01
2.850354258996063095e+01 3.364469047340013930e+01
2.834522011598930646e+01 3.386070895691158000e+01
2.818796430365976491e+01 3.407569519691729454e+01
2.803176813898791053e+01 3.428964533108719337e+01
2.787662464411116048e+01 3.450255585160959271e+01
2.772252687776779823e+01 3.471442359309813952e+01
2.756946793572192078e+01 3.492524572081043033e+01
2.741744095113826774e+01 3.513501971917541766e+01
2.726643909491087214e+01 3.534374338062620780e+01
2.711645557594918188e+01 3.555141479473466859e+01
2.696748364142496968e+01 3.575803233764367661e+01
2.681951657698309788e+01 3.596359466179282549e+01
2.667254770691896226e+01 3.616810068593289884e+01
2.652657039432518360e+01 3.637154958542441818e+01
2.638157804120995209e+01 3.657394078281522098e+01
2.623756408858921318e+01 3.677527393869196004e+01
2.609452201655470915e+01 3.697554894280025906e+01
2.595244534431974159e+01 3.717476590542815273e+01
2.581132763024439924e+01 3.737292514904729757e+01
2.567116247184179301e+01 3.757002720020651765e+01
2.553194350576679028e+01 3.776607278167204385e+01
2.539366440778859157e+01 3.796106280480886142e+01
2.525631889274840702e+01 3.815499836219758123e+01
2.511990071450335549e+01 3.834788072048117868e+01
2.498440366585769823e+01 3.853971131343603673e+01
2.484982157848234507e+01 3.873049173526169398e+01
2.471614832282357810e+01 3.892022373408380531e+01
2.458337780800183481e+01 3.910890920566474449e+01
2.445150398170130401e+01 3.929655018731650529e+01
2.432052083005109822e+01 3.948314885201045144e+01
2.419042237749863489e+01 3.966870750267862888e+01
2.406120268667588746e+01 3.985322856670142500e+01
2.393285585825904604e+01 4.003671459057638060e+01
2.380537603082215625e+01 4.021916823476310299e+01
2.367875738068519453e+01 4.040059226869931308e+01
2.355299412175708440e+01 4.058098956598303886e+01
2.342808050537404085e+01 4.076036309971628668e+01
2.330401082013367642e+01 4.093871593800534470e+01
2.318077939172520630e+01 4.111605123961322050e+01
2.305838058275611857e+01 4.129237224975956622e+01
2.293680879257561855e+01 4.146768229606382761e+01
2.281605845709515279e+01 4.164198478462715514e+01
2.269612404860626143e+01 4.181528319624894152e+01
2.257700007559606448e+01 4.198758108277387180e+01
2.245868108256057027e+01 4.215888206356539314e+01
2.234116164981606900e+01 4.232918982210176750e+01
2.222443639330878185e+01 4.249850810269084889e+01
2.210849996442299670e+01 4.266684070729985478e+01
2.199334704978783606e+01 4.283419149249652946e+01
2.187897237108285609e+01 4.300056436649815339e+01
2.176537068484259407e+01 4.316596328632498114e+01
2.165253678226024903e+01 4.333039225505474690e+01
2.154046548899061619e+01 4.349385531917501169e+01
2.142915166495238211e+01 4.365635656603017623e+01
2.131859020412992933e+01 4.381790012136010404e+01
2.120877603437473624e+01 4.397849014692737768e+01
2.109970411720649253e+01 4.413813083823027483e+01
2.099136944761401580e+01 4.429682642229868605e+01
2.088376705385605092e+01 4.445458115557021728e+01
2.077689199726205871e+01 4.461139932184385515e+01
2.067073937203304013e+01 4.476728523030860885e+01
2.056530430504248841e+01 4.492224321364466277e+01
2.046058195563754012e+01 4.507627762619458167e+01
2.035656751544037135e+01 4.522939284220230149e+01
2.025325620814989946e+01 4.538159325411756839e+01
2.015064328934386495e+01 4.553288327096366572e+01
2.004872404628131832e+01 4.568326731676628327e+01
1.994749379770556175e+01 4.583274982904147521e+01
1.984694789364762357e+01 4.598133525734071725e+01
1.974708171523025158e+01 4.612902806185110194e+01
1.964789067447250659e+01 4.627583271204883175e+01
1.954937021409497078e+01 4.642175368540415548e+01
1.945151580732561314e+01 4.656679546613605680e+01
1.935432295770633715e+01 4.671096254401492587e+01
1.925778719890022472e+01 4.685425941321159371e+01
1.916190409449954757e+01 4.699669057119118065e+01
1.906666923783451040e+01 4.713826051765016700e+01
1.897207825178279350e+01 4.727897375349521525e+01
1.887812678857989113e+01 4.741883477986230844e+01
1.878481052963028830e+01 4.755784809717480499e+01
1.869212518531945477e+01 4.769601820423908123e+01
1.860006649482672003e+01 4.783334959737641867e+01
1.850863022593900098e+01 4.796984676958994953e+01
1.841781217486543198e+01 4.810551420976535297e+01
1.832760816605286891e+01 4.824035640190417951e+01
1.823801405200233816e+01 4.837437782438869505e+01
1.814902571308636325e+01 4.850758294927705805e+01
1.806063905736726127e+01 4.863997624162784206e+01
1.797285002041634172e+01 4.877156215885285917e+01
1.788565456513407881e+01 4.890234515009725413e+01
1.779904868157121456e+01 4.903232965564597379e+01
1.771302838675083180e+01 4.916152010635563840e+01
1.762758972449138994e+01 4.928992092311092676e+01
1.754272876523072711e+01 4.941753651630462940e+01
1.745844160585102856e+01 4.954437128534051737e+01
1.737472436950478283e+01 4.967042961815823077e+01
1.729157320544171483e+01 4.979571589077937688e+01
1.720898428883669240e+01 4.992023446687413468e+01
1.712695382061861693e+01 5.004398969734761238e+01
1.704547802730031592e+01 5.016698591994523326e+01
1.696455316080940179e+01 5.028922745887651047e+01
1.688417549832012909e+01 5.041071862445654972e+01
1.680434134208623220e+01 5.053146371276459803e+01
1.672504701927475779e+01 5.065146700531909119e+01
1.664628888180088140e+01 5.077073276876860319e+01
1.656806330616371525e+01 5.088926525459805106e+01
1.649036669328308236e+01 5.100706869884970729e+01
1.641319546833730669e+01 5.112414732185844457e+01
1.633654608060195912e+01 5.124050532800066549e+01
1.626041500328960510e+01 5.135614690545646965e+01
1.618479873339050812e+01 5.147107622598457510e+01
1.610969379151434211e+01 5.158529744470950362e+01
1.603509672173284528e+01 5.169881469992061085e+01
1.596100409142347054e+01 5.181163211288252768e+01
1.588741249111399867e+01 5.192375378765657956e+01
1.581431853432811607e+01 5.203518381093279288e+01
1.574171885743195887e+01 5.214592625187209762e+01
1.566961011948161797e+01 5.225598516195839238e+01
1.559798900207159633e+01 5.236536457486002405e+01
1.552685220918423070e+01 5.247406850630042641e+01
1.545619646704005667e+01 5.258210095393749839e+01
1.538601852394912228e+01 5.268946589725149465e+01
1.531631515016324308e+01 5.279616729744099501e+01
1.524708313772919865e+01 5.290220909732676802e+01
1.517831930034287069e+01 5.300759522126314494e+01
1.511002047320429575e+01 5.311232957505669106e+01
1.504218351287366673e+01 5.321641604589184027e+01
1.497480529712823838e+01 5.331985850226327983e+01
1.490788272482016552e+01 5.342266079391480815e+01
1.484141271573524712e+01 5.352482675178443827e+01
1.477539221045258699e+01 5.362636018795546278e+01
1.470981817020515869e+01 5.372726489561333807e+01
1.464468757674126742e+01 5.382754464900806823e+01
1.457999743218691613e+01 5.392720320342196061e+01
1.451574475890905980e+01 5.402624429514251148e+01
1.445192659937974788e+01 5.412467164144019449e+01
1.438854001604115318e+01 5.422248894055102397e+01
1.432558209117147285e+01 5.431969987166367275e+01
1.426304992675171590e+01 5.441630809491096699e+01
1.420094064433334502e+01 5.451231725136556605e+01
1.413925138490679423e+01 5.460773096303974938e+01
1.407797930877084269e+01 5.470255283288901893e+01
1.401712159540284119e+01 5.479678644481946748e+01
1.395667544332979837e+01 5.489043536369873522e+01
1.389663807000030182e+01 5.498350313537037692e+01
1.383700671165728657e+01 5.507599328667156158e+01
1.377777862321163660e+01 5.516790932545389836e+01
1.371895107811662484e+01 5.525925474060733933e+01
1.366052136824317031e+01 5.535003300208697397e+01
1.360248680375592656e+01 5.544024756094260198e+01
1.354484471299017656e+01 5.552990184935102036e+01
1.348759244232955368e+01 5.561899928065083998e+01
1.343072735608455659e+01 5.570754324937978197e+01
1.337424683637187961e+01 5.579553713131430470e+01
1.331814828299452991e+01 5.588298428351150449e+01
1.326242911332274943e+01 5.596988804435315501e+01
1.320708676217571131e+01 5.605625173359182867e+01
1.315211868170401743e+01 5.614207865239895767e+01
1.309752234127295978e+01 5.622737208341482074e+01
1.304329522734656699e+01 5.631213529080029190e+01
1.298943484337241117e+01 5.639637152029032308e+01
1.293593870966719095e+01 5.648008399924908929e+01
1.288280436330306600e+01 5.656327593672666154e+01
1.283002935799474997e+01 5.664595052351720739e+01
1.277761126398735314e+01 5.672811093221859124e+01
1.272554766794497638e+01 5.680976031729333897e+01
1.267383617284004060e+01 5.689090181513091693e+01
1.262247439784335690e+01 5.697153854411118346e+01
1.257145997821492855e+01 5.705167360466906246e+01
1.252079056519547962e+01 5.713131007936029704e+01
1.247046382589871172e+01 5.721045103292826184e+01
1.242047744320427149e+01 5.728909951237177012e+01
1.237082911565143739e+01 5.736725854701384719e+01
1.232151655733351880e+01 5.744493114857135652e+01
1.227253749779295333e+01 5.752212031122551394e+01
1.222388968191711101e+01 5.759882901169317648e+01
1.217557086983479309e+01 5.767506020929889132e+01
1.212757883681342186e+01 5.775081684604766963e+01
1.207991137315691610e+01 5.782610184669839981e+01
1.203256628410425400e+01 5.790091811883790740e+01
1.198554138972871286e+01 5.797526855295560466e+01
1.193883452483778207e+01 5.804915602251868023e+01
1.189244353887374750e+01 5.812258338404781455e+01
1.184636629581494027e+01 5.819555347719335714e+01
1.180060067407764812e+01 5.826806912481197998e+01
1.175514456641868577e+01 5.834013313304370030e+01
1.170999587983861012e+01 5.841174829138933688e+01
1.166515253548559627e+01 5.848291737278827185e+01
1.162061246855994945e+01 5.855364313369656060e+01
1.157637362821925997e+01 5.862392831416532601e+01
1.153243397748418886e+01 5.869377563791944397e+01
1.148879149314490000e+01 5.876318781243642775e+01
1.144544416566810163e+01 5.883216752902556124e+01
1.140238999910472728e+01 5.890071746290721677e+01
1.135962701099822425e+01 5.896884027329235067e+01
1.131715323229346737e+01 5.903653860346211957e+01
1.127496670724627847e+01 5.910381508084765301e+01
1.123306549333355697e+01 5.917067231710992559e+01
1.119144766116400902e+01 5.923711290821969300e+01
1.115011129438948245e+01 5.930313943453751335e+01
1.110905448961689501e+01 5.936875446089381825e+01
1.106827535632075410e+01 5.943396053666900514e+01
1.102777201675626451e+01 5.949876019587355103e+01
1.098754260587301879e+01 5.956315595722810485e+01
1.094758527122927205e+01 5.962715032424357986e+01
1.090789817290679053e+01 5.969074578530121755e+01
1.086847948342626857e+01 5.975394481373257349e+01
1.082932738766332470e+01 5.981674986789948179e+01
1.079044008276505373e+01 5.987916339127389875e+01
1.075181577806714550e+01 5.994118781251770400e+01
1.071345269501155606e+01 6.000282554556235937e+01
1.067534906706473663e+01 6.006407898968847547e+01
1.063750313963641503e+01 6.012495052960526465e+01
1.059991316999891886e+01 6.018544253552983747e+01
1.056257742720704407e+01 6.024555736326637145e+01
1.052549419201846170e+01 6.030529735428509497e+01
1.048866175681466295e+01 6.036466483580115749e+01
1.045207842552243527e+01 6.042366212085326538e+01
1.041574251353586433e+01 6.048229150838219681e+01
1.037965234763886713e+01 6.054055528330906100e+01
1.034380626592824193e+01 6.059845571661340813e+01
1.030820261773723878e+01 6.065599506541111907e+01
1.027283976355964512e+01 6.071317557303206058e+01
1.023771607497438296e+01 6.076999946909753447e+01
1.020282993457060705e+01 6.082646896959752070e+01
1.016817973587332347e+01 6.088258627696762915e+01
1.013376388326949140e+01 6.093835358016586667e+01
1.009958079193463654e+01 6.099377305474911992e+01
1.006562888775995113e+01 6.104884686294941787e+01
1.003190660727989147e+01 6.110357715374989596e+01
9.998412397600256796e+00 6.115796606296053994e+01
9.965144716326756580e+00 6.121201571329362423e+01
9.932102031494061123e+00 6.126572821443891570e+01
9.899282821495328122e+00 6.131910566313855782e+01
9.866685575012201781e+00 6.137215014326170603e+01
9.834308790945293310e+00 6.142486372587887899e+01
9.802150978345116172e+00 6.147724846933598997e+01
9.770210656343499167e+00 6.152930641932812961e+01
9.738486354085457819e+00 6.158103960897300766e+01
9.706976610661524063e+00 6.163245005888413175e+01
9.675679975040530678e+00 6.168353977724367354e+01
9.644595006002857573e+00 6.173431075987502936e+01
9.613720272074118611e+00 6.178476499031505398e+01
9.583054351459297848e+00 6.183490443988601726e+01
9.552595831977336971e+00 6.188473106776724819e+01
9.522343310996156163e+00 6.193424682106643075e+01
9.492295395368115507e+00 6.198345363489061555e+01
9.462450701365913375e+00 6.203235343241689037e+01
9.432807854618918242e+00 6.208094812496275239e+01
9.403365490049925057e+00 6.212923961205616052e+01
9.374122251812343265e+00 6.217722978150522550e+01
9.345076793227809375e+00 6.222492050946762276e+01
9.316227776724213427e+00 6.227231366051966432e+01
9.287573873774153554e+00 6.231941108772502957e+01
9.259113764833797333e+00 6.236621463270316923e+01
9.230846139282160578e+00 6.241272612569741085e+01
9.202769695360796476e+00 6.245894738564270199e+01
9.174883140113887947e+00 6.250488022023303358e+01
9.147185189328748578e+00 6.255052642598853652e+01
9.119674567476721450e+00 6.259588778832223710e+01
9.092350007654477650e+00 6.264096608160648572e+01
9.065210251525716245e+00 6.268576306923905861e+01
9.038254049263249712e+00 6.273028050370891151e+01
9.011480159491485509e+00 6.277452012666161352e+01
8.984887349229296660e+00 6.281848366896445413e+01
8.958474393833274263e+00 6.286217285077118078e+01
8.932240076941365459e+00 6.290558938158643798e+01
8.906183190416891549e+00 6.294873496032987958e+01
8.880302534292946248e+00 6.299161127539989735e+01
8.854596916717165200e+00 6.303422000473707243e+01
8.829065153896870299e+00 6.307656281588726443e+01
8.803706070044585275e+00 6.311864136606435949e+01
8.778518497323918979e+00 6.316045730221271981e+01
8.753501275795814607e+00 6.320201226106926384e+01
8.728653253365161291e+00 6.324330786922523373e+01
8.703973285727764519e+00 6.328434574318763595e+01
8.679460236317677158e+00 6.332512748944032666e+01
8.655112976254883961e+00 6.336565470450479864e+01
8.630930384293343138e+00 6.340592897500060587e+01
8.606911346769376081e+00 6.344595187770550382e+01
8.583054757550405256e+00 6.348572497961519190e+01
8.559359517984040266e+00 6.352524983800281433e+01
8.535824536847504973e+00 6.356452800047804175e+01
8.512448730297409227e+00 6.360356100504591836e+01
8.489231021819859890e+00 6.364235038016530410e+01
8.466170342180905806e+00 6.368089764480704673e+01
8.443265629377320280e+00 6.371920430851179162e+01
8.420515828587715745e+00 6.375727187144750729e+01
8.397919892123987040e+00 6.379510182446666278e+01
8.375476779383083326e+00 6.383269564916307814e+01
8.353185456799108621e+00 6.387005481792846950e+01
8.331044897795742088e+00 6.390718079400868845e+01
8.309054082738979830e+00 6.394407503155961336e+01
8.287211998890199993e+00 6.398073897570273516e+01
8.265517640359542284e+00 6.401717406258043752e+01
8.243970008059600119e+00 6.405338171941095027e+01
8.222568109659430746e+00 6.408936336454299010e+01
8.201310959538870904e+00 6.412512040751009579e+01
8.180197578743168663e+00 6.416065424908464365e+01
8.159226994937910149e+00 6.419596628133156457e+01
8.138398242364262458e+00 6.423105788766174840e+01
8.117710361794511442e+00 6.426593044288513568e+01
8.097162400487906808e+00 6.430058531326346838e+01
8.076753412146793210e+00 6.433502385656281319e+01
8.056482456873055753e+00 6.436924742210572958e+01
8.036348601124842617e+00 6.440325735082312519e+01
8.016350917673593202e+00 6.443705497530585546e+01
7.996488485561343396e+00 6.447064161985596797e+01
7.976760390058333705e+00 6.450401860053767678e+01
7.957165722620895387e+00 6.453718722522806672e+01
7.937703580849620799e+00 6.457014879366742832e+01
7.918373068447821517e+00 6.460290459750937941e+01
7.899173295180261789e+00 6.463545592037061738e+01
7.880103376832173545e+00 6.466780403788045817e+01
7.861162435168550289e+00 6.469995021772999166e+01
7.842349597893710111e+00 6.473189571972103806e+01
7.823663998611139370e+00 6.476364179581473479e+01
7.805104776783602816e+00 6.479518969017992447e+01
7.786671077693524623e+00 6.482654063924117338e+01
7.768362052403635865e+00 6.485769587172653416e+01
7.750176857717891998e+00 6.488865660871505270e+01
7.732114656142650588e+00 6.491942406368396234e+01
7.714174615848111927e+00 6.494999944255559399e+01
7.696355910630021668e+00 6.498038394374404447e+01
7.678657719871631926e+00 6.501057875820151821e+01
7.661079228505919048e+00 6.504058506946444140e+01
7.643619626978057191e+00 6.507040405369924940e+01
7.626278111208144139e+00 6.510003687974796094e+01
7.609053882554180248e+00 6.512948470917339705e+01
7.591946147775299636e+00 6.515874869630422950e+01
7.574954118995246510e+00 6.518782998827967390e+01
7.558077013666097521e+00 6.521672972509395549e+01
7.541314054532235467e+00 6.524544903964053333e+01
7.524664469594560146e+00 6.527398905775598337e+01
7.508127492074943454e+00 6.530235089826369688e+01
7.491702360380926073e+00 6.533053567301725195e+01
7.475388318070650406e+00 6.535854448694357188e+01
7.459184613818032439e+00 6.538637843808581351e+01
7.443090501378167190e+00 6.541403861764595717e+01
7.427105239552970417e+00 6.544152611002719766e+01
7.411228092157050362e+00 6.546884199287603678e+01
7.395458327983812197e+00 6.549598733712416276e+01
7.379795220771788955e+00 6.552296320703003119e+01
7.364238049171203393e+00 6.554977066022019017e+01
7.348786096710751892e+00 6.557641074773043499e+01
7.333438651764616623e+00 6.560288451404660748e+01
7.318195007519698869e+00 6.562919299714523902e+01
7.303054461943075282e+00 6.565533722853386678e+01
7.288016317749669959e+00 6.568131823329117935e+01
7.273079882370153015e+00 6.570713703010686402e+01
7.258244467919046095e+00 6.573279463132122657e+01
7.243509391163052591e+00 6.575829204296461228e+01
7.228873973489595706e+00 6.578363026479649989e+01
7.214337540875573218e+00 6.580881029034445362e+01
7.199899423856320979e+00 6.583383310694276247e+01
7.185558957494786902e+00 6.585869969577088057e+01
7.171315481350914567e+00 6.588341103189164016e+01
7.157168339451231986e+00 6.590796808428920883e+01
7.143116880258647328e+00 6.593237181590681928e+01
7.129160456642447130e+00 6.595662318368428600e+01
7.115298425848499697e+00 6.598072313859526616e+01
7.101530149469658326e+00 6.600467262568433569e+01
7.087854993416365268e+00 6.602847258410378117e+01
7.074272327887454637e+00 6.605212394715020707e+01
7.060781527341150721e+00 6.607562764230091545e+01
7.047381970466265244e+00 6.609898459125004422e+01
7.034073040153588252e+00 6.612219570994450635e+01
7.020854123467470842e+00 6.614526190861968757e+01
7.007724611617602406e+00 6.616818409183495930e+01
6.994683899930978832e+00 6.619096315850893575e+01
6.981731387824056334e+00 6.621360000195450368e+01
6.968866478775098017e+00 6.623609550991372430e+01
6.956088580296706070e+00 6.625845056459240823e+01
6.943397103908537815e+00 6.628066604269454842e+01
6.930791465110210048e+00 6.630274281545653992e+01
6.918271083354381012e+00 6.632468174868114374e+01
6.905835382020020674e+00 6.634648370277129459e+01
6.893483788385856847e+00 6.636814953276366680e+01
6.881215733604002516e+00 6.638968008836205570e+01
6.869030652673762560e+00 6.641107621397053151e+01
6.856927984415616351e+00 6.643233874872640854e+01
6.844907171445376193e+00 6.645346852653300118e+01
6.832967660148520750e+00 6.647446637609218101e+01
6.821108900654702545e+00 6.649533312093673487e+01
6.809330346812427770e+00 6.651606957946252408e+01
6.797631456163905739e+00 6.653667656496044458e+01
6.786011689920070644e+00 6.655715488564817406e+01
6.774470512935769406e+00 6.657750534470177683e+01
6.763007393685120938e+00 6.659772874028703882e+01
6.751621804237039726e+00 6.661782586559064612e+01
6.740313220230923719e+00 6.663779750885120734e+01
6.729081120852509201e+00 6.665764445339003430e+01
6.717924988809889086e+00 6.667736747764170957e+01
6.706844310309690194e+00 6.669696735518456876e+01
6.695838575033413953e+00 6.671644485477087017e+01
6.684907276113936980e+00 6.673580074035686494e+01
6.674049910112171524e+00 6.675503577113266829e+01
6.663265976993879569e+00 6.677415070155190335e+01
6.652554980106649474e+00 6.679314628136120291e+01
6.641916426157022713e+00 6.681202325562952637e+01
6.631349825187781377e+00 6.683078236477726364e+01
6.620854690555382227e+00 6.684942434460519678e+01
6.610430538907549725e+00 6.686794992632326284e+01
6.600076890161015619e+00 6.688635983657914608e+01
6.589793267479413075e+00 6.690465479748668542e+01
6.579579197251318234e+00 6.692283552665411150e+01
6.569434209068439223e+00 6.694090273721212725e+01
6.559357835703954365e+00 6.695885713784174698e+01
6.549349613090997835e+00 6.697669943280207860e+01
6.539409080301286536e+00 6.699443032195782166e+01
6.529535779523897077e+00 6.701205050080663739e+01
6.519729256044182186e+00 6.702956066050639095e+01
6.509989058222831027e+00 6.704696148790215204e+01
6.500314737475070714e+00 6.706425366555308187e+01
6.490705848250009957e+00 6.708143787175913531e+01
6.481161948010121243e+00 6.709851478058757834e+01
6.471682597210859811e+00 6.711548506189937768e+01
6.462267359280424728e+00 6.713234938137540553e+01
6.452915800599653195e+00 6.714910840054250230e+01
6.443627490482052522e+00 6.716576277679931195e+01
6.434402001153967099e+00 6.718231316344206050e+01
6.425238907734877714e+00 6.719876020969010710e+01
6.416137788217837645e+00 6.721510456071132467e+01
6.407098223450036656e+00 6.723134685764738094e+01
6.398119797113499985e+00 6.724748773763880649e+01
6.389202095705917017e+00 6.726352783384994893e+01
6.380344708521597852e+00 6.727946777549372825e+01
6.371547227632559540e+00 6.729530818785632107e+01
6.362809247869742002e+00 6.731104969232157487e+01
6.354130366804349173e+00 6.732669290639535120e+01
6.345510184729315384e+00 6.734223844372971257e+01
6.336948304640900531e+00 6.735768691414693876e+01
6.328444332220406032e+00 6.737303892366338687e+01
6.319997875816016020e+00 6.738829507451323764e+01
6.311608546424761990e+00 6.740345596517205706e+01
6.303275957674607355e+00 6.741852219038023009e+01
6.294999725806656343e+00 6.743349434116625218e+01
6.286779469657479247e+00 6.744837300486986464e+01
6.278614810641561128e+00 6.746315876516506194e+01
6.270505372733866878e+00 6.747785220208292856e+01
6.262450782452522624e+00 6.749245389203437639e+01
6.254450668841619709e+00 6.750696440783269736e+01
6.246504663454128803e+00 6.752138431871600233e+01
6.238612400334933028e+00 6.753571419036951795e+01
6.230773516003976553e+00 6.754995458494772720e+01
6.222987649439522428e+00 6.756410606109638195e+01
6.215254442061531215e+00 6.757816917397441614e+01
6.207573537715143530e+00 6.759214447527564573e+01
6.199944582654280723e+00 6.760603251325041185e+01
6.192367225525353902e+00 6.761983383272703918e+01
6.184841117351082218e+00 6.763354897513315223e+01
6.177365911514423935e+00 6.764717847851693477e+01
6.169941263742612314e+00 6.766072287756814774e+01
6.162566832091301627e+00 6.767418270363913280e+01
6.155242276928818868e+00 6.768755848476557446e+01
6.147967260920524701e+00 6.770085074568723371e+01
6.140741449013276565e+00 6.771406000786845425e+01
6.133564508420001005e+00 6.772718678951861193e+01
6.126436108604366382e+00 6.774023160561243628e+01
6.119355921265561271e+00 6.775319496791016149e+01
6.112323620323175000e+00 6.776607738497757794e+01
6.105338881902182102e+00 6.777887936220595577e+01
6.098401384318025364e+00 6.779160140183186911e+01
6.091510808061803672e+00 6.780424400295684961e+01
6.084666835785554895e+00 6.781680766156694062e+01
6.077869152287644461e+00 6.782929287055215184e+01
6.071117444498246307e+00 6.784170011972574343e+01
6.064411401464928630e+00 6.785402989584343914e+01
6.057750714338329345e+00 6.786628268262248298e+01
6.051135076357937237e+00 6.787845896076062502e+01
6.044564182837961930e+00 6.789055920795492227e+01
6.038037731153304222e+00 6.790258389892048285e+01
6.031555420725616123e+00 6.791453350540903955e+01
6.025116953009463039e+00 6.792640849622746657e+01
6.018722031478570322e+00 6.793820933725612576e+01
6.012370361612170200e+00 6.794993649146715597e+01
6.006061650881437508e+00 6.796159041894257768e+01
5.999795608736018693e+00 6.797317157689236922e+01
5.993571946590648736e+00 6.798468041967234399e+01
5.987390377811863118e+00 6.799611739880195671e+01
5.981250617704797712e+00 6.800748296298203854e+01
5.975152383500075715e+00 6.801877755811234749e+01
5.969095394340786953e+00 6.803000162730907618e+01
5.963079371269553342e+00 6.804115561092216069e+01
5.957104037215680492e+00 6.805223994655261777e+01
5.951169116982399920e+00 6.806325506906962630e+01
5.945274337234193851e+00 6.807420141062762298e+01
5.939419426484207953e+00 6.808507940068321318e+01
5.933604115081748454e+00 6.809588946601201087e+01
5.927828135199863624e+00 6.810663203072536476e+01
5.922091220823008761e+00 6.811730751628698499e+01
5.916393107734797319e+00 6.812791634152947040e+01
5.910733533505831083e+00 6.813845892267072202e+01
5.905112237481614734e+00 6.814893567333024293e+01
5.899528960770552111e+00 6.815934700454538131e+01
5.893983446232023304e+00 6.816969332478741705e+01
5.888475438464542577e+00 6.817997503997757747e+01
5.883004683793996215e+00 6.819019255350295339e+01
5.877570930261958537e+00 6.820034626623234431e+01
5.872173927614091404e+00 6.821043657653190451e+01
5.866813427288616545e+00 6.822046388028081765e+01
5.861489182404869602e+00 6.823042857088681501e+01
5.856200947751929675e+00 6.824033103930155164e+01
5.850948479777327016e+00 6.825017167403596829e+01
5.845731536575825338e+00 6.825995086117552546e+01
5.840549877878283169e+00 6.826966898439532372e+01
5.835403265040588039e+00 6.827932642497516724e+01
5.830291461032664380e+00 6.828892356181447099e+01
5.825214230427559592e+00 6.829846077144716787e+01
5.820171339390600274e+00 6.830793842805643123e+01
5.815162555668623945e+00 6.831735690348936885e+01
5.810187648579283604e+00 6.832671656727157483e+01
5.805246389000421559e+00 6.833601778662165316e+01
5.800338549359519646e+00 6.834526092646559903e+01
5.795463903623218727e+00 6.835444634945108078e+01
5.790622227286907453e+00 6.836357441596170759e+01
5.785813297364383878e+00 6.837264548413112664e+01
5.781036892377586334e+00 6.838165990985707765e+01
5.776292792346392702e+00 6.839061804681534795e+01
5.771580778778489851e+00 6.839952024647361384e+01
5.766900634659312352e+00 6.840836685810525353e+01
5.762252144442045143e+00 6.841715822880304643e+01
5.757635094037699908e+00 6.842589470349274450e+01
5.753049270805254523e+00 6.843457662494664362e+01
5.748494463541858224e+00 6.844320433379699864e+01
5.743970462473106942e+00 6.845177816854936736e+01
5.739477059243381696e+00 6.846029846559591192e+01
5.735014046906252716e+00 6.846876555922857222e+01
5.730581219914950175e+00 6.847717978165216834e+01
5.726178374112895320e+00 6.848554146299747458e+01
5.721805306724299989e+00 6.849385093133409441e+01
5.717461816344828307e+00 6.850210851268336398e+01
5.713147702932318772e+00 6.851031453103114188e+01
5.708862767797575621e+00 6.851846930834049942e+01
5.704606813595213488e+00 6.852657316456436831e+01
5.700379644314572225e+00 6.853462641765803198e+01
5.696181065270688570e+00 6.854262938359167379e+01
5.692010883095329987e+00 6.855058237636269780e+01
5.687868905728090674e+00 6.855848570800807806e+01
5.683754942407544419e+00 6.856633968861657991e+01
5.679668803662459631e+00 6.857414462634095287e+01
5.675610301303073868e+00 6.858190082740996729e+01
5.671579248412427887e+00 6.858960859614046512e+01
5.667575459337754751e+00 6.859726823494925441e+01
5.663598749681931999e+00 6.860488004436501797e+01
5.659648936294987998e+00 6.861244432304005159e+01
5.655725837265666911e+00 6.861996136776200217e+01
5.651829271913053176e+00 6.862743147346550643e+01
5.647959060778248386e+00 6.863485493324374431e+01
5.644115025616105896e+00 6.864223203835994980e+01
5.640296989387022286e+00 6.864956307825882220e+01
5.636504776248785653e+00 6.865684834057788066e+01
5.632738211548475427e+00 6.866408811115874755e+01
5.628997121814419025e+00 6.867128267405836084e+01
5.625281334748203577e+00 6.867843231156011541e+01
5.621590679216740050e+00 6.868553730418490488e+01
5.617924985244380665e+00 6.869259793070217768e+01
5.614284084005094044e+00 6.869961446814083672e+01
5.610667807814687436e+00 6.870658719180008234e+01
5.607075990123083997e+00 6.871351637526026934e+01
5.603508465506652492e+00 6.872040229039357939e+01
5.599965069660591155e+00 6.872724520737472176e+01
5.596445639391358640e+00 6.873404539469152041e+01
5.592950012609157362e+00 6.874080311915541586e+01
5.589478028320469249e+00 6.874751864591198114e+01
5.586029526620643004e+00 6.875419223845126737e+01
5.582604348686528439e+00 6.876082415861819186e+01
5.579202336769160553e+00 6.876741466662276991e+01
5.575823334186496005e+00 6.877396402105031825e+01
5.572467185316196669e+00 6.878047247887164417e+01
5.569133735588464695e+00 6.878694029545305000e+01
5.565822831478919319e+00 6.879336772456642279e+01
5.562534320501529628e+00 6.879975501839913932e+01
5.559268051201591732e+00 6.880610242756398520e+01
5.556023873148753012e+00 6.881241020110897466e+01
5.552801636930083440e+00 6.881867858652709913e+01
5.549601194143194860e+00 6.882490782976606170e+01
5.546422397389406456e+00 6.883109817523791207e+01
5.543265100266956402e+00 6.883724986582865313e+01
5.540129157364259704e+00 6.884336314290773373e+01
5.537014424253209555e+00 6.884943824633755582e+01
5.533920757482528430e+00 6.885547541448282516e+01
5.530848014571160043e+00 6.886147488421997309e+01
5.527796054001706594e+00 6.886743689094637944e+01
5.524764735213912203e+00 6.887336166858966635e+01
5.521753918598188982e+00 6.887924944961683593e+01
5.518763465489188391e+00 6.888510046504337936e+01
5.515793238159414358e+00 6.889091494444238606e+01
5.512843099812879011e+00 6.889669311595349654e+01
5.509912914578803722e+00 6.890243520629189788e+01
5.507002547505361889e+00 6.890814144075716285e+01
5.504111864553464351e+00 6.891381204324214593e+01
5.501240732590582994e+00 6.891944723624173719e+01
5.498389019384624099e+00 6.892504724086155932e+01
5.495556593597833661e+00 6.893061227682670733e+01
5.492743324780751557e+00 6.893614256249031769e+01
5.489949083366203908e+00 6.894163831484213745e+01
5.487173740663333632e+00 6.894709974951705078e+01
5.484417168851676294e+00 6.895252708080354864e+01
5.481679240975269707e+00 6.895792052165209896e+01
5.478959830936811493e+00 6.896328028368353102e+01
5.476258813491848620e+00 6.896860657719733467e+01
5.473576064243008688e+00 6.897389961117987411e+01
5.470911459634273832e+00 6.897915959331263025e+01
5.468264876945287511e+00 6.898438672998031507e+01
5.465636194285704796e+00 6.898958122627900025e+01
5.463025290589576421e+00 6.899474328602413209e+01
5.460432045609774576e+00 6.899987311175854643e+01
5.457856339912455113e+00 6.900497090476039830e+01
5.455298054871556168e+00 6.901003686505106316e+01
5.452757072663335869e+00 6.901507119140299551e+01
5.450233276260943782e+00 6.902007408134750222e+01
5.447726549429034115e+00 6.902504573118253006e+01
5.445236776718409999e+00 6.902998633598031120e+01
5.442763843460707740e+00 6.903489608959505119e+01
5.440307635763115712e+00 6.903977518467054608e+01
5.437868040503128775e+00 6.904462381264771409e+01
5.435444945323338217e+00 6.904944216377209898e+01
5.433038238626258121e+00 6.905423042710135917e+01
5.430647809569183693e+00 6.905898879051267159e+01
5.428273548059088682e+00 6.906371744071010710e+01
5.425915344747552993e+00 6.906841656323193490e+01
5.423573091025728488e+00 6.907308634245792689e+01
5.421246679019334991e+00 6.907772696161656256e+01
5.418936001583694484e+00 6.908233860279226235e+01
5.416640952298794609e+00 6.908692144693247883e+01
5.414361425464387700e+00 6.909147567385484479e+01
5.412097316095122679e+00 6.909600146225416495e+01
5.409848519915712473e+00 6.910049898970949300e+01
5.407614933356127196e+00 6.910496843269103806e+01
5.405396453546828184e+00 6.910940996656714219e+01
5.403192978314027783e+00 6.911382376561113006e+01
5.401004406174983785e+00 6.911821000300814433e+01
5.398830636333328492e+00 6.912256885086195268e+01
5.396671568674421771e+00 6.912690048020166955e+01
5.394527103760744957e+00 6.913120506098852047e+01
5.392397142827318746e+00 6.913548276212246435e+01
5.390281587777153938e+00 6.913973375144881572e+01
5.388180341176735055e+00 6.914395819576486701e+01
5.386093306251532375e+00 6.914815626082641131e+01
5.384020386881545051e+00 6.915232811135423674e+01
5.381961487596874427e+00 6.915647391104059238e+01
5.379916513573326675e+00 6.916059382255562582e+01
5.377885370628046502e+00 6.916468800755374957e+01
5.375867965215179289e+00 6.916875662667997915e+01
5.373864204421560764e+00 6.917279983957625689e+01
5.371873995962441306e+00 6.917681780488767629e+01
5.369897248177232463e+00 6.918081068026876324e+01
5.367933870025288101e+00 6.918477862238961507e+01
5.365983771081710429e+00 6.918872178694203967e+01
5.364046861533184440e+00 6.919264032864570879e+01
5.362123052173843440e+00 6.919653440125419763e+01
5.360212254401159448e+00 6.920040415756102448e+01
5.358314380211862016e+00 6.920424974940561924e+01
5.356429342197887244e+00 6.920807132767933467e+01
5.354557053542349898e+00 6.921186904233131543e+01
5.352697428015546599e+00 6.921564304237440979e+01
5.350850379970983894e+00 6.921939347589099611e+01
5.349015824341432968e+00 6.922312049003880929e+01
5.347193676635013659e+00 6.922682423105671035e+01
5.345383852931302471e+00 6.923050484427042761e+01
5.343586269877465433e+00 6.923416247409822688e+01
5.341800844684422067e+00 6.923779726405660995e+01
5.340027495123032431e+00 6.924140935676594211e+01
5.338266139520307263e+00 6.924499889395605123e+01
5.336516696755649214e+00 6.924856601647175580e+01
5.334779086257115388e+00 6.925211086427843554e+01
5.333053227997708312e+00 6.925563357646748841e+01
5.331339042491687330e+00 6.925913429126178755e+01
5.329636450790911084e+00 6.926261314602113828e+01
5.327945374481197760e+00 6.926607027724763554e+01
5.326265735678718194e+00 6.926950582059103567e+01
5.324597457026405856e+00 6.927291991085405698e+01
5.322940461690393477e+00 6.927631268199769465e+01
5.321294673356477212e+00 6.927968426714645034e+01
5.319660016226600341e+00 6.928303479859357594e+01
5.318036415015361840e+00 6.928636440780627481e+01
5.316423794946549819e+00 6.928967322543080343e+01
5.314822081749698945e+00 6.929296138129767257e+01
5.313231201656666514e+00 6.929622900442667799e+01
5.311651081398237828e+00 6.929947622303200205e+01
5.310081648200751125e+00 6.930270316452723023e+01
5.308522829782746477e+00 6.930590995553033906e+01
5.306974554351634232e+00 6.930909672186866999e+01
5.305436750600391882e+00 6.931226358858388892e+01
5.303909347704277799e+00 6.931541067993686056e+01
5.302392275317570736e+00 6.931853811941253696e+01
5.300885463570327971e+00 6.932164602972480338e+01
5.299388843065170995e+00 6.932473453282128162e+01
5.297902344874085401e+00 6.932780374988814742e+01
5.296425900535248310e+00 6.933085380135483433e+01
5.294959442049875342e+00 6.933388480689879430e+01
5.293502901879089784e+00 6.933689688545018726e+01
5.292056212940808635e+00 6.933989015519655652e+01
5.290619308606657967e+00 6.934286473358741887e+01
5.289192122698899823e+00 6.934582073733893992e+01
5.287774589487386656e+00 6.934875828243846740e+01
5.286366643686534417e+00 6.935167748414909283e+01
5.284968220452315180e+00 6.935457845701418478e+01
5.283579255379269313e+00 6.935746131486185106e+01
5.282199684497541625e+00 6.936032617080945784e+01
5.280829444269934392e+00 6.936317313726802070e+01
5.279468471588979916e+00 6.936600232594662430e+01
5.278116703774034413e+00 6.936881384785681348e+01
5.276774078568394089e+00 6.937160781331697024e+01
5.275440534136422777e+00 6.937438433195659115e+01
5.274116009060708876e+00 6.937714351272063595e+01
5.272800442339233840e+00 6.937988546387376232e+01
5.271493773382563752e+00 6.938261029300461757e+01
5.270195942011058676e+00 6.938531810703001668e+01
5.268906888452100645e+00 6.938800901219916284e+01
5.267626553337342088e+00 6.939068311409782552e+01
5.266354877699969350e+00 6.939334051765243316e+01
5.265091802971988422e+00 6.939598132713425116e+01
5.263837270981527539e+00 6.939860564616343197e+01
5.262591223950158437e+00 6.940121357771309363e+01
5.261353604490234481e+00 6.940380522411336983e+01
5.260124355602246560e+00 6.940638068705541741e+01
5.258903420672201179e+00 6.940894006759539536e+01
5.257690743469010108e+00 6.941148346615844389e+01
5.256486268141901341e+00 6.941401098254260660e+01
5.255289939217847817e+00 6.941652271592276691e+01
5.254101701599012131e+00 6.941901876485452760e+01
5.252921500560207235e+00 6.942149922727809042e+01
5.251749281746379339e+00 6.942396420052209294e+01
5.250584991170101468e+00 6.942641378130740293e+01
5.249428575209089232e+00 6.942884806575094103e+01
5.248279980603729911e+00 6.943126714936946087e+01
5.247139154454629306e+00 6.943367112708325806e+01
5.246006044220176356e+00 6.943606009321992190e+01
5.244880597714123738e+00 6.943843414151803017e+01
5.243762763103182678e+00 6.944079336513084399e+01
5.242652488904637309e+00 6.944313785662993155e+01
5.241549723983972342e+00 6.944546770800880608e+01
5.240454417552518507e+00 6.944778301068656390e+01
5.239366519165113978e+00 6.945008385551145125e+01
5.238285978717781788e+00 6.945237033276441707e+01
5.237212746445418787e+00 6.945464253216266570e+01
5.236146772919507697e+00 6.945690054286318116e+01
5.235088009045838042e+00 6.945914445346623722e+01
5.234036406062247515e+00 6.946137435201883648e+01
5.232991915536373106e+00 6.946359032601820616e+01
5.231954489363421779e+00 6.946579246241519456e+01
5.230924079763957124e+00 6.946798084761771008e+01
5.229900639281695796e+00 6.947015556749410337e+01
5.228884120781323475e+00 6.947231670737653531e+01
5.227874477446323276e+00 6.947446435206431659e+01
5.226871662776819250e+00 6.947659858582726145e+01
5.225875630587436760e+00 6.947871949240894196e+01
5.224886335005173521e+00 6.948082715503004181e+01
5.223903730467287509e+00 6.948292165639156792e+01
5.222927771719199086e+00 6.948500307867810477e+01
5.221958413812404665e+00 6.948707150356106865e+01
5.220995612102409034e+00 6.948912701220189092e+01
5.220039322246667446e+00 6.949116968525520122e+01
5.219089500202545473e+00 6.949319960287196807e+01
5.218146102225288629e+00 6.949521684470271055e+01
5.217209084866007984e+00 6.949722148990055359e+01
5.216278404969679094e+00 6.949921361712436862e+01
5.215354019673156039e+00 6.950119330454187150e+01
5.214435886403195219e+00 6.950316062983264942e+01
5.213523962874496043e+00 6.950511567019123049e+01
5.212618207087751365e+00 6.950705850233012484e+01
5.211718577327716595e+00 6.950898920248282309e+01
5.210825032161285897e+00 6.951090784640678066e+01
5.209937530435584385e+00 6.951281450938638784e+01
5.209056031276072751e+00 6.951470926623595403e+01
5.208180494084665213e+00 6.951659219130260681e+01
5.207310878537859899e+00 6.951846335846923353e+01
5.206447144584880782e+00 6.952032284115735195e+01
5.205589252445834703e+00 6.952217071233003765e+01
5.204737162609877288e+00 6.952400704449472357e+01
5.203890835833393957e+00 6.952583190970611327e+01
5.203050233138193370e+00 6.952764537956895197e+01
5.202215315809711527e+00 6.952944752524086880e+01
5.201386045395229196e+00 6.953123841743516209e+01
5.200562383702100000e+00 6.953301812642355628e+01
5.199744292795992706e+00 6.953478672203897304e+01
5.198931734999143295e+00 6.953654427367830237e+01
5.198124672888618569e+00 6.953829085030506008e+01
5.197323069294595754e+00 6.954002652045213040e+01
5.196526887298647424e+00 6.954175135222448034e+01
5.195736090232043303e+00 6.954346541330177445e+01
5.194950641674060066e+00 6.954516877094107485e+01
5.194170505450305342e+00 6.954686149197947032e+01
5.193395645631049717e+00 6.954854364283667678e+01
5.192626026529573835e+00 6.955021528951766641e+01
5.191861612700523487e+00 6.955187649761526814e+01
5.191102368938278921e+00 6.955352733231269724e+01
5.190348260275331249e+00 6.955516785838615590e+01
5.189599251980673067e+00 6.955679814020736274e+01
5.188855309558198847e+00 6.955841824174606813e+01
5.188116398745115987e+00 6.956002822657256957e+01
5.187382485510368291e+00 6.956162815786021270e+01
5.186653536053064784e+00 6.956321809838786407e+01
5.185929516800928063e+00 6.956479811054236961e+01
5.185210394408744428e+00 6.956636825632101306e+01
5.184496135756828217e+00 6.956792859733393186e+01
5.183786707949499473e+00 6.956947919480656140e+01
5.183082078313566043e+00 6.957102010958202243e+01
5.182382214396819009e+00 6.957255140212349431e+01
5.181687083966539653e+00 6.957407313251660241e+01
5.180996655008012652e+00 6.957558536047177711e+01
5.180310895723055253e+00 6.957708814532659858e+01
5.179629774528548225e+00 6.957858154604811318e+01
5.178953260054985464e+00 6.958006562123514982e+01
5.178281321145025373e+00 6.958154042912063630e+01
5.177613926852060011e+00 6.958300602757387310e+01
5.176951046438785120e+00 6.958446247410277863e+01
5.176292649375789701e+00 6.958590982585619145e+01
5.175638705340144696e+00 6.958734813962607291e+01
5.174989184214011217e+00 6.958877747184978091e+01
5.174344056083249654e+00 6.959019787861221573e+01
5.173703291236043889e+00 6.959160941564809377e+01
5.173066860161533498e+00 6.959301213834409339e+01
5.172434733548453067e+00 6.959440610174102915e+01
5.171806882283782159e+00 6.959579136053602610e+01
5.171183277451405935e+00 6.959716796908465142e+01
5.170563890330782009e+00 6.959853598140306019e+01
5.169948692395617940e+00 6.959989545117009868e+01
5.169337655312559399e+00 6.960124643172943593e+01
5.168730750939882768e+00 6.960258897609163853e+01
5.168127951326199288e+00 6.960392313693623123e+01
5.167529228709168976e+00 6.960524896661382854e+01
5.166934555514220762e+00 6.960656651714811005e+01
5.166343904353284167e+00 6.960787584023790942e+01
5.165757248023525428e+00 6.960917698725923231e+01
5.165174559506097829e+00 6.961047000926726014e+01
5.164595811964894700e+00 6.961175495699839644e+01
5.164020978745313961e+00 6.961303188087219951e+01
5.163450033373031545e+00 6.961430083099338617e+01
5.162882949552781930e+00 6.961556185715380707e+01
5.162319701167144892e+00 6.961681500883439355e+01
5.161760262275345568e+00 6.961806033520710457e+01
5.161204607112058973e+00 6.961929788513683093e+01
5.160652710086222505e+00 6.962052770718334216e+01
5.160104545779856444e+00 6.962174984960316237e+01
5.159560088946896883e+00 6.962296436035151714e+01
5.159019314512028664e+00 6.962417128708415248e+01
5.158482197569534300e+00 6.962537067715922490e+01
5.157948713382143779e+00 6.962656257763919143e+01
5.157418837379897703e+00 6.962774703529262865e+01
5.156892545159013075e+00 6.962892409659605164e+01
5.156369812480763315e+00 6.963009380773577561e+01
5.155850615270357373e+00 6.963125621460969228e+01
5.155334929615833950e+00 6.963241136282910304e+01
5.154822731766960153e+00 6.963355929772048114e+01
5.154313998134135488e+00 6.963470006432726223e+01
5.153808705287307390e+00 6.963583370741162071e+01
5.153306829954892088e+00 6.963696027145621770e+01
5.152808349022701684e+00 6.963807980066593473e+01
5.152313239532880118e+00 6.963919233896963590e+01
5.151821478682847122e+00 6.964029793002184476e+01
5.151333043824244839e+00 6.964139661720452068e+01
5.150847912461897771e+00 6.964248844362870727e+01
5.150366062252775379e+00 6.964357345213625194e+01
5.149887471004964468e+00 6.964465168530148276e+01
5.149412116676644224e+00 6.964572318543287111e+01
5.148939977375073695e+00 6.964678799457469438e+01
5.148471031355582817e+00 6.964784615450868444e+01
5.148005257020570546e+00 6.964889770675567604e+01
5.147542632918510108e+00 6.964994269257722692e+01
5.147083137742962222e+00 6.965098115297725201e+01
5.146626750331591893e+00 6.965201312870360084e+01
5.146173449665194966e+00 6.965303866024967760e+01
5.145723214866730011e+00 6.965405778785604696e+01
5.145276025200356429e+00 6.965507055151196880e+01
5.144831860070479657e+00 6.965607699095701832e+01
5.144390699020803481e+00 6.965707714568259235e+01
5.143952521733386796e+00 6.965807105493351514e+01
5.143517308027706569e+00 6.965905875770953060e+01
5.143085037859731479e+00 6.966004029276685117e+01
5.142655691320997313e+00 6.966101569861967846e+01
5.142229248637689487e+00 6.966198501354172379e+01
5.141805690169732657e+00 6.966294827556770031e+01
5.141384996409886554e+00 6.966390552249481516e+01
5.140967147982847152e+00 6.966485679188423319e+01
5.140552125644354931e+00 6.966580212106259751e+01
5.140139910280307589e+00 6.966674154712345057e+01
5.139730482905881637e+00 6.966767510692872634e+01
5.139323824664654872e+00 6.966860283711014290e+01
5.138919916827741297e+00 6.966952477407070887e+01
5.138518740792926032e+00 6.967044095398608761e+01
5.138120278083810000e+00 6.967135141280607513e+01
5.137724510348958162e+00 6.967225618625595018e+01
5.137331419361054863e+00 6.967315530983793792e+01
5.136940987016063609e+00 6.967404881883253154e+01
5.136553195332394850e+00 6.967493674829995598e+01
5.136168026450077306e+00 6.967581913308148955e+01
5.135785462629932852e+00 6.967669600780085659e+01
5.135405486252762941e+00 6.967756740686554906e+01
5.135028079818535929e+00 6.967843336446821922e+01
5.134653225945580601e+00 6.967929391458801547e+01
5.134280907369785041e+00 6.968014909099188969e+01
5.133911106943804370e+00 6.968099892723594735e+01
5.133543807636267609e+00 6.968184345666674062e+01
5.133178992530995188e+00 6.968268271242261847e+01
5.132816644826219132e+00 6.968351672743496295e+01
5.132456747833810340e+00 6.968434553442953927e+01
