3.000000000000000000e+01 4.000000000000000000e+01
3.020230460820958029e+01 4.037605366026503617e+01
3.039787807091870420e+01 4.074628531767211825e+01
3.058692642055092392e+01 4.111078442879170325e+01
3.076964934513601690e+01 4.146964156508147425e+01
3.094624027585674497e+01 4.182294818170969819e+01
3.111688649065349921e+01 4.217079640137590246e+01
3.128176923112265229e+01 4.251327881293730115e+01
3.144106383024702112e+01 4.285048828452772796e+01
3.159493984877642703e+01 4.318251779075879426e+01
3.174356121833323385e+01 4.350946025351696989e+01
3.188708638955220209e+01 4.383140839581321302e+01
3.202566848377726672e+01 4.414845460810048650e+01
3.215945544703065906e+01 4.446069082644720538e+01
3.228859020514349254e+01 4.476820842193866667e+01
3.241321081909293866e+01 4.507109810067253619e+01
3.253345063973018370e+01 4.536944981371620145e+01
3.264943846120770843e+01 4.566335267640228324e+01
3.276129867252423367e+01 4.595289489635204205e+01
3.286915140670324575e+01 4.623816370963429989e+01
3.297311268720658717e+01 4.651924532448811078e+01
3.307329457126014205e+01 4.679622487206057002e+01
3.316980528983430787e+01 4.706918636363593578e+01
3.326274938407964754e+01 4.733821265385778077e+01
3.335222783806785429e+01 4.760338540947230968e+01
3.343833820773139109e+01 4.786478508314720415e+01
3.352117474593233482e+01 4.812249089194668272e+01
3.360082852362278061e+01 4.837658080006908534e+01
3.367738754708634730e+01 4.862713150547853047e+01
3.375093687127331066e+01 4.887421843008637978e+01
3.382155870926121111e+01 4.911791571316166483e+01
3.388933253788895428e+01 4.935829620767207615e+01
3.395433519962580959e+01 4.959543147927838191e+01
3.401664100074748376e+01 4.982939180772543608e+01
3.407632180590036342e+01 5.006024619039211387e+01
3.413344712914179269e+01 5.028806234778054574e+01
3.418808422154968696e+01 5.051290673074205984e+01
3.424029815549861411e+01 5.073484452925316646e+01
3.429015190570233784e+01 5.095393968256988160e+01
3.433770642712443788e+01 5.117025489060252852e+01
3.438302072985962354e+01 5.138385162636631520e+01
3.442615195108842130e+01 5.159479014937492991e+01
3.446715542420746203e+01 5.180312951985571601e+01
3.450608474523667013e+01 5.200892761367545347e+01
3.454299183660319272e+01 5.221224113787533128e+01
3.457792700840021638e+01 5.241312564672278285e+01
3.461093901721670107e+01 5.261163555819602067e+01
3.464207512263189415e+01 5.280782417082478730e+01
3.467138114146604977e+01 5.300174368081788145e+01
3.469890149987612915e+01 5.319344519941457605e+01
3.472467928338268450e+01 5.338297877040287887e+01
3.474875628491140844e+01 5.357039338775324921e+01
3.477117305093003097e+01 5.375573701332132970e+01
3.479196892575846078e+01 5.393905659457796276e+01
3.481118209412736775e+01 5.412039808232897542e+01
3.482884962205758228e+01 5.429980644839114490e+01
3.484500749613003023e+01 5.447732570319435297e+01
3.485969066121319315e+01 5.465299891328318438e+01
3.487293305671247623e+01 5.482686821869422999e+01
3.488476765140339353e+01 5.499897485018807686e+01
3.489522647690778712e+01 5.516935914631753946e+01
3.490434065987010825e+01 5.533806057031586079e+01
3.491214045288825218e+01 5.550511772679079314e+01
3.491865526425124244e+01 5.567056837821225912e+01
3.492391368653385086e+01 5.583444946118314078e+01
3.492794352409605807e+01 5.599679710248420150e+01
3.493077181953331234e+01 5.615764663488561581e+01
3.493242487912144867e+01 5.631703261271886163e+01
3.493292829729833926e+01 5.647498882720393709e+01
3.493230698022242109e+01 5.663154832152785190e+01
3.493058516844661909e+01 5.678674340567133783e+01
3.492778645874430765e+01 5.694060567098159709e+01
3.492393382512261013e+01 5.709316600448965318e+01
3.491904963905652437e+01 5.724445460297157950e+01
3.491315568897605459e+01 5.739450098675354184e+01
3.490627319903708781e+01 5.754333401326103825e+01
3.489842284720529619e+01 5.769098189031338819e+01
3.488962478268121714e+01 5.783747218916482069e+01
3.487989864269326290e+01 5.798283185729398070e+01
3.486926356868440280e+01 5.812708723094401364e+01
3.485773822191690385e+01 5.827026404741570076e+01
3.484534079851869137e+01 5.841238745711631708e+01
3.483208904399364059e+01 5.855348203536729557e+01
3.481800026721729324e+01 5.869357179397373159e+01
3.480309135393842013e+01 5.883268019255920933e+01
3.478737877980606186e+01 5.897083014966935366e+01
3.477087862294074938e+01 5.910804405364778091e+01
3.475360657606785963e+01 5.924434377328818613e+01
3.473557795823015937e+01 5.937975066826636095e+01
3.471680772609602883e+01 5.951428559935604312e+01
3.469731048487897596e+01 5.964796893843255532e+01
3.467710049888348323e+01 5.978082057826816964e+01
3.465619170169151886e+01 5.991285994212326216e+01
3.463459770600348264e+01 6.004410599313722940e+01
3.461233181314673857e+01 6.017457724352323822e+01
3.458940702226431085e+01 6.030429176357075249e+01
3.456583603919582970e+01 6.043326719045995077e+01
3.454163128506226599e+01 6.056152073689192861e+01
3.451680490456548966e+01 6.068906919953867174e+01
3.449136877401332413e+01 6.081592896731676490e+01
3.446533450908015794e+01 6.094211602948865192e+01
3.443871347231292646e+01 6.106764598359535512e+01
3.441151678039174300e+01 6.119253404322441980e+01
3.438375531115412542e+01 6.131679504561679295e+01
3.435543971039141553e+01 6.144044345911643745e+01
3.432658039842559106e+01 6.156349339046618496e+01
3.429718757647435012e+01 6.168595859195350783e+01
3.426727123281205678e+01 6.180785246840965641e+01
3.423684114873380224e+01 6.192918808406568587e+01
3.420590690432951675e+01 6.204997816926871224e+01
3.417447788407485376e+01 6.217023512706172994e+01
3.414256328224524850e+01 6.228997103963030924e+01
3.411017210815932543e+01 6.240919767461929268e+01
3.407731319125757352e+01 6.252792649132268821e+01
3.404399518602194519e+01 6.264616864674978558e+01
3.401022657674190697e+01 6.276393500157055882e+01
3.397601568213214307e+01 6.288123612594318956e+01
3.394137065980694956e+01 6.299808230522669561e+01
3.390629951061623615e+01 6.311448354558136487e+01
3.387081008284771855e+01 6.323044957945984379e+01
3.383491007629987735e+01 6.334598987099145972e+01
3.379860704622991108e+01 6.346111362126243449e+01
3.376190840718090413e+01 6.357582977349456144e+01
3.372482143669219568e+01 6.369014701812478307e+01
3.368735327889675091e+01 6.380407379778812071e+01
3.364951094800930065e+01 6.391761831220636481e+01
3.361130133170880185e+01 6.403078852298472157e+01
3.357273119441860842e+01 6.414359215831881045e+01
3.353380718048774156e+01 6.425603671761402325e+01
3.349453581727635765e+01 6.436812947601960389e+01
3.345492351814858978e+01 6.447987748887928205e+01
3.341497658537563353e+01 6.459128759610065629e+01
3.337470121295198311e+01 6.470236642644523783e+01
3.333410348932758893e+01 6.481312040174103117e+01
3.329318940005852312e+01 6.492355574101961224e+01
3.325196483037881734e+01 6.503367846457935286e+01
3.321043556769583915e+01 6.514349439797676666e+01
3.316860730401168667e+01 6.525300917594746863e+01
3.312648563827285386e+01 6.536222824625858152e+01
3.308407607865041911e+01 6.547115687349409541e+01
3.304138404475285995e+01 6.557980014277487157e+01
3.299841486977366145e+01 6.568816296341461225e+01
3.295517380257560802e+01 6.579625007251354418e+01
3.291166600971380518e+01 6.590406603849100975e+01
3.286789657739921466e+01 6.601161526455851458e+01
3.282387051340458584e+01 6.611890199213453911e+01
3.277959274891448871e+01 6.622593030420242144e+01
3.273506814032116807e+01 6.633270412861261889e+01
3.269030147096782457e+01 6.643922724133049940e+01
3.264529745284094275e+01 6.654550326963099849e+01
3.260006072821318668e+01 6.665153569524120769e+01
3.255459587123834098e+01 6.675732785743204545e+01
3.250890738949971848e+01 6.686288295606010479e+01
3.246299972551347679e+01 6.696820405456072933e+01
3.241687725818813703e+01 6.707329408289341188e+01
3.237054430424162632e+01 6.717815584044038246e+01
3.232400511957710876e+01 6.728279199885946582e+01
3.227726390061884132e+01 6.738720510489208948e+01
3.223032478560920566e+01 6.749139758312736603e+01
3.218319185586810960e+01 6.759537173872307392e+01
3.213586913701584535e+01 6.769912976008447458e+01
3.208836060016045622e+01 6.780267372150171923e+01
3.204067016305072713e+01 6.790600558574661250e+01
3.199280169119577266e+01 6.800912720662961419e+01
3.194475899895218518e+01 6.811204033151770432e+01
3.189654585057974145e+01 6.821474660381390720e+01
3.184816596126658084e+01 6.831724756539908583e+01
3.179962299812473603e+01 6.841954465903681637e+01
3.175092058115690463e+01 6.852163923074185448e+01
3.170206228419531769e+01 6.862353253211286130e+01
3.165305163581349035e+01 6.872522572263005713e+01
3.160389212021170025e+01 6.882671987191835683e+01
3.155458717807692182e+01 6.892801596197651293e+01
3.150514020741800891e+01 6.902911488937283480e+01
3.145555456437681840e+01 6.913001746740810916e+01
3.140583356401601378e+01 6.923072442824604877e+01
3.135598048108422731e+01 6.933123642501197992e+01
3.130599855075923088e+01 6.943155403386009539e+01
3.125589096936979772e+01 6.953167775600977052e+01
3.120566089509687302e+01 6.963160801975143954e+01
3.115531144865465052e+01 6.973134518242241597e+01
3.110484571395216591e+01 6.983088953235314023e+01
3.105426673873600407e+01 6.993024129078413864e+01
3.100357753521463522e+01 7.002940061375424818e+01
3.095278108066497325e+01 7.012836759396033415e+01
3.090188031802167501e+01 7.022714226258904091e+01
3.085087815644967435e+01 7.032572459112068941e+01
3.079977747190048021e+01 7.042411449310593241e+01
3.074858110765271491e+01 7.052231182591536651e+01
3.069729187483737576e+01 7.062031639246235670e+01
3.064591255294827121e+01 7.071812794289955661e+01
3.059444589033807915e+01 7.081574617628930923e+01
3.054289460470047501e+01 7.091317074224825490e+01
3.049126138353873827e+01 7.101040124256645925e+01
3.043954888462126718e+01 7.110743723280130268e+01
3.038775973642439254e+01 7.120427822384638716e+01
3.033589653856286716e+01 7.130092368347582976e+01
3.028396186220843589e+01 7.139737303786407097e+01
3.023195825049684160e+01 7.149362567308148186e+01
3.017988821892360818e+01 7.158968093656611131e+01
3.012775425572899124e+01 7.168553813857162993e+01
3.007555882227238087e+01 7.178119655359191142e+01
3.002330435339652936e+01 7.187665542176229394e+01
2.997099325778190249e+01 7.197191395023781979e+01
2.991862791829147028e+01 7.206697131454870942e+01
2.986621069230623604e+01 7.216182665993322587e+01
2.981374391205179819e+01 7.225647910264811458e+01
2.976122988491623644e+01 7.235092773125691679e+01
2.970867089375958869e+01 7.244517160789622778e+01
2.965606919721520640e+01 7.253920976952022670e+01
2.960342702998321229e+01 7.263304122912354899e+01
2.955074660311637302e+01 7.272666497694281418e+01
2.949803010429857508e+01 7.282007998163686580e+01
2.944527969811618462e+01 7.291328519144600762e+01
2.939249752632249724e+01 7.300627953533037839e+01
2.933968570809553356e+01 7.309906192408760717e+01
2.928684634028937595e+01 7.319163125145004756e+01
2.923398149767926668e+01 7.328398639516160529e+01
2.918109323320068071e+01 7.337612621803445734e+01
2.912818357818256843e+01 7.346804956898574801e+01
2.907525454257497088e+01 7.355975528405453190e+01
2.902230811517118880e+01 7.365124218739903483e+01
2.896934626382469347e+01 7.374250909227444595e+01
2.891637093566096084e+01 7.383355480199138299e+01
2.886338405728441003e+01 7.392437811085528665e+01
2.881038753498058114e+01 7.401497780508677238e+01
2.875738325491377267e+01 7.410535266372320962e+01
2.870437308332023463e+01 7.419550145950162801e+01
2.865135886669711596e+01 7.428542295972319209e+01
2.859834243198730164e+01 7.437511592709931563e+01
2.854532558676027421e+01 7.446457912057965700e+01
2.849231011938915259e+01 7.455381129616212377e+01
2.843929779922404322e+01 7.464281120768501410e+01
2.838629037676182776e+01 7.473157760760156521e+01
2.833328958381251184e+01 7.482010924773697980e+01
2.828029713366227327e+01 7.490840488002811526e+01
2.822731472123332708e+01 7.499646325724600615e+01
2.817434402324069609e+01 7.508428313370140472e+01
2.812138669834603988e+01 7.517186326593348156e+01
2.806844438730862379e+01 7.525920241338184269e+01
2.801551871313353459e+01 7.534629933904206212e+01
2.796261128121725292e+01 7.543315281010487183e+01
2.790972367949068911e+01 7.551976159857917992e+01
2.785685747855973915e+01 7.560612448189910140e+01
2.780401423184350307e+01 7.569224024351510138e+01
2.775119547571021883e+01 7.577810767346956311e+01
2.769840272961101491e+01 7.586372556895676666e+01
2.764563749621154898e+01 7.594909273486759105e+01
2.759290126152162870e+01 7.603420798431905325e+01
2.754019549502288911e+01 7.611907013916885489e+01
2.748752164979458712e+01 7.620367803051509270e+01
2.743488116263759480e+01 7.628803049918134604e+01
2.738227545419668019e+01 7.637212639618729781e+01
2.732970592908109708e+01 7.645596458320501654e+01
2.727717397598358673e+01 7.653954393300115555e+01
2.722468096779784830e+01 7.662286332986514026e+01
2.717222826173451722e+01 7.670592167002362771e+01
2.711981719943573665e+01 7.678871786204132377e+01
2.706744910708834695e+01 7.687125082720839941e+01
2.701512529553577480e+01 7.695351949991459151e+01
2.696284706038867185e+01 7.703552282801027218e+01
2.691061568213431343e+01 7.711725977315457214e+01
2.685843242624486038e+01 7.719872931115081371e+01
2.680629854328449468e+01 7.727993043226932457e+01
2.675421526901547509e+01 7.736086214155790231e+01
2.670218382450316597e+01 7.744152345914010027e+01
2.665020541622008210e+01 7.752191342050143419e+01
2.659828123614896356e+01 7.760203107676373691e+01
2.654641246188494819e+01 7.768187549494787447e+01
2.649460025673685948e+01 7.776144575822492300e+01
2.644284576982765245e+01 7.784074096615601945e+01
2.639115013619404237e+01 7.791976023492111381e+01
2.633951447688534842e+01 7.799850269753665089e+01
2.628793989906159823e+01 7.807696750406252306e+01
2.623642749609088654e+01 7.815515382179842163e+01
2.618497834764605869e+01 7.823306083546962952e+01
2.613359351980072276e+01 7.831068774740266747e+01
2.608227406512459368e+01 7.838803377769073677e+01
2.603102102277824415e+01 7.846509816434929974e+01
2.597983541860724088e+01 7.854188016346186885e+01
2.592871826523569823e+01 7.861837904931626042e+01
2.587767056215929173e+01 7.869459411453136966e+01
2.582669329583772111e+01 7.877052467017476545e+01
2.577578743978665443e+01 7.884617004587123290e+01
2.572495395466917145e+01 7.892152958990233458e+01
2.567419378838672372e+01 7.899660266929733154e+01
2.562350787616962577e+01 7.907138866991552106e+01
2.557289714066708797e+01 7.914588699652016146e+01
2.552236249203681240e+01 7.922009707284421154e+01
2.547190482803414824e+01 7.929401834164798402e+01
2.542152503410085629e+01 7.936765026476892615e+01
2.537122398345344720e+01 7.944099232316366965e+01
2.532100253717113603e+01 7.951404401694253465e+01
2.527086154428342013e+01 7.958680486539658716e+01
2.522080184185726992e+01 7.965927440701747742e+01
2.517082425508397847e+01 7.973145219951025808e+01
2.512092959736563813e+01 7.980333781979919650e+01
2.507111867040127251e+01 7.987493086402686515e+01
2.502139226427263452e+01 7.994623094754660997e+01
2.497175115752967756e+01 8.001723770490859522e+01
2.492219611727568207e+01 8.008795078983953886e+01
2.487272789925208016e+01 8.015836987521628032e+01
2.482334724792295688e+01 8.022849465303339400e+01
2.477405489655923887e+01 8.029832483436493362e+01
2.472485156732258105e+01 8.036786014932047806e+01
2.467573797134895486e+01 8.043710034699566336e+01
2.462671480883193453e+01 8.050604519541727200e+01
2.457778276910568493e+01 8.057469448148309255e+01
2.452894253072766872e+01 8.064304801089664920e+01
2.448019476156105512e+01 8.071110560809698597e+01
2.443154011885684795e+01 8.077886711618354809e+01
2.438297924933571892e+01 8.084633239683647332e+01
2.433451278926957428e+01 8.091350133023220792e+01
2.428614136456283035e+01 8.098037381495478826e+01
2.423786559083340464e+01 8.104694976790278815e+01
2.418968607349343358e+01 8.111322912419210240e+01
2.414160340782972014e+01 8.117921183705475130e+01
2.409361817908387948e+01 8.124489787773369187e+01
2.404573096253223241e+01 8.131028723537393432e+01
2.399794232356540391e+01 8.137537991690999206e+01
2.395025281776764814e+01 8.144017594694976481e+01
2.390266299099589631e+01 8.150467536765508214e+01
2.385517337945853455e+01 8.156887823861887910e+01
2.380778450979388339e+01 8.163278463673928798e+01
2.376049689914840712e+01 8.169639465609063222e+01
2.371331105525464977e+01 8.175970840779147863e+01
2.366622747650887248e+01 8.182272601986990423e+01
2.361924665204842100e+01 8.188544763712602048e+01
2.357236906182880531e+01 8.194787342099188265e+01
2.352559517670048450e+01 8.201000354938894077e+01
2.347892545848537793e+01 8.207183821658308887e+01
2.343236036005308520e+01 8.213337763303744055e+01
2.338590032539680053e+01 8.219462202526285921e+01
2.333954578970895355e+01 8.225557163566651298e+01
2.329329717945655176e+01 8.231622672239834060e+01
2.324715491245621735e+01 8.237658755919572684e+01
2.320111939794893630e+01 8.243665443522630198e+01
2.315519103667450906e+01 8.249642765492912133e+01
2.310937022094569571e+01 8.255590753785419622e+01
2.306365733472205193e+01 8.261509441850050450e+01
2.301805275368347736e+01 8.267398864615262255e+01
2.297255684530344055e+01 8.273259058471597882e+01
2.292716996892189485e+01 8.279090061255088528e+01
2.288189247581789587e+01 8.284891912230536093e+01
2.283672470928190279e+01 8.290664652074690366e+01
2.279166700468774565e+01 8.296408322859323903e+01
2.274671968956430135e+01 8.302122968034215944e+01
2.270188308366683572e+01 8.307808632410049654e+01
2.265715749904802578e+01 8.313465362141231196e+01
2.261254324012865879e+01 8.319093204708640599e+01
2.256804060376801502e+01 8.324692208902318669e+01
2.252364987933390239e+01 8.330262424804097066e+01
2.247937134877238563e+01 8.335803903770184320e+01
2.243520528667717073e+01 8.341316698413699271e+01
2.239115196035865907e+01 8.346800862587180347e+01
2.234721162991266397e+01 8.352256451365057899e+01
2.230338454828879335e+01 8.357683521026108053e+01
2.225967096135849488e+01 8.363082129035885259e+01
2.221607110798276352e+01 8.368452334029149142e+01
2.217258522007949040e+01 8.373794195792281414e+01
2.212921352269049535e+01 8.379107775245707046e+01
2.208595623404818298e+01 8.384393134426318284e+01
2.204281356564187888e+01 8.389650336469914294e+01
2.199978572228380003e+01 8.394879445593655021e+01
2.195687290217468046e+01 8.400080527078533521e+01
2.191407529696904177e+01 8.405253647251885241e+01
2.187139309184012248e+01 8.410398873469915770e+01
2.182882646554443440e+01 8.415516274100276917e+01
2.178637559048597794e+01 8.420605918504676879e+01
2.174404063278008792e+01 8.425667877021534480e+01
2.170182175231693478e+01 8.430702220948693082e+01
2.165971910282465274e+01 8.435709022526172873e+01
2.161773283193211626e+01 8.440688354918997049e+01
2.157586308123135055e+01 8.445640292200067734e+01
2.153410998633957973e+01 8.450564909333112951e+01
2.149247367696090905e+01 8.455462282155701814e+01
2.145095427694764822e+01 8.460332487362336451e+01
2.140955190436125832e+01 8.465175602487612139e+01
2.136826667153294323e+01 8.469991705889461286e+01
2.132709868512386464e+01 8.474780876732485524e+01
2.128604804618499458e+01 8.479543194971363107e+01
2.124511485021660206e+01 8.484278741334355800e+01
2.120429918722735252e+01 8.488987597306899602e+01
2.116360114179306606e+01 8.493669845115294947e+01
2.112302079311507441e+01 8.498325567710492123e+01
2.108255821507823313e+01 8.502954848751976158e+01
2.104221347630853955e+01 8.507557772591756873e+01
2.100198664023039541e+01 8.512134424258459831e+01
2.096187776512349288e+01 8.516684889441528128e+01
2.092188690417932762e+01 8.521209254475532191e+01
2.088201410555733162e+01 8.525707606324586152e+01
2.084225941244064373e+01 8.530180032566887860e+01
2.080262286309150710e+01 8.534626621379361211e+01
2.076310449090628651e+01 8.539047461522429217e+01
2.072370432447010913e+01 8.543442642324892233e+01
2.068442238761115703e+01 8.547812253668936933e+01
2.064525869945455128e+01 8.552156385975266062e+01
2.060621327447588769e+01 8.556475130188341893e+01
2.056728612255439970e+01 8.560768577761770359e+01
2.052847724902573390e+01 8.565036820643797455e+01
2.048978665473436322e+01 8.569279951262939221e+01
2.045121433608563066e+01 8.573498062513743889e+01
2.041276028509741636e+01 8.577691247742674818e+01
2.037442448945143525e+01 8.581859600734131277e+01
2.033620693254416878e+01 8.586003215696601387e+01
2.029810759353741290e+01 8.590122187248940122e+01
2.026012644740847435e+01 8.594216610406792256e+01
2.022226346499998328e+01 8.598286580569137527e+01
2.018451861306935413e+01 8.602332193504980751e+01
2.014689185433785212e+01 8.606353545340171252e+01
2.010938314753932588e+01 8.610350732544361563e+01
2.007199244746854561e+01 8.614323851918103969e+01
2.003471970502918964e+01 8.618273000580077792e+01
1.999756486728146498e+01 8.622198275954463043e+01
1.996052787748936197e+01 8.626099775758446242e+01
1.992360867516755363e+01 8.629977597989865501e+01
1.988680719612791137e+01 8.633831840914996292e+01
1.985012337252568315e+01 8.637662603056472221e+01
1.981355713290530929e+01 8.641469983181349335e+01
1.977710840224585809e+01 8.645254080289305421e+01
1.974077710200612401e+01 8.649014993600980006e+01
1.970456315016937054e+01 8.652752822546453615e+01
1.966846646128769294e+01 8.656467666753866297e+01
1.963248694652605764e+01 8.660159626038172576e+01
1.959662451370596159e+01 8.663828800390039930e+01
1.956087906734875403e+01 8.667475289964880858e+01
1.952525050871861012e+01 8.671099195072027044e+01
1.948973873586513506e+01 8.674700616164039957e+01
1.945434364366564139e+01 8.678279653826160711e+01
1.941906512386706751e+01 8.681836408765894930e+01
1.938390306512755146e+01 8.685370981802739720e+01
1.934885735305765664e+01 8.688883473858041384e+01
1.931392787026126356e+01 8.692373985944996662e+01
1.927911449637611696e+01 8.695842619158783293e+01
1.924441710811402118e+01 8.699289474666832689e+01
1.920983557930070873e+01 8.702714653699231917e+01
1.917536978091536781e+01 8.706118257539264960e+01
1.914101958112983226e+01 8.709500387514083286e+01
1.910678484534743049e+01 8.712861144985515693e+01
1.907266543624152177e+01 8.716200631341006044e+01
1.903866121379367726e+01 8.719518947984686008e+01
1.900477203533153769e+01 8.722816196328579963e+01
1.897099775556635493e+01 8.726092477783936374e+01
1.893733822663018884e+01 8.729347893752697018e+01
1.890379329811278453e+01 8.732582545619087000e+01
1.887036281709814034e+01 8.735796534741342612e+01
1.883704662820072429e+01 8.738989962443558568e+01
1.880384457360139905e+01 8.742162930007670241e+01
1.877075649308300953e+01 8.745315538665555266e+01
1.873778222406565774e+01 8.748447889591265891e+01
1.870492160164166506e+01 8.751560083893387798e+01
1.867217445861022185e+01 8.754652222607514034e+01
1.863954062551171376e+01 8.757724406688852525e+01
1.860701993066175319e+01 8.760776737004948700e+01
1.857461220018488746e+01 8.763809314328534583e+01
1.854231725804800845e+01 8.766822239330494426e+01
1.851013492609345334e+01 8.769815612572951125e+01
1.847806502407180673e+01 8.772789534502473430e+01
1.844610736967439024e+01 8.775744105443396847e+01
1.841426177856546431e+01 8.778679425591268171e+01
1.838252806441412091e+01 8.781595595006398014e+01
1.835090603892588845e+01 8.784492713607532721e+01
1.831939551187403481e+01 8.787370881165641379e+01
1.828799629113057890e+01 8.790230197297809411e+01
1.825670818269701101e+01 8.793070761461255813e+01
1.822553099073473604e+01 8.795892672947447011e+01
1.819446451759519690e+01 8.798696030876332941e+01
1.816350856384975287e+01 8.801480934190688288e+01
1.813266292831924176e+01 8.804247481650556040e+01
1.810192740810326839e+01 8.806995771827808994e+01
1.807130179860922681e+01 8.809725903100806477e+01
1.804078589358102036e+01 8.812437973649164746e+01
1.801037948512752607e+01 8.815132081448624035e+01
1.798008236375076407e+01 8.817808324266027853e+01
1.794989431837381844e+01 8.820466799654391821e+01
1.791981513636845236e+01 8.823107604948086191e+01
1.788984460358249251e+01 8.825730837258109318e+01
1.785998250436691137e+01 8.828336593467464866e+01
1.783022862160266797e+01 8.830924970226632809e+01
1.780058273672726799e+01 8.833496063949144173e+01
1.777104462976106802e+01 8.836049970807241039e+01
1.774161407933332768e+01 8.838586786727643130e+01
1.771229086270798447e+01 8.841106607387399663e+01
1.768307475580918009e+01 8.843609528209837833e+01
1.765396553324654150e+01 8.846095644360599408e+01
1.762496296834019205e+01 8.848565050743772531e+01
1.759606683314552455e+01 8.851017841998113056e+01
1.756727689847770790e+01 8.853454112493346884e+01
1.753859293393596985e+01 8.855873956326571772e+01
1.751001470792760628e+01 8.858277467318735887e+01
1.748154198769177015e+01 8.860664739011205882e+01
1.745317453932300111e+01 8.863035864662420238e+01
1.742491212779452070e+01 8.865390937244625036e+01
1.739675451698128938e+01 8.867730049440692142e+01
1.736870146968282214e+01 8.870053293641016978e+01
1.734075274764576946e+01 8.872360761940504403e+01
1.731290811158627463e+01 8.874652546135621378e+01
1.728516732121207866e+01 8.876928737721542007e+01
1.725753013524440860e+01 8.879189427889360786e+01
1.722999631143964550e+01 8.881434707523384020e+01
1.720256560661074019e+01 8.883664667198500808e+01
1.717523777664843010e+01 8.885879397177623673e+01
1.714801257654221445e+01 8.888078987409207343e+01
1.712088976040111632e+01 8.890263527524834331e+01
1.709386908147422446e+01 8.892433106836881507e+01
1.706695029217101478e+01 8.894587814336244946e+01
1.704013314408145163e+01 8.896727738690145770e+01
1.701341738799589010e+01 8.898852968240002781e+01
1.698680277392474025e+01 8.900963590999363362e+01
1.696028905111794316e+01 8.903059694651915379e+01
1.693387596808422302e+01 8.905141366549557347e+01
1.690756327261013681e+01 8.907208693710533964e+01
1.688135071177891433e+01 8.909261762817635599e+01
1.685523803198909931e+01 8.911300660216465985e+01
1.682922497897298086e+01 8.913325471913768183e+01
1.680331129781482602e+01 8.915336283575810228e+01
1.677749673296891331e+01 8.917333180526836145e+01
1.675178102827736737e+01 8.919316247747575233e+01
1.672616392698779819e+01 8.921285569873809607e+01
1.670064517177074137e+01 8.923241231194998591e+01
1.667522450473691364e+01 8.925183315652964211e+01
1.664990166745426947e+01 8.927111906840626432e+01
1.662467640096485866e+01 8.929027088000803758e+01
1.659954844580152056e+01 8.930928942025057893e+01
1.657451754200436866e+01 8.932817551452598082e+01
1.654958342913710112e+01 8.934692998469240877e+01
1.652474584630311938e+01 8.936555364906415377e+01
1.650000453216146923e+01 8.938404732240222472e+01
1.647535922494261129e+01 8.940241181590549502e+01
1.645080966246398546e+01 8.942064793720227556e+01
1.642635558214542257e+01 8.943875649034239927e+01
1.640199672102437845e+01 8.945673827578984572e+01
1.637773281577097251e+01 8.947459409041573508e+01
1.635356360270287368e+01 8.949232472749187650e+01
1.632948881780000860e+01 8.950993097668475684e+01
1.630550819671909579e+01 8.952741362404994163e+01
1.628162147480801636e+01 8.954477345202695915e+01
1.625782838712001066e+01 8.956201123943461084e+01
1.623412866842772218e+01 8.957912776146670808e+01
1.621052205323706374e+01 8.959612378968824942e+01
1.618700827580092039e+01 8.961300009203198158e+01
1.616358707013270291e+01 8.962975743279540097e+01
1.614025817001973095e+01 8.964639657263811046e+01
1.611702130903646335e+01 8.966291826857964509e+01
1.609387622055756140e+01 8.967932327399762471e+01
1.607082263777081721e+01 8.969561233862626182e+01
1.604786029368990086e+01 8.971178620855535257e+01
1.602498892116697249e+01 8.972784562622953786e+01
1.600220825290513460e+01 8.974379133044794798e+01
1.597951802147074041e+01 8.975962405636420272e+01
1.595691795930554946e+01 8.977534453548680915e+01
1.593440779873873403e+01 8.979095349567981543e+01
1.591198727199874163e+01 8.980645166116384814e+01
1.588965611122501187e+01 8.982183975251749075e+01
1.586741404847954584e+01 8.983711848667896049e+01
1.584526081575834411e+01 8.985228857694809790e+01
1.582319614500268656e+01 8.986735073298869736e+01
1.580121976811029150e+01 8.988230566083110773e+01
1.577933141694632013e+01 8.989715406287514554e+01
1.575753082335425326e+01 8.991189663789333508e+01
1.573581771916662575e+01 8.992653408103436163e+01
1.571419183621563320e+01 8.994106708382687998e+01
1.569265290634359999e+01 8.995549633418357871e+01
1.567120066141331414e+01 8.996982251640548611e+01
1.564983483331823599e+01 8.998404631118656027e+01
1.562855515399257378e+01 8.999816839561854920e+01
1.560736135542122938e+01 9.001218944319612092e+01
1.558625316964961982e+01 9.002611012382217837e+01
1.556523032879336910e+01 9.003993110381348686e+01
1.554429256504787915e+01 9.005365304590652897e+01
1.552343961069777301e+01 9.006727660926354417e+01
1.550267119812621885e+01 9.008080244947886683e+01
1.548198705982412626e+01 9.009423121858544903e+01
1.546138692839923046e+01 9.010756356506159648e+01
1.544087053658504871e+01 9.012080013383794608e+01
1.542043761724972661e+01 9.013394156630462817e+01
1.540008790340475997e+01 9.014698850031867039e+01
1.537982112821360658e+01 9.015994157021157207e+01
1.535963702500017902e+01 9.017280140679704914e+01
1.533953532725722724e+01 9.018556863737906326e+01
1.531951576865460574e+01 9.019824388575992202e+01
1.529957808304743061e+01 9.021082777224864913e+01
1.527972200448412288e+01 9.022332091366952511e+01
1.525994726721435057e+01 9.023572392337072756e+01
1.524025360569685006e+01 9.024803741123324130e+01
1.522064075460715316e+01 9.026026198367988229e+01
1.520110844884519530e+01 9.027239824368447785e+01
1.518165642354283307e+01 9.028444679078123158e+01
1.516228441407124095e+01 9.029640822107421627e+01
1.514299215604821924e+01 9.030828312724706564e+01
1.512377938534538835e+01 9.032007209857272301e+01
1.510464583809528882e+01 9.033177572092344576e+01
1.508559125069838380e+01 9.034339457678086660e+01
1.506661535982995304e+01 9.035492924524621117e+01
1.504771790244689100e+01 9.036638030205065775e+01
1.502889861579441799e+01 9.037774831956582489e+01
1.501015723741267927e+01 9.038903386681438690e+01
1.499149350514325896e+01 9.040023750948077463e+01
1.497290715713559983e+01 9.041135980992204679e+01
1.495439793185332178e+01 9.042240132717886070e+01
1.493596556808045683e+01 9.043336261698651413e+01
1.491760980492758470e+01 9.044424423178615768e+01
1.489933038183788305e+01 9.045504672073607821e+01
1.488112703859308361e+01 9.046577062972306749e+01
1.486299951531934482e+01 9.047641650137393299e+01
1.484494755249303033e+01 9.048698487506707977e+01
1.482697089094640575e+01 9.049747628694414914e+01
1.480906927187324129e+01 9.050789126992184208e+01
1.479124243683434159e+01 9.051823035370372850e+01
1.477349012776297599e+01 9.052849406479222694e+01
1.475581208697023605e+01 9.053868292650055594e+01
1.473820805715030779e+01 9.054879745896491272e+01
1.472067778138565686e+01 9.055883817915656664e+01
1.470322100315214087e+01 9.056880560089416576e+01
1.468583746632403120e+01 9.057870023485602928e+01
1.466852691517896545e+01 9.058852258859251094e+01
1.465128909440281468e+01 9.059827316653846196e+01
1.463412374909447422e+01 9.060795247002577923e+01
1.461703062477057635e+01 9.061756099729589664e+01
1.460000946737012839e+01 9.062709924351248958e+01
1.458306002325907791e+01 9.063656770077413682e+01
1.456618203923479449e+01 9.064596685812701082e+01
1.454937526253048574e+01 9.065529720157773852e+01
1.453263944081953518e+01 9.066455921410617691e+01
1.451597432221977257e+01 9.067375337567834492e+01
1.449937965529766437e+01 9.068288016325931267e+01
1.448285518907244196e+01 9.069194005082617593e+01
1.446640067302015353e+01 9.070093350938107335e+01
1.445001585707765202e+01 9.070986100696423193e+01
1.443370049164650482e+01 9.071872300866704109e+01
1.441745432759684853e+01 9.072751997664515500e+01
1.440127711627116014e+01 9.073625237013168032e+01
1.438516860948798026e+01 9.074492064545029280e+01
1.436912855954555290e+01 9.075352525602848175e+01
1.435315671922541192e+01 9.076206665241076621e+01
1.433725284179589465e+01 9.077054528227193941e+01
1.432141668101560050e+01 9.077896159043035595e+01
1.430564799113677665e+01 9.078731601886123315e+01
1.428994652690864875e+01 9.079560900670992396e+01
1.427431204358068584e+01 9.080384099030528944e+01
1.425874429690580314e+01 9.081201240317304269e+01
1.424324304314350798e+01 9.082012367604907865e+01
1.422780803906298530e+01 9.082817523689286077e+01
1.421243904194611751e+01 9.083616751090082175e+01
1.419713580959045629e+01 9.084410092051970764e+01
1.418189810031212339e+01 9.085197588546000702e+01
1.416672567294866880e+01 9.085979282270936608e+01
1.415161828686185963e+01 9.086755214654596102e+01
1.413657570194041746e+01 9.087525426855194155e+01
1.412159767860270065e+01 9.088289959762680326e+01
1.410668397779933514e+01 9.089048854000083111e+01
1.409183436101578302e+01 9.089802149924850028e+01
1.407704859027485966e+01 9.090549887630187698e+01
1.406232642813920286e+01 9.091292106946404772e+01
1.404766763771368332e+01 9.092028847442246331e+01
1.403307198264776723e+01 9.092760148426239653e+01
1.401853922713782374e+01 9.093486048948027189e+01
1.400406913592938629e+01 9.094206587799706654e+01
1.398966147431935525e+01 9.094921803517168257e+01
1.397531600815816155e+01 9.095631734381426270e+01
1.396103250385187344e+01 9.096336418419957681e+01
1.394681072836425528e+01 9.097035893408032337e+01
1.393265044921878015e+01 9.097730196870044495e+01
1.391855143450059629e+01 9.098419366080842963e+01
1.390451345285844376e+01 9.099103438067059813e+01
1.389053627350652320e+01 9.099782449608433410e+01
1.387661966622632015e+01 9.100456437239137131e+01
1.386276340136838847e+01 9.101125437249098127e+01
1.384896724985407879e+01 9.101789485685321779e+01
1.383523098317723310e+01 9.102448618353204779e+01
1.382155437340582615e+01 9.103102870817855319e+01
1.380793719318356771e+01 9.103752278405403331e+01
1.379437921573146575e+01 9.104396876204314992e+01
1.378088021484933812e+01 9.105036699066698702e+01
1.376743996491728872e+01 9.105671781609612481e+01
1.375405824089714102e+01 9.106302158216365683e+01
1.374073481833382715e+01 9.106927863037823556e+01
1.372746947335673973e+01 9.107548929993699005e+01
1.371426198268104280e+01 9.108165392773854308e+01
1.370111212360894548e+01 9.108777284839585775e+01
1.368801967403093123e+01 9.109384639424919783e+01
1.367498441242694796e+01 9.109987489537891747e+01
1.366200611786756802e+01 9.110585867961833628e+01
1.364908457001510023e+01 9.111179807256651486e+01
1.363621954912467338e+01 9.111769339760101616e+01
1.362341083604527725e+01 9.112354497589060998e+01
1.361065821222076266e+01 9.112935312640797747e+01
1.359796145969082026e+01 9.113511816594240145e+01
1.358532036109190599e+01 9.114084040911232876e+01
1.357273469965814350e+01 9.114652016837800375e+01
1.356020425922218564e+01 9.115215775405395959e+01
1.354772882421604585e+01 9.115775347432159492e+01
1.353530817967189037e+01 9.116330763524157987e+01
1.352294211122280032e+01 9.116882054076634745e+01
1.351063040510350000e+01 9.117429249275244274e+01
1.349837284815104788e+01 9.117972379097288638e+01
1.348616922780550453e+01 9.118511473312953797e+01
1.347401933211055969e+01 9.119046561486528901e+01
1.346192294971413261e+01 9.119577672977636951e+01
1.344987986986893524e+01 9.120104836942448401e+01
1.343788988243301397e+01 9.120628082334901876e+01
1.342595277787024877e+01 9.121147437907909250e+01
1.341406834725083641e+01 9.121662932214567832e+01
1.340223638225172742e+01 9.122174593609359761e+01
1.339045667515704885e+01 9.122682450249348562e+01
1.337872901885848798e+01 9.123186530095377123e+01
1.336705320685565113e+01 9.123686860913252872e+01
1.335542903325639230e+01 9.124183470274937235e+01
1.334385629277711516e+01 9.124676385559720870e+01
1.333233478074304834e+01 9.125165633955403166e+01
1.332086429308849063e+01 9.125651242459463219e+01
1.330944462635702941e+01 9.126133237880227966e+01
1.329807557770173609e+01 9.126611646838030367e+01
1.328675694488532955e+01 9.127086495766371854e+01
1.327548852628031639e+01 9.127557810913071989e+01
1.326427012086911006e+01 9.128025618341420966e+01
1.325310152824411603e+01 9.128489943931319317e+01
1.324198254860779578e+01 9.128950813380419049e+01
1.323091298277270589e+01 9.129408252205259089e+01
1.321989263216151755e+01 9.129862285742393624e+01
1.320892129880699883e+01 9.130312939149517604e+01
1.319799878535199156e+01 9.130760237406586555e+01
1.318712489504934915e+01 9.131204205316932132e+01
1.317629943176185492e+01 9.131644867508371988e+01
1.316552219996212614e+01 9.132082248434319638e+01
1.315479300473248081e+01 9.132516372374880120e+01
1.314411165176479734e+01 9.132947263437948493e+01
1.313347794736034047e+01 9.133374945560301228e+01
1.312289169842956937e+01 9.133799442508681921e+01
1.311235271249192991e+01 9.134220777880884157e+01
1.310186079767561651e+01 9.134638975106825853e+01
1.309141576271731644e+01 9.135054057449622178e+01
1.308101741696193621e+01 9.135466048006654205e+01
1.307066557036230847e+01 9.135874969710627624e+01
1.306036003347887053e+01 9.136280845330630029e+01
1.305010061747933037e+01 9.136683697473185362e+01
1.303988713413831491e+01 9.137083548583298409e+01
1.302971939583699346e+01 9.137480420945497883e+01
1.301959721556267979e+01 9.137874336684872389e+01
1.300952040690842892e+01 9.138265317768103557e+01
1.299948878407259656e+01 9.138653386004493484e+01
1.298950216185839679e+01 9.139038563046985075e+01
1.297956035567343314e+01 9.139420870393180962e+01
1.296966318152921360e+01 9.139800329386356736e+01
1.295981045604064796e+01 9.140176961216462814e+01
1.295000199642552907e+01 9.140550786921133408e+01
1.294023762050399640e+01 9.140921827386678444e+01
1.293051714669798180e+01 9.141290103349078322e+01
1.292084039403064288e+01 9.141655635394970147e+01
1.291120718212576968e+01 9.142018443962629703e+01
1.290161733120719134e+01 9.142378549342949157e+01
1.289207066209815089e+01 9.142735971680410501e+01
1.288256699622067458e+01 9.143090730974050473e+01
1.287310615559492533e+01 9.143442847078422631e+01
1.286368796283853300e+01 9.143792339704558003e+01
1.285431224116592119e+01 9.144139228420912957e+01
1.284497881438760558e+01 9.144483532654319902e+01
1.283568750690949400e+01 9.144825271690926627e+01
1.282643814373215818e+01 9.145164464677135641e+01
1.281723055045009829e+01 9.145501130620536401e+01
1.280806455325099336e+01 9.145835288390831863e+01
1.279893997891493385e+01 9.146166956720762187e+01
1.278985665481364720e+01 9.146496154207019913e+01
1.278081440890970555e+01 9.146822899311166566e+01
1.277181306975572106e+01 9.147147210360535041e+01
1.276285246649352700e+01 9.147469105549136259e+01
1.275393242885335177e+01 9.147788602938555869e+01
1.274505278715297507e+01 9.148105720458846690e+01
1.273621337229687001e+01 9.148420475909418315e+01
1.272741401577534326e+01 9.148732886959916755e+01
1.271865454966364872e+01 9.149042971151105519e+01
1.270993480662110464e+01 9.149350745895739578e+01
1.270125461989018589e+01 9.149656228479430808e+01
1.269261382329561449e+01 9.149959436061514850e+01
1.268401225124343412e+01 9.150260385675906605e+01
1.267544973872007397e+01 9.150559094231957147e+01
1.266692612129140194e+01 9.150855578515302113e+01
1.265844123510176900e+01 9.151149855188704407e+01
1.264999491687304456e+01 9.151441940792895480e+01
1.264158700390363421e+01 9.151731851747410929e+01
1.263321733406749381e+01 9.152019604351416149e+01
1.262488574581313294e+01 9.152305214784536247e+01
1.261659207816260597e+01 9.152588699107674586e+01
1.260833617071049417e+01 9.152870073263829909e+01
1.260011786362288255e+01 9.153149353078904937e+01
1.259193699763631891e+01 9.153426554262512127e+01
1.258379341405677465e+01 9.153701692408780843e+01
1.257568695475858611e+01 9.153974782997147486e+01
1.256761746218339404e+01 9.154245841393152716e+01
1.255958477933907069e+01 9.154514882849227320e+01
1.255158874979864159e+01 9.154781922505472380e+01
1.254362921769919481e+01 9.155046975390443720e+01
1.253570602774078502e+01 9.155310056421919285e+01
1.252781902518533030e+01 9.155571180407672216e+01
1.251996805585549666e+01 9.155830362046235393e+01
1.251215296613358063e+01 9.156087615927660295e+01
1.250437360296038136e+01 9.156342956534271593e+01
1.249662981383406013e+01 9.156596398241420331e+01
1.248892144680900174e+01 9.156847955318228571e+01
1.248124835049466341e+01 9.157097641928331200e+01
1.247361037405441841e+01 9.157345472130616315e+01
1.246600736720439073e+01 9.157591459879954243e+01
1.245843918021228269e+01 9.157835619027927976e+01
1.245090566389619902e+01 9.158077963323556503e+01
1.244340666962346198e+01 9.158318506414016724e+01
1.243594204930942126e+01 9.158557261845355413e+01
1.242851165541625846e+01 9.158794243063201179e+01
1.242111534095177916e+01 9.159029463413473593e+01
1.241375295946821034e+01 9.159262936143082356e+01
1.240642436506097823e+01 9.159494674400626479e+01
1.239912941236749155e+01 9.159724691237084926e+01
1.239186795656591578e+01 9.159952999606510105e+01
1.238463985337393858e+01 9.160179612366709989e+01
1.237744495904753350e+01 9.160404542279930240e+01
1.237028313037971827e+01 9.160627802013530641e+01
1.236315422469930425e+01 9.160849404140654428e+01
1.235605809986964410e+01 9.161069361140900469e+01
1.234899461428737411e+01 9.161287685400984060e+01
1.234196362688115123e+01 9.161504389215397737e+01
1.233496499711038830e+01 9.161719484787066392e+01
1.232799858496397505e+01 9.161932984227998134e+01
1.232106425095900626e+01 9.162144899559932298e+01
1.231416185613950098e+01 9.162355242714981785e+01
1.230729126207511470e+01 9.162564025536273959e+01
1.230045233085984968e+01 9.162771259778580202e+01
1.229364492511076179e+01 9.162976957108955389e+01
1.228686890796666376e+01 9.163181129107356071e+01
1.228012414308682132e+01 9.163383787267268588e+01
1.227341049464964939e+01 9.163584942996327243e+01
1.226672782735140110e+01 9.163784607616926792e+01
1.226007600640485684e+01 9.163982792366834929e+01
1.225345489753800798e+01 9.164179508399800511e+01
1.224686436699273528e+01 9.164374766786153259e+01
1.224030428152348726e+01 9.164568578513407715e+01
1.223377450839595326e+01 9.164760954486852995e+01
1.222727491538573474e+01 9.164951905530148224e+01
1.222080537077701301e+01 9.165141442385908022e+01
1.221436574336121339e+01 9.165329575716287991e+01
1.220795590243566586e+01 9.165516316103561678e+01
1.220157571780226924e+01 9.165701674050698955e+01
1.219522505976613935e+01 9.165885659981940137e+01
1.218890379913427147e+01 9.166068284243360154e+01
1.218261180721418491e+01 9.166249557103435563e+01
1.217634895581257659e+01 9.166429488753607302e+01
1.217011511723396566e+01 9.166608089308834906e+01
1.216391016427933458e+01 9.166785368808153578e+01
1.215773397024477909e+01 9.166961337215221306e+01
1.215158640892014219e+01 9.167136004418867401e+01
1.214546735458765170e+01 9.167309380233635352e+01
1.213937668202056308e+01 9.167481474400319996e+01
1.213331426648178457e+01 9.167652296586504690e+01
1.212727998372251825e+01 9.167821856387094215e+01
1.212127370998088693e+01 9.167990163324842001e+01
1.211529532198056103e+01 9.168157226850874508e+01
1.210934469692939253e+01 9.168323056345215605e+01
1.210342171251803478e+01 9.168487661117302423e+01
1.209752624691857115e+01 9.168651050406499792e+01
1.209165817878313831e+01 9.168813233382611827e+01
1.208581738724254606e+01 9.168974219146390681e+01
1.208000375190490239e+01 9.169134016730038184e+01
1.207421715285423147e+01 9.169292635097708910e+01
1.206845747064908814e+01 9.169450083146006136e+01
1.206272458632118472e+01 9.169606369704479221e+01
1.205701838137400195e+01 9.169761503536109615e+01
1.205133873778140519e+01 9.169915493337801138e+01
1.204568553798626240e+01 9.170068347740864567e+01
1.204005866489905863e+01 9.170220075311496544e+01
1.203445800189650683e+01 9.170370684551259899e+01
1.202888343282016592e+01 9.170520183897554034e+01
1.202333484197504809e+01 9.170668581724089563e+01
1.201781211412823858e+01 9.170815886341354428e+01
1.201231513450749944e+01 9.170962105997078595e+01
1.200684378879988756e+01 9.171107248876698748e+01
1.200139796315036556e+01 9.171251323103810194e+01
1.199597754416040729e+01 9.171394336740628717e+01
1.199058241888661591e+01 9.171536297788439640e+01
1.198521247483933116e+01 9.171677214188045468e+01
1.197986759998123851e+01 9.171817093820213529e+01
1.197454768272598535e+01 9.171955944506119351e+01
1.196925261193678480e+01 9.172093774007785782e+01
1.196398227692503546e+01 9.172230590028519259e+01
1.195873656744892344e+01 9.172366400213343240e+01
1.195351537371203854e+01 9.172501212149428795e+01
1.194831858636198696e+01 9.172635033366526613e+01
1.194314609648900039e+01 9.172767871337384804e+01
1.193799779562454866e+01 9.172899733478175222e+01
1.193287357573995422e+01 9.173030627148912686e+01
1.192777332924500122e+01 9.173160559653867097e+01
1.192269694898655530e+01 9.173289538241981234e+01
1.191764432824717446e+01 9.173417570107277186e+01
1.191261536074371996e+01 9.173544662389267046e+01
1.190760994062597966e+01 9.173670822173353656e+01
1.190262796247527888e+01 9.173796056491235618e+01
1.189766932130309662e+01 9.173920372321305194e+01
1.189273391254968892e+01 9.174043776589041954e+01
1.188782163208270148e+01 9.174166276167410672e+01
1.188293237619579124e+01 9.174287877877247865e+01
1.187806604160724611e+01 9.174408588487651173e+01
1.187322252545860835e+01 9.174528414716364466e+01
1.186840172531329607e+01 9.174647363230160124e+01
1.186360353915522303e+01 9.174765440645218462e+01
1.185882786538742728e+01 9.174882653527505738e+01
1.185407460283069447e+01 9.174999008393146482e+01
1.184934365072218654e+01 9.175114511708798659e+01
1.184463490871406677e+01 9.175229169892017467e+01
1.183994827687213203e+01 9.175342989311626241e+01
1.183528365567444141e+01 9.175455976288078830e+01
1.183064094600994665e+01 9.175568137093821974e+01
1.182602004917712613e+01 9.175679477953650576e+01
1.182142086688262417e+01 9.175790005045068654e+01
1.181684330123987792e+01 9.175899724498640353e+01
1.181228725476776198e+01 9.176008642398339532e+01
1.180775263038922418e+01 9.176116764781902191e+01
1.180323933142992843e+01 9.176224097641170374e+01
1.179874726161689047e+01 9.176330646922434653e+01
1.179427632507712964e+01 9.176436418526778027e+01
1.178982642633630817e+01 9.176541418310414144e+01
1.178539747031738116e+01 9.176645652085022675e+01
1.178098936233924299e+01 9.176749125618083269e+01
1.177660200811537905e+01 9.176851844633206667e+01
1.177223531375251753e+01 9.176953814810467236e+01
1.176788918574928111e+01 9.177055041786725553e+01
1.176356353099484764e+01 9.177155531155956680e+01
1.175925825676760184e+01 9.177255288469567063e+01
1.175497327073379772e+01 9.177354319236721381e+01
1.175070848094621923e+01 9.177452628924653766e+01
1.174646379584284439e+01 9.177550222958988968e+01
1.174223912424550775e+01 9.177647106724047887e+01
1.173803437535857164e+01 9.177743285563167319e+01
1.173384945876759211e+01 9.177838764778999803e+01
1.172968428443799027e+01 9.177933549633826260e+01
1.172553876271372708e+01 9.178027645349857266e+01
1.172141280431597821e+01 9.178121057109535741e+01
1.171730632034181063e+01 9.178213790055833954e+01
1.171321922226286283e+01 9.178305849292557639e+01
1.170915142192402669e+01 9.178397239884633052e+01
1.170510283154213127e+01 9.178487966858406821e+01
1.170107336370463003e+01 9.178578035201934426e+01
1.169706293136828634e+01 9.178667449865267258e+01
1.169307144785786789e+01 9.178756215760743942e+01
1.168909882686483748e+01 9.178844337763271710e+01
1.168514498244604916e+01 9.178931820710610623e+01
1.168120982902244442e+01 9.179018669403653519e+01
1.167729328137775546e+01 9.179104888606704549e+01
1.167339525465720129e+01 9.179190483047757709e+01
1.166951566436619991e+01 9.179275457418768269e+01
1.166565442636907157e+01 9.179359816375928460e+01
1.166181145688774734e+01 9.179443564539936062e+01
1.165798667250048304e+01 9.179526706496264410e+01
1.165417999014057315e+01 9.179609246795426714e+01
1.165039132709506831e+01 9.179691189953244645e+01
1.164662060100349450e+01 9.179772540451106977e+01
1.164286772985657414e+01 9.179853302736233900e+01
1.163913263199495063e+01 9.179933481221934244e+01
1.163541522610792001e+01 9.180013080287861271e+01
1.163171543123215379e+01 9.180092104280271315e+01
1.162803316675043419e+01 9.180170557512273888e+01
1.162436835239039112e+01 9.180248444264084640e+01
1.162072090822323567e+01 9.180325768783275464e+01
1.161709075466250596e+01 9.180402535285020349e+01
1.161347781246280420e+01 9.180478747952342644e+01
1.160988200271854254e+01 9.180554410936359488e+01
1.160630324686269788e+01 9.180629528356523394e+01
1.160274146666555595e+01 9.180704104300862411e+01
1.159919658423346611e+01 9.180778142826220289e+01
1.159566852200760145e+01 9.180851647958492379e+01
1.159215720276271355e+01 9.180924623692862951e+01
1.158866254960589615e+01 9.180997073994033997e+01
1.158518448597535055e+01 9.181069002796461120e+01
1.158172293563915289e+01 9.181140414004583761e+01
1.157827782269402306e+01 9.181211311493052563e+01
1.157484907156409726e+01 9.181281699106953909e+01
1.157143660699970944e+01 9.181351580662038714e+01
1.156804035407616205e+01 9.181420959944942695e+01
1.156466023819251276e+01 9.181489840713410899e+01
1.156129618507035595e+01 9.181558226696515135e+01
1.155794812075261646e+01 9.181626121594874235e+01
1.155461597160232934e+01 9.181693529080870064e+01
1.155129966430144250e+01 9.181760452798863525e+01
1.154799912584960886e+01 9.181826896365406299e+01
1.154471428356298190e+01 9.181892863369454005e+01
1.154144506507302381e+01 9.181958357372577950e+01
1.153819139832530816e+01 9.182023381909171178e+01
1.153495321157832443e+01 9.182087940486658795e+01
1.153173043340229320e+01 9.182152036585701183e+01
1.152852299267797775e+01 9.182215673660401478e+01
1.152533081859549924e+01 9.182278855138503104e+01
1.152215384065315895e+01 9.182341584421597247e+01
1.151899198865625884e+01 9.182403864885317546e+01
1.151584519271592733e+01 9.182465699879539045e+01
1.151271338324795224e+01 9.182527092728579987e+01
1.150959649097160487e+01 9.182588046731389397e+01
1.150649444690848000e+01 9.182648565161746035e+01
1.150340718238133242e+01 9.182708651268450240e+01
1.150033462901291692e+01 9.182768308275512936e+01
1.149727671872483192e+01 9.182827539382347481e+01
1.149423338373636838e+01 9.182886347763954404e+01
1.149120455656335515e+01 9.182944736571111832e+01
1.148819017001701681e+01 9.183002708930560232e+01
1.148519015720282788e+01 9.183060267945182886e+01
1.148220445151937064e+01 9.183117416694192059e+01
1.147923298665719649e+01 9.183174158233308049e+01
1.147627569659769620e+01 9.183230495594941090e+01
1.147333251561196121e+01 9.183286431788366144e+01
1.147040337825966105e+01 9.183341969799904803e+01
1.146748821938791352e+01 9.183397112593097233e+01
1.146458697413016381e+01 9.183451863108879820e+01
1.146169957790506722e+01 9.183506224265752849e+01
1.145882596641536999e+01 9.183560198959959564e+01
1.145596607564679914e+01 9.183613790065651017e+01
1.145311984186694687e+01 9.183667000435058014e+01
1.145028720162417102e+01 9.183719832898657387e+01
1.144746809174648661e+01 9.183772290265342519e+01
1.144466244934046451e+01 9.183824375322583933e+01
1.144187021179014074e+01 9.183876090836595552e+01
1.143909131675591340e+01 9.183927439552499550e+01
1.143632570217345545e+01 9.183978424194485513e+01
1.143357330625262946e+01 9.184029047465971018e+01
1.143083406747639685e+01 9.184079312049762223e+01
1.142810792459974145e+01 9.184129220608211597e+01
1.142539481664858947e+01 9.184178775783375670e+01
1.142269468291872947e+01 9.184227980197169927e+01
1.142000746297474834e+01 9.184276836451520865e+01
1.141733309664895479e+01 9.184325347128525152e+01
1.141467152404031538e+01 9.184373514790596005e+01
1.141202268551339571e+01 9.184421341980618081e+01
1.140938652169729650e+01 9.184468831222095275e+01
1.140676297348459833e+01 9.184515985019302775e+01
1.140415198203030833e+01 9.184562805857429169e+01
1.140155348875080854e+01 9.184609296202728501e+01
1.139896743532281143e+01 9.184655458502662384e+01
1.139639376368231538e+01 9.184701295186046366e+01
1.139383241602356378e+01 9.184746808663190620e+01
1.139128333479800581e+01 9.184792001326044897e+01
1.138874646271326441e+01 9.184836875548339208e+01
1.138622174273210419e+01 9.184881433685721674e+01
1.138370911807140295e+01 9.184925678075899214e+01
1.138120853220112849e+01 9.184969611038773962e+01
1.137871992884331540e+01 9.185013234876583965e+01
1.137624325197104902e+01 9.185056551874033914e+01
1.137377844580744402e+01 9.185099564298434416e+01
1.137132545482464074e+01 9.185142274399831308e+01
1.136888422374278740e+01 9.185184684411142086e+01
1.136645469752904347e+01 9.185226796548286643e+01
1.136403682139656901e+01 9.185268613010318006e+01
1.136163054080352808e+01 9.185310135979548818e+01
1.135923580145209577e+01 9.185351367621686336e+01
1.135685254928745813e+01 9.185392310085954648e+01
1.135448073049682804e+01 9.185432965505223990e+01
1.135212029150845581e+01 9.185473335996137223e+01
1.134977117899064680e+01 9.185513423659233467e+01
1.134743333985077740e+01 9.185553230579071737e+01
1.134510672123432329e+01 9.185592758824354576e+01
1.134279127052387892e+01 9.185632010448048845e+01
1.134048693533819296e+01 9.185670987487510786e+01
1.133819366353119307e+01 9.185709691964599699e+01
1.133591140319102841e+01 9.185748125885804427e+01
1.133364010263910160e+01 9.185786291242355617e+01
1.133137971042911474e+01 9.185824190010346513e+01
1.132913017534611377e+01 9.185861824150848065e+01
1.132689144640553103e+01 9.185899195610026879e+01
1.132466347285224195e+01 9.185936306319256062e+01
1.132244620415961833e+01 9.185973158195233168e+01
1.132023959002857971e+01 9.186009753140089629e+01
1.131804358038666258e+01 9.186046093041505856e+01
1.131585812538707891e+01 9.186082179772822087e+01
1.131368317540777824e+01 9.186118015193146391e+01
1.131151868105052749e+01 9.186153601147466929e+01
1.130936459313997489e+01 9.186188939466759962e+01
1.130722086272272975e+01 9.186224031968097847e+01
1.130508744106644237e+01 9.186258880454754205e+01
1.130296427965888029e+01 9.186293486716314760e+01
1.130085133020702237e+01 9.186327852528776816e+01
1.129874854463613865e+01 9.186361979654660104e+01
1.129665587508888791e+01 9.186395869843104833e+01
1.129457327392440646e+01 9.186429524829979698e+01
1.129250069371741105e+01 9.186462946337979929e+01
1.129043808725729470e+01 9.186496136076733876e+01
1.128838540754723496e+01 9.186529095742898221e+01
1.128634260780329512e+01 9.186561827020261717e+01
1.128430964145353954e+01 9.186594331579841821e+01
1.128228646213714370e+01 9.186626611079984173e+01
1.128027302370351137e+01 9.186658667166462067e+01
1.127826928021138819e+01 9.186690501472571668e+01
1.127627518592799305e+01 9.186722115619225804e+01
1.127429069532813521e+01 9.186753511215054857e+01
1.127231576309334748e+01 9.186784689856496300e+01
1.127035034411101400e+01 9.186815653127891323e+01
1.126839439347350513e+01 9.186846402601577211e+01
1.126644786647731600e+01 9.186876939837979705e+01
1.126451071862220488e+01 9.186907266385708226e+01
1.126258290561033881e+01 9.186937383781639710e+01
1.126066438334543918e+01 9.186967293551016667e+01
1.125875510793192724e+01 9.186996997207531024e+01
1.125685503567408041e+01 9.187026496253417918e+01
1.125496412307518668e+01 9.187055792179539537e+01
1.125308232683670262e+01 9.187084886465477496e+01
1.125120960385741498e+01 9.187113780579615252e+01
1.124934591123260397e+01 9.187142475979227640e+01
1.124749120625321197e+01 9.187170974110564714e+01
1.124564544640501040e+01 9.187199276408937010e+01
1.124380858936777727e+01 9.187227384298802235e+01
1.124198059301447117e+01 9.187255299193843427e+01
1.124016141541040881e+01 9.187283022497058482e+01
1.123835101481244969e+01 9.187310555600839734e+01
1.123654934966817898e+01 9.187337899887053538e+01
1.123475637861509568e+01 9.187365056727124113e+01
1.123297206047980445e+01 9.187392027482113122e+01
1.123119635427721086e+01 9.187418813502800674e+01
1.122942921920971315e+01 9.187445416129763487e+01
1.122767061466640648e+01 9.187471836693453042e+01
1.122592050022228172e+01 9.187498076514275169e+01
1.122417883563743501e+01 9.187524136902665362e+01
1.122244558085627375e+01 9.187550019159168357e+01
1.122072069600672606e+01 9.187575724574512037e+01
1.121900414139945568e+01 9.187601254429684161e+01
1.121729587752708390e+01 9.187626609996007687e+01
1.121559586506340089e+01 9.187651792535213247e+01
1.121390406486259650e+01 9.187676803299517303e+01
1.121222043795848045e+01 9.187701643531690365e+01
1.121054494556371139e+01 9.187726314465135147e+01
1.120887754906903133e+01 9.187750817323951935e+01
1.120721821004249463e+01 9.187775153323018174e+01
1.120556689022871133e+01 9.187799323668053830e+01
1.120392355154807973e+01 9.187823329555692453e+01
1.120228815609603679e+01 9.187847172173555066e+01
1.120066066614229605e+01 9.187870852700315538e+01
1.119904104413010160e+01 9.187894372305771640e+01
1.119742925267547662e+01 9.187917732150913253e+01
1.119582525456647559e+01 9.187940933387987741e+01
1.119422901276244353e+01 9.187963977160572426e+01
1.119264049039327524e+01 9.187986864603635695e+01
1.119105965075867637e+01 9.188009596843608051e+01
1.118948645732742975e+01 9.188032174998444646e+01
1.118792087373666178e+01 9.188054600177692066e+01
1.118636286379111233e+01 9.188076873482553708e+01
1.118481239146241002e+01 9.188098996005952301e+01
1.118326942088834741e+01 9.188120968832593860e+01
1.118173391637215808e+01 9.188142793039033052e+01
1.118020584238180248e+01 9.188164469693734304e+01
1.117868516354924679e+01 9.188185999857132913e+01
1.117717184466975233e+01 9.188207384581700410e+01
1.117566585070116680e+01 9.188228624912004250e+01
1.117416714676321554e+01 9.188249721884766075e+01
1.117267569813679273e+01 9.188270676528927083e+01
1.117119147026326509e+01 9.188291489865702033e+01
1.116971442874376841e+01 9.188312162908644609e+01
1.116824453933851125e+01 9.188332696663702848e+01
1.116678176796608390e+01 9.188353092129278821e+01
1.116532608070276211e+01 9.188373350296286901e+01
1.116387744378181957e+01 9.188393472148209185e+01
1.116243582359284581e+01 9.188413458661156596e+01
1.116100118668105523e+01 9.188433310803921472e+01
1.115957349974661383e+01 9.188453029538038663e+01
1.115815272964395355e+01 9.188472615817836697e+01
1.115673884338110255e+01 9.188492070590496041e+01
1.115533180811900849e+01 9.188511394796103104e+01
1.115393159117087052e+01 9.188530589367705659e+01
1.115253816000146969e+01 9.188549655231365421e+01
1.115115148222650454e+01 9.188568593306212051e+01
1.114977152561192675e+01 9.188587404504500000e+01
1.114839825807328211e+01 9.188606089731656823e+01
1.114703164767505505e+01 9.188624649886337181e+01
1.114567166263001141e+01 9.188643085860475423e+01
1.114431827129854469e+01 9.188661398539338165e+01
1.114297144218802949e+01 9.188679588801574027e+01
1.114163114395217136e+01 9.188697657519263373e+01
1.114029734539036376e+01 9.188715605557972310e+01
1.113897001544704679e+01 9.188733433776801007e+01
1.113764912321106593e+01 9.188751143028432011e+01
1.113633463791503253e+01 9.188768734159181406e+01
1.113502652893469502e+01 9.188786208009048551e+01
1.113372476578830117e+01 9.188803565411761554e+01
1.113242931813596925e+01 9.188820807194827012e+01
1.113114015577906635e+01 9.188837934179579747e+01
1.112985724865957593e+01 9.188854947181228283e+01
1.112858056685947972e+01 9.188871847008900318e+01
1.112731008060013771e+01 9.188888634465693883e+01
1.112604576024167180e+01 9.188905310348718558e+01
1.112478757628234938e+01 9.188921875449146626e+01
1.112353549935796870e+01 9.188938330552254286e+01
1.112228950024125496e+01 9.188954676437468549e+01
1.112104954984124738e+01 9.188970913878412716e+01
1.111981561920269712e+01 9.188987043642951846e+01
1.111858767950546145e+01 9.189003066493233973e+01
1.111736570206390695e+01 9.189018983185737000e+01
1.111614965832631086e+01 9.189034794471309908e+01
1.111493951987426243e+01 9.189050501095216816e+01
1.111373525842207499e+01 9.189066103797181029e+01
1.111253684581619261e+01 9.189081603311426250e+01
1.111134425403460035e+01 9.189097000366719215e+01
1.111015745518623987e+01 9.189112295686410903e+01
1.110897642151042675e+01 9.189127489988479169e+01
1.110780112537626607e+01 9.189142583985569956e+01
1.110663153928207869e+01 9.189157578385035663e+01
1.110546763585482033e+01 9.189172473888979198e+01
1.110430938784950605e+01 9.189187271194293771e+01
1.110315676814864538e+01 9.189201970992699842e+01
1.110200974976166499e+01 9.189216573970787749e+01
1.110086830582434558e+01 9.189231080810057506e+01
1.109973240959825702e+01 9.189245492186952902e+01
1.109860203447019344e+01 9.189259808772906979e+01
1.109747715395161372e+01 9.189274031234376139e+01
1.109635774167808364e+01 9.189288160232879932e+01
1.109524377140872176e+01 9.189302196425036584e+01
1.109413521702564331e+01 9.189316140462604210e+01
1.109303205253340963e+01 9.189329992992514917e+01
1.109193425205847916e+01 9.189343754656914598e+01
1.109084178984865865e+01 9.189357426093195613e+01
1.108975464027256486e+01 9.189371007934036584e+01
1.108867277781907390e+01 9.189384500807437917e+01
1.108759617709678658e+01 9.189397905336757333e+01
1.108652481283349012e+01 9.189411222140745394e+01
1.108545865987561818e+01 9.189424451833578189e+01
1.108439769318772505e+01 9.189437595024898542e+01
1.108334188785194563e+01 9.189450652319843016e+01
1.108229121906747139e+01 9.189463624319083124e+01
1.108124566215002460e+01 9.189476511618855170e+01
1.108020519253132896e+01 9.189489314810997200e+01
1.107916978575859090e+01 9.189502034482980264e+01
1.107813941749397735e+01 9.189514671217941100e+01
1.107711406351409700e+01 9.189527225594719084e+01
1.107609369970948521e+01 9.189539698187884653e+01
1.107507830208408883e+01 9.189552089567776250e+01
1.107406784675475819e+01 9.189564400300530167e+01
1.107306230995073015e+01 9.189576630948111813e+01
1.107206166801312719e+01 9.189588782068349815e+01
1.107106589739444935e+01 9.189600854214965864e+01
1.107007497465806978e+01 9.189612847937607398e+01
1.106908887647773376e+01 9.189624763781877448e+01
1.106810757963705960e+01 9.189636602289367318e+01
1.106713106102904476e+01 9.189648363997685010e+01
1.106615929765556317e+01 9.189660049440487910e+01
1.106519226662688204e+01 9.189671659147509786e+01
1.106422994516116098e+01 9.189683193644594894e+01
1.106327231058397054e+01 9.189694653453723561e+01
1.106231934032780018e+01 9.189706039093044865e+01
1.106137101193157868e+01 9.189717351076903640e+01
1.106042730304018562e+01 9.189728589915871737e+01
1.105948819140397354e+01 9.189739756116775027e+01
1.105855365487829012e+01 9.189750850182720399e+01
1.105762367142300029e+01 9.189761872613129867e+01
1.105669821910200845e+01 9.189772823903761889e+01
1.105577727608279304e+01 9.189783704546744048e+01
1.105486082063592868e+01 9.189794515030597211e+01
1.105394883113461901e+01 9.189805255840266796e+01
1.105304128605423308e+01 9.189815927457146927e+01
1.105213816397183635e+01 9.189826530359108858e+01
1.105123944356573240e+01 9.189837065020526552e+01
1.105034510361499578e+01 9.189847531912306522e+01
1.104945512299901722e+01 9.189857931501909150e+01
1.104856948069704892e+01 9.189868264253379948e+01
1.104768815578774266e+01 9.189878530627373721e+01
1.104681112744870042e+01 9.189888731081177298e+01
1.104593837495602671e+01 9.189898866068739380e+01
1.104506987768387027e+01 9.189908936040694698e+01
1.104420561510398535e+01 9.189918941444389588e+01
1.104334556678528045e+01 9.189928882723903314e+01
1.104248971239337962e+01 9.189938760320079325e+01
1.104163803169017477e+01 9.189948574670545156e+01
1.104079050453338873e+01 9.189958326209738004e+01
1.103994711087614000e+01 9.189968015368928889e+01
1.103910783076650048e+01 9.189977642576246808e+01
1.103827264434706734e+01 9.189987208256704321e+01
1.103744153185452781e+01 9.189996712832217440e+01
1.103661447361922576e+01 9.190006156721632635e+01
1.103579145006473716e+01 9.190015540340749567e+01
1.103497244170744196e+01 9.190024864102340985e+01
1.103415742915609954e+01 9.190034128416179726e+01
1.103334639311142240e+01 9.190043333689061456e+01
1.103253931436565871e+01 9.190052480324823136e+01
1.103173617380216953e+01 9.190061568724368612e+01
1.103093695239501137e+01 9.190070599285692765e+01
1.103014163120852231e+01 9.190079572403897146e+01
1.102935019139690631e+01 9.190088488471219819e+01
1.102856261420382111e+01 9.190097347877049572e+01
1.102777888096196435e+01 9.190106151007952917e+01
1.102699897309267030e+01 9.190114898247693986e+01
1.102622287210549779e+01 9.190123589977255847e+01
1.102545055959782516e+01 9.190132226574858976e+01
1.102468201725445240e+01 9.190140808415985418e+01
1.102391722684718900e+01 9.190149335873398684e+01
1.102315617023446315e+01 9.190157809317165061e+01
1.102239882936091853e+01 9.190166229114670671e+01
1.102164518625701817e+01 9.190174595630645626e+01
1.102089522303865010e+01 9.190182909227181085e+01
1.102014892190673123e+01 9.190191170263753406e+01
1.101940626514682187e+01 9.190199379097238364e+01
1.101866723512872603e+01 9.190207536081936723e+01
1.101793181430611490e+01 9.190215641569587035e+01
1.101719998521612887e+01 9.190223695909391211e+01
1.101647173047900274e+01 9.190231699448030156e+01
1.101574703279767320e+01 9.190239652529685088e+01
1.101502587495740393e+01 9.190247555496053167e+01
1.101430823982540375e+01 9.190255408686368810e+01
1.101359411035044644e+01 9.190263212437422169e+01
1.101288346956249597e+01 9.190270967083576181e+01
1.101217630057232988e+01 9.190278672956786465e+01
1.101147258657116978e+01 9.190286330386618374e+01
1.101077231083030483e+01 9.190293939700265469e+01
1.101007545670072396e+01 9.190301501222566571e+01
1.100938200761274821e+01 9.190309015276027083e+01
1.100869194707566123e+01 9.190316482180830349e+01
1.100800525867734514e+01 9.190323902254860400e+01
1.100732192608391635e+01 9.190331275813717582e+01
1.100664193303936678e+01 9.190338603170734189e+01
1.100596526336519965e+01 9.190345884636994356e+01
1.100529190096006893e+01 9.190353120521349695e+01
1.100462182979942760e+01 9.190360311130436344e+01
1.100395503393516705e+01 9.190367456768689181e+01
1.100329149749526536e+01 9.190374557738363137e+01
1.100263120468343203e+01 9.190381614339544569e+01
1.100197413977875982e+01 9.190388626870172573e+01
1.100132028713537480e+01 9.190395595626050351e+01
1.100066963118208285e+01 9.190402520900863692e+01
1.100002215642203218e+01 9.190409402986198018e+01
1.099937784743235980e+01 9.190416242171552597e+01
1.099873668886385403e+01 9.190423038744356177e+01
1.099809866544060988e+01 9.190429792989981195e+01
1.099746376195968622e+01 9.190436505191762251e+01
1.099683196329077184e+01 9.190443175631010320e+01
1.099620325437584434e+01 9.190449804587026961e+01
1.099557762022883445e+01 9.190456392337119951e+01
1.099495504593529382e+01 9.190462939156618916e+01
1.099433551665205933e+01 9.190469445318889541e+01
1.099371901760692083e+01 9.190475911095346362e+01
1.099310553409829438e+01 9.190482336755472659e+01
1.099249505149489003e+01 9.190488722566828983e+01
1.099188755523538674e+01 9.190495068795070210e+01
1.099128303082810731e+01 9.190501375703961173e+01
1.099068146385069156e+01 9.190507643555389450e+01
1.099008283994977475e+01 9.190513872609378154e+01
1.098948714484066613e+01 9.190520063124102990e+01
1.098889436430702737e+01 9.190526215355902195e+01
1.098830448420055639e+01 9.190532329559293601e+01
1.098771749044066937e+01 9.190538405986985993e+01
1.098713336901418458e+01 9.190544444889893327e+01
1.098655210597500442e+01 9.190550446517150363e+01
1.098597368744380987e+01 9.190556411116124025e+01
1.098539809960774427e+01 9.190562338932423359e+01
1.098482532872010076e+01 9.190568230209919420e+01
1.098425536110002021e+01 9.190574085190753806e+01
1.098368818313217510e+01 9.190579904115351439e+01
1.098312378126647104e+01 9.190585687222436206e+01
1.098256214201773950e+01 9.190591434749039479e+01
1.098200325196543048e+01 9.190597146930517169e+01
1.098144709775331762e+01 9.190602824000559679e+01
1.098089366608919093e+01 9.190608466191206105e+01
1.098034294374456188e+01 9.190614073732852773e+01
1.097979491755436143e+01 9.190619646854268865e+01
1.097924957441664873e+01 9.190625185782609208e+01
1.097870690129230908e+01 9.190630690743422804e+01
1.097816688520476447e+01 9.190636161960668460e+01
1.097762951323968039e+01 9.190641599656724736e+01
1.097709477254467281e+01 9.190647004052399893e+01
1.097656265032902034e+01 9.190652375366947524e+01
1.097603313386337121e+01 9.190657713818076502e+01
1.097550621047945896e+01 9.190663019621960927e+01
1.097498186756981831e+01 9.190668292993252919e+01
1.097446009258749378e+01 9.190673534145095402e+01
1.097394087304576260e+01 9.190678743289129216e+01
1.097342419651784695e+01 9.190683920635507320e+01
1.097291005063663505e+01 9.190689066392907591e+01
1.097239842309440405e+01 9.190694180768538502e+01
1.097188930164253762e+01 9.190699263968154753e+01
1.097138267409124879e+01 9.190704316196064383e+01
1.097087852830930466e+01 9.190709337655144395e+01
1.097037685222375103e+01 9.190714328546846446e+01
1.096987763381964065e+01 9.190719289071209630e+01
1.096938086113975785e+01 9.190724219426870434e+01
1.096888652228434857e+01 9.190729119811074099e+01
1.096839460541085209e+01 9.190733990419683153e+01
1.096790509873362929e+01 9.190738831447190194e+01
1.096741799052369792e+01 9.190743643086725001e+01
1.096693326910846267e+01 9.190748425530067323e+01
1.096645092287145218e+01 9.190753178967655401e+01
1.096597094025205799e+01 9.190757903588595923e+01
1.096549330974526626e+01 9.190762599580673964e+01
1.096501801990139846e+01 9.190767267130362939e+01
1.096454505932585199e+01 9.190771906422834547e+01
1.096407441667883909e+01 9.190776517641968724e+01
1.096360608067513098e+01 9.190781100970360740e+01
1.096314004008380039e+01 9.190785656589335417e+01
1.096267628372796210e+01 9.190790184678949970e+01
1.096221480048452435e+01 9.190794685418011056e+01
1.096175557928393296e+01 9.190799158984076200e+01
1.096129860910991560e+01 9.190803605553470845e+01
1.096084387899923662e+01 9.190808025301288353e+01
1.096039137804144126e+01 9.190812418401408479e+01
1.095994109537861050e+01 9.190816785026500213e+01
1.095949302020511418e+01 9.190821125348031728e+01
1.095904714176736050e+01 9.190825439536281749e+01
1.095860344936355446e+01 9.190829727760343815e+01
1.095816193234344915e+01 9.190833990188140490e+01
1.095772258010810773e+01 9.190838226986427628e+01
1.095728538210965652e+01 9.190842438320804320e+01
1.095685032785104518e+01 9.190846624355721417e+01
1.095641740688580867e+01 9.190850785254491484e+01
1.095598660881782926e+01 9.190854921179295900e+01
1.095555792330109135e+01 9.190859032291190545e+01
1.095513134003945588e+01 9.190863118750118588e+01
1.095470684878641343e+01 9.190867180714917595e+01
1.095428443934485863e+01 9.190871218343323790e+01
1.095386410156685031e+01 9.190875231791984845e+01
1.095344582535338418e+01 9.190879221216465567e+01
1.095302960065415832e+01 9.190883186771257840e+01
1.095261541746734224e+01 9.190887128609784895e+01
1.095220326583935133e+01 9.190891046884411253e+01
1.095179313586461411e+01 9.190894941746452673e+01
1.095138501768534844e+01 9.190898813346180418e+01
1.095097890149133235e+01 9.190902661832828358e+01
1.095057477751968378e+01 9.190906487354604337e+01
1.095017263605462965e+01 9.190910290058695864e+01
1.094977246742728738e+01 9.190914070091277210e+01
1.094937426201544461e+01 9.190917827597515100e+01
1.094897801024333361e+01 9.190921562721580074e+01
1.094858370258141278e+01 9.190925275606650757e+01
1.094819132954614815e+01 9.190928966394920963e+01
1.094780088169979493e+01 9.190932635227611058e+01
1.094741234965018251e+01 9.190936282244967970e+01
1.094702572405049423e+01 9.190939907586279389e+01
1.094664099559905779e+01 9.190943511389876619e+01
1.094625815503912492e+01 9.190947093793141676e+01
1.094587719315866359e+01 9.190950654932514396e+01
1.094549810079014485e+01 9.190954194943503808e+01
1.094512086881032786e+01 9.190957713960686704e+01
1.094474548814005388e+01 9.190961212117721857e+01
1.094437194974403660e+01 9.190964689547351441e+01
1.094400024463065435e+01 9.190968146381410975e+01
1.094363036385173871e+01 9.190971582750836433e+01
1.094326229850237198e+01 9.190974998785665662e+01
1.094289603972068292e+01 9.190978394615051172e+01
1.094253157868763715e+01 9.190981770367264403e+01
1.094216890662683994e+01 9.190985126169698560e+01
1.094180801480432841e+01 9.190988462148881410e+01
1.094144889452837255e+01 9.190991778430475279e+01
1.094109153714927629e+01 9.190995075139288417e+01
1.094073593405917144e+01 9.190998352399277849e+01
1.094038207669182583e+01 9.191001610333556471e+01
1.094002995652244081e+01 9.191004849064400162e+01
1.093967956506745765e+01 9.191008068713253465e+01
1.093933089388435675e+01 9.191011269400733852e+01
1.093898393457146945e+01 9.191014451246640249e+01
1.093863867876777540e+01 9.191017614369957300e+01
1.093829511815271438e+01 9.191020758888862474e+01
1.093795324444599437e+01 9.191023884920730325e+01
1.093761304940739620e+01 9.191026992582139599e+01
1.093727452483658702e+01 9.191030081988878919e+01
1.093693766257292666e+01 9.191033153255951049e+01
1.093660245449527935e+01 9.191036206497581418e+01
1.093626889252182721e+01 9.191039241827220962e+01
1.093593696860988196e+01 9.191042259357551814e+01
1.093560667475570014e+01 9.191045259200494399e+01
1.093527800299429487e+01 9.191048241467214552e+01
1.093495094539925105e+01 9.191051206268123508e+01
1.093462549408254780e+01 9.191054153712887853e+01
1.093430164119436476e+01 9.191057083910433789e+01
1.093397937892290983e+01 9.191059996968951396e+01
1.093365869949423441e+01 9.191062892995903155e+01
1.093333959517204867e+01 9.191065772098023956e+01
1.093302205825754925e+01 9.191068634381331037e+01
1.093270608108923447e+01 9.191071479951125411e+01
1.093239165604273211e+01 9.191074308912001811e+01
1.093207877553061635e+01 9.191077121367848690e+01
1.093176743200223555e+01 9.191079917421856749e+01
1.093145761794353277e+01 9.191082697176521776e+01
1.093114932587687882e+01 9.191085460733650336e+01
1.093084254836088931e+01 9.191088208194366871e+01
1.093053727799025587e+01 9.191090939659113701e+01
1.093023350739557564e+01 9.191093655227662396e+01
1.092993122924317717e+01 9.191096354999110929e+01
1.092963043623494990e+01 9.191099039071896470e+01
1.092933112110817540e+01 9.191101707543793964e+01
1.092903327663535684e+01 9.191104360511924654e+01
1.092873689562405204e+01 9.191106998072757506e+01
1.092844197091670466e+01 9.191109620322117735e+01
1.092814849539048083e+01 9.191112227355188224e+01
1.092785646195709859e+01 9.191114819266515212e+01
1.092756586356266624e+01 9.191117396150012553e+01
1.092727669318751538e+01 9.191119958098967402e+01
1.092698894384603747e+01 9.191122505206044480e+01
1.092670260858652398e+01 9.191125037563288913e+01
1.092641768049100293e+01 9.191127555262130500e+01
1.092613415267507371e+01 9.191130058393390811e+01
1.092585201828775077e+01 9.191132547047286039e+01
1.092557127051130372e+01 9.191135021313431253e+01
1.092529190256109572e+01 9.191137481280843247e+01
1.092501390768542713e+01 9.191139927037947643e+01
1.092473727916537563e+01 9.191142358672580315e+01
1.092446201031464170e+01 9.191144776271994488e+01
1.092418809447939232e+01 9.191147179922863586e+01
1.092391552503810459e+01 9.191149569711282652e+01
1.092364429540140947e+01 9.191151945722776873e+01
1.092337439901194251e+01 9.191154308042304422e+01
1.092310582934418406e+01 9.191156656754257881e+01
1.092283857990431173e+01 9.191158991942469925e+01
1.092257264423004592e+01 9.191161313690219004e+01
1.092230801589050238e+01 9.191163622080230766e+01
1.092204468848603582e+01 9.191165917194683743e+01
1.092178265564809614e+01 9.191168199115212190e+01
