1.000000000000000000e+02 4.000000000000000000e+01
9.961821102367123615e+01 3.981584324411497988e+01
9.923866451815958101e+01 3.963293447400479863e+01
9.886135554053991825e+01 3.945127043731661587e+01
9.848627916505201085e+01 3.927084792116148293e+01
9.811343048136612310e+01 3.909166375146743633e+01
9.774280459282071831e+01 3.891371479231757036e+01
9.737439661463285745e+01 3.873699794527313145e+01
9.700820167208158296e+01 3.856151014868154903e+01
9.664421489866496984e+01 3.838724837696940995e+01
9.628243143423141248e+01 3.821420963992046183e+01
9.592284642308575826e+01 3.804239098193858126e+01
9.556545501207095583e+01 3.787178948129584910e+01
9.521025234862604236e+01 3.770240224936575402e+01
9.485723357882112339e+01 3.753422642984167368e+01
9.450639384537032583e+01 3.736725919794069029e+01
9.415772828562359109e+01 3.720149775959294658e+01
9.381123202953810392e+01 3.703693935061664888e+01
9.346690019763059354e+01 3.687358123587895875e+01
9.312472789891137381e+01 3.671142070844291538e+01
9.278471022880134456e+01 3.655045508870071558e+01
9.244684226703300567e+01 3.639068172349349339e+01
9.211111907553683409e+01 3.623209798521801872e+01
9.177753569631411779e+01 3.607470127092048529e+01
9.144608714929772475e+01 3.591848900137782863e+01
9.111676843020212857e+01 3.576345862016687960e+01
9.078957450836401222e+01 3.560960759272175125e+01
9.046450032457507007e+01 3.545693340537988547e+01
9.014154078890847188e+01 3.530543356441716440e+01
8.982069077854046668e+01 3.515510559507258392e+01
8.950194513556895970e+01 3.500594704056297246e+01
8.918529866483046931e+01 3.485795546108825960e+01
8.887074613171741078e+01 3.471112843282785576e+01
8.855828225999729852e+01 3.456546354692869016e+01
8.824790172963568580e+01 3.442095840848552513e+01
8.793959917462480291e+01 3.427761063551418630e+01
8.763336918081957094e+01 3.413541785791828431e+01
8.732920628378306560e+01 3.399437771645018103e+01
8.702710496664327877e+01 3.385448786166688251e+01
8.672705965796319560e+01 3.371574595288150533e+01
8.642906472962613407e+01 3.357814965711117594e+01
8.613311449473850701e+01 3.344169664802206654e+01
8.583920320555181149e+01 3.330638460487232777e+01
8.554732505140621868e+01 3.317221121145382767e+01
8.525747415669761153e+01 3.303917415503342880e+01
8.496964457887025901e+01 3.290727112529474141e+01
8.468383030643727238e+01 3.277649981328114848e+01
8.440002525703090441e+01 3.264685791034104057e+01
8.411822327548485134e+01 3.251834310707616282e+01
8.383841813195058990e+01 3.239095309229399078e+01
8.356060352005006564e+01 3.226468555196505861e+01
8.328477305506658013e+01 3.213953816818619913e+01
8.301092027217617897e+01 3.201550861815066185e+01
8.273903862472155879e+01 3.189259457312609669e+01
8.246912148253051100e+01 3.177079369744132009e+01
8.220116213028101981e+01 3.165010364748292915e+01
8.193515376591491872e+01 3.153052207070270896e+01
8.167108949910223714e+01 3.141204660463684917e+01
8.140896234975809875e+01 3.129467487593796449e+01
8.114876524661400481e+01 3.117840449942091041e+01
8.089049102584549189e+01 3.106323307712342086e+01
8.063413242975796891e+01 3.094915819738253759e+01
8.037968210553239601e+01 3.083617743392783339e+01
8.012713260403261017e+01 3.072428834499243422e+01
7.987647637867590333e+01 3.061348847244278204e+01
7.962770578436851565e+01 3.050377534092814358e+01
7.938081307650742247e+01 3.039514645705080298e+01
7.913579041004999226e+01 3.028759930855788696e+01
7.889262983865292256e+01 3.018113136355575676e+01
7.865132331388156217e+01 3.007574006974786229e+01
7.841186268449109775e+01 2.997142285369697490e+01
7.817423969578055676e+01 2.986817712011266224e+01
7.793844598902079213e+01 2.976600025116483295e+01
7.770447310095734395e+01 2.966488960582422152e+01
7.747231246338908761e+01 2.956484251923057371e+01
7.724195540282353534e+01 2.946585630208931761e+01
7.701339314020928839e+01 2.936792824009749125e+01
7.678661679074646429e+01 2.927105559339958418e+01
7.656161736377542582e+01 2.917523559607403527e+01
7.633838576274428078e+01 2.908046545565098739e+01
7.611691278525546522e+01 2.898674235266194188e+01
7.589718912319153787e+01 2.889406344022187412e+01
7.567920536292038491e+01 2.880242584364436098e+01
7.546295198557967865e+01 2.871182666009021389e+01
7.524841936744064697e+01 2.862226295825007938e+01
7.503559778035081251e+01 2.853373177806143346e+01
7.482447739225540317e+01 2.844623013046034998e+01
7.461504826779706434e+01 2.835975499716837689e+01
7.440730036899331878e+01 2.827430333051482947e+01
7.420122355599110620e+01 2.818987205329471735e+01
7.399680758789777713e+01 2.810645805866256808e+01
7.379404212368760341e+01 2.802405821006225040e+01
7.359291672318299504e+01 2.794266934119297829e+01
7.339342084810930089e+01 2.786228825601151371e+01
7.319554386322221262e+01 2.778291172877063531e+01
7.299927503750643609e+01 2.770453650409384494e+01
7.280460354544445067e+01 2.762715929708625140e+01
7.261151846835392121e+01 2.755077679348151420e+01
7.242000879579238415e+01 2.747538564982474085e+01
7.223006342702755944e+01 2.740098249369108885e+01
7.204167117257178177e+01 2.732756392393987355e+01
7.185482075577878902e+01 2.725512651100388339e+01
7.166950081450121957e+01 2.718366679721360768e+01
7.148569990280688558e+01 2.711318129715597536e+01
7.130340649275196085e+01 2.704366649806722833e+01
7.112260897620924993e+01 2.697511886025948513e+01
7.094329566674942100e+01 2.690753481758049759e+01
7.076545480157317058e+01 2.684091077790610314e+01
7.058907454349230193e+01 2.677524312366480075e+01
7.041414298295755714e+01 2.671052821239386077e+01
7.024064814013094349e+01 2.664676237732635755e+01
7.006857796700047913e+01 2.658394192800846056e+01
6.989792034953501343e+01 2.652206315094628053e+01
6.972866310987694760e+01 2.646112231028158845e+01
6.956079400857049677e+01 2.640111564849564019e+01
6.939430074682323379e+01 2.634203938714032134e+01
6.922917096879859855e+01 2.628388972759585229e+01
6.906539226393705633e+01 2.622666285185420421e+01
6.890295216930350364e+01 2.617035492332740176e+01
6.874183817195876145e+01 2.611496208767983873e+01
6.858203771135259785e+01 2.606048047368373233e+01
6.842353818173619118e+01 2.600690619409683535e+01
6.826632693459157508e+01 2.595423534656146103e+01
6.811039128107582030e+01 2.590246401452394309e+01
6.795571849447769353e+01 2.585158826817354694e+01
6.780229581268450545e+01 2.580160416539993307e+01
6.765011044065694534e+01 2.575250775276817805e+01
6.749914955290971363e+01 2.570429506651043283e+01
6.734940029599576405e+01 2.565696213353322719e+01
6.720084979099195266e+01 2.561050497243947177e+01
6.705348513598417526e+01 2.556491959456417007e+01
6.690729340854973373e+01 2.552020200502288461e+01
6.676226166823505537e+01 2.547634820377200882e+01
6.661837695902673318e+01 2.543335418667984626e+01
6.647562631181394011e+01 2.539121594660755221e+01
6.633399674684042679e+01 2.534992947449900669e+01
6.619347527614421267e+01 2.530949076047864210e+01
6.605404890598313727e+01 2.526989579495631943e+01
6.591570463924476542e+01 2.523114056973829378e+01
6.577842947783869931e+01 2.519322107914338815e+01
6.564221042506993342e+01 2.515613332112344480e+01
6.550703448799156092e+01 2.511987329838719774e+01
6.537288867973541073e+01 2.508443701952665705e+01
6.523976002181913714e+01 2.504982050014516304e+01
6.510763554642845463e+01 2.501601976398629290e+01
6.497650229867313953e+01 2.498303084406273200e+01
6.484634733881561885e+01 2.495084978378438478e+01
6.471715774447089586e+01 2.491947263808486568e+01
6.458892061277677499e+01 2.488889547454564521e+01
6.446162306253323493e+01 2.485911437451710526e+01
6.433525223631001211e+01 2.483012543423573959e+01
6.420979530252142808e+01 2.480192476593684958e+01
6.408523945746760830e+01 2.477450849896200324e+01
6.396157192734126795e+01 2.474787278086063225e+01
6.383877997019931172e+01 2.472201377848510617e+01
6.371685087789855118e+01 2.469692767907869069e+01
6.359577197799490023e+01 2.467261069135577856e+01
6.347553063560549447e+01 2.464905904657384994e+01
6.335611425523320150e+01 2.462626899959658644e+01
6.323751028255304618e+01 2.460423682994765215e+01
6.311970620616018834e+01 2.458295884285461952e+01
6.300268955927903392e+01 2.456243137028258516e+01
6.288644792143325191e+01 2.454265077195702105e+01
6.277096892007641316e+01 2.452361343637543456e+01
6.265624023218305183e+01 2.450531578180742542e+01
6.254224958580002891e+01 2.448775425728279487e+01
6.242898476155804843e+01 2.447092534356730908e+01
6.231643359414336203e+01 2.445482555412581860e+01
6.220458397372956938e+01 2.443945143607241022e+01
6.209342384736959986e+01 2.442479957110729316e+01
6.198294122034796061e+01 2.441086657644018842e+01
6.187312415749333638e+01 2.439764910569993361e+01
6.176396078445172577e+01 2.438514384983011496e+01
6.165543928892034842e+01 2.437334753797050979e+01
6.154754792184248657e+01 2.436225693832415828e+01
6.144027499856358077e+01 2.435186885900991172e+01
6.133360889994889220e+01 2.434218014890030091e+01
6.122753807346303745e+01 2.433318769844460761e+01
6.112205103421179331e+01 2.432488844047704646e+01
6.101713636594652002e+01 2.431727935100994742e+01
6.091278272203170019e+01 2.431035745001187465e+01
6.080897882637601271e+01 2.430411980217065704e+01
6.070571347432735365e+01 2.429856351764123090e+01
6.060297553353242250e+01 2.429368575277834452e+01
6.050075394476129986e+01 2.428948371085406421e+01
6.039903772269761362e+01 2.428595464276011029e+01
6.029781595669480510e+01 2.428309584769504070e+01
6.019707781149911341e+01 2.428090467383632500e+01
6.009681252793986772e+01 2.427937851899732991e+01
5.999700942358767719e+01 2.427851483126929466e+01
5.989765789338117941e+01 2.427831110964838146e+01
5.979874741022292994e+01 2.427876490464782577e+01
5.970026752554513649e+01 2.427987381889533580e+01
5.960220786984584862e+01 2.428163550771580859e+01
5.950455815319634922e+01 2.428404767969947642e+01
5.940730816572030193e+01 2.428710809725560438e+01
5.931044777804545731e+01 2.429081457715184911e+01
5.921396694172856456e+01 2.429516499103944582e+01
5.911785568965413518e+01 2.430015726596429460e+01
5.902210413640783315e+01 2.430578938486417684e+01
5.892670247862517385e+01 2.431205938705216596e+01
5.883164099531619229e+01 2.431896536868644532e+01
5.873691004816684824e+01 2.432650548322665429e+01
5.864250008181782903e+01 2.433467794187695787e+01
5.854840162412151017e+01 2.434348101401596765e+01
5.845460528637769215e+01 2.435291302761370247e+01
5.836110176354893753e+01 2.436297236963575941e+01
5.826788183445608382e+01 2.437365748643485475e+01
5.817493636195473528e+01 2.438496688412991986e+01
5.808225629309337279e+01 2.439689912897290824e+01
5.798983265925378561e+01 2.440945284770349843e+01
5.789765657627452100e+01 2.442262672789187050e+01
5.780571924455800570e+01 2.443641951826970526e+01
5.771401194916207089e+01 2.445083002904959812e+01
5.762252605987645637e+01 2.446585713223305802e+01
5.753125303128507539e+01 2.448149976190723009e+01
5.744018440281456606e+01 2.449775691453054449e+01
5.734931179876988239e+01 2.451462764920742643e+01
5.725862692835750778e+01 2.453211108795223083e+01
5.716812158569693025e+01 2.455020641594257214e+01
5.707778764982097641e+01 2.456891288176217003e+01
5.698761708466567910e+01 2.458822979763339589e+01
5.689760193905022589e+01 2.460815653963961935e+01
5.680773434664756394e+01 2.462869254793753626e+01
5.671800652594630066e+01 2.464983732695957031e+01
5.662841078020444741e+01 2.467159044560650116e+01
5.653893949739551061e+01 2.469395153743042570e+01
5.644958515014756273e+01 2.471692030080817659e+01
5.636034029567577619e+01 2.474049649910528714e+01
5.627119757570896752e+01 2.476467996083063028e+01
5.618214971641063471e+01 2.478947057978179558e+01
5.609318952829502791e+01 2.481486831518132163e+01
5.600430990613870819e+01 2.484087319180382636e+01
5.591550382888809168e+01 2.486748530009415248e+01
5.582676435956344108e+01 2.489470479627652821e+01
5.573808464515974492e+01 2.492253190245487460e+01
5.564945791654489682e+01 2.495096690670423456e+01
5.556087748835570039e+01 2.498001016315340550e+01
5.547233675889195581e+01 2.500966209205878599e+01
5.538382921000916781e+01 2.503992317986945793e+01
5.529534840701019505e+01 2.507079397928352549e+01
5.520688799853621020e+01 2.510227510929568950e+01
5.511844171645733326e+01 2.513436725523607507e+01
5.503000337576331447e+01 2.516707116880026263e+01
5.494156687445455844e+01 2.520038766807053676e+01
5.485312619343380192e+01 2.523431763752825319e+01
5.476467539639882887e+01 2.526886202805734172e+01
5.467620862973636520e+01 2.530402185693883155e+01
5.458772012241760052e+01 2.533979820783637393e+01
5.449920418589545790e+01 2.537619223077263086e+01
5.441065521400393123e+01 2.541320514209648351e+01
5.432206768285971066e+01 2.545083822444094679e+01
5.423343615076630186e+01 2.548909282667165144e+01
5.414475525812087398e+01 2.552797036382581197e+01
5.405601972732398508e+01 2.556747231704149570e+01
5.396722436269239864e+01 2.560760023347710401e+01
5.387836405037511156e+01 2.564835572622085280e+01
5.378943375827282125e+01 2.568974047419011697e+01
5.370042853596085308e+01 2.573175622202044721e+01
5.361134351461576131e+01 2.577440477994407786e+01
5.352217390694568167e+01 2.581768802365769844e+01
5.343291500712446407e+01 2.586160789417929351e+01
5.334356219072979854e+01 2.590616639769383411e+01
5.325411091468522073e+01 2.595136560538755788e+01
5.316455671720620302e+01 2.599720765327059269e+01
5.307489521775026731e+01 2.604369474198769296e+01
5.298512211697116214e+01 2.609082913661677239e+01
5.289523319667711831e+01 2.613861316645498789e+01
5.280522431979316167e+01 2.618704922479205521e+01
5.271509143032746181e+01 2.623613976867050113e+01
5.262483055334165982e+01 2.628588731863253614e+01
5.253443779492516796e+01 2.633629445845321015e+01
5.244390934217329914e+01 2.638736383485952786e+01
5.235324146316920491e+01 2.643909815723515422e+01
5.226243050696949410e+01 2.649150019731035854e+01
5.217147290359343970e+01 2.654457278883683813e+01
5.208036516401563176e+01 2.659831882724701302e+01
5.198910388016191320e+01 2.665274126929742238e+01
5.189768572490851284e+01 2.670784313269581034e+01
5.180610745208413448e+01 2.676362749571149280e+01
5.171436589647486670e+01 2.682009749676857169e+01
5.162245797383167911e+01 2.687725633402159175e+01
5.153038068088034152e+01 2.693510726491317442e+01
5.143813109533348893e+01 2.699365360571318462e+01
5.134570637590463349e+01 2.705289873103898302e+01
5.125310376232387455e+01 2.711284607335630170e+01
5.116032057535498723e+01 2.717349912246023180e+01
5.106735421681370468e+01 2.723486142493591089e+01
5.097420216958681038e+01 2.729693658359834529e+01
5.088086199765179174e+01 2.735972825691093036e+01
5.078733134609673527e+01 2.742324015838213924e+01
5.069360794114011526e+01 2.748747605593989007e+01
5.059968959015014889e+01 2.755243977128305843e+01
5.050557418166337698e+01 2.761813517920963790e+01
5.041125968540207225e+01 2.768456620692101922e+01
5.031674415229012709e+01 2.775173683330187657e+01
5.022202571446704411e+01 2.781965108817510313e+01
5.012710258529959617e+01 2.788831305153129847e+01
5.003197305939078632e+01 2.795772685273226088e+01
4.993663551258566713e+01 2.802789666968795856e+01
4.984108840197360024e+01 2.809882672800643633e+01
4.974533026588651552e+01 2.817052130011613897e+01
4.964935972389275065e+01 2.824298470436010788e+01
4.955317547678594536e+01 2.831622130406152493e+01
4.945677630656863499e+01 2.839023550656009576e+01
4.936016107642998207e+01 2.846503176221870390e+01
4.926332873071721252e+01 2.854061456339987402e+01
4.916627829490027324e+01 2.861698844341148629e+01
4.906900887552921375e+01 2.869415797542126612e+01
4.897151966018379454e+01 2.877212777133952315e+01
4.887380991741481040e+01 2.885090248066966723e+01
4.877587899667667415e+01 2.893048678932601803e+01
4.867772632825069934e+01 2.901088541841844304e+01
4.857935142315859167e+01 2.909210312300333001e+01
4.848075387306565887e+01 2.917414469080050310e+01
4.838193335017315633e+01 2.925701494087560661e+01
4.828288960709935651e+01 2.934071872228754785e+01
4.818362247674871668e+01 2.942526091270061173e+01
4.808413187216870455e+01 2.951064641696085644e+01
4.798441778639374178e+01 2.959688016563640645e+01
4.788448029227576086e+01 2.968396711352133721e+01
4.778431954230082113e+01 2.977191223810277876e+01
4.768393576839136472e+01 2.986072053799098214e+01
4.758332928169350851e+01 2.995039703131203979e+01
4.748250047234896698e+01 3.004094675406302528e+01
4.738144980925104477e+01 3.013237475842930380e+01
4.728017783978425115e+01 3.022468611106386049e+01
4.717868518954704626e+01 3.031788589132842304e+01
4.707697256205726433e+01 3.041197918949627876e+01
4.697504073843972350e+01 3.050697110491666919e+01
4.687289057709563167e+01 3.060286674414068386e+01
4.677052301335327655e+01 3.069967121900863560e+01
4.666793905909961637e+01 3.079738964469887463e+01
4.656513980239238748e+01 3.089602713773814813e+01
4.646212640705226704e+01 3.099558881397349808e+01
4.635890011223474261e+01 3.109607978650588223e+01
4.625546223198132623e+01 3.119750516358563175e+01
4.615181415474975068e+01 3.129987004646997661e+01
4.604795734292279974e+01 3.140317952724286954e+01
4.594389333229550232e+01 3.150743868659738922e+01
4.583962373154032832e+01 3.161265259158107810e+01
4.573515022165017996e+01 3.171882629330461256e+01
4.563047455535888020e+01 3.182596482461419640e+01
4.552559855653891674e+01 3.193407319772821040e+01
4.542052411957627811e+01 3.204315640183862968e+01
4.531525320872215445e+01 3.215321940067780560e+01
4.520978785742135386e+01 3.226426713005126601e+01
4.510413016761728500e+01 3.237630449533720167e+01
4.499828230903339943e+01 3.248933636895343824e+01
4.489224651843103686e+01 3.260336758779264699e+01
4.478602509884354532e+01 3.271840295062673931e+01
4.467962041878671187e+01 3.283444721548127632e+01
4.457303491144546115e+01 3.295150509698094510e+01
4.446627107383685029e+01 3.306958126366711070e+01
4.435933146594943111e+01 3.318868033528858774e+01
4.425221870985901518e+01 3.330880688006670454e+01
4.414493548882103369e+01 3.342996541193596727e+01
4.403748454633952747e+01 3.355216038776156040e+01
4.392986868521305155e+01 3.367539620453502636e+01
4.382209076655760072e+01 3.379967719654954550e+01
4.371415370880684748e+01 3.392500763255622331e+01
4.360606048668993395e+01 3.405139171290295508e+01
4.349781413018710907e+01 3.417883356665742411e+01
4.338941772346355208e+01 3.430733724871584656e+01
4.328087440378172346e+01 3.443690673689920345e+01
4.317218736039264115e+01 3.456754592903864420e+01
4.306335983340648710e+01 3.469925864005193716e+01
4.295439511264299171e+01 3.483204859901274375e+01
4.284529653646208658e+01 3.496591944621469850e+01
4.273606749057533705e+01 3.510087473023224192e+01
4.262671140683865900e+01 3.523691790498017440e+01
4.251723176202689558e+01 3.537405232677406985e+01
4.240763207659087897e+01 3.551228125139358127e+01
4.229791591339756707e+01 3.565160783115087639e+01
4.218808687645388034e+01 3.579203511196633514e+01
4.207814860961497772e+01 3.593356603045377540e+01
4.196810479527758275e+01 3.607620341101750938e+01
4.185795915305916992e+01 3.621994996296350422e+01
4.174771543846370037e+01 3.636480827762704138e+01
4.163737744153467446e+01 3.651078082551923387e+01
4.152694898549633962e+01 3.665786995349479582e+01
4.141643392538379942e+01 3.680607788194356544e+01
4.130583614666289094e+01 3.695540670200815470e+01
4.119515956384068289e+01 3.710585837283030486e+01
4.108440811906745438e+01 3.725743471882834257e+01
4.097358578073097846e+01 3.741013742700832267e+01
4.086269654204412660e+01 3.756396804431137326e+01
4.075174441962656147e+01 3.771892797499970129e+01
4.064073345208154109e+01 3.787501847808388078e+01
4.052966769856871565e+01 3.803224066479391041e+01
4.041855123737386890e+01 3.819059549609652038e+01
4.030738816447654216e+01 3.835008378026135034e+01
4.019618259211650013e+01 3.851070617047840727e+01
4.008493864736000489e+01 3.867246316252932559e+01
3.997366047066682171e+01 3.883535509251490936e+01
3.986235221445895860e+01 3.899938213464140802e+01
3.975101804169207043e+01 3.916454429906788448e+01
3.963966212443051518e+01 3.933084142981714848e+01
3.952828864242699325e+01 3.949827320275252163e+01
3.941690178170772896e+01 3.966683912362282172e+01
3.930550573316416063e+01 3.983653852617774049e+01
3.919410469115203455e+01 4.000737057035593125e+01
3.908270285209889749e+01 4.017933424054788816e+01
3.897130441312084059e+01 4.035242834393581290e+01
3.885991357064943941e+01 4.052665150891243684e+01
3.874853451906980695e+01 4.070200218358083788e+01
3.863717144937057668e+01 4.087847863433717066e+01
3.852582854780673216e+01 4.105607894453815732e+01
3.841450999457613591e+01 4.123480101325512948e+01
3.830321996251054628e+01 4.141464255411628415e+01
3.819196261578198914e+01 4.159560109423883745e+01
3.808074210862521625e+01 4.177767397325258258e+01
3.796956258407705320e+01 4.196085834241628731e+01
3.785842817273341154e+01 4.214515116382835203e+01
3.774734299152461858e+01 4.233054920973292212e+01
3.763631114250983956e+01 4.251704906192273370e+01
3.752533671169119600e+01 4.270464711123968016e+01
3.741442376784829804e+01 4.289333955717413005e+01
3.730357636139373056e+01 4.308312240756387723e+01
3.719279852325020386e+01 4.327399147839350491e+01
3.708209426374979500e+01 4.346594239369482437e+01
3.697146757155591956e+01 4.365897058554896404e+01
3.686092241260851665e+01 4.385307129419056338e+01
3.675046272909288803e+01 4.404823956821445563e+01
3.664009243843270269e+01 4.424447026488506651e+01
3.652981543230752237e+01 4.444175805054862138e+01
3.641963557569528831e+01 4.464009740114826741e+01
3.630955670594006790e+01 4.483948260284196863e+01
3.619958263184547320e+01 4.503990775272296787e+01
3.608971713279395033e+01 4.524136675964256682e+01
3.597996395789225232e+01 4.544385334513474106e+01
3.587032682514335846e+01 4.564736104444212117e+01
3.576080942064498203e+01 4.585188320764262215e+01
3.565141539781485847e+01 4.605741300087609602e+01
3.554214837664299154e+01 4.626394340767001978e+01
3.543301194297092138e+01 4.647146723036338756e+01
3.532400964779813535e+01 4.667997709162763442e+01
3.521514500661564284e+01 4.688946543608354034e+01
3.510642149876674978e+01 4.709992453201274287e+01
3.499784256683505390e+01 4.731134647316255837e+01
3.488941161605959707e+01 4.752372318064266210e+01
3.478113201377712471e+01 4.773704640491202156e+01
3.467300708889137439e+01 4.795130772785451256e+01
3.456504013136928677e+01 4.816649856494139925e+01
3.445723439176398273e+01 4.838261016747895127e+01
3.434959308076437168e+01 4.859963362493923000e+01
3.424211936877119200e+01 4.881755986737211117e+01
3.413481638549925634e+01 4.903637966789646185e+01
3.402768721960574538e+01 4.925608364526833327e+01
3.392073491834418775e+01 4.947666226652403054e+01
3.381396248724397680e+01 4.969810584969575018e+01
3.370737288981502644e+01 4.992040456659744052e+01
3.360096904727732436e+01 5.014354844567856162e+01
3.349475383831503450e+01 5.036752737494327192e+01
3.338873009885481480e+01 5.059233110493256902e+01
3.328290062186794529e+01 5.081794925176681943e+01
3.317726815719597511e+01 5.104437130024614788e+01
3.307183541139941241e+01 5.127158660700602155e+01
3.296660504762908772e+01 5.149958440372542157e+01
3.286157968551980701e+01 5.172835380038488751e+01
3.275676190110582553e+01 5.195788378857172773e+01
3.265215422675770185e+01 5.218816324482970970e+01
3.254775915114012719e+01 5.241918093405039514e+01
3.244357911919021120e+01 5.265092551290344147e+01
3.233961653211582643e+01 5.288338553330302716e+01
3.223587374741348555e+01 5.311654944590765837e+01
3.213235307890531800e+01 5.335040560365054318e+01
3.202905679679460604e+01 5.358494226529775517e+01
3.192598712773944314e+01 5.382014759903140089e+01
3.182314625494399962e+01 5.405600968605502032e+01
3.172053631826690534e+01 5.429251652421846330e+01
3.161815941434623412e+01 5.452965603165946362e+01
3.151601759674062819e+01 5.476741605045918249e+01
3.141411287608600844e+01 5.500578435030907087e+01
3.131244722026741911e+01 5.524474863218625131e+01
3.121102255460547426e+01 5.548429653203490375e+01
3.110984076205691196e+01 5.572441562445086305e+01
3.100890368342877323e+01 5.596509342636699813e+01
3.090821311760568335e+01 5.620631740073669391e+01
3.080777082178975590e+01 5.644807496021296345e+01
3.070757851175263653e+01 5.669035347082071041e+01
3.060763786209918536e+01 5.693314025561973324e+01
3.050795050654231133e+01 5.717642259835601237e+01
3.040851803818850740e+01 5.742018774709900697e+01
3.030934200983357840e+01 5.766442291786267305e+01
3.021042393426811756e+01 5.790911529820789383e+01
3.011176528459226631e+01 5.815425205082421911e+01
3.001336749453929542e+01 5.839982031708877486e+01
2.991523195880755992e+01 5.864580722060019724e+01
2.981736003340039076e+01 5.889219987068570816e+01
2.971975303597349338e+01 5.913898536587925037e+01
2.962241224618940905e+01 5.938615079736888447e+01
2.952533890607863043e+01 5.963368325241157919e+01
2.942853422040695932e+01 5.988156981771363263e+01
2.933199935704871564e+01 6.012979758277502640e+01
2.923573544736536789e+01 6.037835364319608544e+01
2.913974358658923336e+01 6.062722510394485198e+01
2.904402483421186432e+01 6.087639908258366717e+01
2.894858021437671880e+01 6.112586271245356784e+01
2.885341071627581044e+01 6.137560314581501331e+01
2.875851729454993588e+01 6.162560755694377690e+01
2.866390086969216355e+01 6.187586314518063091e+01
2.856956232845424637e+01 6.212635713793370229e+01
2.847550252425562789e+01 6.237707679363241908e+01
2.838172227759473643e+01 6.262800940463192489e+01
2.828822237646224380e+01 6.287914230006703775e+01
2.819500357675602231e+01 6.313046284865481539e+01
2.810206660269746592e+01 6.338195846144486012e+01
2.800941214724895190e+01 6.363361659451659591e+01
2.791704087253212663e+01 6.388542475162279999e+01
2.782495341024677060e+01 6.413737048677866426e+01
2.773315036209000084e+01 6.438944140679582517e+01
2.764163230017555506e+01 6.464162517376085759e+01
2.755039976745293018e+01 6.489390950745763575e+01
2.745945327812612646e+01 6.514628218773320611e+01
2.736879331807182325e+01 6.539873105680685228e+01
2.727842034525673398e+01 6.565124402152190441e+01
2.718833479015396648e+01 6.590380905554012259e+01
2.709853705615817177e+01 6.615641420147844087e+01
2.700902751999933216e+01 6.640904757298787331e+01
2.691980653215497554e+01 6.666169735677453900e+01
2.683087441726065236e+01 6.691435181456272119e+01
2.674223147451855098e+01 6.716699928499987493e+01
2.665387797810403825e+01 6.741962818550379666e+01
2.656581417757002228e+01 6.767222701405189866e+01
2.647804029824898819e+01 6.792478435091277333e+01
2.639055654165255049e+01 6.817728886032016078e+01
2.630336308586843685e+01 6.842972929208968935e+01
2.621646008595475053e+01 6.868209448317841748e+01
2.612984767433140121e+01 6.893437335918767417e+01
2.604352596116861918e+01 6.918655493580938298e+01
2.595749503477244247e+01 6.943862832021635256e+01
2.587175496196705282e+01 6.969058271239681801e+01
2.578630578847393195e+01 6.994240740643373044e+01
2.570114753928769602e+01 7.019409179172926372e+01
2.561628021904856922e+01 7.044562535417499305e+01
2.553170381241140419e+01 7.069699767726829975e+01
2.544741828441119580e+01 7.094819844317555635e+01
2.536342358082500681e+01 7.119921743374256096e+01
2.527971962853028032e+01 7.145004453145300261e+01
2.519630633585945390e+01 7.170066972033545483e+01
2.511318359295084690e+01 7.195108308681952280e+01
2.503035127209577482e+01 7.220127482054185464e+01
2.494780922808184442e+01 7.245123521510276987e+01
2.486555729853239427e+01 7.270095466877403112e+01
2.478359530424206980e+01 7.295042368515858300e+01
2.470192304950848339e+01 7.319963287380306838e+01
2.462054032245993440e+01 7.344857295076366199e+01
2.453944689537919643e+01 7.369723473912614509e+01
2.445864252502331837e+01 7.394560916948094587e+01
2.437812695293946064e+01 7.419368728035392735e+01
2.429789990577672754e+01 7.444146021859364737e+01
2.421796109559400278e+01 7.468891923971604285e+01
2.413831022016379535e+01 7.493605570820716366e+01
2.405894696327206006e+01 7.518286109778487969e+01
2.397987099501403208e+01 7.542932699162038546e+01
2.390108197208605745e+01 7.567544508252028379e+01
2.382257953807341977e+01 7.592120717307005862e+01
2.374436332373419489e+01 7.616660517573981792e+01
2.366643294727912306e+01 7.641163111295311694e+01
2.358878801464751973e+01 7.665627711711968573e+01
2.351142811977923230e+01 7.690053543063288544e+01
2.343435284488268167e+01 7.714439840583280272e+01
2.335756176069896739e+01 7.738785850493565022e+01
2.328105442676209691e+01 7.763090829993053887e+01
2.320483039165532801e+01 7.787354047244419064e+01
2.312888919326367798e+01 7.811574781357461461e+01
2.305323035902258511e+01 7.835752322369447143e+01
2.297785340616278660e+01 7.859885971222500700e+01
2.290275784195142350e+01 7.883975039738126611e+01
2.282794316392938683e+01 7.908018850588948112e+01
2.275340886014495467e+01 7.932016737267741746e+01
2.267915440938375582e+01 7.955968044053845745e+01
2.260517928139504917e+01 7.979872125977018982e+01
2.253148293711440786e+01 8.003728348778832924e+01
2.245806482888280087e+01 8.027536088871671893e+01
2.238492440066211486e+01 8.051294733295418382e+01
2.231206108824715884e+01 8.075003679671895895e+01
2.223947431947417996e+01 8.098662336157148900e+01
2.216716351442592270e+01 8.122270121391629516e+01
2.209512808563328434e+01 8.145826464448370530e+01
2.202336743827357068e+01 8.169330804779205835e+01
2.195188097036542629e+01 8.192782592159120725e+01
2.188066807296045013e+01 8.216181286628790303e+01
2.180972813033154267e+01 8.239526358435391273e+01
2.173906052015802715e+01 8.262817287971734004e+01
2.166866461370758046e+01 8.286053565713802982e+01
2.159853977601499864e+01 8.309234692156752544e+01
2.152868536605786431e+01 8.332360177749437469e+01
2.145910073692912334e+01 8.355429542827533851e+01
2.138978523600662740e+01 8.378442317545312790e+01
2.132073820511968876e+01 8.401398041806135097e+01
2.125195898071265788e+01 8.424296265191716770e+01
2.118344689400558778e+01 8.447136546890232012e+01
2.111520127115203138e+01 8.469918455623314912e+01
2.104722143339396467e+01 8.492641569571999582e+01
2.097950669721393169e+01 8.515305476301681153e+01
2.091205637448441479e+01 8.537909772686123233e+01
2.084486977261447649e+01 8.560454064830588550e+01
2.077794619469372250e+01 8.582937967994132578e+01
2.071128493963359674e+01 8.605361106511114144e+01
2.064488530230608276e+01 8.627723113711972758e+01
2.057874657367982252e+01 8.650023631843326655e+01
2.051286804095369831e+01 8.672262311987428518e+01
2.044724898768791732e+01 8.694438813981032865e+01
2.038188869393263758e+01 8.716552806333724845e+01
2.031678643635416748e+01 8.738603966145743129e+01
2.025194148835877783e+01 8.760591979025348053e+01
2.018735312021415851e+01 8.782516539005777645e+01
2.012302059916857289e+01 8.804377348461829911e+01
2.005894318956771727e+01 8.826174118026109738e+01
1.999512015296934209e+01 8.847906566504984482e+01
1.993155074825567752e+01 8.869574420794285174e+01
1.986823423174367065e+01 8.891177415794781780e+01
1.980516985729308033e+01 8.912715294327485083e+01
1.974235687641248305e+01 8.934187807048789409e+01
1.967979453836320758e+01 8.955594712365511612e+01
1.961748209026121259e+01 8.976935776349840523e+01
1.955541877717698185e+01 8.998210772654240941e+01
1.949360384223344056e+01 9.019419482426336288e+01
1.943203652670192483e+01 9.040561694223808331e+01
1.937071607009626106e+01 9.061637203929326745e+01
1.930964171026495890e+01 9.082645814665561090e+01
1.924881268348155672e+01 9.103587336710276645e+01
1.918822822453317656e+01 9.124461587411560970e+01
1.912788756680726365e+01 9.145268391103192585e+01
1.906778994237659930e+01 9.166007579020185858e+01
1.900793458208258713e+01 9.186678989214532010e+01
1.894832071561683762e+01 9.207282466471154692e+01
1.888894757160109350e+01 9.227817862224117107e+01
1.882981437766552446e+01 9.248285034473083499e+01
1.877092036052540891e+01 9.268683847700063438e+01
1.871226474605623835e+01 9.289014172786467327e+01
1.865384675936726921e+01 9.309275886930480226e+01
1.859566562487355057e+01 9.329468873564773901e+01
1.853772056636645615e+01 9.349593022274581244e+01
1.848001080708273491e+01 9.369648228716144445e+01
1.842253556977212980e+01 9.389634394535556794e+01
1.836529407676356485e+01 9.409551427288009506e+01
1.830828555002995017e+01 9.429399240357460599e+01
1.825150921125159442e+01 9.449177752876744307e+01
1.819496428187829196e+01 9.468886889648125305e+01
1.813864998319008137e+01 9.488526581064319032e+01
1.808256553635670372e+01 9.508096763029988097e+01
1.802671016249578528e+01 9.527597376883726099e+01
1.797108308272976984e+01 9.547028369320538843e+01
1.791568351824162164e+01 9.566389692314831450e+01
1.786051069032932404e+01 9.585681303043926960e+01
1.780556382045918440e+01 9.604903163812099365e+01
1.775084213031798441e+01 9.624055241975155184e+01
1.769634484186398282e+01 9.643137509865560730e+01
1.764207117737679553e+01 9.662149944718117922e+01
1.758802035950618148e+01 9.681092528596211366e+01
1.753419161131973425e+01 9.699965248318621036e+01
1.748058415634952212e+01 9.718768095386909067e+01
1.742719721863769422e+01 9.737501065913397724e+01
1.737403002278103870e+01 9.756164160549725750e+01
1.732108179397456738e+01 9.774757384416008676e+01
1.726835175805409506e+01 9.793280747030588884e+01
1.721583914153785244e+01 9.811734262240398152e+01
1.716354317166716115e+01 9.830117948151924168e+01
1.711146307644617792e+01 9.848431827062788102e+01
1.705959808468070449e+01 9.866675925393941782e+01
1.700794742601613052e+01 9.884850273622478767e+01
1.695651033097447069e+01 9.902954906215070707e+01
1.690528603099055260e+01 9.920989861562024714e+01
1.685427375844734854e+01 9.938955181911974535e+01
1.680347274671048652e+01 9.956850913307185635e+01
1.675288223016194067e+01 9.974677105519506881e+01
1.670250144423290806e+01 9.992433811986940384e+01
1.665232962543592521e+01 1.001012108975085084e+02
1.660236601139619239e+01 1.002773899939380300e+02
1.655260984088215181e+01 1.004528760497803717e+02
1.650306035383532333e+01 1.006276697398457713e+02
1.645371679139941179e+01 1.008017717725296905e+02
1.640457839594869682e+01 1.009751828892165690e+02
1.635564441111572975e+01 1.011479038636898622e+02
1.630691408181833779e+01 1.013199355015485139e+02
1.625838665428595675e+01 1.014912786396295843e+02
1.621006137608529940e+01 1.016619341454373284e+02
1.616193749614537722e+01 1.018319029165784855e+02
1.611401426478189336e+01 1.020011858802038631e+02
1.606629093372100314e+01 1.021697839924561890e+02
1.601876675612246004e+01 1.023376982379241866e+02
1.597144098660217004e+01 1.025049296291029179e+02
1.592431288125415634e+01 1.026714792058602796e+02
1.587738169767193774e+01 1.028373480349096809e+02
1.583064669496935295e+01 1.030025372092889455e+02
1.578410713380082342e+01 1.031670478478452395e+02
1.573776227638106917e+01 1.033308810947261662e+02
1.569161138650429699e+01 1.034940381188769578e+02
1.564565372956286105e+01 1.036565201135436070e+02
1.559988857256540662e+01 1.038183282957821234e+02
1.555431518415452175e+01 1.039794639059737449e+02
1.550893283462387906e+01 1.041399282073460313e+02
1.546374079593491047e+01 1.042997224854999558e+02
1.541873834173298974e+01 1.044588480479428512e+02
1.537392474736316572e+01 1.046173062236271534e+02
1.532929928988542656e+01 1.047750983624950436e+02
1.528486124808952340e+01 1.049322258350287740e+02
1.524060990250935355e+01 1.050886900318067632e+02
1.519654453543690842e+01 1.052444923630654188e+02
1.515266443093581117e+01 1.053996342582665307e+02
1.510896887485442974e+01 1.055541171656703767e+02
1.506545715483858849e+01 1.057079425519143001e+02
1.502212856034388366e+01 1.058611119015968995e+02
1.497898238264760451e+01 1.060136267168676625e+02
1.493601791486027786e+01 1.061654885170220837e+02
1.489323445193683781e+01 1.063166988381021270e+02
1.485063129068742427e+01 1.064672592325021157e+02
1.480820772978782252e+01 1.066171712685799093e+02
1.476596306978955297e+01 1.067664365302733245e+02
1.472389661312961451e+01 1.069150566167218130e+02
1.468200766413988489e+01 1.070630331418933707e+02
1.464029552905619624e+01 1.072103677342164758e+02
1.459875951602707467e+01 1.073570620362172150e+02
1.455739893512217442e+01 1.075031177041613972e+02
1.451621309834038343e+01 1.076485364077017124e+02
1.447520131961763568e+01 1.077933198295298354e+02
1.443436291483441813e+01 1.079374696650334187e+02
1.439369720182298096e+01 1.080809876219579309e+02
1.435320350037426351e+01 1.082238754200734121e+02
1.431288113224453262e+01 1.083661347908458623e+02
1.427272942116174903e+01 1.085077674771134753e+02
1.423274769283166030e+01 1.086487752327674770e+02
1.419293527494362728e+01 1.087891598224376111e+02
1.415329149717618762e+01 1.089289230211822286e+02
1.411381569120236890e+01 1.090680666141828965e+02
1.407450719069474765e+01 1.092065923964435115e+02
1.403536533133026687e+01 1.093445021724938613e+02
1.399638945079480834e+01 1.094817977560975351e+02
1.395757888878753405e+01 1.096184809699643097e+02
1.391893298702499315e+01 1.097545536454666859e+02
1.388045108924500859e+01 1.098900176223608014e+02
1.384213254121033465e+01 1.100248747485115359e+02
1.380397669071210665e+01 1.101591268796217236e+02
1.376598288757307387e+01 1.102927758789655996e+02
1.372815048365061941e+01 1.104258236171262268e+02
1.369047883283958633e+01 1.105582719717369855e+02
1.365296729107490137e+01 1.106901228272270714e+02
1.361561521633399607e+01 1.108213780745709158e+02
1.357842196863904682e+01 1.109520396110415419e+02
1.354138691005901940e+01 1.110821093399677011e+02
1.350450940471153771e+01 1.112115891704948751e+02
1.346778881876456246e+01 1.113404810173500721e+02
1.343122452043790815e+01 1.114687868006102605e+02
1.339481588000457180e+01 1.115965084454745266e+02
1.335856226979190708e+01 1.117236478820398844e+02
1.332246306418262272e+01 1.118502070450806372e+02
1.328651763961562793e+01 1.119761878738313641e+02
1.325072537458671285e+01 1.121015923117732740e+02
1.321508564964907784e+01 1.122264223064241833e+02
1.317959784741370655e+01 1.123506798091318046e+02
1.314426135254960037e+01 1.124743667748704610e+02
1.310907555178385486e+01 1.125974851620411386e+02
1.307403983390160462e+01 1.127200369322748230e+02
1.303915358974582261e+01 1.128420240502391181e+02
1.300441621221698796e+01 1.129634484834480332e+02
1.296982709627261343e+01 1.130843122020750116e+02
1.293538563892665216e+01 1.132046171787690696e+02
1.290109123924876755e+01 1.133243653884739928e+02
1.286694329836348594e+01 1.134435588082506428e+02
1.283294121944922317e+01 1.135621994171022919e+02
1.279908440773718858e+01 1.136802891958028852e+02
1.276537227051018064e+01 1.137978301267282717e+02
1.273180421710126176e+01 1.139148241936903787e+02
1.269837965889232301e+01 1.140312733817741702e+02
1.266509800931254048e+01 1.141471796771775189e+02
1.263195868383672327e+01 1.142625450670538214e+02
1.259896109998355840e+01 1.143773715393573980e+02
1.256610467731375103e+01 1.144916610826915786e+02
1.253338883742806864e+01 1.146054156861595033e+02
1.250081300396528583e+01 1.147186373392175938e+02
1.246837660260003133e+01 1.148313280315315410e+02
1.243607906104054450e+01 1.149434897528350064e+02
1.240391980902634117e+01 1.150551244927907675e+02
1.237189827832578537e+01 1.151662342408544077e+02
1.234001390273358112e+01 1.152768209861404927e+02
1.230826611806817539e+01 1.153868867172911621e+02
1.227665436216907757e+01 1.154964334223471525e+02
1.224517807489409726e+01 1.156054630886212067e+02
1.221383669811650385e+01 1.157139777025737857e+02
1.218262967572211153e+01 1.158219792496911538e+02
1.215155645360628434e+01 1.159294697143656947e+02
1.212061647967086664e+01 1.160364510797784590e+02
1.208980920382104607e+01 1.161429253277840274e+02
1.205913407796214187e+01 1.162488944387974499e+02
1.202859055599633109e+01 1.163543603916834002e+02
1.199817809381929656e+01 1.164593251636474349e+02
1.196789614931681989e+01 1.165637907301293694e+02
1.193774418236130686e+01 1.166677590646987284e+02
1.190772165480824718e+01 1.167712321389521577e+02
1.187782803049261915e+01 1.168742119224129681e+02
1.184806277522523210e+01 1.169767003824325400e+02
1.181842535678901207e+01 1.170786994840937751e+02
1.178891524493523058e+01 1.171802111901164238e+02
1.175953191137967835e+01 1.172812374607642880e+02
1.173027482979878400e+01 1.173817802537543713e+02
1.170114347582568648e+01 1.174818415241677627e+02
1.167213732704624718e+01 1.175814232243624673e+02
1.164325586299502469e+01 1.176805273038878852e+02
1.161449856515118739e+01 1.177791557094011949e+02
1.158586491693439413e+01 1.178773103845853427e+02
1.155735440370061440e+01 1.179749932700688504e+02
1.152896651273791484e+01 1.180722063033472580e+02
1.150070073326220133e+01 1.181689514187062144e+02
1.147255655641290950e+01 1.182652305471462455e+02
1.144453347524866693e+01 1.183610456163091555e+02
1.141663098474290727e+01 1.184563985504059360e+02
1.138884858177945247e+01 1.185512912701462938e+02
1.136118576514804701e+01 1.186457256926697568e+02
1.133364203553986727e+01 1.187397037314782153e+02
1.130621689554298648e+01 1.188332272963700404e+02
1.127890984963780951e+01 1.189262982933756376e+02
1.125172040419247388e+01 1.190189186246944359e+02
1.122464806745821875e+01 1.191110901886333693e+02
1.119769234956472026e+01 1.192028148795466933e+02
1.117085276251539661e+01 1.192940945877772378e+02
1.114412882018268647e+01 1.193849311995990519e+02
1.111752003830329549e+01 1.194753265971612990e+02
1.109102593447341789e+01 1.195652826584335742e+02
1.106464602814392428e+01 1.196548012571524851e+02
1.103837984061553534e+01 1.197438842627694982e+02
1.101222689503395991e+01 1.198325335404000924e+02
1.098618671638500999e+01 1.199207509507741634e+02
1.096025883148970159e+01 1.200085383501875782e+02
1.093444276899931644e+01 1.200958975904550243e+02
1.090873805939046015e+01 1.201828305188640371e+02
1.088314423496008487e+01 1.202693389781301079e+02
1.085766082982049419e+01 1.203554248063530707e+02
1.083228737989433732e+01 1.204410898369745411e+02
1.080702342290957318e+01 1.205263358987364768e+02
1.078186849839442196e+01 1.206111648156408904e+02
1.075682214767229716e+01 1.206955784069105562e+02
1.073188391385672347e+01 1.207795784869508964e+02
1.070705334184623503e+01 1.208631668653127775e+02
1.068232997831925957e+01 1.209463453466564573e+02
1.065771337172898647e+01 1.210291157307164696e+02
1.063320307229822426e+01 1.211114798122675751e+02
1.060879863201424023e+01 1.211934393810915935e+02
1.058449960462358952e+01 1.212749962219453153e+02
1.056030554562692814e+01 1.213561521145292943e+02
1.053621601227382065e+01 1.214369088334575792e+02
1.051223056355753194e+01 1.215172681482283963e+02
1.048834876020980644e+01 1.215972318231956990e+02
1.046457016469564394e+01 1.216768016175416705e+02
1.044089434120805748e+01 1.217559792852499925e+02
1.041732085566282784e+01 1.218347665750801099e+02
1.039384927569325079e+01 1.219131652305422477e+02
1.037047917064487024e+01 1.219911769898732814e+02
1.034721011157020776e+01 1.220688035860134448e+02
1.032404167122348504e+01 1.221460467465838491e+02
1.030097342405533745e+01 1.222229081938647681e+02
1.027800494620752403e+01 1.222993896447747062e+02
1.025513581550763220e+01 1.223754928108502469e+02
1.023236561146377532e+01 1.224512193982266837e+02
1.020969391525928138e+01 1.225265711076193185e+02
1.018712030974739058e+01 1.226015496343055418e+02
1.016464437944593335e+01 1.226761566681076232e+02
1.014226571053201553e+01 1.227503938933762129e+02
1.011998389083669636e+01 1.228242629889744961e+02
1.009779850983966476e+01 1.228977656282630733e+02
1.007570915866391204e+01 1.229709034790854929e+02
1.005371543007040458e+01 1.230436782037544390e+02
1.003181691845275303e+01 1.231160914590385431e+02
1.001001321983188497e+01 1.231881448961498933e+02
9.988303931850708750e+00 1.232598401607321108e+02
9.966688653768782657e+00 1.233311788928490529e+02
9.945166986456985825e+00 1.234021627269741543e+02
9.923738532392183842e+00 1.234727932919802669e+02
9.902402895651897907e+00 1.235430722111302231e+02
9.881159681908973980e+00 1.236130011020678410e+02
9.860008498426255485e+00 1.236825815768095680e+02
9.838948954051256024e+00 1.237518152417366508e+02
9.817980659210832073e+00 1.238207036975878168e+02
9.797103225905861024e+00 1.238892485394525664e+02
9.776316267705920993e+00 1.239574513567649205e+02
9.755619399743968856e+00 1.240253137332976934e+02
9.735012238711030719e+00 1.240928372471572914e+02
9.714494402850887056e+00 1.241600234707790094e+02
9.694065511954764958e+00 1.242268739709227674e+02
9.673725187356033928e+00 1.242933903086693732e+02
9.653473051924907011e+00 1.243595740394172537e+02
9.633308730063143699e+00 1.244254267128795988e+02
9.613231847698759935e+00 1.244909498730820161e+02
9.593242032280741682e+00 1.245561450583605847e+02
9.573338912773762033e+00 1.246210138013603910e+02
9.553522119652910760e+00 1.246855576290344061e+02
9.533791284898416762e+00 1.247497780626429034e+02
9.514146041990390046e+00 1.248136766177531882e+02
9.494586025903561932e+00 1.248772548042397830e+02
9.475110873102028819e+00 1.249405141262849668e+02
9.455720221534013703e+00 1.250034560823797705e+02
9.436413710626620599e+00 1.250660821653252839e+02
9.417190981280608497e+00 1.251283938622343896e+02
9.398051675865159993e+00 1.251903926545338095e+02
9.378995438212669455e+00 1.252520800179665628e+02
9.360021913613529421e+00 1.253134574225947659e+02
9.341130748810927642e+00 1.253745263328027590e+02
9.322321591995653023e+00 1.254352882073005873e+02
9.303594092800910431e+00 1.254957444991277953e+02
9.284947902297137290e+00 1.255558966556575911e+02
9.266382672986839708e+00 1.256157461186012938e+02
9.247898058799423282e+00 1.256752943240130946e+02
9.229493715086045214e+00 1.257345427022951299e+02
9.211169298614466427e+00 1.257934926782029095e+02
9.192924467563916124e+00 1.258521456708509163e+02
9.174758881519968767e+00 1.259105030937186314e+02
9.156672201469421069e+00 1.259685663546567724e+02
9.138664089795188517e+00 1.260263368558937884e+02
9.120734210271205455e+00 1.260838159940426806e+02
9.102882228057335823e+00 1.261410051601080795e+02
9.085107809694294545e+00 1.261979057394935353e+02
9.067410623098577815e+00 1.262545191120091346e+02
9.049790337557405806e+00 1.263108466518793165e+02
9.032246623723670709e+00 1.263668897277509444e+02
9.014779153610900764e+00 1.264226497027016194e+02
8.997387600588231393e+00 1.264781279342482634e+02
8.980071639375386994e+00 1.265333257743558448e+02
8.962830946037673385e+00 1.265882445694464309e+02
8.945665197980980921e+00 1.266428856604084103e+02
8.928574073946801803e+00 1.266972503826058869e+02
8.911557254007252737e+00 1.267513400658883853e+02
8.894614419560111784e+00 1.268051560346006710e+02
8.877745253323867658e+00 1.268586996075928255e+02
8.860949439332776123e+00 1.269119720982305211e+02
8.844226662931930605e+00 1.269649748144054087e+02
8.827576610772343457e+00 1.270177090585458046e+02
8.810998970806041442e+00 1.270701761276274766e+02
8.794493432281164758e+00 1.271223773131846713e+02
8.778059685737090945e+00 1.271743139013212698e+02
8.761697422999557006e+00 1.272259871727221423e+02
8.745406337175801070e+00 1.272773984026646161e+02
8.729186122649712942e+00 1.273285488610302281e+02
8.713036475076998855e+00 1.273794398123164768e+02
8.696957091380356886e+00 1.274300725156488738e+02
8.680947669744663031e+00 1.274804482247930508e+02
8.665007909612176817e+00 1.275305681881670523e+02
8.649137511677745138e+00 1.275804336488537842e+02
8.633336177884034512e+00 1.276300458446135622e+02
8.617603611416761566e+00 1.276794060078968585e+02
8.601939516699946608e+00 1.277285153658571204e+02
8.586343599391172532e+00 1.277773751403637590e+02
8.570815566376863259e+00 1.278259865480152229e+02
8.555355125767563962e+00 1.278743508001522571e+02
8.539961986893246149e+00 1.279224691028712471e+02
8.524635860298618084e+00 1.279703426570376621e+02
8.509376457738447641e+00 1.280179726582996693e+02
8.494183492172906469e+00 1.280653602971017619e+02
8.479056677762910610e+00 1.281125067586986006e+02
8.463995729865493090e+00 1.281594132231689116e+02
8.449000365029172954e+00 1.282060808654294704e+02
8.434070300989350955e+00 1.282525108552492270e+02
8.419205256663707004e+00 1.282987043572635173e+02
8.404404952147618957e+00 1.283446625309883018e+02
8.389669108709586709e+00 1.283903865308346042e+02
8.374997448786675847e+00 1.284358775061229210e+02
8.360389695979975500e+00 1.284811366010978304e+02
8.345845575050059750e+00 1.285261649549426295e+02
8.331364811912472135e+00 1.285709637017940281e+02
8.316947133633220801e+00 1.286155339707569283e+02
8.302592268424282551e+00 1.286598768859193456e+02
8.288299945639124644e+00 1.287039935663673305e+02
8.274069895768242588e+00 1.287478851261999466e+02
8.259901850434699710e+00 1.287915526745444197e+02
8.245795542389695143e+00 1.288349973155712291e+02
8.231750705508131816e+00 1.288782201485093424e+02
8.217767074784209314e+00 1.289212222676614772e+02
8.203844386327020288e+00 1.289640047624194494e+02
8.189982377356164633e+00 1.290065687172794924e+02
8.176180786197381423e+00 1.290489152118578318e+02
8.162439352278184401e+00 1.290910453209060336e+02
8.148757816123518793e+00 1.291329601143266075e+02
8.135135919351428768e+00 1.291746606571886389e+02
8.121573404668740892e+00 1.292161480097433639e+02
8.108070015866756464e+00 1.292574232274398582e+02
8.094625497816961612e+00 1.292984873609408112e+02
8.081239596466744501e+00 1.293393414561382144e+02
8.067912058835139177e+00 1.293799865541692213e+02
8.054642633008567643e+00 1.294204236914319779e+02
8.041431068136603244e+00 1.294606538996014820e+02
8.028277114427748273e+00 1.295006782056454711e+02
8.015180523145224001e+00 1.295404976318404238e+02
8.002141046602771368e+00 1.295801131957874759e+02
7.989158438160470332e+00 1.296195259104283934e+02
7.976232452220566316e+00 1.296587367840616878e+02
7.963362844223317083e+00 1.296977468203585886e+02
7.950549370642849389e+00 1.297365570183791021e+02
7.937791788983028951e+00 1.297751683725881549e+02
7.925089857773343738e+00 1.298135818728717084e+02
7.912443336564805030e+00 1.298517985045528178e+02
7.899851985925854692e+00 1.298898192484078891e+02
7.887315567438292874e+00 1.299276450806827086e+02
7.874833843693216373e+00 1.299652769731087290e+02
7.862406578286969427e+00 1.300027158929192410e+02
7.850033535817109609e+00 1.300399628028655457e+02
7.837714481878386152e+00 1.300770186612331258e+02
7.825449183058734270e+00 1.301138844218579891e+02
7.813237406935277463e+00 1.301505610341428110e+02
7.801078922070352029e+00 1.301870494430731640e+02
7.788973498007535134e+00 1.302233505892337746e+02
7.776920905267694195e+00 1.302594654088247808e+02
7.764920915345044250e+00 1.302953948336779320e+02
7.752973300703223991e+00 1.303311397912729319e+02
7.741077834771380672e+00 1.303667012047535820e+02
7.729234291940270118e+00 1.304020799929440670e+02
7.717442447558370944e+00 1.304372770703652122e+02
7.705702077928010318e+00 1.304722933472506838e+02
7.694012960301503945e+00 1.305071297295633030e+02
7.682374872877312910e+00 1.305417871190111896e+02
7.670787594796205866e+00 1.305762664130640474e+02
7.659250906137443415e+00 1.306105685049693363e+02
7.647764587914967827e+00 1.306446942837685015e+02
7.636328422073612288e+00 1.306786446343132013e+02
7.624942191485321707e+00 1.307124204372814802e+02
7.613605679945384175e+00 1.307460225691939115e+02
7.602318672168677516e+00 1.307794519024297983e+02
7.591080953785930063e+00 1.308127093052433167e+02
7.579892311339993860e+00 1.308457956417796879e+02
7.568752532282130296e+00 1.308787117720912363e+02
7.557661404968309959e+00 1.309114585521535616e+02
7.546618718655523139e+00 1.309440368338815972e+02
7.535624263498108988e+00 1.309764474651456965e+02
7.524677830544090007e+00 1.310086912897876914e+02
7.513779211731527852e+00 1.310407691476369223e+02
7.502928199884886240e+00 1.310726818745262676e+02
7.492124588711407185e+00 1.311044303023081454e+02
7.481368172797505878e+00 1.311360152588704580e+02
7.470658747605170902e+00 1.311674375681525930e+02
7.459996109468382208e+00 1.311986980501613402e+02
7.449380055589541527e+00 1.312297975209868071e+02
7.438810384035915213e+00 1.312607367928182498e+02
7.428286893736088636e+00 1.312915166739600465e+02
7.417809384476433898e+00 1.313221379688474144e+02
7.407377656897594420e+00 1.313526014780622972e+02
7.396991512490975751e+00 1.313829079983491397e+02
7.386650753595254137e+00 1.314130583226306328e+02
7.376355183392894865e+00 1.314430532400234313e+02
7.366104605906686587e+00 1.314728935358538422e+02
7.355898825996284529e+00 1.315025799916735991e+02
7.345737649354769694e+00 1.315321133852753519e+02
7.335620882505216933e+00 1.315614944907084123e+02
7.325548332797281681e+00 1.315907240782942438e+02
7.315519808403792901e+00 1.316198029146420936e+02
7.305535118317361132e+00 1.316487317626644824e+02
7.295594072347000747e+00 1.316775113815926375e+02
7.285696481114763756e+00 1.317061425269920392e+02
7.275842156052383380e+00 1.317346259507777688e+02
7.266030909397933613e+00 1.317629624012299985e+02
7.256262554192500325e+00 1.317911526230092250e+02
7.246536904276863034e+00 1.318191973571716744e+02
7.236853774288191765e+00 1.318470973411845932e+02
7.227212979656754577e+00 1.318748533089414252e+02
7.217614336602637515e+00 1.319024659907771593e+02
7.208057662132476118e+00 1.319299361134833646e+02
7.198542774036202019e+00 1.319572644003234529e+02
7.189069490883797542e+00 1.319844515710477140e+02
7.179637632022068061e+00 1.320114983419084638e+02
7.170247017571419690e+00 1.320384054256749948e+02
7.160897468422655621e+00 1.320651735316486111e+02
7.151588806233778683e+00 1.320918033656776061e+02
7.142320853426813443e+00 1.321182956301721561e+02
7.133093433184630072e+00 1.321446510241192129e+02
7.123906369447791320e+00 1.321708702430973972e+02
7.114759486911403918e+00 1.321969539792916919e+02
7.105652611021982423e+00 1.322229029215083074e+02
7.096585567974329933e+00 1.322487177551893751e+02
7.087558184708425912e+00 1.322743991624276418e+02
7.078570288906328223e+00 1.322999478219810499e+02
7.069621708989084041e+00 1.323253644092874310e+02
7.060712274113657649e+00 1.323506495964790304e+02
7.051841814169866218e+00 1.323758040523970578e+02
7.043010159777326251e+00 1.324008284426060982e+02
7.034217142282416013e+00 1.324257234294086061e+02
7.025462593755247731e+00 1.324504896718593159e+02
7.016746346986646898e+00 1.324751278257795661e+02
7.008068235485152897e+00 1.324996385437716242e+02
6.999428093474021395e+00 1.325240224752329539e+02
6.990825755888243620e+00 1.325482802663704547e+02
6.982261058371576290e+00 1.325724125602146160e+02
6.973733837273582203e+00 1.325964199966336707e+02
6.965243929646683263e+00 1.326203032123477499e+02
6.956791173243224158e+00 1.326440628409428939e+02
6.948375406512547592e+00 1.326676995128850081e+02
6.939996468598080170e+00 1.326912138555339595e+02
6.931654199334431610e+00 1.327146064931573619e+02
6.923348439244502828e+00 1.327378780469445871e+02
6.915079029536606470e+00 1.327610291350205216e+02
6.906845812101599869e+00 1.327840603724593791e+02
6.898648629510025998e+00 1.328069723712984569e+02
6.890487325009267749e+00 1.328297657405518066e+02
6.882361742520714643e+00 1.328524410862239051e+02
6.874271726636936641e+00 1.328749990113233537e+02
6.866217122618872182e+00 1.328974401158762930e+02
6.858197776393026857e+00 1.329197649969400743e+02
6.850213534548682759e+00 1.329419742486166456e+02
6.842264244335115819e+00 1.329640684620660238e+02
6.834349753658830906e+00 1.329860482255196530e+02
6.826469911080799591e+00 1.330079141242937908e+02
6.818624565813716565e+00 1.330296667408027815e+02
6.810813567719259609e+00 1.330513066545723291e+02
6.803036767305365551e+00 1.330728344422526845e+02
6.795294015723515990e+00 1.330942506776317771e+02
6.787585164766031909e+00 1.331155559316484016e+02
6.779910066863378937e+00 1.331367507724052643e+02
6.772268575081486830e+00 1.331578357651819431e+02
6.764660543119075164e+00 1.331788114724479613e+02
6.757085825304991467e+00 1.331996784538756913e+02
6.749544276595560000e+00 1.332204372663531728e+02
6.742035752571942986e+00 1.332410884639970732e+02
6.734560109437506270e+00 1.332616325981653631e+02
6.727117204015202745e+00 1.332820702174701637e+02
6.719706893744961107e+00 1.333024018677903655e+02
6.712329036681087047e+00 1.333226280922843614e+02
6.704983491489675096e+00 1.333427494314026092e+02
6.697670117446029359e+00 1.333627664229002221e+02
6.690388774432094010e+00 1.333826796018494747e+02
6.683139322933897120e+00 1.334024895006522513e+02
6.675921624039001578e+00 1.334221966490525233e+02
6.668735539433968462e+00 1.334418015741486840e+02
6.661580931401828387e+00 1.334613048004059124e+02
6.654457662819564412e+00 1.334807068496684508e+02
6.647365597155603822e+00 1.335000082411718552e+02
6.640304598467322350e+00 1.335192094915551593e+02
6.633274531398555496e+00 1.335383111148730677e+02
6.626275261177121401e+00 1.335573136226080351e+02
6.619306653612351710e+00 1.335762175236823168e+02
6.612368575092637535e+00 1.335950233244699916e+02
6.605460892582978083e+00 1.336137315288089553e+02
6.598583473622544382e+00 1.336323426380128012e+02
6.591736186322251001e+00 1.336508571508827004e+02
6.584918899362337541e+00 1.336692755637192249e+02
6.578131481989958118e+00 1.336875983703341433e+02
6.571373804016785947e+00 1.337058260620621866e+02
6.564645735816621475e+00 1.337239591277726731e+02
6.557947148323012065e+00 1.337419980538811615e+02
6.551277913026885003e+00 1.337599433243611315e+02
6.544637901974182270e+00 1.337777954207554671e+02
6.538026987763513986e+00 1.337955548221879383e+02
6.531445043543814499e+00 1.338132220053747403e+02
6.524891943012010032e+00 1.338307974446358628e+02
6.518367560410696093e+00 1.338482816119064580e+02
6.511871770525827330e+00 1.338656749767482097e+02
6.505404448684408258e+00 1.338829780063605313e+02
6.498965470752202656e+00 1.339001911655919059e+02
6.492554713131446498e+00 1.339173149169509998e+02
6.486172052758572448e+00 1.339343497206178313e+02
6.479817367101943226e+00 1.339512960344548844e+02
6.473490534159593857e+00 1.339681543140181077e+02
6.467191432456982803e+00 1.339849250125680271e+02
6.460919941044751980e+00 1.340016085810806317e+02
6.454675939496499204e+00 1.340182054682583157e+02
6.448459307906555082e+00 1.340347161205407076e+02
6.442269926887769671e+00 1.340511409821156121e+02
6.436107677569312457e+00 1.340674804949296970e+02
6.429972441594475008e+00 1.340837350986992931e+02
6.423864101118488712e+00 1.340999052309210526e+02
6.417782538806346082e+00 1.341159913268826074e+02
6.411727637830634485e+00 1.341319938196731982e+02
6.405699281869377870e+00 1.341479131401942482e+02
6.399697355103885599e+00 1.341637497171698499e+02
6.393721742216612824e+00 1.341795039771572817e+02
6.387772328389027976e+00 1.341951763445574102e+02
6.381848999299489122e+00 1.342107672416250921e+02
6.375951641121128333e+00 1.342262770884795202e+02
6.370080140519745804e+00 1.342417063031145119e+02
6.364234384651713761e+00 1.342570553014088262e+02
6.358414261161885683e+00 1.342723244971362817e+02
6.352619658181516193e+00 1.342875143019760174e+02
6.346850464326188934e+00 1.343026251255225532e+02
6.341106568693755108e+00 1.343176573752959655e+02
6.335387860862276455e+00 1.343326114567518346e+02
6.329694230887978890e+00 1.343474877732913058e+02
6.324025569303215022e+00 1.343622867262710088e+02
6.318381767114434666e+00 1.343770087150130337e+02
6.312762715800161573e+00 1.343916541368147364e+02
6.307168307308983479e+00 1.344062233869586009e+02
6.301598434057544829e+00 1.344207168587219883e+02
6.296052988928550143e+00 1.344351349433869984e+02
6.290531865268777167e+00 1.344494780302500203e+02
6.285034956887096236e+00 1.344637465066314803e+02
6.279562158052496734e+00 1.344779407578854773e+02
6.274113363492126005e+00 1.344920611674093323e+02
6.268688468389330914e+00 1.345061081166530812e+02
6.263287368381710962e+00 1.345200819851290532e+02
6.257909959559179391e+00 1.345339831504212498e+02
6.252556138462030511e+00 1.345478119881948089e+02
6.247225802079016788e+00 1.345615688722053847e+02
6.241918847845432161e+00 1.345752541743084407e+02
6.236635173641205121e+00 1.345888682644685161e+02
6.231374677788998007e+00 1.346024115107685191e+02
6.226137259052315187e+00 1.346158842794189638e+02
6.220922816633619234e+00 1.346292869347670660e+02
6.215731250172452427e+00 1.346426198393058939e+02
6.210562459743570685e+00 1.346558833536834641e+02
6.205416345855081062e+00 1.346690778367118071e+02
6.200292809446589004e+00 1.346822036453759495e+02
6.195191751887352716e+00 1.346952611348428661e+02
6.190113074974443741e+00 1.347082506584704049e+02
6.185056680930919093e+00 1.347211725678162111e+02
6.180022472403997824e+00 1.347340272126465663e+02
6.175010352463242924e+00 1.347468149409451428e+02
6.170020224598758318e+00 1.347595360989218420e+02
6.165051992719385865e+00 1.347721910310214923e+02
6.160105561150913012e+00 1.347847800799325171e+02
6.155180834634287557e+00 1.347973035865956035e+02
6.150277718323840404e+00 1.348097618902123429e+02
6.145396117785514534e+00 1.348221553282537570e+02
6.140535938995102860e+00 1.348344842364688816e+02
6.135697088336492300e+00 1.348467489488931790e+02
6.130879472599913171e+00 1.348589497978570648e+02
6.126082998980201033e+00 1.348710871139943492e+02
6.121307575075061180e+00 1.348831612262505359e+02
6.116553108883342915e+00 1.348951724618912351e+02
6.111819508803320034e+00 1.349071211465104341e+02
6.107106683630975752e+00 1.349190076040387680e+02
6.102414542558302735e+00 1.349308321567517623e+02
6.097742995171599567e+00 1.349425951252780180e+02
6.093091951449784105e+00 1.349542968286073688e+02
6.088461321762706824e+00 1.349659375840989810e+02
6.083851016869475714e+00 1.349775177074894543e+02
6.079260947916784730e+00 1.349890375129008646e+02
6.074691026437251118e+00 1.350004973128487507e+02
6.070141164347761631e+00 1.350118974182501574e+02
6.065611273947821402e+00 1.350232381384314237e+02
6.061101267917910818e+00 1.350345197811362539e+02
6.056611059317853041e+00 1.350457426525334483e+02
6.052140561585183320e+00 1.350569070572247483e+02
6.047689688533528951e+00 1.350680132982527084e+02
6.043258354350993677e+00 1.350790616771083705e+02
6.038846473598548314e+00 1.350900524937389662e+02
6.034453961208432027e+00 1.351009860465556756e+02
6.030080732482554495e+00 1.351118626324412162e+02
6.025726703090911407e+00 1.351226825467574599e+02
6.021391789070000833e+00 1.351334460833530215e+02
6.017075906821248488e+00 1.351441535345707621e+02
6.012778973109440095e+00 1.351548051912553774e+02
6.008500905061161745e+00 1.351654013427607879e+02
6.004241620163241144e+00 1.351759422769575849e+02
6.000001036261201293e+00 1.351864282802404773e+02
5.995779071557719497e+00 1.351968596375355958e+02
5.991575644611089935e+00 1.352072366323078825e+02
5.987390674333695983e+00 1.352175595465683671e+02
5.983224079990486111e+00 1.352278286608813858e+02
5.979075781197459527e+00 1.352380442543718857e+02
5.974945697920155396e+00 1.352482066047325873e+02
5.970833750472149148e+00 1.352583159882311179e+02
5.966739859513555011e+00 1.352683726797171744e+02
5.962663946049535646e+00 1.352783769526296282e+02
5.958605931428817115e+00 1.352883290790035460e+02
5.954565737342211840e+00 1.352982293294772660e+02
5.950543285821145112e+00 1.353080779732993619e+02
5.946538499236189601e+00 1.353178752783355776e+02
5.942551300295604300e+00 1.353276215110758471e+02
5.938581612043883240e+00 1.353373169366410878e+02
5.934629357860305987e+00 1.353469618187901347e+02
5.930694461457496125e+00 1.353565564199265339e+02
5.926776846879988625e+00 1.353661010011053634e+02
5.922876438502797214e+00 1.353755958220400260e+02
5.918993161029993288e+00 1.353850411411089283e+02
5.915126939493287495e+00 1.353944372153621885e+02
5.911277699250618411e+00 1.354037843005283719e+02
5.907445365984747454e+00 1.354130826510210568e+02
5.903629865701859991e+00 1.354223325199454848e+02
5.899831124730170906e+00 1.354315341591051549e+02
5.896049069718537261e+00 1.354406878190083034e+02
5.892283627635078069e+00 1.354497937488744697e+02
5.888534725765794953e+00 1.354588521966409473e+02
5.884802291713205236e+00 1.354678634089693219e+02
5.881086253394975927e+00 1.354768276312517514e+02
5.877386539042565694e+00 1.354857451076175039e+02
5.873703077199872169e+00 1.354946160809391813e+02
5.870035796721882804e+00 1.355034407928391715e+02
5.866384626773337274e+00 1.355122194836958727e+02
5.862749496827388107e+00 1.355209523926499742e+02
5.859130336664272853e+00 1.355296397576107381e+02
5.855527076369988926e+00 1.355382818152621667e+02
5.851939646334973766e+00 1.355468788010691696e+02
5.848367977252793004e+00 1.355554309492837604e+02
5.844812000118831286e+00 1.355639384929511664e+02
5.841271646228991088e+00 1.355724016639159117e+02
5.837746847178395981e+00 1.355808206928278423e+02
5.834237534860100105e+00 1.355891958091482365e+02
5.830743641463799420e+00 1.355975272411557739e+02
5.827265099474555399e+00 1.356058152159524752e+02
5.823801841671516932e+00 1.356140599594696994e+02
5.820353801126652904e+00 1.356222616964740268e+02
5.816920911203487421e+00 1.356304206505731429e+02
5.813503105555840378e+00 1.356385370442217777e+02
5.810100318126576013e+00 1.356466110987274476e+02
5.806712483146352355e+00 1.356546430342563099e+02
5.803339535132380433e+00 1.356626330698389040e+02
5.799981408887186163e+00 1.356705814233758929e+02
5.796638039497376660e+00 1.356784883116438607e+02
5.793309362332415446e+00 1.356863539503009122e+02
5.789995313043400316e+00 1.356941785538924137e+02
5.786695827561844752e+00 1.357019623358565639e+02
5.783410842098468230e+00 1.357097055085300781e+02
5.780140293141990071e+00 1.357174082831536737e+02
5.776884117457925960e+00 1.357250708698777544e+02
5.773642252087395121e+00 1.357326934777677820e+02
5.770414634345927496e+00 1.357402763148099325e+02
5.767201201822277135e+00 1.357478195879164957e+02
5.764001892377242697e+00 1.357553235029312759e+02
5.760816644142490617e+00 1.357627882646351622e+02
5.757645395519385367e+00 1.357702140767513299e+02
5.754488085177821510e+00 1.357776011419508109e+02
5.751344652055064621e+00 1.357849496618576666e+02
5.748215035354594882e+00 1.357922598370543881e+02
5.745099174544955112e+00 1.357995318670872109e+02
5.741997009358605908e+00 1.358067659504713447e+02
5.738908479790783446e+00 1.358139622846961743e+02
5.735833526098361723e+00 1.358211210662305177e+02
5.732772088798724575e+00 1.358282424905278560e+02
5.729724108668635019e+00 1.358353267520314205e+02
5.726689526743116154e+00 1.358423740441793655e+02
5.723668284314331167e+00 1.358493845594098843e+02
5.720660322930473107e+00 1.358563584891662970e+02
5.717665584394656442e+00 1.358632960239020804e+02
5.714684010763813937e+00 1.358701973530859561e+02
5.711715544347598872e+00 1.358770626652068643e+02
5.708760127707289023e+00 1.358838921477789938e+02
5.705817703654702200e+00 1.358906859873466999e+02
5.702888215251106452e+00 1.358974443694894489e+02
5.699971605806145369e+00 1.359041674788267926e+02
5.697067818876760725e+00 1.359108554990231710e+02
5.694176798266120443e+00 1.359175086127928580e+02
5.691298488022555446e+00 1.359241270019047363e+02
5.688432832438496511e+00 1.359307108471872141e+02
5.685579776049418221e+00 1.359372603285329149e+02
5.682739263632786475e+00 1.359437756249034805e+02
5.679911240207009548e+00 1.359502569143343464e+02
5.677095651030396262e+00 1.359567043739394876e+02
5.674292441600115922e+00 1.359631181799160515e+02
5.671501557651164482e+00 1.359694985075490763e+02
5.668722945155334259e+00 1.359758455312161232e+02
5.665956550320188079e+00 1.359821594243919662e+02
5.663202319588038769e+00 1.359884403596531399e+02
5.660460199634929523e+00 1.359946885086825432e+02
5.657730137369624934e+00 1.360009040422740156e+02
5.655012079932600244e+00 1.360070871303368847e+02
5.652305974695038593e+00 1.360132379419004565e+02
5.649611769257830041e+00 1.360193566451185347e+02
5.646929411450577696e+00 1.360254434072738832e+02
5.644258849330606509e+00 1.360314983947827159e+02
5.641600031181974728e+00 1.360375217731990176e+02
5.638952905514492464e+00 1.360435137072191196e+02
5.636317421062742916e+00 1.360494743606859345e+02
5.633693526785108929e+00 1.360554038965933898e+02
5.631081171862800439e+00 1.360613024770908055e+02
5.628480305698890795e+00 1.360671702634871281e+02
5.625890877917353983e+00 1.360730074162552796e+02
5.623312838362108046e+00 1.360788140950364493e+02
5.620746137096059414e+00 1.360845904586443282e+02
5.618190724400155212e+00 1.360903366650693442e+02
5.615646550772435575e+00 1.360960528714828968e+02
5.613113566927094844e+00 1.361017392342415064e+02
5.610591723793542762e+00 1.361073959088910499e+02
5.608080972515470108e+00 1.361130230501708809e+02
5.605581264449922330e+00 1.361186208120179231e+02
5.603092551166370505e+00 1.361241893475708764e+02
5.600614784445792083e+00 1.361297288091741962e+02
5.598147916279753389e+00 1.361352393483822425e+02
5.595691898869494807e+00 1.361407211159633164e+02
5.593246684625022169e+00 1.361461742619036670e+02
5.590812226164199927e+00 1.361515989354115277e+02
5.588388476311851427e+00 1.361569952849210665e+02
5.585975388098858296e+00 1.361623634580963937e+02
5.583572914761267825e+00 1.361677036018354841e+02
5.581181009739402121e+00 1.361730158622741271e+02
5.578799626676971712e+00 1.361783003847898499e+02
5.576428719420192692e+00 1.361835573140057818e+02
5.574068242016908314e+00 1.361887867937945202e+02
5.571718148715714136e+00 1.361939889672819959e+02
5.569378393965084051e+00 1.361991639768513096e+02
5.567048932412506090e+00 1.362043119641465410e+02
5.564729718903616451e+00 1.362094330700765283e+02
5.562420708481340625e+00 1.362145274348186774e+02
5.560121856385033645e+00 1.362195951978227129e+02
5.557833118049631871e+00 1.362246364978143731e+02
5.555554449104800341e+00 1.362296514727991621e+02
5.553285805374088113e+00 1.362346402600660440e+02
5.551027142874088049e+00 1.362396029961911665e+02
5.548778417813594821e+00 1.362445398170414137e+02
5.546539586592773574e+00 1.362494508577781858e+02
5.544310605802328595e+00 1.362543362528609237e+02
5.542091432222672864e+00 1.362591961360507469e+02
5.539882022823106489e+00 1.362640306404140915e+02
5.537682334760996916e+00 1.362688398983262061e+02
5.535492325380959144e+00 1.362736240414747613e+02
5.533311952214044815e+00 1.362783832008633738e+02
5.531141172976931308e+00 1.362831175068151026e+02
5.528979945571116161e+00 1.362878270889759449e+02
5.526828228082111494e+00 1.362925120763183600e+02
5.524685978778648199e+00 1.362971725971447370e+02
5.522553156111876582e+00 1.363018087790908055e+02
5.520429718714574996e+00 1.363064207491290460e+02
5.518315625400362023e+00 1.363110086335721860e+02
5.516210835162907777e+00 1.363155725580765534e+02
5.514115307175153191e+00 1.363201126476454021e+02
5.512029000788531086e+00 1.363246290266323513e+02
5.509951875532189902e+00 1.363291218187447100e+02
5.507883891112220098e+00 1.363335911470467749e+02
5.505825007410887650e+00 1.363380371339632120e+02
5.503775184485865779e+00 1.363424599012822398e+02
5.501734382569472892e+00 1.363468595701590402e+02
5.499702562067915856e+00 1.363512362611189133e+02
5.497679683560529718e+00 1.363555900940605738e+02
5.495665707799028965e+00 1.363599211882593636e+02
5.493660595706755245e+00 1.363642296623704624e+02
5.491664308377933068e+00 1.363685156344321001e+02
5.489676807076926401e+00 1.363727792218687398e+02
5.487698053237497042e+00 1.363770205414942041e+02
5.485728008462070981e+00 1.363812397095148583e+02
5.483766634521002103e+00 1.363854368415327656e+02
5.481813893351842992e+00 1.363896120525486992e+02
5.479869747058619289e+00 1.363937654569653830e+02
5.477934157911103163e+00 1.363978971685905037e+02
5.476007088344092999e+00 1.364020073006397240e+02
5.474088500956697523e+00 1.364060959657398655e+02
5.472178358511618157e+00 1.364101632759318363e+02
5.470276623934439364e+00 1.364142093426737006e+02
5.468383260312920768e+00 1.364182342768436911e+02
5.466498230896287502e+00 1.364222381887431936e+02
5.464621499094533874e+00 1.364262211880997313e+02
5.462753028477718154e+00 1.364301833840698919e+02
5.460892782775270682e+00 1.364341248852423405e+02
5.459040725875296651e+00 1.364380457996406619e+02
5.457196821823887767e+00 1.364419462347263448e+02
5.455361034824435684e+00 1.364458262974016804e+02
5.453533329236945448e+00 1.364496860940126339e+02
5.451713669577354260e+00 1.364535257303517142e+02
5.449902020516853796e+00 1.364573453116608448e+02
5.448098346881213416e+00 1.364611449426341778e+02
5.446302613650109592e+00 1.364649247274209927e+02
5.444514785956453551e+00 1.364686847696284246e+02
5.442734829085725146e+00 1.364724251723243356e+02
5.440962708475308496e+00 1.364761460380400422e+02
5.439198389713832071e+00 1.364798474687731300e+02
5.437441838540508776e+00 1.364835295659902101e+02
5.435693020844480472e+00 1.364871924306296478e+02
5.433951902664166944e+00 1.364908361631042908e+02
5.432218450186613978e+00 1.364944608633042265e+02
5.430492629746846767e+00 1.364980666305993964e+02
5.428774407827226867e+00 1.365016535638423534e+02
5.427063751056809160e+00 1.365052217613709615e+02
5.425360626210703252e+00 1.365087713210109825e+02
5.423665000209439313e+00 1.365123023400787758e+02
5.421976840118333030e+00 1.365158149153839133e+02
5.420296113146854111e+00 1.365193091432317942e+02
5.418622786648001011e+00 1.365227851194262882e+02
5.416956828117675649e+00 1.365262429392722936e+02
5.415298205194058134e+00 1.365296826975783233e+02
5.413646885656990371e+00 1.365331044886590917e+02
5.412002837427356994e+00 1.365365084063380436e+02
5.410366028566472529e+00 1.365398945439499414e+02
5.408736427275467662e+00 1.365432629943433369e+02
5.407114001894683497e+00 1.365466138498831015e+02
5.405498720903060494e+00 1.365499472024529837e+02
5.403890552917539836e+00 1.365532631434580253e+02
5.402289466692457687e+00 1.365565617638270624e+02
5.400695431118950118e+00 1.365598431540152262e+02
5.399108415224354474e+00 1.365631074040063879e+02
5.397528388171616953e+00 1.365663546033155455e+02
5.395955319258701977e+00 1.365695848409912685e+02
5.394389177918004208e+00 1.365727982056181986e+02
5.392829933715762358e+00 1.365759947853193239e+02
5.391277556351475653e+00 1.365791746677584513e+02
5.389732015657322961e+00 1.365823379401425655e+02
5.388193281597584594e+00 1.365854846892242165e+02
5.386661324268068540e+00 1.365886150013037934e+02
5.385136113895534038e+00 1.365917289622319970e+02
5.383617620837123141e+00 1.365948266574120282e+02
5.382105815579792285e+00 1.365979081718020325e+02
5.380600668739744741e+00 1.366009735899173165e+02
5.379102151061870174e+00 1.366040229958326790e+02
5.377610233419181540e+00 1.366070564731847128e+02
5.376124886812255532e+00 1.366100741051740215e+02
5.374646082368680133e+00 1.366130759745675505e+02
5.373173791342497729e+00 1.366160621637007466e+02
5.371707985113655326e+00 1.366190327544798890e+02
5.370248635187454767e+00 1.366219878283842206e+02
5.368795713194008279e+00 1.366249274664682503e+02
5.367349190887690469e+00 1.366278517493639129e+02
5.365909040146600972e+00 1.366307607572827294e+02
5.364475232972020891e+00 1.366336545700180807e+02
5.363047741487878994e+00 1.366365332669472537e+02
5.361626537940216153e+00 1.366393969270336868e+02
5.360211594696649762e+00 1.366422456288290732e+02
5.358802884245848830e+00 1.366450794504755493e+02
5.357400379197001961e+00 1.366478984697077408e+02
5.356004052279292438e+00 1.366507027638549516e+02
5.354613876341376866e+00 1.366534924098432100e+02
5.353229824350862920e+00 1.366562674841974001e+02
5.351851869393789762e+00 1.366590280630433369e+02
5.350479984674112011e+00 1.366617742221098126e+02
5.349114143513185482e+00 1.366645060367306428e+02
5.347754319349256491e+00 1.366672235818467982e+02
5.346400485736950259e+00 1.366699269320083658e+02
5.345052616346762875e+00 1.366726161613766237e+02
