2.353666069526088123e+01 1.409067718427325921e+01
2.420454297446558911e+01 1.498052557051673261e+01
2.486966757372382375e+01 1.586441969746527114e+01
2.553172306333393493e+01 1.674225593240376142e+01
2.619037282967529734e+01 1.761392324489151306e+01
2.684525661715673905e+01 1.847930356270094165e+01
2.749599251947860523e+01 1.933827224508116771e+01
2.814217941215161289e+01 2.019069867698358323e+01
2.878339980651917429e+01 2.103644698509218713e+01
2.941922309299277316e+01 2.187537687331049341e+01
3.004920912839138936e+01 2.270734457186972222e+01
3.067291210982471839e+01 2.353220389057288386e+01
3.128988466617785136e+01 2.434980736303788973e+01
3.189968208864615917e+01 2.516000746533031318e+01
3.250186661458544535e+01 2.596265788927143348e+01
3.309601167472602867e+01 2.675761484815179614e+01
3.368170601293104482e+01 2.754473839073611074e+01
3.425855759033814252e+01 2.832389369843870597e+01
3.482619719186395457e+01 2.909495234045980538e+01
3.538428166239908279e+01 2.985779346252725119e+01
3.593249671209584761e+01 3.061230488665361804e+01
3.647055924430011231e+01 3.135838410190646997e+01
3.699821917513448710e+01 3.209593912946304783e+01
3.751526072968363223e+01 3.282488924900498972e+01
3.802150321535626887e+01 3.354516557760622675e+01
3.851680128756857613e+01 3.425671149647195790e+01
3.900104473579719411e+01 3.495948292500102639e+01
3.947415782882922031e+01 3.565344844549017722e+01
3.993609826640449967e+01 3.633858928523077481e+01
4.038685579028684458e+01 3.701489916565770244e+01
4.082645051115633095e+01 3.768238403052831131e+01
4.125493100875733887e+01 3.834106166680768268e+01
4.167237226173874376e+01 3.899096123302211225e+01
4.207887346092174852e+01 3.963212271035301626e+01
4.247455575569858865e+01 4.026459629173793076e+01
4.285955997827606012e+01 4.088844172379909736e+01
4.323404438488707768e+01 4.150372761561733626e+01
4.359818244721905245e+01 4.211053072729408342e+01
4.395216072142051189e+01 4.270893524998070490e+01
4.429617681636436544e+01 4.329903208767625955e+01
4.463043747753213353e+01 4.388091814966877280e+01
4.495515679805193088e+01 4.445469566107581016e+01
4.527055456414353074e+01 4.502047149757138556e+01
4.557685473852787084e+01 4.557835654910063994e+01
4.587428408224677412e+01 4.612846511620451651e+01
4.616307091278953578e+01 4.667091434151750207e+01
4.644344399439746951e+01 4.720582367806959923e+01
4.671563155486657593e+01 4.773331439521943054e+01
4.697986042203677925e+01 4.825350912236550727e+01
4.723635527238673859e+01 4.876653143001990998e+01
4.748533798369007286e+01 4.927250544737383819e+01
4.772702708347848954e+01 4.977155551512710474e+01
4.796163728505112545e+01 5.026380587208262085e+01
4.818937910292365245e+01 5.074938037381090794e+01
4.841045853988700998e+01 5.122840224155782352e+01
4.862507683821123550e+01 5.170099383949125382e+01
4.883343028795697194e+01 5.216727647834925818e+01
4.903571008582333235e+01 5.262737024355576665e+01
4.923210223844692024e+01 5.308139384590194254e+01
4.942278750455884762e+01 5.352946449294596221e+01
4.960794137089281719e+01 5.397169777935522461e+01
4.978773405720925638e+01 5.440820759449854194e+01
4.996233054625226799e+01 5.483910604568728786e+01
5.013189063488314190e+01 5.526450339556101454e+01
5.029656900303385925e+01 5.568450801221178637e+01
5.045651529749504505e+01 5.609922633074040732e+01
5.061187422789458878e+01 5.650876282503519832e+01
5.076278567253594787e+01 5.691321998865880261e+01
5.090938479204992717e+01 5.731269832381972407e+01
5.105180214907132807e+01 5.770729633749221676e+01
5.119016383238429313e+01 5.809711054383043205e+01
5.132459158418848233e+01 5.848223547210005790e+01
5.145520292932457096e+01 5.886276367942294740e+01
5.158211130546338552e+01 5.923878576769745763e+01
5.170542619341024704e+01 5.961039040411942835e+01
5.182525324680630519e+01 5.997766434478624120e+01
5.194169442062331399e+01 6.034069246091902272e+01
5.205484809794933909e+01 6.069955776728661334e+01
5.216480921465106491e+01 6.105434145245892097e+01
5.227166938157568410e+01 6.140512291055780736e+01
5.237551700402245558e+01 6.175197977420999962e+01
5.247643739827229581e+01 6.209498794844008529e+01
5.257451290501410313e+01 6.243422164527144247e+01
5.266982299955002844e+01 6.276975341883046866e+01
5.276244439869888936e+01 6.310165420077372289e+01
5.285245116434894186e+01 6.342999333587995636e+01
5.293991480363803248e+01 6.375483861766877425e+01
5.302490436576199784e+01 6.407625632392544901e+01
5.310748653543138431e+01 6.439431125202762018e+01
5.318772572301237034e+01 6.470906675398369146e+01
5.326568415140102530e+01 6.502058477110570323e+01
5.334142193969071855e+01 6.532892586825077785e+01
5.341499718370111083e+01 6.563414926757550916e+01
5.348646603344403871e+01 6.593631288175653538e+01
5.355588276760683186e+01 6.623547334663874153e+01
5.362329986513750413e+01 6.653168605327961416e+01
5.368876807401908025e+01 6.682500517936439621e+01
5.375233647732218145e+01 6.711548371997254492e+01
5.381405255662578924e+01 6.740317351768052845e+01
5.387396225289663931e+01 6.768812529199070127e+01
5.393211002491719341e+01 6.797038866807929480e+01
5.398853890535143307e+01 6.825001220486032594e+01
5.404329055453656849e+01 6.852704342236471291e+01
5.409640531208713554e+01 6.880152882843657380e+01
5.414792224639623441e+01 6.907351394475074358e+01
5.419787920211670951e+01 6.934304333215746396e+01
5.424631284570278211e+01 6.961016061536166433e+01
5.429325870909050167e+01 6.987490850694571520e+01
5.433875123159293707e+01 7.013732883074557378e+01
5.438282380008363504e+01 7.039746254459114994e+01
5.442550878753934285e+01 7.065534976242263099e+01
5.446683759001062697e+01 7.091102977579498656e+01
5.450684066208646072e+01 7.116454107478344326e+01
5.454554755091636054e+01 7.141592136830308846e+01
5.458298692885137626e+01 7.166520760385600397e+01
5.461918662476270470e+01 7.191243598671960058e+01
5.465417365409440720e+01 7.215764199858990935e+01
5.468797424770447435e+01 7.240086041569358599e+01
5.472061387954619249e+01 7.264212532638245534e+01
5.475211729323963539e+01 7.288147014822432368e+01
5.478250852758102241e+01 7.311892764460371552e+01
5.481181094103560270e+01 7.335452994084599254e+01
5.484004723525784897e+01 7.358830853987829812e+01
5.486723947768080478e+01 7.382029433744030200e+01
5.489340912321458177e+01 7.405051763685783328e+01
5.491857703509232635e+01 7.427900816339200674e+01
5.494276350490022764e+01 7.450579507817631963e+01
5.496598827182657487e+01 7.473090699175392615e+01
5.498827054116325996e+01 7.495437197722688438e+01
5.500962900209169248e+01 7.517621758302922785e+01
5.503008184478365905e+01 7.539647084533496013e+01
5.504964677684623808e+01 7.561515830011227024e+01
5.506834103913868717e+01 7.583230599483461276e+01
5.508618142098784887e+01 7.604793949985915447e+01
5.510318427482752668e+01 7.626208391948290455e+01
5.511936553028607477e+01 7.647476390268626290e+01
5.513474070774542213e+01 7.668600365357383453e+01
5.514932493139361469e+01 7.689582694152169040e+01
5.516313294179209947e+01 7.710425711104026902e+01
5.517617910797789449e+01 7.731131709136168695e+01
5.518847743911995707e+01 7.751702940575998468e+01
5.520004159574820335e+01 7.772141618061269241e+01
5.521088490057278619e+01 7.792449915421155993e+01
5.522102034891041455e+01 7.812629968533043723e+01
5.523046061873385781e+01 7.832683876155769553e+01
5.523921808035994729e+01 7.852613700740056402e+01
5.524730480579076897e+01 7.872421469216835987e+01
5.525473257772209479e+01 7.892109173764156083e+01
5.526151289823244639e+01 7.911678772553327121e+01
5.526765699716559510e+01 7.931132190474947663e+01
5.527317584021879071e+01 7.950471319845435403e+01
5.527808013674842158e+01 7.969698021094652063e+01
5.528238034730432560e+01 7.988814123435216175e+01
5.528608669090342431e+01 8.007821425514056557e+01
5.528920915205299735e+01 8.026721696046743659e+01
5.529175748753337416e+01 8.045516674435141624e+01
5.529374123294940802e+01 8.064208071368869923e+01
5.529516970905974915e+01 8.082797569411076211e+01
5.529605202789250740e+01 8.101286823568993611e+01
5.529639709865549690e+01 8.119677461849741462e+01
5.529621363344897844e+01 8.137971085801811455e+01
5.529551015278843096e+01 8.156169271042675462e+01
5.529429499094454314e+01 8.174273567772918625e+01
5.529257630110739541e+01 8.192285501277315518e+01
5.529036206038143320e+01 8.210206572413221693e+01
5.528766007461753418e+01 8.228038258086669998e+01
5.528447798308835104e+01 8.245782011716528359e+01
5.528082326301268523e+01 8.263439263687068603e+01
5.527670323393448371e+01 8.281011421789297344e+01
5.527212506196185871e+01 8.298499871651362980e+01
5.526709576387122524e+01 8.315905977158369922e+01
5.526162221108150163e+01 8.333231080861901319e+01
5.525571113350311236e+01 8.350476504379551557e+01
5.524936912326629113e+01 8.367643548784755581e+01
5.524260263833306794e+01 8.384733494987190738e+01
5.523541800599709717e+01 8.401747604104032519e+01
5.522782142627531954e+01 8.418687117822308608e+01
5.521981897519535210e+01 8.435553258752619854e+01
5.521141660798222262e+01 8.452347230774462616e+01
5.520262016214808654e+01 8.469070219373398345e+01
5.519343536048823040e+01 8.485723391970290663e+01
5.518386781398672980e+01 8.502307898242838746e+01
5.517392302463483844e+01 8.518824870439618735e+01
5.516360638816514239e+01 8.535275423686849194e+01
5.515292319670439980e+01 8.551660656288065354e+01
5.514187864134783013e+01 8.567981650016919559e+01
5.513047781465757424e+01 8.584239470403278460e+01
5.511872571308784075e+01 8.600435167012813054e+01
5.510662723933928930e+01 8.616569773720254943e+01
5.509418720464496744e+01 8.632644308976486514e+01
5.508141033099015971e+01 8.648659776069639804e+01
5.506830125326830228e+01 8.664617163380360410e+01
5.505486452137512998e+01 8.680517444631396984e+01
5.504110460224305967e+01 8.696361579131665565e+01
5.502702588181781351e+01 8.712150512014936510e+01
5.501263266697916521e+01 8.727885174473287577e+01
5.499792918740760683e+01 8.743566483985462412e+01
5.498291959739874812e+01 8.759195344540266603e+01
5.496760797762708251e+01 8.774772646855134894e+01
5.495199833686079671e+01 8.790299268589994597e+01
5.493609461362915880e+01 8.805776074556541744e+01
5.491990067784401930e+01 8.821203916923060717e+01
5.490342033237686792e+01 8.836583635414898197e+01
5.488665731459290242e+01 8.851916057510693747e+01
5.486961529784337444e+01 8.867201998634490678e+01
5.485229789291760483e+01 8.882442262343826656e+01
5.483470864945586953e+01 8.897637640513899271e+01
5.481685105732443475e+01 8.912788913517921685e+01
5.479872854795383574e+01 8.927896850403747919e+01
5.478034449564160724e+01 8.942962209066875801e+01
5.476170221882049560e+01 8.957985736419909983e+01
5.474280498129326133e+01 8.972968168558574575e+01
5.472365599343503106e+01 8.987910230924366317e+01
5.470425841336423645e+01 9.002812638463926476e+01
5.468461534808306368e+01 9.017676095785215296e+01
5.466472985458830891e+01 9.032501297310562904e+01
5.464460494095357035e+01 9.047288927426686200e+01
5.462424356738358711e+01 9.062039660631729987e+01
5.460364864724158451e+01 9.076754161679411936e+01
5.458282304805037910e+01 9.091433085720349538e+01
5.456176959246808877e+01 9.106077078440620198e+01
5.454049105923910901e+01 9.120686776197636902e+01
5.451899018412111531e+01 9.135262806153399140e+01
5.449726966078880963e+01 9.149805786405173080e+01
5.447533214171502891e+01 9.164316326113677746e+01
5.445318023902994042e+01 9.178795025628826920e+01
5.443081652535884984e+01 9.193242476613085046e+01
5.440824353463933960e+01 9.207659262162493974e+01
5.438546376291827045e+01 9.222045956925431653e+01
5.436247966912920049e+01 9.236403127219142561e+01
5.433929367585081849e+01 9.250731331144112346e+01
5.431590817004690308e+01 9.265031118696312262e+01
5.429232550378831235e+01 9.279303031877384456e+01
5.426854799495750825e+01 9.293547604802800777e+01
5.424457792793615596e+01 9.307765363808056236e+01
5.422041755427615328e+01 9.321956827552922675e+01
5.419606909335465872e+01 9.336122507123829450e+01
5.417153473301348043e+01 9.350262906134398122e+01
5.414681663018331648e+01 9.364378520824175212e+01
5.412191691149317307e+01 9.378469840155617021e+01
5.409683767386545838e+01 9.392537345909342150e+01
5.407158098509706434e+01 9.406581512777718501e+01
5.404614888442686294e+01 9.420602808456800403e+01
5.402054338308992243e+01 9.434601693736659911e+01
5.399476646485888409e+01 9.448578622590157750e+01
5.396882008657273389e+01 9.462534042260170963e+01
5.394270617865341677e+01 9.476468393345327001e+01
5.391642664561049259e+01 9.490382109884269823e+01
5.388998336653425980e+01 9.504275619438489286e+01
5.386337819557758877e+01 9.518149343173753607e+01
5.383661296242674155e+01 9.532003695940164789e+01
5.380968947276152647e+01 9.545839086350876812e+01
5.378260950870501489e+01 9.559655916859497893e+01
5.375537482926307575e+01 9.573454583836213772e+01
5.372798717075406927e+01 9.587235477642650494e+01
5.370044824722884869e+01 9.600998982705512219e+01
5.367275975088139717e+01 9.614745477589018208e+01
5.364492335245027732e+01 9.628475335066157470e+01
5.361694070161117764e+01 9.642188922188802280e+01
5.358881342736075482e+01 9.655886600356687666e+01
5.356054313839198500e+01 9.669568725385293817e+01
5.353213142346123021e+01 9.683235647572648475e+01
5.350357985174727560e+01 9.696887711765073448e+01
5.347488997320247250e+01 9.710525257421898004e+01
5.344606331889620776e+01 9.724148618679166134e+01
5.341710140135091223e+01 9.737758124412344785e+01
5.338800571487077207e+01 9.751354098298072870e+01
5.335877773586329198e+01 9.764936858874955306e+01
5.332941892315395194e+01 9.778506719603430497e+01
5.329993071829404272e+01 9.792063988924728335e+01
5.327031454586194315e+01 9.805608970318940010e+01
5.324057181375790293e+01 9.819141962362213860e+01
5.321070391349253725e+01 9.832663258783095728e+01
5.318071222046918933e+01 9.846173148518040819e+01
5.315059809426028892e+01 9.859671915766095651e+01
5.312036287887784169e+01 9.873159840042788460e+01
5.309000790303821304e+01 9.886637196233230895e+01
5.305953448042134113e+01 9.900104254644448076e+01
5.302894390992447171e+01 9.913561281056955465e+01
5.299823747591059941e+01 9.927008536775603886e+01
5.296741644845169361e+01 9.940446278679691261e+01
5.293648208356686524e+01 9.953874759272375172e+01
5.290543562345555983e+01 9.967294226729387674e+01
5.287427829672593305e+01 9.980704924947069401e+01
5.284301131861845846e+01 9.994107093589738611e+01
5.281163589122495949e+01 1.000750096813640511e+02
5.278015320370310803e+01 1.002088677992685035e+02
5.274856443248649640e+01 1.003426475620707379e+02
5.271687074149041763e+01 1.004763512017412950e+02
5.268507328231346065e+01 1.006099809102035607e+02
5.265317319443493460e+01 1.007435388397702241e+02
5.262117160540830696e+01 1.008770271035739228e+02
5.258906963105072663e+01 1.010104477759921906e+02
5.255686837562866032e+01 1.011438028930668906e+02
5.252456893203981991e+01 1.012770944529181634e+02
5.249217238199138080e+01 1.014103244161531023e+02
5.245967979617464749e+01 1.015434947062690867e+02
5.242709223443617361e+01 1.016766072100520546e+02
5.239441074594549264e+01 1.018096637779697602e+02
5.236163636935945220e+01 1.019426662245600284e+02
5.232877013298332258e+01 1.020756163288142062e+02
5.229581305492862242e+01 1.022085158345558824e+02
5.226276614326790337e+01 1.023413664508149168e+02
5.222963039618636572e+01 1.024741698521969369e+02
5.219640680213056783e+01 1.026069276792483578e+02
5.216309633995413719e+01 1.027396415388169828e+02
5.212969997906062503e+01 1.028723130044083121e+02
5.209621867954358976e+01 1.030049436165376591e+02
5.206265339232388101e+01 1.031375348830780467e+02
5.202900505928427322e+01 1.032700882796041526e+02
5.199527461340145607e+01 1.034026052497321189e+02
5.196146297887545273e+01 1.035350872054555964e+02
5.192757107125652993e+01 1.036675355274778525e+02
5.189359979756964236e+01 1.037999515655401552e+02
5.185955005643645421e+01 1.039323366387464205e+02
5.182542273819503009e+01 1.040646920358842920e+02
5.179121872501718826e+01 1.041970190157426117e+02
5.175693889102362988e+01 1.043293188074253948e+02
5.172258410239681581e+01 1.044615926106624357e+02
5.168815521749172603e+01 1.045938415961164623e+02
5.165365308694445190e+01 1.047260669056870483e+02
5.161907855377876331e+01 1.048582696528112592e+02
5.158443245351062956e+01 1.049904509227610845e+02
5.154971561425073645e+01 1.051226117729378302e+02
5.151492885680508493e+01 1.052547532331633278e+02
5.148007299477367127e+01 1.053868763059682294e+02
5.144514883464731270e+01 1.055189819668772628e+02
5.141015717590263989e+01 1.056510711646916150e+02
5.137509881109532017e+01 1.057831448217685022e+02
5.133997452595150435e+01 1.059152038342978273e+02
5.130478509945758958e+01 1.060472490725761787e+02
5.126953130394829827e+01 1.061792813812781162e+02
5.123421390519310137e+01 1.063113015797247130e+02
5.119883366248103584e+01 1.064433104621495971e+02
5.116339132870397322e+01 1.065753087979623359e+02
5.112788765043831773e+01 1.067072973320093467e+02
5.109232336802521246e+01 1.068392767848323217e+02
5.105669921564926028e+01 1.069712478529241935e+02
5.102101592141578124e+01 1.071032112089827422e+02
5.098527420742669136e+01 1.072351675021618149e+02
5.094947478985494627e+01 1.073671173583202574e+02
5.091361837901766307e+01 1.074990613802685573e+02
5.087770567944787814e+01 1.076310001480132144e+02
5.084173738996501868e+01 1.077629342189990069e+02
5.080571420374409541e+01 1.078948641283489849e+02
5.076963680838364468e+01 1.080267903891024304e+02
5.073350588597241284e+01 1.081587134924506159e+02
5.069732211315488968e+01 1.082906339079706299e+02
5.066108616119561958e+01 1.084225520838570702e+02
5.062479869604239724e+01 1.085544684471518337e+02
5.058846037838829091e+01 1.086863834039718455e+02
5.055207186373260697e+01 1.088182973397349400e+02
5.051563380244072476e+01 1.089502106193838102e+02
5.047914683980290818e+01 1.090821235876080948e+02
5.044261161609203725e+01 1.092140365690645893e+02
5.040602876662036635e+01 1.093459498685957243e+02
5.036939892179523781e+01 1.094778637714461667e+02
5.033272270717385055e+01 1.096097785434777165e+02
5.029600074351704819e+01 1.097416944313824700e+02
5.025923364684217631e+01 1.098736116628942483e+02
5.022242202847503023e+01 1.100055304469983781e+02
5.018556649510087198e+01 1.101374509741398100e+02
5.014866764881458749e+01 1.102693734164295876e+02
5.011172608716998411e+01 1.104012979278497113e+02
5.007474240322820691e+01 1.105332246444564532e+02
5.003771718560535930e+01 1.106651536845820800e+02
5.000065101851928517e+01 1.107970851490349986e+02
4.996354448183556229e+01 1.109290191212984666e+02
4.992639815111270707e+01 1.110609556677277538e+02
4.988921259764662608e+01 1.111928948377458113e+02
4.985198838851430736e+01 1.113248366640375195e+02
4.981472608661677981e+01 1.114567811627424874e+02
4.977742625072133364e+01 1.115887283336464293e+02
4.974008943550305872e+01 1.117206781603711221e+02
4.970271619158568654e+01 1.118526306105630255e+02
4.966530706558173591e+01 1.119845856360804817e+02
4.962786260013201911e+01 1.121165431731796360e+02
4.959038333394446596e+01 1.122485031426989366e+02
4.955286980183234391e+01 1.123804654502424256e+02
4.951532253475181022e+01 1.125124299863616386e+02
4.947774205983890994e+01 1.126443966267362811e+02
4.944012890044590591e+01 1.127763652323535979e+02
4.940248357617707597e+01 1.129083356496865349e+02
4.936480660292388478e+01 1.130403077108706071e+02
4.932709849289964410e+01 1.131722812338796018e+02
4.928935975467356201e+01 1.133042560227000450e+02
4.925159089320429473e+01 1.134362318675044179e+02
4.921379240987294423e+01 1.135682085448233209e+02
4.917596480251553004e+01 1.137001858177163172e+02
4.913810856545496364e+01 1.138321634359417374e+02
4.910022418953251844e+01 1.139641411361252636e+02
4.906231216213880231e+01 1.140961186419274043e+02
4.902437296724426119e+01 1.142280956642098459e+02
4.898640708542918532e+01 1.143600719012007261e+02
4.894841499391329620e+01 1.144920470386587255e+02
4.891039716658483627e+01 1.146240207500361521e+02
4.887235407402923926e+01 1.147559926966408881e+02
4.883428618355737427e+01 1.148879625277973133e+02
4.879619395923332803e+01 1.150199298810061208e+02
4.875807786190180337e+01 1.151518943821031371e+02
4.871993834921511279e+01 1.152838556454170345e+02
4.868177587565971720e+01 1.154158132739260765e+02
4.864359089258244495e+01 1.155477668594138123e+02
4.860538384821627744e+01 1.156797159826237333e+02
4.856715518770576523e+01 1.158116602134129636e+02
4.852890535313208176e+01 1.159435991109049411e+02
4.849063478353771472e+01 1.160755322236410905e+02
4.845234391495079507e+01 1.162074590897315147e+02
4.841403318040908488e+01 1.163393792370047493e+02
4.837570300998361006e+01 1.164712921831565069e+02
4.833735383080199455e+01 1.166031974358974708e+02
4.829898606707140374e+01 1.167350944931001635e+02
4.826060014010123211e+01 1.168669828429447932e+02
4.822219646832544271e+01 1.169988619640642895e+02
4.818377546732460104e+01 1.171307313256882452e+02
4.814533754984759639e+01 1.172625903877860623e+02
4.810688312583309312e+01 1.173944386012091030e+02
4.806841260243068348e+01 1.175262754078319460e+02
4.802992638402172787e+01 1.176581002406927468e+02
4.799142487223995346e+01 1.177899125241326601e+02
4.795290846599175438e+01 1.179217116739343680e+02
4.791437756147624327e+01 1.180534970974597542e+02
4.787583255220502565e+01 1.181852681937866549e+02
4.783727382902170433e+01 1.183170243538446869e+02
4.779870178012117066e+01 1.184487649605502781e+02
4.776011679106861862e+01 1.185804893889407765e+02
4.772151924481831742e+01 1.187121970063076759e+02
4.768290952173215658e+01 1.188438871723289907e+02
4.764428799959795668e+01 1.189755592392007912e+02
4.760565505364753136e+01 1.191072125517678302e+02
4.756701105657457163e+01 1.192388464476533443e+02
4.752835637855225315e+01 1.193704602573880322e+02
4.748969138725068717e+01 1.195020533045381228e+02
4.745101644785409434e+01 1.196336249058326473e+02
4.741233192307784350e+01 1.197651743712898593e+02
4.737363817318523473e+01 1.198967010043428161e+02
4.733493555600409763e+01 1.200282041019641071e+02
4.729622442694320483e+01 1.201596829547898295e+02
4.725750513900850081e+01 1.202911368472426119e+02
4.721877804281910329e+01 1.204225650576539266e+02
4.718004348662317682e+01 1.205539668583855359e+02
4.714130181631359306e+01 1.206853415159501282e+02
4.710255337544339937e+01 1.208166882911311006e+02
4.706379850524116648e+01 1.209480064391015901e+02
4.702503754462610885e+01 1.210792952095426926e+02
4.698627083022309137e+01 1.212105538467608170e+02
4.694749869637742279e+01 1.213417815898042846e+02
4.690872147516953561e+01 1.214729776725791197e+02
4.686993949642947399e+01 1.216041413239640150e+02
4.683115308775123964e+01 1.217352717679245444e+02
4.679236257450700265e+01 1.218663682236265515e+02
4.675356827986114183e+01 1.219974299055487421e+02
4.671477052478415004e+01 1.221284560235945094e+02
4.667596962806639027e+01 1.222594457832029491e+02
4.663716590633173098e+01 1.223903983854590933e+02
4.659835967405101798e+01 1.225213130272034050e+02
4.655955124355543973e+01 1.226521889011403914e+02
4.652074092504973635e+01 1.227830251959465500e+02
4.648192902662528780e+01 1.229138210963774469e+02
4.644311585427309552e+01 1.230445757833741141e+02
4.640430171189660769e+01 1.231752884341685359e+02
4.636548690132443795e+01 1.233059582223885116e+02
4.632667172232296338e+01 1.234365843181616640e+02
4.628785647260880864e+01 1.235671658882186819e+02
4.624904144786120952e+01 1.236977020959957940e+02
4.621022694173426260e+01 1.238281921017365619e+02
4.617141324586906137e+01 1.239586350625927622e+02
4.613260064990574705e+01 1.240890301327246164e+02
4.609378944149541724e+01 1.242193764634002662e+02
4.605497990631194938e+01 1.243496732030943974e+02
4.601617232806371049e+01 1.244799194975861809e+02
4.597736698850518877e+01 1.246101144900564748e+02
4.593856416744850435e+01 1.247402573211841883e+02
4.589976414277481354e+01 1.248703471292419920e+02
4.586096719044565617e+01 1.250003830501912034e+02
4.582217358451416089e+01 1.251303642177759485e+02
4.578338359713619354e+01 1.252602897636165693e+02
4.574459749858140611e+01 1.253901588173023356e+02
4.570581555724417910e+01 1.255199705064833182e+02
4.566703803965449993e+01 1.256497239569616227e+02
4.562826521048874895e+01 1.257794182927817559e+02
4.558949733258038606e+01 1.259090526363204106e+02
4.555073466693057327e+01 1.260386261083753681e+02
4.551197747271870497e+01 1.261681378282537480e+02
4.547322600731286002e+01 1.262975869138594902e+02
4.543448052628017564e+01 1.264269724817800977e+02
4.539574128339714321e+01 1.265562936473726836e+02
4.535700853065983296e+01 1.266855495248492360e+02
4.531828251829403342e+01 1.268147392273612013e+02
4.527956349476531273e+01 1.269438618670833137e+02
4.524085170678903722e+01 1.270729165552966720e+02
4.520214739934028358e+01 1.272019024024711484e+02
4.516345081566370112e+01 1.273308185183470442e+02
4.512476219728328886e+01 1.274596640120160203e+02
4.508608178401213706e+01 1.275884379920013032e+02
4.504740981396205513e+01 1.277171395663371953e+02
4.500874652355317096e+01 1.278457678426478594e+02
4.497009214752345940e+01 1.279743219282253364e+02
4.493144691893817821e+01 1.281028009301069517e+02
4.489281106919928277e+01 1.282312039551518978e+02
4.485418482805474838e+01 1.283595301101171913e+02
4.481556842360784998e+01 1.284877785017328904e+02
4.477696208232637076e+01 1.286159482367765747e+02
4.473836602905175397e+01 1.287440384221471845e+02
4.469978048700819784e+01 1.288720481649380361e+02
4.466120567781170081e+01 1.289999765725093255e+02
4.462264182147902147e+01 1.291278227525597231e+02
4.458408913643663141e+01 1.292555858131974276e+02
4.454554783952956143e+01 1.293832648630104529e+02
4.450701814603022655e+01 1.295108590111361480e+02
4.446850026964719405e+01 1.296383673673302326e+02
4.442999442253388054e+01 1.297657890420348963e+02
4.439150081529722769e+01 1.298931231464464133e+02
4.435301965700627846e+01 1.300203687925818485e+02
4.431455115520076760e+01 1.301475250933453367e+02
4.427609551589960546e+01 1.302745911625934525e+02
4.423765294360934064e+01 1.304015661152000405e+02
4.419922364133255854e+01 1.305284490671202491e+02
4.416080781057625870e+01 1.306552391354540248e+02
4.412240565136014681e+01 1.307819354385087820e+02
4.408401736222491962e+01 1.309085370958615044e+02
4.404564314024047178e+01 1.310350432284201361e+02
4.400728318101407410e+01 1.311614529584842330e+02
4.396893767869849512e+01 1.312877654098051039e+02
4.393060682600008704e+01 1.314139797076451543e+02
4.389229081418682910e+01 1.315400949788365779e+02
4.385398983309632115e+01 1.316661103518394214e+02
4.381570407114374177e+01 1.317920249567989970e+02
4.377743371532974237e+01 1.319178379256025835e+02
4.373917895124833422e+01 1.320435483919355590e+02
4.370093996309470441e+01 1.321691554913367099e+02
4.366271693367299633e+01 1.322946583612531128e+02
4.362451004440405455e+01 1.324200561410941930e+02
4.358631947533314843e+01 1.325453479722852137e+02
4.354814540513761045e+01 1.326705329983200841e+02
4.350998801113447456e+01 1.327956103648135411e+02
4.347184746928805055e+01 1.329205792195527067e+02
4.343372395421748422e+01 1.330454387125479911e+02
4.339561763920425363e+01 1.331701879960833139e+02
4.335752869619963690e+01 1.332948262247657851e+02
4.331945729583215865e+01 1.334193525555746476e+02
4.328140360741497261e+01 1.335437661479097358e+02
4.324336779895322280e+01 1.336680661636391108e+02
4.320535003715136213e+01 1.337922517671462685e+02
4.316735048742044256e+01 1.339163221253765812e+02
4.312936931388535555e+01 1.340402764078831694e+02
4.309140667939205116e+01 1.341641137868722353e+02
4.305346274551471453e+01 1.342878334372475990e+02
4.301553767256290683e+01 1.344114345366548378e+02
4.297763161958867073e+01 1.345349162655246573e+02
4.293974474439360733e+01 1.346582778071157236e+02
4.290187720353591061e+01 1.347815183475568688e+02
4.286402915233738042e+01 1.349046370758887008e+02
4.282620074489038586e+01 1.350276331841046442e+02
4.278839213406479303e+01 1.351505058671913559e+02
4.275060347151489282e+01 1.352732543231685440e+02
4.271283490768625768e+01 1.353958777531281896e+02
4.267508659182256991e+01 1.355183753612732289e+02
4.263735867197244289e+01 1.356407463549555814e+02
4.259965129499619252e+01 1.357629899447136950e+02
4.256196460657257319e+01 1.358851053443093519e+02
4.252429875120548530e+01 1.360070917707641058e+02
4.248665387223066148e+01 1.361289484443949789e+02
4.244903011182230301e+01 1.362506745888496482e+02
4.241142761099969505e+01 1.363722694311410351e+02
4.237384650963379329e+01 1.364937322016814392e+02
4.233628694645378232e+01 1.366150621343159628e+02
4.229874905905358418e+01 1.367362584663554230e+02
4.226123298389835981e+01 1.368573204386088094e+02
4.222373885633096791e+01 1.369782472954150307e+02
4.218626681057838823e+01 1.370990382846742079e+02
4.214881697975813069e+01 1.372196926578784257e+02
4.211138949588459468e+01 1.373402096701418884e+02
4.207398448987542849e+01 1.374605885802305636e+02
4.203660209155783178e+01 1.375808286505912861e+02
4.199924242967482257e+01 1.377009291473803216e+02
4.196190563189150424e+01 1.378208893404914193e+02
4.192459182480129698e+01 1.379407085035833234e+02
4.188730113393211241e+01 1.380603859141066891e+02
4.185003368375253530e+01 1.381799208533306569e+02
4.181278959767795556e+01 1.382993126063686589e+02
4.177556899807666468e+01 1.384185604622039705e+02
4.173837200627595223e+01 1.385376637137145224e+02
4.170119874256815251e+01 1.386566216576973432e+02
4.166404932621665580e+01 1.387754335948924620e+02
4.162692387546192663e+01 1.388940988300062713e+02
4.158982250752745813e+01 1.390126166717344631e+02
4.155274533862570507e+01 1.391309864327843968e+02
4.151569248396400269e+01 1.392492074298969271e+02
4.147866405775045706e+01 1.393672789838679478e+02
4.144166017319979289e+01 1.394852004195692246e+02
4.140468094253917997e+01 1.396029710659688021e+02
4.136772647701405248e+01 1.397205902561510698e+02
4.133079688689386444e+01 1.398380573273361733e+02
4.129389228147784507e+01 1.399553716208989727e+02
4.125701276910072579e+01 1.400725324823876576e+02
4.122015845713842452e+01 1.401895392615417393e+02
4.118332945201373008e+01 1.403063913123097279e+02
4.114652585920191541e+01 1.404230879928662432e+02
4.110974778323637935e+01 1.405396286656286122e+02
4.107299532771422435e+01 1.406560126972732121e+02
4.103626859530180582e+01 1.407722394587511872e+02
4.099956768774028859e+01 1.408883083253037682e+02
4.096289270585114650e+01 1.410042186764771657e+02
4.092624374954164068e+01 1.411199698961370075e+02
4.088962091781029073e+01 1.412355613724823513e+02
4.085302430875228907e+01 1.413509924980592132e+02
4.081645401956492236e+01 1.414662626697737551e+02
4.077991014655293611e+01 1.415813712889049327e+02
4.074339278513390639e+01 1.416963177611168305e+02
4.070690202984354755e+01 1.418111014964704566e+02
4.067043797434104135e+01 1.419257219094352820e+02
4.063400071141429493e+01 1.420401784189001830e+02
4.059759033298519881e+01 1.421544704481840427e+02
4.056120693011485656e+01 1.422685974250460674e+02
4.052485059300878589e+01 1.423825587816954510e+02
4.048852141102209856e+01 1.424963539548008669e+02
4.045221947266465889e+01 1.426099823854994213e+02
4.041594486560618549e+01 1.427234435194053219e+02
4.037969767668138843e+01 1.428367368066180063e+02
4.034347799189502837e+01 1.429498617017300717e+02
4.030728589642696846e+01 1.430628176638345792e+02
4.027112147463721925e+01 1.431756041565322732e+02
4.023498481007091954e+01 1.432882206479381466e+02
4.019887598546333152e+01 1.434006666106878072e+02
4.016279508274480037e+01 1.435129415219433895e+02
4.012674218304567830e+01 1.436250448633991255e+02
4.009071736670122732e+01 1.437369761212865740e+02
4.005472071325652195e+01 1.438487347863793957e+02
4.001875230147128804e+01 1.439603203539979006e+02
3.998281220932474156e+01 1.440717323240131691e+02
3.994690051402040609e+01 1.441829702008508036e+02
3.991101729199090897e+01 1.442940334934943962e+02
3.987516261890272062e+01 1.444049217154885412e+02
3.983933656966091519e+01 1.445156343849416771e+02
3.980353921841388853e+01 1.446261710245283894e+02
3.976777063855803362e+01 1.447365311614915413e+02
3.973203090274242300e+01 1.448467143276440083e+02
3.969632008287346281e+01 1.449567200593700704e+02
3.966063825011949717e+01 1.450665478976264922e+02
3.962498547491541245e+01 1.451761973879432901e+02
3.958936182696723449e+01 1.452856680804241591e+02
3.955376737525665476e+01 1.453949595297466431e+02
3.951820218804558493e+01 1.455040712951618787e+02
3.948266633288064043e+01 1.456130029404941979e+02
3.944715987659763812e+01 1.457217540341402184e+02
3.941168288532607278e+01 1.458303241490677920e+02
3.937623542449352243e+01 1.459387128628146399e+02
3.934081755883010345e+01 1.460469197574865916e+02
3.930542935237283331e+01 1.461549444197556227e+02
3.927007086847002171e+01 1.462627864408575533e+02
3.923474216978561202e+01 1.463704454165894902e+02
3.919944331830350848e+01 1.464779209473070125e+02
3.916417437533188206e+01 1.465852126379209324e+02
3.912893540150745508e+01 1.466923200978940258e+02
3.909372645679975733e+01 1.467992429412372246e+02
3.905854760051536800e+01 1.469059807865057223e+02
3.902339889130212214e+01 1.470125332567947396e+02
3.898828038715332411e+01 1.471188999797350618e+02
3.895319214541190433e+01 1.472250805874882360e+02
3.891813422277457590e+01 1.473310747167415684e+02
3.888310667529595577e+01 1.474368820087029235e+02
3.884810955839269297e+01 1.475425021090951532e+02
3.881314292684752587e+01 1.476479346681502989e+02
3.877820683481336062e+01 1.477531793406036797e+02
3.874330133581732127e+01 1.478582357856875262e+02
3.870842648276476439e+01 1.479631036671245568e+02
3.867358232794327932e+01 1.480677826531212133e+02
3.863876892302666022e+01 1.481722724163606983e+02
3.860398631907887079e+01 1.482765726339957553e+02
3.856923456655798788e+01 1.483806829876412507e+02
3.853451371532010228e+01 1.484846031633665575e+02
3.849982381462322678e+01 1.485883328516875963e+02
3.846516491313116148e+01 1.486918717475588210e+02
3.843053705891735206e+01 1.487952195503648625e+02
3.839594029946871956e+01 1.488983759639119739e+02
3.836137468168947606e+01 1.490013406964193337e+02
3.832684025190491894e+01 1.491041134605100922e+02
3.829233705586518255e+01 1.492066939732021922e+02
3.825786513874901118e+01 1.493090819558990177e+02
3.822342454516748944e+01 1.494112771343798727e+02
3.818901531916772285e+01 1.495132792387902043e+02
3.815463750423656819e+01 1.496150880036315982e+02
3.812029114330427149e+01 1.497167031677517457e+02
3.808597627874814151e+01 1.498181244743340699e+02
3.805169295239615224e+01 1.499193516708871243e+02
3.801744120553057371e+01 1.500203845092340487e+02
3.798322107889156030e+01 1.501212227455015693e+02
3.794903261268071759e+01 1.502218661401090287e+02
3.791487584656464804e+01 1.503223144577570736e+02
3.788075081967848234e+01 1.504225674674163145e+02
3.784665757062940372e+01 1.505226249423157299e+02
3.781259613750012960e+01 1.506224866599308996e+02
3.777856655785237905e+01 1.507221524019721244e+02
3.774456886873033312e+01 1.508216219543723753e+02
3.771060310666407389e+01 1.509208951072750153e+02
3.767666930767299505e+01 1.510199716550214646e+02
3.764276750726918408e+01 1.511188513961386661e+02
3.760889774046083289e+01 1.512175341333263248e+02
3.757506004175555603e+01 1.513160196734441456e+02
3.754125444516375154e+01 1.514143078274987886e+02
3.750748098420193344e+01 1.515123984106307944e+02
3.747373969189600018e+01 1.516102912421012547e+02
3.744003060078454581e+01 1.517079861452784542e+02
3.740635374292211424e+01 1.518054829476242560e+02
3.737270914988244641e+01 1.519027814806805168e+02
3.733909685276169910e+01 1.519998815800551597e+02
3.730551688218167072e+01 1.520967830854082763e+02
3.727196926829298462e+01 1.521934858404380861e+02
3.723845404077826515e+01 1.522899896928667260e+02
3.720497122885527830e+01 1.523862944944258686e+02
3.717152086128008648e+01 1.524824001008423409e+02
3.713810296635016073e+01 1.525783063718235724e+02
3.710471757190747866e+01 1.526740131710429011e+02
3.707136470534160821e+01 1.527695203661247660e+02
3.703804439359278433e+01 1.528648278286298705e+02
3.700475666315494294e+01 1.529599354340400623e+02
3.697150154007876210e+01 1.530548430617433553e+02
3.693827904997466050e+01 1.531495505950186100e+02
3.690508921801580300e+01 1.532440579210202714e+02
3.687193206894108499e+01 1.533383649307629071e+02
3.683880762705808110e+01 1.534324715191056896e+02
3.680571591624598682e+01 1.535263775847368493e+02
3.677265695995856731e+01 1.536200830301578719e+02
3.673963078122704218e+01 1.537135877616677533e+02
3.670663740266299158e+01 1.538068916893471112e+02
3.667367684646122683e+01 1.538999947270421558e+02
3.664074913440264680e+01 1.539928967923487164e+02
3.660785428785708717e+01 1.540855978065960130e+02
3.657499232778614129e+01 1.541780976948304556e+02
3.654216327474596682e+01 1.542703963857993585e+02
3.650936714889009238e+01 1.543624938119345700e+02
3.647660396997217447e+01 1.544543899093359300e+02
3.644387375734876855e+01 1.545460846177548149e+02
3.641117652998207177e+01 1.546375778805775383e+02
3.637851230644264433e+01 1.547288696448086114e+02
3.634588110491212376e+01 1.548199598610540590e+02
3.631328294318591787e+01 1.549108484835046227e+02
3.628071783867589772e+01 1.550015354699188492e+02
3.624818580841304083e+01 1.550920207816061520e+02
3.621568686905008860e+01 1.551823043834098428e+02
3.618322103686418245e+01 1.552723862436901356e+02
3.615078832775946438e+01 1.553622663343069235e+02
3.611838875726968467e+01 1.554519446306026680e+02
3.608602234056080249e+01 1.555414211113852616e+02
3.605368909243352249e+01 1.556306957589106332e+02
3.602138902732588832e+01 1.557197685588654963e+02
3.598912215931578373e+01 1.558086395003500115e+02
3.595688850212347631e+01 1.558973085758603361e+02
3.592468806911412571e+01 1.559857757812711725e+02
3.589252087330027052e+01 1.560740411158182610e+02
3.586038692734431521e+01 1.561621045820809286e+02
3.582828624356097436e+01 1.562499661859643822e+02
3.579621883391973824e+01 1.563376259366821728e+02
3.576418471004731003e+01 1.564250838467385734e+02
3.573218388323000738e+01 1.565123399319108159e+02
3.570021636441617119e+01 1.565993942112314130e+02
3.566828216421857434e+01 1.566862467069703939e+02
3.563638129291676648e+01 1.567728974446175698e+02
3.560451376045946148e+01 1.568593464528646564e+02
3.557267957646686085e+01 1.569455937635875102e+02
3.554087875023300569e+01 1.570316394118282517e+02
3.550911129072808592e+01 1.571174834357773022e+02
3.547737720660073535e+01 1.572031258767556210e+02
3.544567650618034094e+01 1.572885667791966284e+02
3.541400919747929521e+01 1.573738061906283860e+02
3.538237528819527711e+01 1.574588441616555485e+02
3.535077478571349729e+01 1.575436807459414297e+02
3.531920769710891506e+01 1.576283160001900114e+02
3.528767402914847651e+01 1.577127499841278677e+02
3.525617378829332438e+01 1.577969827604862303e+02
3.522470698070096518e+01 1.578810143949829126e+02
3.519327361222747896e+01 1.579648449563042334e+02
3.516187368842967231e+01 1.580484745160870261e+02
3.513050721456722414e+01 1.581319031489005624e+02
3.509917419560483864e+01 1.582151309322284760e+02
3.506787463621436274e+01 1.582981579464506865e+02
3.503660854077689635e+01 1.583809842748253516e+02
3.500537591338490984e+01 1.584636100034707624e+02
3.497417675784431168e+01 1.585460352213473243e+02
3.494301107767653747e+01 1.586282600202393951e+02
3.491187887612058915e+01 1.587102844947372660e+02
3.488078015613510985e+01 1.587921087422191135e+02
3.484971492040040886e+01 1.588737328628328669e+02
3.481868317132047252e+01 1.589551569594781881e+02
3.478768491102499638e+01 1.590363811377884247e+02
3.475672014137137467e+01 1.591174055061125046e+02
3.472578886394667563e+01 1.591982301754970024e+02
3.469489108006962397e+01 1.592788552596679779e+02
3.466402679079256188e+01 1.593592808750130416e+02
3.463319599690339601e+01 1.594395071405633360e+02
3.460239869892753006e+01 1.595195341779754870e+02
3.457163489712979754e+01 1.595993621115136989e+02
3.454090459151636594e+01 1.596789910680317348e+02
3.451020778183664106e+01 1.597584211769549825e+02
3.447954446758515701e+01 1.598376525702624917e+02
3.444891464800343783e+01 1.599166853824691259e+02
3.441831832208188757e+01 1.599955197506075990e+02
3.438775548856161635e+01 1.600741558142105703e+02
3.435722614593630198e+01 1.601525937152929089e+02
3.432673029245400897e+01 1.602308335983337031e+02
3.429626792611900754e+01 1.603088756102585819e+02
3.426583904469357833e+01 1.603867199004218662e+02
3.423544364569981724e+01 1.604643666205887484e+02
3.420508172642141176e+01 1.605418159249176426e+02
3.417475328390541023e+01 1.606190679699424493e+02
3.414445831496399109e+01 1.606961229145548202e+02
3.411419681617619659e+01 1.607729809199865088e+02
3.408396878388970208e+01 1.608496421497918050e+02
3.405377421422251416e+01 1.609261067698298859e+02
3.402361310306470443e+01 1.610023749482471942e+02
3.399348544608010059e+01 1.610784468554600153e+02
3.396339123870800591e+01 1.611543226641368562e+02
3.393333047616485487e+01 1.612300025491810231e+02
3.390330315344591128e+01 1.613054866877131701e+02
3.387330926532691677e+01 1.613807752590538769e+02
3.384334880636575349e+01 1.614558684447063399e+02
3.381342177090407120e+01 1.615307664283389499e+02
3.378352815306892865e+01 1.616054693957680115e+02
3.375366794677442073e+01 1.616799775349405195e+02
3.372384114572327718e+01 1.617542910359169070e+02
3.369404774340846842e+01 1.618284100908538221e+02
3.366428773311479006e+01 1.619023348939870459e+02
3.363456110792046161e+01 1.619760656416143547e+02
3.360486786069866838e+01 1.620496025320784099e+02
3.357520798411914598e+01 1.621229457657497903e+02
3.354558147064970797e+01 1.621960955450099959e+02
3.351598831255780908e+01 1.622690520742344518e+02
3.348642850191205866e+01 1.623418155597757107e+02
3.345690203058374124e+01 1.624143862099464855e+02
3.342740889024833706e+01 1.624867642350028802e+02
3.339794907238702137e+01 1.625589498471276499e+02
3.336852256828813523e+01 1.626309432604134599e+02
3.333912936904869895e+01 1.627027446908462025e+02
3.330976946557586160e+01 1.627743543562883133e+02
3.328044284858836477e+01 1.628457724764623151e+02
3.325114950861800622e+01 1.629169992729341629e+02
3.322188943601107525e+01 1.629880349690968160e+02
3.319266262092978792e+01 1.630588797901538101e+02
3.316346905335371531e+01 1.631295339631027730e+02
3.313430872308119746e+01 1.631999977167192242e+02
3.310518161973075024e+01 1.632702712815401753e+02
3.307608773274245806e+01 1.633403548898479301e+02
3.304702705137937357e+01 1.634102487756538835e+02
3.301799956472888908e+01 1.634799531746824073e+02
3.298900526170410075e+01 1.635494683243547058e+02
3.296004413104518704e+01 1.636187944637728719e+02
3.293111616132075170e+01 1.636879318337038569e+02
3.290222134092916662e+01 1.637568806765634974e+02
3.287335965809990768e+01 1.638256412364007133e+02
3.284453110089488348e+01 1.638942137588816195e+02
3.281573565720975694e+01 1.639625984912738659e+02
3.278697331477524557e+01 1.640307956824308064e+02
3.275824406115843601e+01 1.640988055827758956e+02
3.272954788376406299e+01 1.641666284442870847e+02
3.270088476983580250e+01 1.642342645204812470e+02
3.267225470645753660e+01 1.643017140663987732e+02
3.264365768055463946e+01 1.643689773385880528e+02
3.261509367889522082e+01 1.644360545950901269e+02
3.258656268809137657e+01 1.645029460954233400e+02
3.255806469460044639e+01 1.645696521005681063e+02
3.252959968472622876e+01 1.646361728729517324e+02
3.250116764462023156e+01 1.647025086764332116e+02
3.247276856028286574e+01 1.647686597762881888e+02
3.244440241756466747e+01 1.648346264391938689e+02
3.241606920216751320e+01 1.649004089332141234e+02
3.238776889964578487e+01 1.649660075277845124e+02
3.235950149540759213e+01 1.650314224936974767e+02
3.233126697471592337e+01 1.650966541030875021e+02
3.230306532268983233e+01 1.651617026294164532e+02
3.227489652430559630e+01 1.652265683474587945e+02
3.224676056439788141e+01 1.652912515332871237e+02
3.221865742766087237e+01 1.653557524642574776e+02
3.219058709864943779e+01 1.654200714189949224e+02
3.216254956178023861e+01 1.654842086773790868e+02
3.213454480133288627e+01 1.655481645205298662e+02
3.210657280145102987e+01 1.656119392307930127e+02
3.207863354614347884e+01 1.656755330917259528e+02
3.205072701928532553e+01 1.657389463880835763e+02
3.202285320461901108e+01 1.658021794058041394e+02
3.199501208575543743e+01 1.658652324319951958e+02
3.196720364617504373e+01 1.659281057549196134e+02
3.193942786922888288e+01 1.659907996639815622e+02
3.191168473813968376e+01 1.660533144497127864e+02
3.188397423600292413e+01 1.661156504037586501e+02
3.185629634578787517e+01 1.661778078188644656e+02
3.182865105033865660e+01 1.662397869888618231e+02
3.180103833237526700e+01 1.663015882086549482e+02
3.177345817449463183e+01 1.663632117742070875e+02
3.174591055917161952e+01 1.664246579825271226e+02
3.171839546876006466e+01 1.664859271316560694e+02
3.169091288549378405e+01 1.665470195206537483e+02
3.166346279148757858e+01 1.666079354495854261e+02
3.163604516873824224e+01 1.666686752195086569e+02
3.160865999912554258e+01 1.667292391324600374e+02
3.158130726441322267e+01 1.667896274914421610e+02
3.155398694624996736e+01 1.668498406004104879e+02
3.152669902617039099e+01 1.669098787642604691e+02
3.149944348559599305e+01 1.669697422888145013e+02
3.147222030583612451e+01 1.670294314808092224e+02
3.144502946808894706e+01 1.670889466478825796e+02
3.141787095344237457e+01 1.671482880985611814e+02
3.139074474287501815e+01 1.672074561422476506e+02
3.136365081725712756e+01 1.672664510892079761e+02
3.133658915735150785e+01 1.673252732505590075e+02
3.130955974381445373e+01 1.673839229382559779e+02
3.128256255719666967e+01 1.674424004650801407e+02
3.125559757794417237e+01 1.675007061446264061e+02
3.122866478639920018e+01 1.675588402912910055e+02
3.120176416280111198e+01 1.676168032202594134e+02
3.117489568728728599e+01 1.676745952474940964e+02
3.114805933989399733e+01 1.677322166897224918e+02
3.112125510055730970e+01 1.677896678644249562e+02
3.109448294911394228e+01 1.678469490898228287e+02
3.106774286530215079e+01 1.679040606848665504e+02
3.104103482876258013e+01 1.679610029692238697e+02
3.101435881903913128e+01 1.680177762632680469e+02
3.098771481557981033e+01 1.680743808880661447e+02
3.096110279773757412e+01 1.681308171653674890e+02
3.093452274477117925e+01 1.681870854175920158e+02
3.090797463584600635e+01 1.682431859678188175e+02
3.088145845003490564e+01 1.682991191397747173e+02
3.085497416631900691e+01 1.683548852578228718e+02
3.082852176358854734e+01 1.684104846469514882e+02
3.080210122064368505e+01 1.684659176327625971e+02
3.077571251619530557e+01 1.685211845414608263e+02
3.074935562886582474e+01 1.685762856998423445e+02
3.072303053718999166e+01 1.686312214352837771e+02
3.069673721961567026e+01 1.686859920757312636e+02
3.067047565450463509e+01 1.687405979496895156e+02
3.064424582013335652e+01 1.687950393862109308e+02
3.061804769469377163e+01 1.688493167148848499e+02
3.059188125629405164e+01 1.689034302658268416e+02
3.056574648295937990e+01 1.689573803696679875e+02
3.053964335263270158e+01 1.690111673575443092e+02
3.051357184317549098e+01 1.690647915610862242e+02
3.048753193236849413e+01 1.691182533124080862e+02
3.046152359791247832e+01 1.691715529440978116e+02
3.043554681742897472e+01 1.692246907892064200e+02
3.040960156846101370e+01 1.692776671812378879e+02
3.038368782847385319e+01 1.693304824541388598e+02
3.035780557485571052e+01 1.693831369422884734e+02
3.033195478491848007e+01 1.694356309804883267e+02
3.030613543589845449e+01 1.694879649039523883e+02
3.028034750495703165e+01 1.695401390482970783e+02
3.025459096918142166e+01 1.695921537495313487e+02
3.022886580558535741e+01 1.696440093440468218e+02
3.020317199110978379e+01 1.696957061686080408e+02
3.017750950262355758e+01 1.697472445603427218e+02
3.015187831692412601e+01 1.697986248567321468e+02
3.012627841073822665e+01 1.698498473956014720e+02
3.010070976072255178e+01 1.699009125151103206e+02
3.007517234346443047e+01 1.699518205537432607e+02
3.004966613548249654e+01 1.700025718503003418e+02
3.002419111322736001e+01 1.700531667438878287e+02
2.999874725308226076e+01 1.701036055739088795e+02
2.997333453136372938e+01 1.701538886800543366e+02
2.994795292432224088e+01 1.702040164022935187e+02
2.992260240814286121e+01 1.702539890808652103e+02
2.989728295894589039e+01 1.703038070562685391e+02
2.987199455278750548e+01 1.703534706692539942e+02
2.984673716566038948e+01 1.704029802608145872e+02
2.982151077349436719e+01 1.704523361721768993e+02
2.979631535215703408e+01 1.705015387447923274e+02
2.977115087745437805e+01 1.705505883203283304e+02
2.974601732513139041e+01 1.705994852406597602e+02
2.972091467087268768e+01 1.706482298478602502e+02
2.969584289030311908e+01 1.706968224841936319e+02
2.967080195898837758e+01 1.707452634921054369e+02
2.964579185243559323e+01 1.707935532142144837e+02
2.962081254609393710e+01 1.708416919933044653e+02
2.959586401535521105e+01 1.708896801723155932e+02
2.957094623555444457e+01 1.709375180943364114e+02
2.954605918197047743e+01 1.709852061025955265e+02
2.952120282982653521e+01 1.710327445404535069e+02
2.949637715429081908e+01 1.710801337513947260e+02
2.947158213047706710e+01 1.711273740790194324e+02
2.944681773344514042e+01 1.711744658670356216e+02
2.942208393820157397e+01 1.712214094592512765e+02
2.939738071970015199e+01 1.712682051995664381e+02
2.937270805284245512e+01 1.713148534319653891e+02
2.934806591247842533e+01 1.713613545005088952e+02
2.932345427340691657e+01 1.714077087493265878e+02
2.929887311037623476e+01 1.714539165226092905e+02
2.927432239808469205e+01 1.714999781646014014e+02
2.924980211118113971e+01 1.715458940195934474e+02
2.922531222426550812e+01 1.715916644319145803e+02
2.920085271188933973e+01 1.716372897459251874e+02
2.917642354855631837e+01 1.716827703060095303e+02
2.915202470872279150e+01 1.717281064565684403e+02
2.912765616679830316e+01 1.717732985420120997e+02
2.910331789714610196e+01 1.718183469067528506e+02
2.907900987408365978e+01 1.718632518951980046e+02
2.905473207188319051e+01 1.719080138517429077e+02
2.903048446477214739e+01 1.719526331207637782e+02
2.900626702693373460e+01 1.719971100466107998e+02
2.898207973250740821e+01 1.720414449736011875e+02
2.895792255558937356e+01 1.720856382460123939e+02
2.893379547023308263e+01 1.721296902080752318e+02
2.890969845044972431e+01 1.721736012039671664e+02
2.888563147020871114e+01 1.722173715778055509e+02
2.886159450343816602e+01 1.722610016736410614e+02
2.883758752402540182e+01 1.723044918354510742e+02
2.881361050581740457e+01 1.723478424071331290e+02
2.878966342262130240e+01 1.723910537324984489e+02
2.876574624820484161e+01 1.724341261552654601e+02
2.874185895629685561e+01 1.724770600190534822e+02
2.871800152058773037e+01 1.725198556673763335e+02
2.869417391472986267e+01 1.725625134436361066e+02
2.867037611233812910e+01 1.726050336911169154e+02
2.864660808699033012e+01 1.726474167529786996e+02
2.862286981222765192e+01 1.726896629722511420e+02
2.859916126155511407e+01 1.727317726918275582e+02
2.857548240844201359e+01 1.727737462544588709e+02
2.855183322632237974e+01 1.728155840027476984e+02
2.852821368859540030e+01 1.728572862791423574e+02
2.850462376862586922e+01 1.728988534259310370e+02
2.848106343974462007e+01 1.729402857852359432e+02
2.845753267524895236e+01 1.729815836990075582e+02
2.843403144840307206e+01 1.730227475090188989e+02
2.841055973243851085e+01 1.730637775568598045e+02
2.838711750055454530e+01 1.731046741839314222e+02
2.836370472591863034e+01 1.731454377314404951e+02
2.834032138166680070e+01 1.731860685403939044e+02
2.831696744090409723e+01 1.732265669515932132e+02
2.829364287670497902e+01 1.732669333056291805e+02
2.827034766211372485e+01 1.733071679428763616e+02
2.824708177014484889e+01 1.733472712034878782e+02
2.822384517378349500e+01 1.733872434273899898e+02
2.820063784598584533e+01 1.734270849542769781e+02
2.817745975967951466e+01 1.734667961236058318e+02
2.815431088776394830e+01 1.735063772745911876e+02
2.813119120311081289e+01 1.735458287462001863e+02
2.810810067856439076e+01 1.735851508771474414e+02
2.808503928694195650e+01 1.736243440058900092e+02
2.806200700103417489e+01 1.736634084706224428e+02
2.803900379360547745e+01 1.737023446092718473e+02
2.801602963739444263e+01 1.737411527594929908e+02
2.799308450511417234e+01 1.737798332586635581e+02
2.797016836945266505e+01 1.738183864438793194e+02
2.794728120307318875e+01 1.738568126519493262e+02
2.792442297861465761e+01 1.738951122193913363e+02
2.790159366869198720e+01 1.739332854824270953e+02
2.787879324589646401e+01 1.739713327769777322e+02
2.785602168279610780e+01 1.740092544386592408e+02
2.783327895193603396e+01 1.740470508027779033e+02
2.781056502583880530e+01 1.740847222043258284e+02
2.778787987700479079e+01 1.741222689779765744e+02
2.776522347791251022e+01 1.741596914580807152e+02
2.774259580101899658e+01 1.741969899786614917e+02
2.771999681876013000e+01 1.742341648734105490e+02
2.769742650355099656e+01 1.742712164756835875e+02
2.767488482778621517e+01 1.743081451184962702e+02
2.765237176384028928e+01 1.743449511345199312e+02
2.762988728406794436e+01 1.743816348560775111e+02
2.760743136080445836e+01 1.744181966151394363e+02
2.758500396636599916e+01 1.744546367433196110e+02
2.756260507304995144e+01 1.744909555718713250e+02
2.754023465313525065e+01 1.745271534316833311e+02
2.751789267888270629e+01 1.745632306532759515e+02
2.749557912253532876e+01 1.745991875667970987e+02
2.747329395631864557e+01 1.746350245020184957e+02
2.745103715244102816e+01 1.746707417883318669e+02
2.742880868309401166e+01 1.747063397547451586e+02
2.740660852045259688e+01 1.747418187298787586e+02
2.738443663667557715e+01 1.747771790419618867e+02
2.736229300390584385e+01 1.748124210188288998e+02
2.734017759427069905e+01 1.748475449879156827e+02
2.731809037988215749e+01 1.748825512762560663e+02
2.729603133283725569e+01 1.749174402104783042e+02
2.727400042521835033e+01 1.749522121168015758e+02
2.725199762909342382e+01 1.749868673210325483e+02
2.723002291651637918e+01 1.750214061485619084e+02
2.720807625952734199e+01 1.750558289243610375e+02
2.718615763015294462e+01 1.750901359729785725e+02
2.716426700040662823e+01 1.751243276185372224e+02
2.714240434228893051e+01 1.751584041847303581e+02
2.712056962778777347e+01 1.751923659948189140e+02
2.709876282887874765e+01 1.752262133716280914e+02
2.707698391752540346e+01 1.752599466375442319e+02
2.705523286567952823e+01 1.752935661145116910e+02
2.703350964528142697e+01 1.753270721240297121e+02
2.701181422826020295e+01 1.753604649871494701e+02
2.699014658653403487e+01 1.753937450244709169e+02
2.696850669201044681e+01 1.754269125561399107e+02
2.694689451658658896e+01 1.754599679018451752e+02
2.692531003214950047e+01 1.754929113808154852e+02
2.690375321057638658e+01 1.755257433118167114e+02
2.688222402373487796e+01 1.755584640131489778e+02
2.686072244348330429e+01 1.755910738026439049e+02
2.683924844167095358e+01 1.756235729976617961e+02
2.681780199013833155e+01 1.756559619150888523e+02
2.679638306071742804e+01 1.756882408713345569e+02
2.677499162523196574e+01 1.757204101823289193e+02
2.675362765549766664e+01 1.757524701635198880e+02
2.673229112332250423e+01 1.757844211298706796e+02
2.671098200050695226e+01 1.758162633958572769e+02
2.668970025884423691e+01 1.758479972754658434e+02
2.666844587012058554e+01 1.758796230821901929e+02
2.664721880611548244e+01 1.759111411290293461e+02
2.662601903860190333e+01 1.759425517284850571e+02
2.660484653934656762e+01 1.759738551925594265e+02
2.658370128011017641e+01 1.760050518327524856e+02
2.656258323264765409e+01 1.760361419600598651e+02
2.654149236870839346e+01 1.760671258849704657e+02
2.652042866003647958e+01 1.760980039174641547e+02
2.649939207837093846e+01 1.761287763670095501e+02
2.647838259544596795e+01 1.761594435425617178e+02
2.645740018299116869e+01 1.761900057525600403e+02
2.643644481273177149e+01 1.762204633049260565e+02
2.641551645638887535e+01 1.762508165070612165e+02
2.639461508567967130e+01 1.762810656658449204e+02
2.637374067231766261e+01 1.763112110876323300e+02
2.635289318801289582e+01 1.763412530782523504e+02
2.633207260447218090e+01 1.763711919430056412e+02
2.631127889339931869e+01 1.764010279866625979e+02
2.629051202649531405e+01 1.764307615134613627e+02
2.626977197545859610e+01 1.764603928271059488e+02
2.624905871198523144e+01 1.764899222307642788e+02
2.622837220776914791e+01 1.765193500270663947e+02
2.620771243450234067e+01 1.765486765181024964e+02
2.618707936387508894e+01 1.765779020054211799e+02
2.616647296757616203e+01 1.766070267900276747e+02
2.614589321729303251e+01 1.766360511723820252e+02
2.612534008471208580e+01 1.766649754523973570e+02
2.610481354151882272e+01 1.766937999294381996e+02
2.608431355939806195e+01 1.767225249023187814e+02
2.606384011003415324e+01 1.767511506693014098e+02
2.604339316511116564e+01 1.767796775280947656e+02
2.602297269631310073e+01 1.768081057758523400e+02
2.600257867532408795e+01 1.768364357091708996e+02
2.598221107382857653e+01 1.768646676240888667e+02
2.596186986351153791e+01 1.768928018160848410e+02
2.594155501605866121e+01 1.769208385800760652e+02
2.592126650315654146e+01 1.769487782104169753e+02
2.590100429649287861e+01 1.769766210008977509e+02
2.588076836775666223e+01 1.770043672447428662e+02
2.586055868863836693e+01 1.770320172346097536e+02
2.584037523083013355e+01 1.770595712625873546e+02
2.582021796602596098e+01 1.770870296201948406e+02
2.580008686592189093e+01 1.771143925983802205e+02
2.577998190221619268e+01 1.771416604875190899e+02
2.575990304660954067e+01 1.771688335774133236e+02
2.573985027080520638e+01 1.771959121572898823e+02
2.571982354650922886e+01 1.772228965157995049e+02
2.569982284543059947e+01 1.772497869410155715e+02
2.567984813928143595e+01 1.772765837204328818e+02
2.565989939977716361e+01 1.773032871409665177e+02
2.563997659863668233e+01 1.773298974889507065e+02
2.562007970758254771e+01 1.773564150501377128e+02
2.560020869834114166e+01 1.773828401096967298e+02
2.558036354264284284e+01 1.774091729522128276e+02
2.556054421222220085e+01 1.774354138616859302e+02
2.554075067881810313e+01 1.774615631215297640e+02
2.552098291417393483e+01 1.774876210145708626e+02
2.550124089003776007e+01 1.775135878230476294e+02
2.548152457816247818e+01 1.775394638286093425e+02
2.546183395030598717e+01 1.775652493123152169e+02
2.544216897823134715e+01 1.775909445546335235e+02
2.542252963370695085e+01 1.776165498354406793e+02
2.540291588850667281e+01 1.776420654340203953e+02
2.538332771441003644e+01 1.776674916290627948e+02
2.536376508320236667e+01 1.776928286986636465e+02
2.534422796667495348e+01 1.777180769203234831e+02
2.532471633662520105e+01 1.777432365709468627e+02
2.530523016485678767e+01 1.777683079268416009e+02
2.528576942317982201e+01 1.777932912637180323e+02
2.526633408341098885e+01 1.778181868566882713e+02
2.524692411737370179e+01 1.778429949802654733e+02
2.522753949689825959e+01 1.778677159083632091e+02
2.520818019382199537e+01 1.778923499142948117e+02
2.518884617998941522e+01 1.779168972707726368e+02
2.516953742725235088e+01 1.779413582499074948e+02
2.515025390747011613e+01 1.779657331232080821e+02
2.513099559250963466e+01 1.779900221615803559e+02
2.511176245424559283e+01 1.780142256353269090e+02
2.509255446456058891e+01 1.780383438141465149e+02
2.507337159534526094e+01 1.780623769671335310e+02
2.505421381849843598e+01 1.780863253627774156e+02
2.503508110592727220e+01 1.781101892689622161e+02
2.501597342954739389e+01 1.781339689529661143e+02
2.499689076128302645e+01 1.781576646814609433e+02
2.497783307306714207e+01 1.781812767205117325e+02
2.495880033684158761e+01 1.782048053355763386e+02
2.493979252455722317e+01 1.782282507915049905e+02
2.492080960817405355e+01 1.782516133525399198e+02
2.490185155966136321e+01 1.782748932823149914e+02
2.488291835099784777e+01 1.782980908438553342e+02
2.486400995417174542e+01 1.783212062995769998e+02
2.484512634118096486e+01 1.783442399112866497e+02
2.482626748403321670e+01 1.783671919401813284e+02
2.480743335474613787e+01 1.783900626468480084e+02
2.478862392534742654e+01 1.784128522912634764e+02
2.476983916787495588e+01 1.784355611327940210e+02
2.475107905437690903e+01 1.784581894301951763e+02
2.473234355691190345e+01 1.784807374416114953e+02
2.471363264754910816e+01 1.785032054245764073e+02
2.469494629836836808e+01 1.785255936360119620e+02
2.467628448146033193e+01 1.785479023322286594e+02
2.465764716892656239e+01 1.785701317689253642e+02
2.463903433287966749e+01 1.785922822011890503e+02
2.462044594544340725e+01 1.786143538834947719e+02
2.460188197875281801e+01 1.786363470697054652e+02
2.458334240495433320e+01 1.786582620130719192e+02
2.456482719620588995e+01 1.786800989662326913e+02
2.454633632467705340e+01 1.787018581812139359e+02
2.452786976254912332e+01 1.787235399094295190e+02
2.450942748201525490e+01 1.787451444016807898e+02
2.449100945528056883e+01 1.787666719081567521e+02
2.447261565456226151e+01 1.787881226784338651e+02
2.445424605208971514e+01 1.788094969614761851e+02
2.443590062010461139e+01 1.788307950056353377e+02
2.441757933086103804e+01 1.788520170586504889e+02
2.439928215662559907e+01 1.788731633676485160e+02
2.438100906967752479e+01 1.788942341791439219e+02
2.436276004230876779e+01 1.789152297390390345e+02
2.434453504682412373e+01 1.789361502926240064e+02
2.432633405554132722e+01 1.789569960845769572e+02
2.430815704079115847e+01 1.789777673589640870e+02
2.429000397491754626e+01 1.789984643592397333e+02
2.427187483027767456e+01 1.790190873282465986e+02
2.425376957924207844e+01 1.790396365082158638e+02
2.423568819419474707e+01 1.790601121407673304e+02
2.421763064753323036e+01 1.790805144669096194e+02
2.419959691166873128e+01 1.791008437270403704e+02
2.418158695902620536e+01 1.791211001609464404e+02
2.416360076204446372e+01 1.791412840078040460e+02
2.414563829317626542e+01 1.791613955061791046e+02
2.412769952488841341e+01 1.791814348940273760e+02
2.410978442966186108e+01 1.792014024086947472e+02
2.409189297999179402e+01 1.792212982869174880e+02
2.407402514838772944e+01 1.792411227648225633e+02
2.405618090737361214e+01 1.792608760779278612e+02
2.403836022948790330e+01 1.792805584611424763e+02
2.402056308728367995e+01 1.793001701487670800e+02
2.400278945332871672e+01 1.793197113744942044e+02
2.398503930020558172e+01 1.793391823714085547e+02
2.396731260051172896e+01 1.793585833719873790e+02
2.394960932685957999e+01 1.793779146081007809e+02
2.393192945187662346e+01 1.793971763110121458e+02
2.391427294820549321e+01 1.794163687113784249e+02
2.389663978850406068e+01 1.794354920392505903e+02
2.387902994544552016e+01 1.794545465240740043e+02
2.386144339171847406e+01 1.794735323946888172e+02
2.384388010002701819e+01 1.794924498793303940e+02
2.382634004309082698e+01 1.795112992056296832e+02
2.380882319364523880e+01 1.795300806006137577e+02
2.379132952444133764e+01 1.795487942907061836e+02
2.377385900824603482e+01 1.795674405017274466e+02
2.375641161784214717e+01 1.795860194588954926e+02
2.373898732602848582e+01 1.796045313868261530e+02
2.372158610561993797e+01 1.796229765095336575e+02
2.370420792944753430e+01 1.796413550504311161e+02
2.368685277035853787e+01 1.796596672323309747e+02
2.366952060121652224e+01 1.796779132774455832e+02
2.365221139490144964e+01 1.796960934073877070e+02
2.363492512430974557e+01 1.797142078431710388e+02
2.361766176235437698e+01 1.797322568052107385e+02
2.360042128196492683e+01 1.797502405133240018e+02
2.358320365608766878e+01 1.797681591867305997e+02
2.356600885768564879e+01 1.797860130440534476e+02
2.354883685973874918e+01 1.798038023033191735e+02
2.353168763524377027e+01 1.798215271819586860e+02
2.351456115721450146e+01 1.798391878968078004e+02
2.349745739868179228e+01 1.798567846641078347e+02
2.348037633269362701e+01 1.798743176995061503e+02
2.346331793231518859e+01 1.798917872180568622e+02
2.344628217062893683e+01 1.799091934342214074e+02
2.342926902073467588e+01 1.799265365618691703e+02
2.341227845574962174e+01 1.799438168142781649e+02
2.339531044880847688e+01 1.799610344041356313e+02
2.337836497306349059e+01 1.799781895435387185e+02
2.336144200168453366e+01 1.799952824439951655e+02
2.334454150785916582e+01 1.800123133164239277e+02
2.332766346479268904e+01 1.800292823711558867e+02
2.331080784570823283e+01 1.800461898179345042e+02
2.329397462384681106e+01 1.800630358659165893e+02
2.327716377246737878e+01 1.800798207236728672e+02
2.326037526484691043e+01 1.800965445991888032e+02
2.324360907428045664e+01 1.801132076998652849e+02
2.322686517408120466e+01 1.801298102325193327e+02
2.321014353758054938e+01 1.801463524033847818e+02
2.319344413812814665e+01 1.801628344181131354e+02
2.317676694909198432e+01 1.801792564817741891e+02
2.316011194385843197e+01 1.801956187988568274e+02
2.314347909583231555e+01 1.802119215732697626e+02
2.312686837843696352e+01 1.802281650083423585e+02
2.311027976511427084e+01 1.802443493068252849e+02
2.309371322932476644e+01 1.802604746708913979e+02
2.307716874454766298e+01 1.802765413021364509e+02
2.306064628428091368e+01 1.802925494015799472e+02
2.304414582204127626e+01 1.803084991696658221e+02
2.302766733136436628e+01 1.803243908062633807e+02
2.301121078580471035e+01 1.803402245106680084e+02
2.299477615893581017e+01 1.803560004816019955e+02
2.297836342435019219e+01 1.803717189172153610e+02
2.296197255565946804e+01 1.803873800150867055e+02
2.294560352649437718e+01 1.804029839722240069e+02
2.292925631050485791e+01 1.804185309850654164e+02
2.291293088136008294e+01 1.804340212494801960e+02
2.289662721274853041e+01 1.804494549607694864e+02
2.288034527837801946e+01 1.804648323136671593e+02
2.286408505197577767e+01 1.804801535023406984e+02
2.284784650728848021e+01 1.804954187203920810e+02
2.283162961808231017e+01 1.805106281608585732e+02
2.281543435814300125e+01 1.805257820162136682e+02
2.279926070127589455e+01 1.805408804783679386e+02
2.278310862130598835e+01 1.805559237386699181e+02
2.276697809207798073e+01 1.805709119879069533e+02
2.275086908745632641e+01 1.805858454163061708e+02
2.273478158132527938e+01 1.806007242135352726e+02
2.271871554758894263e+01 1.806155485687035593e+02
2.270267096017131792e+01 1.806303186703627262e+02
2.268664779301635193e+01 1.806450347065078006e+02
2.267064602008797891e+01 1.806596968645781089e+02
2.265466561537017398e+01 1.806743053314581573e+02
2.263870655286699218e+01 1.806888602934785126e+02
2.262276880660261824e+01 1.807033619364167976e+02
2.260685235062140919e+01 1.807178104454985714e+02
2.259095715898793699e+01 1.807322060053983250e+02
2.257508320578704186e+01 1.807465488002403617e+02
2.255923046512386421e+01 1.807608390135997638e+02
2.254339891112389438e+01 1.807750768285033871e+02
2.252758851793301176e+01 1.807892624274307138e+02
2.251179925971753448e+01 1.808033959923148757e+02
2.249603111066425498e+01 1.808174777045435917e+02
2.248028404498047905e+01 1.808315077449601915e+02
2.246455803689407205e+01 1.808454862938644681e+02
2.244885306065350505e+01 1.808594135310137858e+02
2.243316909052787977e+01 1.808732896356239053e+02
2.241750610080698536e+01 1.808871147863700912e+02
2.240186406580132328e+01 1.809008891613880508e+02
2.238624295984216062e+01 1.809146129382748711e+02
2.237064275728155494e+01 1.809282862940900714e+02
2.235506343249240402e+01 1.809419094053565686e+02
2.233950495986847784e+01 1.809554824480616730e+02
2.232396731382445410e+01 1.809690055976581107e+02
2.230845046879596794e+01 1.809824790290649617e+02
2.229295439923962974e+01 1.809959029166687685e+02
2.227747907963307838e+01 1.810092774343244457e+02
2.226202448447500970e+01 1.810226027553563313e+02
2.224659058828521196e+01 1.810358790525592099e+02
2.223117736560460500e+01 1.810491064981993077e+02
2.221578479099526859e+01 1.810622852640153440e+02
2.220041283904048512e+01 1.810754155212194974e+02
2.218506148434476799e+01 1.810884974404985144e+02
2.216973070153390069e+01 1.811015311920146758e+02
2.215442046525496522e+01 1.811145169454068196e+02
2.213913075017637766e+01 1.811274548697914213e+02
2.212386153098792008e+01 1.811403451337635886e+02
2.210861278240077255e+01 1.811531879053981413e+02
2.209338447914755221e+01 1.811659833522506062e+02
2.207817659598233462e+01 1.811787316413583255e+02
2.206298910768068922e+01 1.811914329392413947e+02
2.204782198903971491e+01 1.812040874119038563e+02
2.203267521487806846e+01 1.812166952248345808e+02
2.201754876003598937e+01 1.812292565430084892e+02
2.200244259937533187e+01 1.812417715308874904e+02
2.198735670777960394e+01 1.812542403524215899e+02
2.197229106015398870e+01 1.812666631710499416e+02
2.195724563142537278e+01 1.812790401497018706e+02
2.194222039654237477e+01 1.812913714507980103e+02
2.192721533047538074e+01 1.813036572362512970e+02
2.191223040821656554e+01 1.813158976674680787e+02
2.189726560477992479e+01 1.813280929053491946e+02
2.188232089520129620e+01 1.813402431102909702e+02
2.186739625453839153e+01 1.813523484421863827e+02
2.185249165787082504e+01 1.813644090604261123e+02
2.183760708030013831e+01 1.813764251238995371e+02
2.182274249694982160e+01 1.813883967909959551e+02
2.180789788296534937e+01 1.814003242196055226e+02
2.179307321351419802e+01 1.814122075671204470e+02
2.177826846378587078e+01 1.814240469904359827e+02
2.176348360899192969e+01 1.814358426459515670e+02
2.174871862436601688e+01 1.814475946895718721e+02
2.173397348516387595e+01 1.814593032767079421e+02
2.171924816666337676e+01 1.814709685622782445e+02
2.170454264416454393e+01 1.814825907007097499e+02
2.168985689298957809e+01 1.814941698459390409e+02
2.167519088848287723e+01 1.815057061514133920e+02
2.166054460601105802e+01 1.815171997700919064e+02
2.164591802096298778e+01 1.815286508544465676e+02
2.163131110874979157e+01 1.815400595564633193e+02
2.161672384480488773e+01 1.815514260276432310e+02
2.160215620458400565e+01 1.815627504190034927e+02
2.158760816356520351e+01 1.815740328810786366e+02
2.157307969724889318e+01 1.815852735639215325e+02
2.155857078115785797e+01 1.815964726171045527e+02
2.154408139083728102e+01 1.816076301897206520e+02
2.152961150185475958e+01 1.816187464303844763e+02
2.151516108980031916e+01 1.816298214872334142e+02
2.150073013028644553e+01 1.816408555079288192e+02
2.148631859894809892e+01 1.816518486396570040e+02
2.147192647144272826e+01 1.816628010291303781e+02
2.145755372345029954e+01 1.816737128225885840e+02
2.144320033067331011e+01 1.816845841657995777e+02
2.142886626883680279e+01 1.816954152040607369e+02
2.141455151368839438e+01 1.817062060821999978e+02
2.140025604099827916e+01 1.817169569445769355e+02
2.138597982655926444e+01 1.817276679350838435e+02
2.137172284618677054e+01 1.817383391971469280e+02
2.135748507571886279e+01 1.817489708737273588e+02
2.134326649101625506e+01 1.817595631073224069e+02
2.132906706796233820e+01 1.817701160399665241e+02
2.131488678246319068e+01 1.817806298132324514e+02
2.130072561044759283e+01 1.817911045682324129e+02
2.128658352786704455e+01 1.818015404456191391e+02
2.127246051069578670e+01 1.818119375855870317e+02
2.125835653493080457e+01 1.818222961278732441e+02
2.124427157659185639e+01 1.818326162117587899e+02
2.123020561172148035e+01 1.818428979760697075e+02
2.121615861638500888e+01 1.818531415591781126e+02
2.120213056667058638e+01 1.818633470990033913e+02
2.118812143868918341e+01 1.818735147330132236e+02
2.117413120857460740e+01 1.818836445982247483e+02
2.116015985248352038e+01 1.818937368312056719e+02
2.114620734659544965e+01 1.819037915680753770e+02
2.113227366711279842e+01 1.819138089445060871e+02
2.111835879026087071e+01 1.819237890957238619e+02
2.110446269228786775e+01 1.819337321565098478e+02
2.109058534946491648e+01 1.819436382612012721e+02
2.107672673808606589e+01 1.819535075436926945e+02
2.106288683446831200e+01 1.819633401374369726e+02
2.104906561495160844e+01 1.819731361754464558e+02
2.103526305589887002e+01 1.819828957902941227e+02
2.102147913369599053e+01 1.819926191141146603e+02
2.100771382475185334e+01 1.820023062786055732e+02
2.099396710549834211e+01 1.820119574150282631e+02
2.098023895239035141e+01 1.820215726542092511e+02
2.096652934190579387e+01 1.820311521265411727e+02
2.095283825054562143e+01 1.820406959619839711e+02
2.093916565483381831e+01 1.820502042900659774e+02
2.092551153131742936e+01 1.820596772398850192e+02
2.091187585656655656e+01 1.820691149401095004e+02
2.089825860717437678e+01 1.820785175189795950e+02
2.088465975975714173e+01 1.820878851043083273e+02
2.087107929095419934e+01 1.820972178234825947e+02
2.085751717742799372e+01 1.821065158034644185e+02
2.084397339586407583e+01 1.821157791707919671e+02
2.083044792297111414e+01 1.821250080515806644e+02
2.081694073548089818e+01 1.821342025715243551e+02
2.080345181014835632e+01 1.821433628558963278e+02
2.078998112375155216e+01 1.821524890295504804e+02
2.077652865309169883e+01 1.821615812169224284e+02
2.076309437499316601e+01 1.821706395420305853e+02
2.074967826630348711e+01 1.821796641284772704e+02
2.073628030389336629e+01 1.821886550994498464e+02
2.072290046465668212e+01 1.821976125777217703e+02
2.070953872551049813e+01 1.822065366856537594e+02
2.069619506339507353e+01 1.822154275451948138e+02
2.068286945527385612e+01 1.822242852778834106e+02
2.066956187813350354e+01 1.822331100048485268e+02
2.065627230898387623e+01 1.822419018468108050e+02
2.064300072485805870e+01 1.822506609240835758e+02
2.062974710281234891e+01 1.822593873565739955e+02
2.061651141992627601e+01 1.822680812637841825e+02
2.060329365330259677e+01 1.822767427648122691e+02
2.059009378006730628e+01 1.822853719783535098e+02
2.057691177736964150e+01 1.822939690227013330e+02
2.056374762238208476e+01 1.823025340157485346e+02
2.055060129230037091e+01 1.823110670749882729e+02
2.053747276434349089e+01 1.823195683175152055e+02
2.052436201575369168e+01 1.823280378600265692e+02
2.051126902379648342e+01 1.823364758188233168e+02
2.049819376576065011e+01 1.823448823098111120e+02
2.048513621895823889e+01 1.823532574485014948e+02
2.047209636072457783e+01 1.823616013500129327e+02
2.045907416841827242e+01 1.823699141290719297e+02
2.044606961942120549e+01 1.823781959000141057e+02
2.043308269113854791e+01 1.823864467767852489e+02
2.042011336099875507e+01 1.823946668729424516e+02
2.040716160645357036e+01 1.824028563016551630e+02
2.039422740497803943e+01 1.824110151757062681e+02
2.038131073407049243e+01 1.824191436074931403e+02
2.036841157125255819e+01 1.824272417090287774e+02
2.035552989406916780e+01 1.824353095919428824e+02
2.034266568008855458e+01 1.824433473674828576e+02
2.032981890690224702e+01 1.824513551465149135e+02
2.031698955212508650e+01 1.824593330395252337e+02
2.030417759339521311e+01 1.824672811566209134e+02
2.029138300837407982e+01 1.824751996075310956e+02
2.027860577474644188e+01 1.824830885016080515e+02
2.026584587022037098e+01 1.824909479478282037e+02
2.025310327252724107e+01 1.824987780547932630e+02
2.024037795942173901e+01 1.825065789307311945e+02
2.022766990868186099e+01 1.825143506834973834e+02
2.021497909810891969e+01 1.825220934205756578e+02
2.020230550552753357e+01 1.825298072490793118e+02
2.018964910878563401e+01 1.825374922757522143e+02
2.017700988575446530e+01 1.825451486069698603e+02
2.016438781432858462e+01 1.825527763487404229e+02
2.015178287242585498e+01 1.825603756067058043e+02
2.013919503798745225e+01 1.825679464861426879e+02
2.012662428897786171e+01 1.825754890919636182e+02
2.011407060338487440e+01 1.825830035287180237e+02
2.010153395921959429e+01 1.825904899005932691e+02
2.008901433451642760e+01 1.825979483114157063e+02
2.007651170733308987e+01 1.826053788646517262e+02
2.006402605575059894e+01 1.826127816634088390e+02
2.005155735787327131e+01 1.826201568104366402e+02
