3.000000000000000000e+01 4.000000000000000000e+01
3.005080543330474541e+01 4.009813876400748711e+01
3.010008673768112430e+01 4.019538117516723474e+01
3.014787373678536397e+01 4.029173644763191220e+01
3.019419560329902197e+01 4.038721372303487556e+01
3.023908087502912778e+01 4.048182206968137820e+01
3.028255747059328939e+01 4.057557048180370174e+01
3.032465270469912255e+01 4.066846787887850923e+01
3.036539330302738549e+01 4.076052310500489995e+01
3.040480541672804549e+01 4.085174492834139670e+01
3.044291463653845753e+01 4.094214204060023832e+01
3.047974600653273924e+01 4.103172305659728636e+01
3.051532403751130218e+01 4.112049651385580518e+01
3.054967272003936785e+01 4.120847087226245975e+01
3.058281553714319756e+01 4.129565451377378338e+01
3.061477547667261589e+01 4.138205574217146676e+01
3.064557504333824767e+01 4.146768278286475606e+01
3.067523627043179957e+01 4.155254378273827598e+01
3.070378073123748308e+01 4.163664681004368617e+01
3.073122955014260782e+01 4.171999985433348712e+01
3.075760341345515059e+01 4.180261082643536241e+01
3.078292257993601311e+01 4.188448755846552984e+01
3.080720689105345045e+01 4.196563780387948839e+01
3.083047578096702779e+01 4.204606923755865466e+01
3.085274828624835308e+01 4.212578945593140389e+01
3.087404305534554538e+01 4.220480597712699478e+01
3.089437835779837727e+01 4.228312624116104246e+01
3.091377209321077402e+01 4.236075761015100483e+01
3.093224179998724566e+01 4.243770736856041736e+01
3.094980466383963602e+01 4.251398272347051233e+01
3.096647752607043813e+01 4.258959080487787929e+01
3.098227689163877940e+01 4.266453866601694500e+01
3.099721893701499909e+01 4.273883328370603607e+01
3.101131951782960172e+01 4.281248155871579542e+01
3.102459417632224969e+01 4.288549031615882257e+01
3.103705814859626955e+01 4.295786630589936550e+01
3.104872637168402250e+01 4.302961620298204082e+01
3.105961349042836517e+01 4.310074660807842406e+01
3.106973386418525962e+01 4.317126404795055805e+01
3.107910157335248158e+01 4.324117497593037029e+01
3.108773042572920886e+01 4.331048577241398334e+01
3.109563396271120084e+01 4.337920274537005838e+01
3.110282546532607739e+01 4.344733213086122703e+01
3.110931796011314887e+01 4.351488009357777287e+01
3.111512422485209584e+01 4.358185272738269589e+01
3.112025679414465529e+01 4.364825605586734980e+01
3.112472796485342030e+01 4.371409603291692747e+01
3.112854980140167171e+01 4.377937854328497735e+01
3.113173414093811076e+01 4.384410940317625460e+01
3.113429259837020169e+01 4.390829436083722470e+01
3.113623657126979083e+01 4.397193909715355176e+01
3.113757724465448362e+01 4.403504922625387508e+01
3.113832559564826141e+01 4.409763029611934115e+01
3.113849239802460644e+01 4.415968778919823734e+01
3.113808822663544262e+01 4.422122712302517300e+01
3.113712346172896872e+01 4.428225365084427523e+01
3.113560829315947487e+01 4.434277266223585912e+01
3.113355272449211597e+01 4.440278938374607520e+01
3.113096657700549486e+01 4.446230897951908645e+01
3.112785949359488669e+01 4.452133655193123474e+01
3.112424094257879048e+01 4.457987714222685582e+01
3.112012022141148293e+01 4.463793573115525959e+01
3.111550646030411471e+01 4.469551723960849898e+01
3.111040862575685750e+01 4.475262652925950846e+01
3.110483552400451046e+01 4.480926840320033477e+01
3.109879580437792157e+01 4.486544760657997699e+01
3.109229796258350831e+01 4.492116882724165805e+01
3.108535034390310159e+01 4.497643669635906605e+01
3.107796114631623752e+01 4.503125578907137339e+01
3.107013842354702504e+01 4.508563062511669983e+01
3.106189008803760743e+01 4.513956566946374949e+01
3.105322391385017866e+01 4.519306533294136585e+01
3.104414753949948391e+01 4.524613397286577055e+01
3.103466847071766566e+01 4.529877589366525115e+01
3.102479408315324960e+01 4.535099534750208505e+01
3.101453162500605742e+01 4.540279653489145772e+01
3.100388821959970187e+01 4.545418360531721902e+01
3.099287086789337664e+01 4.550516065784430708e+01
3.098148645093450781e+01 4.555573174172759821e+01
3.096974173225385130e+01 4.560590085701706187e+01
3.095764336020455332e+01 4.565567195515911436e+01
3.094519787024663771e+01 4.570504893959392234e+01
3.093241168717836942e+01 4.575403566634859942e+01
3.091929112731587281e+01 4.580263594462615373e+01
3.090584240062236177e+01 4.585085353739004432e+01
3.089207161278831038e+01 4.589869216194428247e+01
3.087798476726381480e+01 4.594615549050892156e+01
3.086358776724440034e+01 4.599324715079086445e+01
3.084888641761149941e+01 4.603997072654993872e+01
3.083388642682872671e+01 4.608632975816008326e+01
3.081859340879513809e+01 4.613232774316563933e+01
3.080301288465654963e+01 4.617796813683265356e+01
3.078715028457600766e+01 4.622325435269510763e+01
3.077101094946443283e+01 4.626818976309606768e+01
3.075460013267250048e+01 4.631277769972366798e+01
3.073792300164468116e+01 4.635702145414188635e+01
3.072098463953646430e+01 4.640092427831610422e+01
3.070379004679565327e+01 4.644448938513334468e+01
3.068634414270866628e+01 4.648771994891725257e+01
3.066865176691270278e+01 4.653061910593772410e+01
3.065071768087466353e+01 4.657318995491516489e+01
3.063254656933761666e+01 4.661543555751941881e+01
3.061414304173567302e+01 4.665735893886326124e+01
3.059551163357800974e+01 4.669896308799054196e+01
3.057665680780283779e+01 4.674025095835891364e+01
3.055758295610205266e+01 4.678122546831713180e+01
3.053829440021728914e+01 4.682188950157698315e+01
3.051879539320810864e+01 4.686224590767980658e+01
3.049909012069295500e+01 4.690229750245758567e+01
3.047918270206361058e+01 4.694204706848871211e+01
3.045907719167375305e+01 4.698149735554832063e+01
3.043877758000226308e+01 4.702065108105328761e+01
3.041828779479190814e+01 4.705951093050188661e+01
3.039761170216398156e+01 4.709807955790810041e+01
3.037675310770948656e+01 4.713635958623063971e+01
3.035571575755743723e+01 4.717435360779668230e+01
3.033450333942082366e+01 4.721206418472031885e+01
3.031311948362078468e+01 4.724949384931579743e+01
3.029156776408948559e+01 4.728664510450556691e+01
3.026985169935224462e+01 4.732352042422310490e+01
3.024797475348938391e+01 4.736012225381062990e+01
3.022594033707828487e+01 4.739645301041167613e+01
3.020375180811611671e+01 4.743251508335863065e+01
3.018141247292371787e+01 4.746831083455515454e+01
3.015892558703103887e+01 4.750384259885366589e+01
3.013629435604460838e+01 4.753911268442779914e+01
3.011352193649742404e+01 4.757412337313993334e+01
3.009061143668170146e+01 4.760887692090386025e+01
3.006756591746485441e+01 4.764337555804254265e+01
3.004438839308912179e+01 4.767762148964109770e+01
3.002108183195520041e+01 4.771161689589498422e+01
2.999764915739026705e+01 4.774536393245345778e+01
2.997409324840073808e+01 4.777886473075833607e+01
2.995041694041012548e+01 4.781212139837811037e+01
2.992662302598233381e+01 4.784513601933748106e+01
2.990271425553072859e+01 4.787791065444228167e+01
2.987869333801328864e+01 4.791044734159993368e+01
2.985456294161417645e+01 4.794274809613539645e+01
2.983032569441201787e+01 4.797481491110270468e+01
2.980598418503521430e+01 4.800664975759215025e+01
2.978154096330456113e+01 4.803825458503307289e+01
2.975699854086346008e+01 4.806963132149241602e+01
2.973235939179600251e+01 4.810078187396900518e+01
2.970762595323320454e+01 4.813170812868364123e+01
2.968280062594766378e+01 4.816241195136505837e+01
2.965788577493686518e+01 4.819289518753174661e+01
2.963288372999540599e+01 4.822315966276974564e+01
2.960779678627640976e+01 4.825320718300641687e+01
2.958262720484232133e+01 4.828303953478024368e+01
2.955737721320533851e+01 4.831265848550672359e+01
2.953204900585772208e+01 4.834206578374040220e+01
2.950664474479217958e+01 4.837126315943304888e+01
2.948116656001256075e+01 4.840025232418808798e+01
2.945561655003504953e+01 4.842903497151127112e+01
2.942999678238009054e+01 4.845761277705768322e+01
2.940430929405522775e+01 4.848598739887508913e+01
2.937855609202905427e+01 4.851416047764370632e+01
2.935273915369648279e+01 4.854213363691242478e+01
2.932686042733548248e+01 4.856990848333148847e+01
2.930092183255552385e+01 4.859748660688177324e+01
2.927492526073783807e+01 4.862486958110061153e+01
2.924887257546773967e+01 4.865205896330425617e+01
2.922276561295910824e+01 4.867905629480702601e+01
2.919660618247125683e+01 4.870586310113716166e+01
2.917039606671830398e+01 4.873248089224944124e+01
2.914413702227122727e+01 4.875891116273462700e+01
2.911783077995275093e+01 4.878515539202571460e+01
2.909147904522521344e+01 4.881121504460113414e+01
2.906508349857156759e+01 4.883709157018481761e+01
2.903864579586963046e+01 4.886278640394329642e+01
2.901216756875977154e+01 4.888830096667980030e+01
2.898565042500612776e+01 4.891363666502540752e+01
2.895909594885149829e+01 4.893879489162729612e+01
2.893250570136606115e+01 4.896377702533413867e+01
2.890588122079001465e+01 4.898858443137870466e+01
2.887922402287027523e+01 4.901321846155763495e+01
2.885253560119137362e+01 4.903768045440852319e+01
2.882581742750062759e+01 4.906197173538425460e+01
2.879907095202774769e+01 4.908609361702473706e+01
2.877229760379896106e+01 4.911004739912595340e+01
2.874549879094577776e+01 4.913383436890647715e+01
2.871867590100850265e+01 4.915745580117140889e+01
2.869183030123459588e+01 4.918091295847382582e+01
2.866496333887198489e+01 4.920420709127373726e+01
2.863807634145743819e+01 4.922733943809461721e+01
2.861117061710008969e+01 4.925031122567754949e+01
2.858424745476020234e+01 4.927312366913297836e+01
2.855730812452329559e+01 4.929577797209016410e+01
2.853035387786968613e+01 4.931827532684430793e+01
2.850338594793956304e+01 4.934061691450144593e+01
2.847640554979367522e+01 4.936280390512111893e+01
2.844941388066970944e+01 4.938483745785682544e+01
2.842241212023446550e+01 4.940671872109433593e+01
2.839540143083187473e+01 4.942844883258788258e+01
2.836838295772698260e+01 4.945002891959424574e+01
2.834135782934593095e+01 4.947146009900479413e+01
2.831432715751206430e+01 4.949274347747545733e+01
2.828729203767818490e+01 4.951388015155476552e+01
2.826025354915508103e+01 4.953487120780986430e+01
2.823321275533634633e+01 4.955571772295061805e+01
2.820617070391960723e+01 4.957642076395180197e+01
2.817912842712420485e+01 4.959698138817341828e+01
2.815208694190539518e+01 4.961740064347916501e+01
2.812504725016514229e+01 4.963767956835309292e+01
2.809801033895957545e+01 4.965781919201445760e+01
2.807097718070314230e+01 4.967782053453081659e+01
2.804394873336956451e+01 4.969768460692941403e+01
2.801692594068961739e+01 4.971741241130680322e+01
2.798990973234581148e+01 4.973700494093685620e+01
2.796290102416402945e+01 4.975646318037708227e+01
2.793590071830217525e+01 4.977578810557332645e+01
2.790890970343589572e+01 4.979498068396285504e+01
2.788192885494141393e+01 4.981404187457590638e+01
2.785495903507553450e+01 4.983297262813564288e+01
2.782800109315288850e+01 4.985177388715661806e+01
2.780105586572044984e+01 4.987044658604170877e+01
2.777412417672936584e+01 4.988899165117761214e+01
2.774720683770417651e+01 4.990741000102883618e+01
2.772030464790945103e+01 4.992570254623032611e+01
2.769341839451389120e+01 4.994387018967862701e+01
2.766654885275194786e+01 4.996191382662170355e+01
2.763969678608300740e+01 4.997983434474736697e+01
2.761286294634816230e+01 4.999763262427040189e+01
2.758604807392464409e+01 5.001530953801834301e+01
2.755925289787793275e+01 5.003286595151597282e+01
2.753247813611160311e+01 5.005030272306854044e+01
2.750572449551492937e+01 5.006762070384373686e+01
2.747899267210830487e+01 5.008482073795241973e+01
2.745228335118650875e+01 5.010190366252815153e+01
2.742559720745985530e+01 5.011887030780551555e+01
2.739893490519326136e+01 5.013572149719728088e+01
2.737229709834328162e+01 5.015245804737043045e+01
2.734568443069312238e+01 5.016908076832098828e+01
2.731909753598569068e+01 5.018559046344782359e+01
2.729253703805471432e+01 5.020198792962527534e+01
2.726600355095394690e+01 5.021827395727475363e+01
2.723949767908449360e+01 5.023444933043523974e+01
2.721302001732032139e+01 5.025051482683279147e+01
2.718657115113193967e+01 5.026647121794897544e+01
2.716015165670831166e+01 5.028231926908829763e+01
2.713376210107702846e+01 5.029805973944468178e+01
2.710740304222273878e+01 5.031369338216691744e+01
2.708107502920392662e+01 5.032922094442318439e+01
2.705477860226799791e+01 5.034464316746463197e+01
2.702851429296475416e+01 5.035996078668801346e+01
2.700228262425825321e+01 5.037517453169741088e+01
2.697608411063709966e+01 5.039028512636507884e+01
2.694991925822317214e+01 5.040529328889140004e+01
2.692378856487883709e+01 5.042019973186395987e+01
2.689769252031266333e+01 5.043500516231578956e+01
2.687163160618364444e+01 5.044971028178275674e+01
2.684560629620398942e+01 5.046431578636012460e+01
2.681961705624047809e+01 5.047882236675832246e+01
2.679366434441441314e+01 5.049323070835790617e+01
2.676774861120019366e+01 5.050754149126374415e+01
2.674187029952252104e+01 5.052175539035840757e+01
2.671602984485228305e+01 5.053587307535483575e+01
2.669022767530112361e+01 5.054989521084823423e+01
2.666446421171469794e+01 5.056382245636726225e+01
2.663873986776468428e+01 5.057765546642446708e+01
2.661305505003952021e+01 5.059139489056603622e+01
2.658741015813392039e+01 5.060504137342086040e+01
2.656180558473718634e+01 5.061859555474888595e+01
2.653624171572030477e+01 5.063205806948880650e+01
2.651071893022189130e+01 5.064542954780510087e+01
2.648523760073297240e+01 5.065871061513441731e+01
2.645979809318062337e+01 5.067190189223130403e+01
2.643440076701049790e+01 5.068500399521332866e+01
2.640904597526825626e+01 5.069801753560556534e+01
2.638373406467990279e+01 5.071094312038449914e+01
2.635846537573105408e+01 5.072378135202130522e+01
2.633324024274517328e+01 5.073653282852453827e+01
2.630805899396074921e+01 5.074919814348227476e+01
2.628292195160747369e+01 5.076177788610365837e+01
2.625782943198140984e+01 5.077427264125991258e+01
2.623278174551917274e+01 5.078668298952477045e+01
2.620777919687114021e+01 5.079900950721438591e+01
2.618282208497371144e+01 5.081125276642673327e+01
2.615791070312060995e+01 5.082341333508043135e+01
2.613304533903328064e+01 5.083549177695311272e+01
2.610822627493035242e+01 5.084748865171924592e+01
2.608345378759621269e+01 5.085940451498748160e+01
2.605872814844869012e+01 5.087123991833751546e+01
2.603404962360587049e+01 5.088299540935643961e+01
2.600941847395205286e+01 5.089467153167467472e+01
2.598483495520284947e+01 5.090626882500139061e+01
2.596029931796946144e+01 5.091778782515948620e+01
2.593581180782213380e+01 5.092922906412012907e+01
2.591137266535279338e+01 5.094059307003685433e+01
2.588698212623689798e+01 5.095188036727920888e+01
2.586264042129448981e+01 5.096309147646599769e+01
2.583834777655048498e+01 5.097422691449808951e+01
2.581410441329420280e+01 5.098528719459081060e+01
2.578991054813812767e+01 5.099627282630595460e+01
2.576576639307594618e+01 5.100718431558336619e+01
2.574167215553984889e+01 5.101802216477214813e+01
2.571762803845711787e+01 5.102878687266147750e+01
2.569363424030599674e+01 5.103947893451104534e+01
2.566969095517087140e+01 5.105009884208111259e+01
2.564579837279675800e+01 5.106064708366221083e+01
2.562195667864311588e+01 5.107112414410448054e+01
2.559816605393699263e+01 5.108153050484664703e+01
2.557442667572550121e+01 5.109186664394465538e+01
2.555073871692766829e+01 5.110213303609995705e+01
2.552710234638561815e+01 5.111233015268744850e+01
2.550351772891514202e+01 5.112245846178309705e+01
2.547998502535563503e+01 5.113251842819122572e+01
2.545650439261943987e+01 5.114251051347148547e+01
2.543307598374055090e+01 5.115243517596549339e+01
2.540969994792276410e+01 5.116229287082317256e+01
2.538637643058720172e+01 5.117208405002880056e+01
2.536310557341928273e+01 5.118180916242671685e+01
2.533988751441511056e+01 5.119146865374676736e+01
2.531672238792729956e+01 5.120106296662944345e+01
2.529361032471025084e+01 5.121059254065074384e+01
2.527055145196487373e+01 5.122005781234672384e+01
2.524754589338277100e+01 5.122945921523781010e+01
2.522459376918988028e+01 5.123879717985280990e+01
2.520169519618961473e+01 5.124807213375265746e+01
2.517885028780546008e+01 5.125728450155389737e+01
2.515605915412307070e+01 5.126643470495191934e+01
2.513332190193186833e+01 5.127552316274391586e+01
2.511063863476612923e+01 5.128455029085159822e+01
2.508800945294559170e+01 5.129351650234364968e+01
2.506543445361557332e+01 5.130242220745795834e+01
2.504291373078661920e+01 5.131126781362359424e+01
2.502044737537366359e+01 5.132005372548254485e+01
2.499803547523475089e+01 5.132878034491123032e+01
2.497567811520927350e+01 5.133744807104176289e+01
2.495337537715576914e+01 5.134605730028302162e+01
2.493112733998927411e+01 5.135460842634146417e+01
2.490893407971823592e+01 5.136310184024173253e+01
2.488679566948097843e+01 5.137153793034705984e+01
2.486471217958175828e+01 5.137991708237944266e+01
2.484268367752638440e+01 5.138823967943960014e+01
2.482071022805742544e+01 5.139650610202675551e+01
2.479879189318900501e+01 5.140471672805817605e+01
2.477692873224118486e+01 5.141287193288854240e+01
2.475512080187395725e+01 5.142097208932911911e+01
2.473336815612082873e+01 5.142901756766671184e+01
2.471167084642202738e+01 5.143700873568243992e+01
2.469002892165730856e+01 5.144494595867033837e+01
2.466844242817839472e+01 5.145282959945574675e+01
2.464691140984102802e+01 5.146066001841353454e+01
2.462543590803666049e+01 5.146843757348614190e+01
2.460401596172376770e+01 5.147616262020144262e+01
2.458265160745881062e+01 5.148383551169042960e+01
2.456134287942683869e+01 5.149145659870471547e+01
2.454008980947173768e+01 5.149902622963390542e+01
2.451889242712613282e+01 5.150654475052274961e+01
2.449775075964093674e+01 5.151401250508816787e+01
2.447666483201458121e+01 5.152142983473608950e+01
2.445563466702189359e+01 5.152879707857815816e+01
2.443466028524265354e+01 5.153611457344824487e+01
2.441374170508981578e+01 5.154338265391884022e+01
2.439287894283741664e+01 5.155060165231726188e+01
2.437207201264816092e+01 5.155777189874174127e+01
2.435132092660069247e+01 5.156489372107732549e+01
2.433062569471655934e+01 5.157196744501166563e+01
2.430998632498686618e+01 5.157899339405064865e+01
2.428940282339862478e+01 5.158597188953388013e+01
2.426887519396080961e+01 5.159290325065001781e+01
2.424840343873011861e+01 5.159978779445199848e+01
2.422798755783643543e+01 5.160662583587209440e+01
2.420762754950801110e+01 5.161341768773684890e+01
2.418732341009635789e+01 5.162016366078187701e+01
2.416707513410085895e+01 5.162686406366653813e+01
2.414688271419310794e+01 5.163351920298847375e+01
2.412674614124097161e+01 5.164012938329801017e+01
2.410666540433237870e+01 5.164669490711246169e+01
2.408664049079883895e+01 5.165321607493027045e+01
2.406667138623870983e+01 5.165969318524505383e+01
2.404675807454018965e+01 5.166612653455951687e+01
2.402690053790405855e+01 5.167251641739924395e+01
2.400709875686616002e+01 5.167886312632639800e+01
2.398735271031964444e+01 5.168516695195324928e+01
2.396766237553694623e+01 5.169142818295563302e+01
2.394802772819151571e+01 5.169764710608630054e+01
2.392844874237933439e+01 5.170382400618810692e+01
2.390892539064015310e+01 5.170995916620714183e+01
2.388945764397851690e+01 5.171605286720572536e+01
2.387004547188455561e+01 5.172210538837529015e+01
2.385068884235453268e+01 5.172811700704917115e+01
2.383138772191116672e+01 5.173408799871529595e+01
2.381214207562373630e+01 5.174001863702874005e+01
2.379295186712795385e+01 5.174590919382421106e+01
2.377381705864561567e+01 5.175175993912841932e+01
2.375473761100403891e+01 5.175757114117235602e+01
2.373571348365529232e+01 5.176334306640345062e+01
2.371674463469519267e+01 5.176907597949764295e+01
2.369783102088210924e+01 5.177477014337139138e+01
2.367897259765554807e+01 5.178042581919351051e+01
2.366016931915453725e+01 5.178604326639699451e+01
2.364142113823580615e+01 5.179162274269069854e+01
2.362272800649176574e+01 5.179716450407094186e+01
2.360408987426829341e+01 5.180266880483301861e+01
2.358550669068230832e+01 5.180813589758262339e+01
2.356697840363916185e+01 5.181356603324718435e+01
2.354850495984985059e+01 5.181895946108709694e+01
2.353008630484800534e+01 5.182431642870689359e+01
2.351172238300672035e+01 5.182963718206632109e+01
2.349341313755519423e+01 5.183492196549131137e+01
2.347515851059517900e+01 5.184017102168490254e+01
2.345695844311724088e+01 5.184538459173803915e+01
2.343881287501687183e+01 5.185056291514033688e+01
2.342072174511039151e+01 5.185570622979071942e+01
2.340268499115068934e+01 5.186081477200800549e+01
2.338470254984279251e+01 5.186588877654140362e+01
2.336677435685926696e+01 5.187092847658092865e+01
2.334890034685543725e+01 5.187593410376774727e+01
2.333108045348444648e+01 5.188090588820443827e+01
2.331331460941215639e+01 5.188584405846520298e+01
2.329560274633187689e+01 5.189074884160594081e+01
2.327794479497892510e+01 5.189562046317432475e+01
2.326034068514504938e+01 5.190045914721975606e+01
2.324279034569266855e+01 5.190526511630324080e+01
2.322529370456897269e+01 5.191003859150723088e+01
2.320785068881986035e+01 5.191477979244536556e+01
2.319046122460372672e+01 5.191948893727216330e+01
2.317312523720510242e+01 5.192416624269260694e+01
2.315584265104813255e+01 5.192881192397171475e+01
2.313861338970992065e+01 5.193342619494397638e+01
2.312143737593372350e+01 5.193800926802279605e+01
2.310431453164198956e+01 5.194256135420980058e+01
2.308724477794927310e+01 5.194708266310411915e+01
2.307022803517499199e+01 5.195157340291159187e+01
2.305326422285605048e+01 5.195603378045391452e+01
2.303635325975933057e+01 5.196046400117769792e+01
2.301949506389403055e+01 5.196486426916349899e+01
2.300268955252388281e+01 5.196923478713475220e+01
2.298593664217923305e+01 5.197357575646665850e+01
2.296923624866898450e+01 5.197788737719502450e+01
2.295258828709241783e+01 5.198216984802501628e+01
2.293599267185086532e+01 5.198642336633984939e+01
2.291944931665928209e+01 5.199064812820945036e+01
2.290295813455766805e+01 5.199484432839901871e+01
2.288651903792237974e+01 5.199901216037757479e+01
2.287013193847730008e+01 5.200315181632639394e+01
2.285379674730491217e+01 5.200726348714743352e+01
2.283751337485722033e+01 5.201134736247168178e+01
2.282128173096658230e+01 5.201540363066743566e+01
2.280510172485639941e+01 5.201943247884855026e+01
2.278897326515169297e+01 5.202343409288261000e+01
2.277289625988957766e+01 5.202740865739905018e+01
2.275687061652960708e+01 5.203135635579723584e+01
2.274089624196400550e+01 5.203527737025446243e+01
2.272497304252780026e+01 5.203917188173392816e+01
2.270910092400881908e+01 5.204304006999263521e+01
2.269327979165760922e+01 5.204688211358924121e+01
2.267750955019721104e+01 5.205069818989186103e+01
2.266179010383285686e+01 5.205448847508582588e+01
2.264612135626154199e+01 5.205825314418136429e+01
2.263050321068149628e+01 5.206199237102125466e+01
2.261493556980155617e+01 5.206570632828842093e+01
2.259941833585042303e+01 5.206939518751347862e+01
2.258395141058583278e+01 5.207305911908222384e+01
2.256853469530360456e+01 5.207669829224308700e+01
2.255316809084661500e+01 5.208031287511450813e+01
2.253785149761364792e+01 5.208390303469231952e+01
2.252258481556816605e+01 5.208746893685700030e+01
2.250736794424697251e+01 5.209101074638095952e+01
2.249220078276878354e+01 5.209452862693573394e+01
2.247708322984270168e+01 5.209802274109912190e+01
2.246201518377660378e+01 5.210149325036232426e+01
2.244699654248541520e+01 5.210494031513697877e+01
2.243202720349932022e+01 5.210836409476219444e+01
2.241710706397186215e+01 5.211176474751150778e+01
2.240223602068795472e+01 5.211514243059981766e+01
2.238741397007181178e+01 5.211849730019027049e+01
2.237264080819478451e+01 5.212182951140107434e+01
2.235791643078310997e+01 5.212513921831230590e+01
2.234324073322557425e+01 5.212842657397266066e+01
2.232861361058109395e+01 5.213169173040613913e+01
2.231403495758620892e+01 5.213493483861872591e+01
2.229950466866248604e+01 5.213815604860499775e+01
2.228502263792385563e+01 5.214135550935468899e+01
2.227058875918384473e+01 5.214453336885924273e+01
2.225620292596274652e+01 5.214768977411827677e+01
2.224186503149470795e+01 5.215082487114605669e+01
2.222757496873472505e+01 5.215393880497788359e+01
2.221333263036557071e+01 5.215703171967646057e+01
2.219913790880464077e+01 5.216010375833823787e+01
2.218499069621072550e+01 5.216315506309967276e+01
2.217089088449069934e+01 5.216618577514348942e+01
2.215683836530613959e+01 5.216919603470486066e+01
2.214283303007987413e+01 5.217218598107761096e+01
2.212887477000244374e+01 5.217515575262029870e+01
2.211496347603849699e+01 5.217810548676233395e+01
2.210109903893312122e+01 5.218103532001000389e+01
2.208728134921808817e+01 5.218394538795250526e+01
2.207351029721803215e+01 5.218683582526788456e+01
2.205978577305656430e+01 5.218970676572899237e+01
2.204610766666230859e+01 5.219255834220938084e+01
2.203247586777488110e+01 5.219539068668913728e+01
2.201889026595078036e+01 5.219820393026072480e+01
2.200535075056923873e+01 5.220099820313476613e+01
2.199185721083797418e+01 5.220377363464577769e+01
2.197840953579891021e+01 5.220653035325788238e+01
2.196500761433379978e+01 5.220926848657049391e+01
2.195165133516980305e+01 5.221198816132393716e+01
2.193834058688499766e+01 5.221468950340506865e+01
2.192507525791382150e+01 5.221737263785283290e+01
2.191185523655245149e+01 5.222003768886379760e+01
2.189868041096412554e+01 5.222268477979764612e+01
2.188555066918440772e+01 5.222531403318264154e+01
2.187246589912637518e+01 5.222792557072105524e+01
2.185942598858575892e+01 5.223051951329456699e+01
2.184643082524602065e+01 5.223309598096960116e+01
2.183348029668337631e+01 5.223565509300268417e+01
2.182057429037174501e+01 5.223819696784570965e+01
2.180771269368765886e+01 5.224072172315121065e+01
2.179489539391510178e+01 5.224322947577757503e+01
2.178212227825030567e+01 5.224572034179424662e+01
2.176939323380647195e+01 5.224819443648688377e+01
2.175670814761845051e+01 5.225065187436248948e+01
2.174406690664736175e+01 5.225309276915449175e+01
2.173146939778516185e+01 5.225551723382782399e+01
2.171891550785915470e+01 5.225792538058394143e+01
2.170640512363644703e+01 5.226031732086583048e+01
2.169393813182835729e+01 5.226269316536297538e+01
2.168151441909477484e+01 5.226505302401628228e+01
2.166913387204844810e+01 5.226739700602300331e+01
2.165679637725924067e+01 5.226972521984161091e+01
2.164450182125834132e+01 5.227203777319661526e+01
2.163225009054239223e+01 5.227433477308341025e+01
2.162004107157760657e+01 5.227661632577303408e+01
2.160787465080381153e+01 5.227888253681693698e+01
2.159575071463844154e+01 5.228113351105169926e+01
2.158366914948050663e+01 5.228336935260372087e+01
2.157162984171448983e+01 5.228559016489388966e+01
2.155963267771419467e+01 5.228779605064221414e+01
2.154767754384657863e+01 5.228998711187244197e+01
2.153576432647549410e+01 5.229216344991661458e+01
2.152389291196541876e+01 5.229432516541962883e+01
2.151206318668513262e+01 5.229647235834374897e+01
2.150027503701133824e+01 5.229860512797311145e+01
2.148852834933224187e+01 5.230072357291818008e+01
2.147682301005109906e+01 5.230282779112016556e+01
2.146515890558970696e+01 5.230491787985545926e+01
2.145353592239186113e+01 5.230699393573999600e+01
2.144195394692675904e+01 5.230905605473360964e+01
2.143041286569236803e+01 5.231110433214434607e+01
2.141891256521875420e+01 5.231313886263278334e+01
2.140745293207136157e+01 5.231515974021628068e+01
2.139603385285425574e+01 5.231716705827323466e+01
2.138465521421333193e+01 5.231916090954729270e+01
2.137331690283946273e+01 5.232114138615153820e+01
2.136201880547163157e+01 5.232310857957264716e+01
2.135076080890000938e+01 5.232506258067505200e+01
2.133954279996899572e+01 5.232700347970502719e+01
2.132836466558023147e+01 5.232893136629477482e+01
2.131722629269555824e+01 5.233084632946651027e+01
2.130612756833994226e+01 5.233274845763646965e+01
2.129506837960436982e+01 5.233463783861892438e+01
2.128404861364870015e+01 5.233651455963016730e+01
2.127306815770448267e+01 5.233837870729247754e+01
2.126212689907773168e+01 5.234023036763804271e+01
2.125122472515167615e+01 5.234206962611288105e+01
2.124036152338945982e+01 5.234389656758069975e+01
2.122953718133682344e+01 5.234571127632678156e+01
2.121875158662473737e+01 5.234751383606180752e+01
2.120800462697199862e+01 5.234930432992566551e+01
2.119729619018780653e+01 5.235108284049124450e+01
2.118662616417429945e+01 5.235284944976819332e+01
2.117599443692904870e+01 5.235460423920665107e+01
2.116540089654753132e+01 5.235634728970098450e+01
2.115484543122555650e+01 5.235807868159345446e+01
2.114432792926167792e+01 5.235979849467789649e+01
2.113384827905955632e+01 5.236150680820337300e+01
2.112340636913030067e+01 5.236320370087778286e+01
2.111300208809477397e+01 5.236488925087147095e+01
2.110263532468585979e+01 5.236656353582078793e+01
2.109230596775072186e+01 5.236822663283166435e+01
2.108201390625299965e+01 5.236987861848313486e+01
2.107175902927500033e+01 5.237151956883084125e+01
2.106154122601985179e+01 5.237314955941052119e+01
2.105136038581362001e+01 5.237476866524148278e+01
2.104121639810740163e+01 5.237637696083002936e+01
2.103110915247939161e+01 5.237797452017289146e+01
2.102103853863691896e+01 5.237956141676063027e+01
2.101100444641844689e+01 5.238113772358100562e+01
2.100100676579555525e+01 5.238270351312233686e+01
2.099104538687489097e+01 5.238425885737683529e+01
2.098112019990007937e+01 5.238580382784391531e+01
2.097123109525363560e+01 5.238733849553348421e+01
2.096137796345881910e+01 5.238886293096923197e+01
2.095156069518147746e+01 5.239037720419186428e+01
2.094177918123185833e+01 5.239188138476232837e+01
2.093203331256640354e+01 5.239337554176503886e+01
2.092232298028949700e+01 5.239485974381105393e+01
2.091264807565521622e+01 5.239633405904124430e+01
2.090300849006902340e+01 5.239779855512945517e+01
2.089340411508946715e+01 5.239925329928561837e+01
2.088383484242982746e+01 5.240069835825887168e+01
2.087430056395975697e+01 5.240213379834062835e+01
2.086480117170688686e+01 5.240355968536767506e+01
2.085533655785842200e+01 5.240497608472519175e+01
2.084590661476268636e+01 5.240638306134979985e+01
2.083651123493066848e+01 5.240778067973256782e+01
2.082715031103753844e+01 5.240916900392199551e+01
2.081782373592412938e+01 5.241054809752699839e+01
2.080853140259841538e+01 5.241191802371984920e+01
2.079927320423694326e+01 5.241327884523911251e+01
2.079004903418626071e+01 5.241463062439256504e+01
2.078085878596431613e+01 5.241597342306009466e+01
2.077170235326183345e+01 5.241730730269656391e+01
2.076257962994366935e+01 5.241863232433468056e+01
2.075349051005014189e+01 5.241994854858783270e+01
2.074443488779834510e+01 5.242125603565291669e+01
2.073541265758343854e+01 5.242255484531314380e+01
2.072642371397991212e+01 5.242384503694081133e+01
2.071746795174284728e+01 5.242512666950008793e+01
2.070854526580912491e+01 5.242639980154975632e+01
2.069965555129865109e+01 5.242766449124594885e+01
2.069079870351552941e+01 5.242892079634485469e+01
2.068197461794924052e+01 5.243016877420543409e+01
2.067318319027577544e+01 5.243140848179208291e+01
2.066442431635877597e+01 5.243263997567729717e+01
2.065569789225062891e+01 5.243386331204433759e+01
2.064700381419356745e+01 5.243507854668983015e+01
2.063834197862073339e+01 5.243628573502639512e+01
2.062971228215722874e+01 5.243748493208524053e+01
2.062111462162114961e+01 5.243867619251873435e+01
2.061254889402459511e+01 5.243985957060298375e+01
2.060401499657466928e+01 5.244103512024035041e+01
2.059551282667445804e+01 5.244220289496200138e+01
2.058704228192397778e+01 5.244336294793041731e+01
2.057860326012112751e+01 5.244451533194187931e+01
2.057019565926261251e+01 5.244566009942896301e+01
2.056181937754484679e+01 5.244679730246298988e+01
2.055347431336484476e+01 5.244792699275647863e+01
2.054516036532109524e+01 5.244904922166557526e+01
2.053687743221441053e+01 5.245016404019247602e+01
2.052862541304877553e+01 5.245127149898781482e+01
2.052040420703216483e+01 5.245237164835306487e+01
2.051221371357734569e+01 5.245346453824289057e+01
2.050405383230267731e+01 5.245455021826750652e+01
2.049592446303287829e+01 5.245562873769502943e+01
2.048782550579979045e+01 5.245670014545378024e+01
2.047975686084311064e+01 5.245776449013460052e+01
2.047171842861113689e+01 5.245882181999315463e+01
2.046371010976146110e+01 5.245987218295218923e+01
2.045573180516167966e+01 5.246091562660381413e+01
2.044778341589006843e+01 5.246195219821174760e+01
2.043986484323625419e+01 5.246298194471353327e+01
2.043197598870186482e+01 5.246400491272277833e+01
2.042411675400117232e+01 5.246502114853134913e+01
2.041628704106170744e+01 5.246603069811155962e+01
2.040848675202487783e+01 5.246703360711836694e+01
2.040071578924656137e+01 5.246802992089149598e+01
2.039297405529768525e+01 5.246901968445762066e+01
2.038526145296479442e+01 5.247000294253248143e+01
2.037757788525061287e+01 5.247097973952300265e+01
2.036992325537457305e+01 5.247195011952941002e+01
2.036229746677335228e+01 5.247291412634730534e+01
2.035470042310138439e+01 5.247387180346976976e+01
2.034713202823136413e+01 5.247482319408939588e+01
2.033959218625472687e+01 5.247576834110036970e+01
2.033208080148213526e+01 5.247670728710048138e+01
2.032459777844393400e+01 5.247764007439316458e+01
2.031714302189061172e+01 5.247856674498950724e+01
2.030971643679322014e+01 5.247948734061024112e+01
2.030231792834382176e+01 5.248040190268773131e+01
2.029494740195589131e+01 5.248131047236794444e+01
2.028760476326472073e+01 5.248221309051240979e+01
2.028028991812781001e+01 5.248310979770016615e+01
2.027300277262524730e+01 5.248400063422968032e+01
2.026574323306007130e+01 5.248488564012078683e+01
2.025851120595863009e+01 5.248576485511657808e+01
2.025130659807092925e+01 5.248663831868531560e+01
2.024412931637095880e+01 5.248750607002229884e+01
2.023697926805701996e+01 5.248836814805172679e+01
2.022985636055203074e+01 5.248922459142858798e+01
2.022276050150383142e+01 5.249007543854046531e+01
2.021569159878547595e+01 5.249092072750939053e+01
2.020864956049550543e+01 5.249176049619366324e+01
2.020163429495822172e+01 5.249259478218966279e+01
2.019464571072394321e+01 5.249342362283363173e+01
2.018768371656924998e+01 5.249424705520346635e+01
2.018074822149722536e+01 5.249506511612049309e+01
2.017383913473769042e+01 5.249587784215123065e+01
2.016695636574741002e+01 5.249668526960913084e+01
2.016009982421030600e+01 5.249748743455631939e+01
2.015326942003765964e+01 5.249828437280532967e+01
2.014646506336829290e+01 5.249907611992080092e+01
2.013968666456875667e+01 5.249986271122119774e+01
2.013293413423349776e+01 5.250064418178050119e+01
2.012620738318501523e+01 5.250142056642987143e+01
2.011950632247402027e+01 5.250219189975933887e+01
2.011283086337957471e+01 5.250295821611944547e+01
2.010618091740922253e+01 5.250371954962290033e+01
2.009955639629912127e+01 5.250447593414622816e+01
2.009295721201415574e+01 5.250522740333136085e+01
2.008638327674804103e+01 5.250597399058729309e+01
2.007983450292342908e+01 5.250671572909165263e+01
2.007331080319199401e+01 5.250745265179230614e+01
2.006681209043451730e+01 5.250818479140895079e+01
2.006033827776096601e+01 5.250891218043467035e+01
2.005388927851054959e+01 5.250963485113750551e+01
2.004746500625178385e+01 5.251035283556200284e+01
2.004106537478254069e+01 5.251106616553075668e+01
2.003469029813009072e+01 5.251177487264592969e+01
2.002833969055113172e+01 5.251247898829078764e+01
2.002201346653182767e+01 5.251317854363119864e+01
2.001571154078781589e+01 5.251387356961714659e+01
2.000943382826422479e+01 5.251456409698419492e+01
2.000318024413567741e+01 5.251525015625499293e+01
1.999695070380628792e+01 5.251593177774072529e+01
1.999074512290964734e+01 5.251660899154259710e+01
1.998456341730881647e+01 5.251728182755324781e+01
1.997840550309628682e+01 5.251795031545822923e+01
1.997227129659396638e+01 5.251861448473740523e+01
1.996616071435312278e+01 5.251927436466638710e+01
1.996007367315435488e+01 5.251992998431795456e+01
1.995401009000752879e+01 5.252058137256343429e+01
1.994796988215172817e+01 5.252122855807411383e+01
1.994195296705517961e+01 5.252187156932261303e+01
1.993595926241518868e+01 5.252251043458426238e+01
1.992998868615805819e+01 5.252314518193846737e+01
1.992404115643900653e+01 5.252377583927005134e+01
1.991811659164207171e+01 5.252440243427062683e+01
1.991221491038002256e+01 5.252502499443991013e+01
1.990633603149424502e+01 5.252564354708706418e+01
1.990047987405464980e+01 5.252625811933200595e+01
1.989464635735953735e+01 5.252686873810672807e+01
1.988883540093548774e+01 5.252747543015659204e+01
1.988304692453723987e+01 5.252807822204162136e+01
1.987728084814754226e+01 5.252867714013779477e+01
1.987153709197703577e+01 5.252927221063830387e+01
1.986581557646409024e+01 5.252986345955483216e+01
1.986011622227467299e+01 5.253045091271881972e+01
1.985443895030217476e+01 5.253103459578269963e+01
1.984878368166727114e+01 5.253161453422114135e+01
1.984315033771773784e+01 5.253219075333228716e+01
1.983753884002829793e+01 5.253276327823896708e+01
1.983194911040042641e+01 5.253333213388993528e+01
1.982638107086219037e+01 5.253389734506106379e+01
1.982083464366804648e+01 5.253445893635652908e+01
1.981530975129865979e+01 5.253501693221003421e+01
1.980980631646070123e+01 5.253557135688596702e+01
1.980432426208665220e+01 5.253612223448058671e+01
1.979886351133459854e+01 5.253666958892318917e+01
1.979342398758801735e+01 5.253721344397726511e+01
1.978800561445556738e+01 5.253775382324165832e+01
1.978260831577086165e+01 5.253829075015168826e+01
1.977723201559224719e+01 5.253882424798030826e+01
1.977187663820258479e+01 5.253935433983923531e+01
1.976654210810900025e+01 5.253988104868005138e+01
1.976122835004266065e+01 5.254040439729533318e+01
1.975593528895852558e+01 5.254092440831974642e+01
1.975066285003510558e+01 5.254144110423114711e+01
1.974541095867420637e+01 5.254195450735167583e+01
1.974017954050068369e+01 5.254246463984883775e+01
1.973496852136217683e+01 5.254297152373657553e+01
1.972977782732884933e+01 5.254347518087634228e+01
1.972460738469312247e+01 5.254397563297816021e+01
1.971945711996940886e+01 5.254447290160167228e+01
1.971432695989383532e+01 5.254496700815719379e+01
1.970921683142396219e+01 5.254545797390674267e+01
1.970412666173850624e+01 5.254594581996508396e+01
1.969905637823705646e+01 5.254643056730074591e+01
1.969400590853977917e+01 5.254691223673703604e+01
1.968897518048713025e+01 5.254739084895305723e+01
1.968396412213956026e+01 5.254786642448472378e+01
1.967897266177721249e+01 5.254833898372572776e+01
1.967400072789962095e+01 5.254880854692856218e+01
1.966904824922540485e+01 5.254927513420548735e+01
1.966411515469195592e+01 5.254973876552951140e+01
1.965920137345513297e+01 5.255019946073535664e+01
1.965430683488893138e+01 5.255065723952042589e+01
1.964943146858518475e+01 5.255111212144577593e+01
1.964457520435322024e+01 5.255156412593703408e+01
1.963973797221954953e+01 5.255201327228537167e+01
1.963491970242753126e+01 5.255245957964842773e+01
1.963012032543704777e+01 5.255290306705123982e+01
1.962533977192416046e+01 5.255334375338718189e+01
1.962057797278077587e+01 5.255378165741886676e+01
1.961583485911431168e+01 5.255421679777906263e+01
1.961111036224734505e+01 5.255464919297160264e+01
1.960640441371727150e+01 5.255507886137228724e+01
1.960171694527595321e+01 5.255550582122976522e+01
1.959704788888937443e+01 5.255593009066643617e+01
1.959239717673727554e+01 5.255635168767931020e+01
1.958776474121280486e+01 5.255677063014091743e+01
1.958315051492216341e+01 5.255718693580013934e+01
1.957855443068423185e+01 5.255760062228308982e+01
1.957397642153021167e+01 5.255801170709398207e+01
1.956941642070326637e+01 5.255842020761595990e+01
1.956487436165813421e+01 5.255882614111195750e+01
1.956035017806077647e+01 5.255922952472552367e+01
1.955584380378799025e+01 5.255963037548168160e+01
1.955135517292703895e+01 5.256002871028773171e+01
1.954688421977527213e+01 5.256042454593407598e+01
1.954243087883974539e+01 5.256081789909505630e+01
1.953799508483683312e+01 5.256120878632974325e+01
1.953357677269185544e+01 5.256159722408274604e+01
1.952917587753867679e+01 5.256198322868502260e+01
1.952479233471932574e+01 5.256236681635466113e+01
1.952042607978360422e+01 5.256274800319767593e+01
1.951607704848869318e+01 5.256312680520878899e+01
1.951174517679875464e+01 5.256350323827220450e+01
1.950743040088453739e+01 5.256387731816239750e+01
1.950313265712298261e+01 5.256424906054485291e+01
1.949885188209681175e+01 5.256461848097685419e+01
1.949458801259413576e+01 5.256498559490822942e+01
1.949034098560805006e+01 5.256535041768209027e+01
1.948611073833621887e+01 5.256571296453560649e+01
1.948189720818047377e+01 5.256607325060071645e+01
1.947770033274641222e+01 5.256643129090488742e+01
1.947352004984297125e+01 5.256678710037182611e+01
1.946935629748202601e+01 5.256714069382223187e+01
1.946520901387797053e+01 5.256749208597447875e+01
1.946107813744730919e+01 5.256784129144536877e+01
1.945696360680822679e+01 5.256818832475082814e+01
1.945286536078018003e+01 5.256853320030659660e+01
1.944878333838347828e+01 5.256887593242895207e+01
1.944471747883885371e+01 5.256921653533540706e+01
1.944066772156704559e+01 5.256955502314536943e+01
1.943663400618837045e+01 5.256989140988087428e+01
1.943261627252230284e+01 5.257022570946722340e+01
1.942861446058704544e+01 5.257055793573368874e+01
1.942462851059909568e+01 5.257088810241418031e+01
1.942065836297282289e+01 5.257121622314789988e+01
1.941670395832003493e+01 5.257154231148002310e+01
1.941276523744954829e+01 5.257186638086233899e+01
1.940884214136675112e+01 5.257218844465392493e+01
1.940493461127317332e+01 5.257250851612178622e+01
1.940104258856604957e+01 5.257282660844148126e+01
1.939716601483787883e+01 5.257314273469779664e+01
1.939330483187599441e+01 5.257345690788535819e+01
1.938945898166211990e+01 5.257376914090927755e+01
1.938562840637193219e+01 5.257407944658576326e+01
1.938181304837461738e+01 5.257438783764275314e+01
1.937801285023243381e+01 5.257469432672053244e+01
1.937422775470026792e+01 5.257499892637234495e+01
1.937045770472518669e+01 5.257530164906501113e+01
1.936670264344600412e+01 5.257560250717952499e+01
1.936296251419282299e+01 5.257590151301164383e+01
1.935923726048660143e+01 5.257619867877252062e+01
1.935552682603869101e+01 5.257649401658925115e+01
1.935183115475040694e+01 5.257678753850550635e+01
1.934815019071256970e+01 5.257707925648208658e+01
1.934448387820505388e+01 5.257736918239751134e+01
1.934083216169634412e+01 5.257765732804860193e+01
1.933719498584308027e+01 5.257794370515104987e+01
1.933357229548961342e+01 5.257822832533997826e+01
1.932996403566754395e+01 5.257851120017052438e+01
1.932637015159527749e+01 5.257879234111837263e+01
1.932279058867756660e+01 5.257907175958033008e+01
1.931922529250506315e+01 5.257934946687488775e+01
1.931567420885385644e+01 5.257962547424274646e+01
1.931213728368502203e+01 5.257989979284737814e+01
1.930861446314417051e+01 5.258017243377555872e+01
1.930510569356098571e+01 5.258044340803791528e+01
1.930161092144877344e+01 5.258071272656945183e+01
1.929813009350399966e+01 5.258098040023007513e+01
1.929466315660583930e+01 5.258124643980513468e+01
1.929121005781571085e+01 5.258151085600593433e+01
1.928777074437682160e+01 5.258177365947025805e+01
1.928434516371371998e+01 5.258203486076287447e+01
1.928093326343181602e+01 5.258229447037605553e+01
1.927753499131694426e+01 5.258255249873009518e+01
1.927415029533488422e+01 5.258280895617379258e+01
1.927077912363091627e+01 5.258306385298497077e+01
1.926742142452935624e+01 5.258331719937097404e+01
1.926407714653309000e+01 5.258356900546913693e+01
1.926074623832311872e+01 5.258381928134730998e+01
1.925742864875810056e+01 5.258406803700432874e+01
1.925412432687388531e+01 5.258431528237048980e+01
1.925083322188304891e+01 5.258456102730805526e+01
1.924755528317444231e+01 5.258480528161170042e+01
1.924429046031271895e+01 5.258504805500900403e+01
1.924103870303788355e+01 5.258528935716093144e+01
1.923779996126482672e+01 5.258552919766226807e+01
1.923457418508285599e+01 5.258576758604210966e+01
1.923136132475524107e+01 5.258600453176432410e+01
1.922816133071875555e+01 5.258624004422798492e+01
1.922497415358320083e+01 5.258647413276784732e+01
1.922179974413095493e+01 5.258670680665478869e+01
1.921863805331651065e+01 5.258693807509626339e+01
1.921548903226600302e+01 5.258716794723674326e+01
1.921235263227676171e+01 5.258739643215815818e+01
1.920922880481683492e+01 5.258762353888032948e+01
1.920611750152453467e+01 5.258784927636141759e+01
1.920301867420796782e+01 5.258807365349834839e+01
1.919993227484458487e+01 5.258829667912724659e+01
1.919685825558070746e+01 5.258851836202384078e+01
1.919379656873107010e+01 5.258873871090391816e+01
1.919074716677835823e+01 5.258895773442372246e+01
1.918771000237274293e+01 5.258917544118038023e+01
1.918468502833142608e+01 5.258939183971230591e+01
1.918167219763817144e+01 5.258960693849963519e+01
1.917867146344284635e+01 5.258982074596460876e+01
1.917568277906096341e+01 5.259003327047199150e+01
1.917270609797320802e+01 5.259024452032947039e+01
1.916974137382498711e+01 5.259045450378805242e+01
1.916678856042597090e+01 5.259066322904246960e+01
1.916384761174962037e+01 5.259087070423156973e+01
1.916091848193273606e+01 5.259107693743870016e+01
1.915800112527499621e+01 5.259128193669211271e+01
1.915509549623849139e+01 5.259148570996533323e+01
1.915220154944727327e+01 5.259168826517755235e+01
1.914931923968688565e+01 5.259188961019401631e+01
1.914644852190391333e+01 5.259208975282638221e+01
1.914358935120551664e+01 5.259228870083310881e+01
1.914074168285898025e+01 5.259248646191982601e+01
1.913790547229124783e+01 5.259268304373971148e+01
1.913508067508846366e+01 5.259287845389383875e+01
1.913226724699552150e+01 5.259307269993156808e+01
1.912946514391559916e+01 5.259326578935089458e+01
1.912667432190970729e+01 5.259345772959879639e+01
1.912389473719623112e+01 5.259364852807161839e+01
1.912112634615047213e+01 5.259383819211540612e+01
1.911836910530419686e+01 5.259402672902626108e+01
1.911562297134517507e+01 5.259421414605070311e+01
1.911288790111672498e+01 5.259440045038601141e+01
1.911016385161726561e+01 5.259458564918055146e+01
1.910745077999985497e+01 5.259476974953413730e+01
1.910474864357173885e+01 5.259495275849837981e+01
1.910205739979389961e+01 5.259513468307699213e+01
1.909937700628059787e+01 5.259531553022615924e+01
1.909670742079892136e+01 5.259549530685484342e+01
1.909404860126833725e+01 5.259567401982513957e+01
1.909140050576023739e+01 5.259585167595258071e+01
1.908876309249748715e+01 5.259602828200647195e+01
1.908613631985397063e+01 5.259620384471021737e+01
1.908352014635414662e+01 5.259637837074164679e+01
1.908091453067259380e+01 5.259655186673331428e+01
1.907831943163357025e+01 5.259672433927283919e+01
1.907573480821055512e+01 5.259689579490320455e+01
1.907316061952580455e+01 5.259706624012306975e+01
1.907059682484990404e+01 5.259723568138709737e+01
1.906804338360131723e+01 5.259740412510623742e+01
1.906550025534594894e+01 5.259757157764804703e+01
1.906296739979669042e+01 5.259773804533698893e+01
1.906044477681297877e+01 5.259790353445473698e+01
1.905793234640034584e+01 5.259806805124047457e+01
1.905543006870998468e+01 5.259823160189119307e+01
1.905293790403829135e+01 5.259839419256197601e+01
1.905045581282643852e+01 5.259855582936630469e+01
1.904798375565992075e+01 5.259871651837634943e+01
1.904552169326811395e+01 5.259887626562324670e+01
1.904306958652384196e+01 5.259903507709739756e+01
1.904062739644292890e+01 5.259919295874874479e+01
1.903819508418376216e+01 5.259934991648706415e+01
1.903577261104684837e+01 5.259950595618222735e+01
1.903335993847437990e+01 5.259966108366450754e+01
1.903095702804979794e+01 5.259981530472483513e+01
1.902856384149735192e+01 5.259996862511507487e+01
1.902618034068165898e+01 5.260012105054831011e+01
1.902380648760727766e+01 5.260027258669910566e+01
1.902144224441826736e+01 5.260042323920377072e+01
1.901908757339774780e+01 5.260057301366064308e+01
1.901674243696747979e+01 5.260072191563033783e+01
1.901440679768741404e+01 5.260086995063601734e+01
1.901208061825527196e+01 5.260101712416366126e+01
1.900976386150610864e+01 5.260116344166230817e+01
1.900745649041188301e+01 5.260130890854432550e+01
1.900515846808102793e+01 5.260145353018566539e+01
1.900286975775801324e+01 5.260159731192611332e+01
1.900059032282293003e+01 5.260174025906954398e+01
1.899832012679105020e+01 5.260188237688417701e+01
1.899605913331240714e+01 5.260202367060281858e+01
1.899380730617136592e+01 5.260216414542310304e+01
1.899156460928618984e+01 5.260230380650774862e+01
1.898933100670863183e+01 5.260244265898480620e+01
1.898710646262349044e+01 5.260258070794788665e+01
1.898489094134820476e+01 5.260271795845640241e+01
1.898268440733241746e+01 5.260285441553582331e+01
1.898048682515755559e+01 5.260299008417788968e+01
1.897829815953641486e+01 5.260312496934086113e+01
1.897611837531273338e+01 5.260325907594975092e+01
1.897394743746077594e+01 5.260339240889655343e+01
1.897178531108490418e+01 5.260352497304047859e+01
1.896963196141917507e+01 5.260365677320816502e+01
1.896748735382690754e+01 5.260378781419392880e+01
1.896535145380027743e+01 5.260391810075997654e+01
1.896322422695989474e+01 5.260404763763663283e+01
1.896110563905439150e+01 5.260417642952256045e+01
1.895899565596000258e+01 5.260430448108498069e+01
1.895689424368015708e+01 5.260443179695989357e+01
1.895480136834506979e+01 5.260455838175229815e+01
1.895271699621131489e+01 5.260468424003639853e+01
1.895064109366142802e+01 5.260480937635582421e+01
1.894857362720349414e+01 5.260493379522385027e+01
1.894651456347073193e+01 5.260505750112359635e+01
1.894446386922108871e+01 5.260518049850824696e+01
1.894242151133683194e+01 5.260530279180125035e+01
1.894038745682414770e+01 5.260542438539653176e+01
1.893836167281272509e+01 5.260554528365869231e+01
1.893634412655535826e+01 5.260566549092322930e+01
1.893433478542753434e+01 5.260578501149671382e+01
1.893233361692704264e+01 5.260590384965701816e+01
1.893034058867356251e+01 5.260602200965349340e+01
1.892835566840825834e+01 5.260613949570717551e+01
1.892637882399338523e+01 5.260625631201099139e+01
1.892441002341189105e+01 5.260637246272993650e+01
1.892244923476700791e+01 5.260648795200128802e+01
1.892049642628186490e+01 5.260660278393478251e+01
1.891855156629907952e+01 5.260671696261280772e+01
1.891661462328036691e+01 5.260683049209061579e+01
1.891468556580614191e+01 5.260694337639647244e+01
1.891276436257512827e+01 5.260705561953188436e+01
1.891085098240396078e+01 5.260716722547174840e+01
1.890894539422679443e+01 5.260727819816457185e+01
1.890704756709491008e+01 5.260738854153262167e+01
1.890515747017632009e+01 5.260749825947213765e+01
1.890327507275538466e+01 5.260760735585349579e+01
1.890140034423242099e+01 5.260771583452137889e+01
1.889953325412330543e+01 5.260782369929497548e+01
1.889767377205910037e+01 5.260793095396815033e+01
1.889582186778565642e+01 5.260803760230960791e+01
1.889397751116322510e+01 5.260814364806309129e+01
1.889214067216608584e+01 5.260824909494752433e+01
1.889031132088214804e+01 5.260835394665720344e+01
1.888848942751257809e+01 5.260845820686197527e+01
1.888667496237140853e+01 5.260856187920738591e+01
1.888486789588516146e+01 5.260866496731485853e+01
1.888306819859246843e+01 5.260876747478187099e+01
1.888127584114368673e+01 5.260886940518209798e+01
1.887949079430052279e+01 5.260897076206559575e+01
1.887771302893565917e+01 5.260907154895896554e+01
1.887594251603236373e+01 5.260917176936550277e+01
1.887417922668412729e+01 5.260927142676536050e+01
1.887242313209428701e+01 5.260937052461572705e+01
1.887067420357564274e+01 5.260946906635096809e+01
1.886893241255009102e+01 5.260956705538279010e+01
1.886719773054825211e+01 5.260966449510038956e+01
1.886547012920909694e+01 5.260976138887062348e+01
1.886374958027957760e+01 5.260985774003815152e+01
1.886203605561425789e+01 5.260995355192559231e+01
1.886032952717494027e+01 5.261004882783368686e+01
1.885862996703030348e+01 5.261014357104143357e+01
1.885693734735553662e+01 5.261023778480623747e+01
1.885525164043196611e+01 5.261033147236408070e+01
1.885357281864669332e+01 5.261042463692965043e+01
1.885190085449223218e+01 5.261051728169649522e+01
1.885023572056615038e+01 5.261060940983716705e+01
1.884857738957069628e+01 5.261070102450336350e+01
1.884692583431244728e+01 5.261079212882608402e+01
1.884528102770194025e+01 5.261088272591576498e+01
1.884364294275332341e+01 5.261097281886241461e+01
1.884201155258398686e+01 5.261106241073576228e+01
1.884038683041421081e+01 5.261115150458540057e+01
1.883876874956681036e+01 5.261124010344091317e+01
1.883715728346676954e+01 5.261132821031203122e+01
1.883555240564090028e+01 5.261141582818875406e+01
1.883395408971747642e+01 5.261150296004149141e+01
1.883236230942589273e+01 5.261158960882119828e+01
1.883077703859629892e+01 5.261167577745950297e+01
1.882919825115926216e+01 5.261176146886884908e+01
1.882762592114540467e+01 5.261184668594262348e+01
1.882606002268506629e+01 5.261193143155529128e+01
1.882450053000794199e+01 5.261201570856252374e+01
1.882294741744275157e+01 5.261209951980132615e+01
1.882140065941687723e+01 5.261218286809016575e+01
1.881986023045602607e+01 5.261226575622909962e+01
1.881832610518388194e+01 5.261234818699990967e+01
1.881679825832177144e+01 5.261243016316621635e+01
1.881527666468830517e+01 5.261251168747360651e+01
1.881376129919904727e+01 5.261259276264976137e+01
1.881225213686617437e+01 5.261267339140458432e+01
1.881074915279812743e+01 5.261275357643030759e+01
1.880925232219928134e+01 5.261283332040162719e+01
1.880776162036960031e+01 5.261291262597582374e+01
1.880627702270431101e+01 5.261299149579286905e+01
1.880479850469355085e+01 5.261306993247555397e+01
1.880332604192204471e+01 5.261314793862961636e+01
1.880185961006876383e+01 5.261322551684383342e+01
1.880039918490659900e+01 5.261330266969016378e+01
1.879894474230202306e+01 5.261337939972385414e+01
1.879749625821475689e+01 5.261345570948353867e+01
1.879605370869744618e+01 5.261353160149137409e+01
1.879461706989532743e+01 5.261360707825314620e+01
1.879318631804590112e+01 5.261368214225837647e+01
1.879176142947859418e+01 5.261375679598043575e+01
1.879034238061445095e+01 5.261383104187665793e+01
1.878892914796578850e+01 5.261390488238845364e+01
1.878752170813588407e+01 5.261397831994141683e+01
1.878612003781864814e+01 5.261405135694541713e+01
1.878472411379830120e+01 5.261412399579473487e+01
1.878333391294904331e+01 5.261419623886814634e+01
1.878194941223474501e+01 5.261426808852903747e+01
1.878057058870862051e+01 5.261433954712551753e+01
1.877919741951290789e+01 5.261441061699050437e+01
1.877782988187854940e+01 5.261448130044185234e+01
1.877646795312487882e+01 5.261455159978243046e+01
1.877511161065930168e+01 5.261462151730025028e+01
1.877376083197697909e+01 5.261469105526853696e+01
1.877241559466051157e+01 5.261476021594586427e+01
1.877107587637962638e+01 5.261482900157623277e+01
1.876974165489086843e+01 5.261489741438916923e+01
1.876841290803727702e+01 5.261496545659983326e+01
1.876708961374808382e+01 5.261503313040911678e+01
1.876577175003840381e+01 5.261510043800373637e+01
1.876445929500891907e+01 5.261516738155633277e+01
1.876315222684557327e+01 5.261523396322556323e+01
1.876185052381926255e+01 5.261530018515620810e+01
1.876055416428553713e+01 5.261536604947924189e+01
1.875926312668427798e+01 5.261543155831194696e+01
1.875797738953941263e+01 5.261549671375801296e+01
1.875669693145859185e+01 5.261556151790760794e+01
1.875542173113290190e+01 5.261562597283748488e+01
1.875415176733655542e+01 5.261569008061106700e+01
1.875288701892658949e+01 5.261575384327854721e+01
1.875162746484256715e+01 5.261581726287696625e+01
1.875037308410627901e+01 5.261588034143031223e+01
1.874912385582143770e+01 5.261594308094959871e+01
1.874787975917339011e+01 5.261600548343297135e+01
1.874664077342881185e+01 5.261606755086577891e+01
1.874540687793542304e+01 5.261612928522065857e+01
1.874417805212167565e+01 5.261619068845763536e+01
1.874295427549647641e+01 5.261625176252420033e+01
1.874173552764888839e+01 5.261631250935539583e+01
1.874052178824782899e+01 5.261637293087390788e+01
1.873931303704179285e+01 5.261643302899013719e+01
1.873810925385855342e+01 5.261649280560228448e+01
1.873691041860487161e+01 5.261655226259644991e+01
1.873571651126621873e+01 5.261661140184668994e+01
1.873452751190647092e+01 5.261667022521512393e+01
1.873334340066763559e+01 5.261672873455199806e+01
1.873216415776956012e+01 5.261678693169577059e+01
1.873098976350965117e+01 5.261684481847319006e+01
1.872982019826257982e+01 5.261690239669938052e+01
1.872865544248001513e+01 5.261695966817791970e+01
1.872749547669032211e+01 5.261701663470091717e+01
1.872634028149829533e+01 5.261707329804907829e+01
1.872518983758487110e+01 5.261712965999179659e+01
1.872404412570685039e+01 5.261718572228722479e+01
1.872290312669661461e+01 5.261724148668236012e+01
1.872176682146185200e+01 5.261729695491310821e+01
1.872063519098528062e+01 5.261735212870435419e+01
1.871950821632437112e+01 5.261740700977005503e+01
1.871838587861106973e+01 5.261746159981330351e+01
1.871726815905152463e+01 5.261751590052639216e+01
1.871615503892581600e+01 5.261756991359090563e+01
1.871504649958767175e+01 5.261762364067777753e+01
1.871394252246420464e+01 5.261767708344736860e+01
1.871284308905564586e+01 5.261773024354953776e+01
1.871174818093506076e+01 5.261778312262370605e+01
1.871065777974808597e+01 5.261783572229894901e+01
1.870957186721266652e+01 5.261788804419403931e+01
1.870849042511878224e+01 5.261794008991753202e+01
1.870741343532817780e+01 5.261799186106782855e+01
1.870634087977409976e+01 5.261804335923324771e+01
1.870527274046103727e+01 5.261809458599208256e+01
1.870420899946444493e+01 5.261814554291269275e+01
1.870314963893049054e+01 5.261819623155354719e+01
1.870209464107578867e+01 5.261824665346330221e+01
1.870104398818713420e+01 5.261829681018086546e+01
1.869999766262125007e+01 5.261834670323545282e+01
1.869895564680452082e+01 5.261839633414667361e+01
1.869791792323273683e+01 5.261844570442458036e+01
1.869688447447082780e+01 5.261849481556973274e+01
1.869585528315261769e+01 5.261854366907326153e+01
1.869483033198055821e+01 5.261859226641693965e+01
1.869380960372547662e+01 5.261864060907324614e+01
1.869279308122631988e+01 5.261868869850541586e+01
1.869178074738989892e+01 5.261873653616751056e+01
1.869077258519063633e+01 5.261878412350447576e+01
1.868976857767031774e+01 5.261883146195221173e+01
1.868876870793783240e+01 5.261887855293762328e+01
1.868777295916892456e+01 5.261892539787867662e+01
1.868678131460594827e+01 5.261897199818447746e+01
1.868579375755761518e+01 5.261901835525532078e+01
1.868481027139873873e+01 5.261906447048274060e+01
1.868383083956999613e+01 5.261911034524958097e+01
1.868285544557767963e+01 5.261915598093004576e+01
1.868188407299344789e+01 5.261920137888976257e+01
1.868091670545407723e+01 5.261924654048584671e+01
1.867995332666122721e+01 5.261929146706693672e+01
1.867899392038118833e+01 5.261933615997327252e+01
1.867803847044464405e+01 5.261938062053673804e+01
1.867708696074642205e+01 5.261942485008092518e+01
1.867613937524525980e+01 5.261946884992119067e+01
1.867519569796356294e+01 5.261951262136469154e+01
1.867425591298716014e+01 5.261955616571047045e+01
1.867332000446507223e+01 5.261959948424949118e+01
1.867238795660927053e+01 5.261964257826468838e+01
1.867145975369443889e+01 5.261968544903103151e+01
1.867053538005773206e+01 5.261972809781557459e+01
1.866961482009855189e+01 5.261977052587751302e+01
1.866869805827830575e+01 5.261981273446823337e+01
1.866778507912016849e+01 5.261985472483135595e+01
1.866687586720885506e+01 5.261989649820280590e+01
1.866597040719038958e+01 5.261993805581084160e+01
1.866506868377186379e+01 5.261997939887611864e+01
1.866417068172121319e+01 5.262002052861174661e+01
1.866327638586698967e+01 5.262006144622333181e+01
1.866238578109812707e+01 5.262010215290901982e+01
1.866149885236371375e+01 5.262014264985955947e+01
1.866061558467276171e+01 5.262018293825833837e+01
1.865973596309398275e+01 5.262022301928143975e+01
1.865885997275556463e+01 5.262026289409769930e+01
1.865798759884494018e+01 5.262030256386872651e+01
1.865711882660856702e+01 5.262034202974898278e+01
1.865625364135169661e+01 5.262038129288581700e+01
1.865539202843816113e+01 5.262042035441950105e+01
1.865453397329014251e+01 5.262045921548329375e+01
1.865367946138795219e+01 5.262049787720348348e+01
1.865282847826981083e+01 5.262053634069942376e+01
1.865198100953163163e+01 5.262057460708359002e+01
1.865113704082679646e+01 5.262061267746162940e+01
1.865029655786593921e+01 5.262065055293238913e+01
1.864945954641672188e+01 5.262068823458797340e+01
1.864862599230362861e+01 5.262072572351378597e+01
1.864779588140773825e+01 5.262076302078857992e+01
1.864696919966651478e+01 5.262080012748449320e+01
1.864614593307359058e+01 5.262083704466708411e+01
1.864532606767854972e+01 5.262087377339540240e+01
1.864450958958672189e+01 5.262091031472200342e+01
1.864369648495895504e+01 5.262094666969300505e+01
1.864288674001142354e+01 5.262098283934813736e+01
1.864208034101539724e+01 5.262101882472076397e+01
1.864127727429704251e+01 5.262105462683793888e+01
1.864047752623720910e+01 5.262109024672044910e+01
1.863968108327122053e+01 5.262112568538285018e+01
1.863888793188866799e+01 5.262116094383350884e+01
1.863809805863319724e+01 5.262119602307463850e+01
1.863731145010230605e+01 5.262123092410234904e+01
1.863652809294713819e+01 5.262126564790668226e+01
1.863574797387227377e+01 5.262130019547164750e+01
1.863497107963553034e+01 5.262133456777527840e+01
1.863419739704774969e+01 5.262136876578964717e+01
1.863342691297260600e+01 5.262140279048092140e+01
1.863265961432639628e+01 5.262143664280939959e+01
1.863189548807783424e+01 5.262147032372955380e+01
1.863113452124785852e+01 5.262150383419004385e+01
1.863037670090942655e+01 5.262153717513378837e+01
1.862962201418731567e+01 5.262157034749798612e+01
1.862887044825792415e+01 5.262160335221415863e+01
1.862812199034906868e+01 5.262163619020817151e+01
1.862737662773979253e+01 5.262166886240029129e+01
1.862663434776016302e+01 5.262170136970521384e+01
1.862589513779108330e+01 5.262173371303210700e+01
1.862515898526408620e+01 5.262176589328463194e+01
1.862442587766114954e+01 5.262179791136099993e+01
1.862369580251449008e+01 5.262182976815398661e+01
1.862296874740637875e+01 5.262186146455098168e+01
1.862224469996894882e+01 5.262189300143401738e+01
1.862152364788399339e+01 5.262192437967981107e+01
1.862080557888278065e+01 5.262195560015979368e+01
1.862009048074586559e+01 5.262198666374013811e+01
1.861937834130289815e+01 5.262201757128181612e+01
1.861866914843242427e+01 5.262204832364060536e+01
1.861796289006171179e+01 5.262207892166713918e+01
1.861725955416655154e+01 5.262210936620692792e+01
1.861655912877106900e+01 5.262213965810041572e+01
1.861586160194755024e+01 5.262216979818298768e+01
1.861516696181623942e+01 5.262219978728501246e+01
1.861447519654516469e+01 5.262222962623188494e+01
1.861378629434994281e+01 5.262225931584403327e+01
1.861310024349360859e+01 5.262228885693698288e+01
1.861241703228641953e+01 5.262231825032137067e+01
1.861173664908567815e+01 5.262234749680296630e+01
1.861105908229554728e+01 5.262237659718272909e+01
1.861038432036687240e+01 5.262240555225682215e+01
1.860971235179699335e+01 5.262243436281664799e+01
1.860904316512957024e+01 5.262246302964887690e+01
1.860837674895439875e+01 5.262249155353548247e+01
1.860771309190723954e+01 5.262251993525377003e+01
1.860705218266963001e+01 5.262254817557640507e+01
1.860639400996871373e+01 5.262257627527144876e+01
1.860573856257705572e+01 5.262260423510237217e+01
1.860508582931247545e+01 5.262263205582810599e+01
1.860443579903785860e+01 5.262265973820306186e+01
1.860378846066099712e+01 5.262268728297716081e+01
1.860314380313440097e+01 5.262271469089586162e+01
1.860250181545513470e+01 5.262274196270018933e+01
1.860186248666462916e+01 5.262276909912676359e+01
1.860122580584852869e+01 5.262279610090782711e+01
1.860059176213650289e+01 5.262282296877128118e+01
1.859996034470208315e+01 5.262284970344070700e+01
1.859933154276248857e+01 5.262287630563539409e+01
1.859870534557845545e+01 5.262290277607036870e+01
1.859808174245407386e+01 5.262292911545641516e+01
1.859746072273660644e+01 5.262295532450011137e+01
1.859684227581632854e+01 5.262298140390385726e+01
1.859622639112636122e+01 5.262300735436589605e+01
1.859561305814250076e+01 5.262303317658034274e+01
1.859500226638305165e+01 5.262305887123720538e+01
1.859439400540865961e+01 5.262308443902242772e+01
1.859378826482215530e+01 5.262310988061789629e+01
1.859318503426837665e+01 5.262313519670146889e+01
1.859258430343400903e+01 5.262316038794702422e+01
1.859198606204742887e+01 5.262318545502444778e+01
1.859139029987852965e+01 5.262321039859969574e+01
1.859079700673856905e+01 5.262323521933479498e+01
1.859020617247999851e+01 5.262325991788787860e+01
1.858961778699631040e+01 5.262328449491320725e+01
1.858903184022186750e+01 5.262330895106119755e+01
1.858844832213175025e+01 5.262333328697845047e+01
1.858786722274160041e+01 5.262335750330775852e+01
1.858728853210745058e+01 5.262338160068814119e+01
1.858671224032557845e+01 5.262340557975488053e+01
1.858613833753233990e+01 5.262342944113952825e+01
1.858556681390401266e+01 5.262345318546993411e+01
1.858499765965664707e+01 5.262347681337027439e+01
1.858443086504590269e+01 5.262350032546106604e+01
1.858386642036689551e+01 5.262352372235920228e+01
1.858330431595404164e+01 5.262354700467795965e+01
1.858274454218090810e+01 5.262357017302704065e+01
1.858218708946004938e+01 5.262359322801258088e+01
1.858163194824286535e+01 5.262361617023717031e+01
1.858107910901943782e+01 5.262363900029989594e+01
1.858052856231838845e+01 5.262366171879634891e+01
1.857998029870672241e+01 5.262368432631863868e+01
1.857943430878967916e+01 5.262370682345543571e+01
1.857889058321057618e+01 5.262372921079197141e+01
1.857834911265066680e+01 5.262375148891008081e+01
1.857780988782898746e+01 5.262377365838821675e+01
1.857727289950221206e+01 5.262379571980145698e+01
1.857673813846449562e+01 5.262381767372154684e+01
1.857620559554733575e+01 5.262383952071691340e+01
1.857567526161941984e+01 5.262386126135267972e+01
1.857514712758648656e+01 5.262388289619068615e+01
1.857462118439116594e+01 5.262390442578951877e+01
1.857409742301284794e+01 5.262392585070453066e+01
1.857357583446752614e+01 5.262394717148786327e+01
1.857305640980766626e+01 5.262396838868844640e+01
1.857253914012204987e+01 5.262398950285204080e+01
1.857202401653563584e+01 5.262401051452125245e+01
1.857151103020942173e+01 5.262403142423555380e+01
1.857100017234029465e+01 5.262405223253129805e+01
1.857049143416089265e+01 5.262407293994174040e+01
1.856998480693946263e+01 5.262409354699705943e+01
1.856948028197972533e+01 5.262411405422437838e+01
1.856897785062072614e+01 5.262413446214777935e+01
1.856847750423670007e+01 5.262415477128833174e+01
1.856797923423693319e+01 5.262417498216409228e+01
1.856748303206562412e+01 5.262419509529014761e+01
1.856698888920174539e+01 5.262421511117862138e+01
1.856649679715890144e+01 5.262423503033868144e+01
1.856600674748520063e+01 5.262425485327658237e+01
1.856551873176311318e+01 5.262427458049567264e+01
1.856503274160933614e+01 5.262429421249640171e+01
1.856454876867465487e+01 5.262431374977634846e+01
1.856406680464381154e+01 5.262433319283024957e+01
1.856358684123537017e+01 5.262435254214999958e+01
1.856310887020158518e+01 5.262437179822467215e+01
1.856263288332826278e+01 5.262439096154055562e+01
1.856215887243462959e+01 5.262441003258113881e+01
1.856168682937320469e+01 5.262442901182716071e+01
1.856121674602965754e+01 5.262444789975660342e+01
1.856074861432269074e+01 5.262446669684472056e+01
1.856028242620389435e+01 5.262448540356405857e+01
1.855981817365762865e+01 5.262450402038445674e+01
1.855935584870088206e+01 5.262452254777308980e+01
1.855889544338315034e+01 5.262454098619446086e+01
1.855843694978630154e+01 5.262455933611042269e+01
1.855798036002445528e+01 5.262457759798020618e+01
1.855752566624384414e+01 5.262459577226043450e+01
1.855707286062269645e+01 5.262461385940511605e+01
1.855662193537110483e+01 5.262463185986569414e+01
1.855617288273089471e+01 5.262464977409104705e+01
1.855572569497550717e+01 5.262466760252749509e+01
1.855528036440986739e+01 5.262468534561882905e+01
1.855483688337026038e+01 5.262470300380632438e+01
1.855439524422420661e+01 5.262472057752875543e+01
1.855395543937034120e+01 5.262473806722240965e+01
1.855351746123828249e+01 5.262475547332110892e+01
1.855308130228851482e+01 5.262477279625621662e+01
1.855264695501226768e+01 5.262479003645664477e+01
1.855221441193138432e+01 5.262480719434890375e+01
1.855178366559820446e+01 5.262482427035707389e+01
1.855135470859545066e+01 5.262484126490284808e+01
1.855092753353609680e+01 5.262485817840553892e+01
1.855050213306324736e+01 5.262487501128209999e+01
1.855007849985002721e+01 5.262489176394712587e+01
1.854965662659945380e+01 5.262490843681287345e+01
1.854923650604431629e+01 5.262492503028928326e+01
1.854881813094706899e+01 5.262494154478398656e+01
1.854840149409969285e+01 5.262495798070231956e+01
1.854798658832359948e+01 5.262497433844734473e+01
1.854757340646950325e+01 5.262499061841985792e+01
1.854716194141729702e+01 5.262500682101839544e+01
1.854675218607595255e+01 5.262502294663926961e+01
1.854634413338338916e+01 5.262503899567655452e+01
1.854593777630636708e+01 5.262505496852212872e+01
1.854553310784037379e+01 5.262507086556566804e+01
1.854513012100949965e+01 5.262508668719466698e+01
1.854472880886632780e+01 5.262510243379444574e+01
1.854432916449182756e+01 5.262511810574817872e+01
1.854393118099523363e+01 5.262513370343688734e+01
1.854353485151393244e+01 5.262514922723946853e+01
1.854314016921335551e+01 5.262516467753270177e+01
1.854274712728685870e+01 5.262518005469125626e+01
1.854235571895562273e+01 5.262519535908772639e+01
1.854196593746852884e+01 5.262521059109261756e+01
1.854157777610205571e+01 5.262522575107436751e+01
1.854119122816016940e+01 5.262524083939936759e+01
1.854080628697420607e+01 5.262525585643196280e+01
1.854042294590277251e+01 5.262527080253448020e+01
1.854004119833163244e+01 5.262528567806722890e+01
1.853966103767359641e+01 5.262530048338850719e+01
1.853928245736841163e+01 5.262531521885463093e+01
1.853890545088266251e+01 5.262532988481993357e+01
1.853853001170965342e+01 5.262534448163678036e+01
1.853815613336930568e+01 5.262535900965558966e+01
1.853778380940805448e+01 5.262537346922482584e+01
1.853741303339873880e+01 5.262538786069103480e+01
1.853704379894049481e+01 5.262540218439882977e+01
1.853667609965864926e+01 5.262541644069093394e+01
1.853630992920462361e+01 5.262543062990815912e+01
1.853594528125581675e+01 5.262544475238944131e+01
1.853558214951551264e+01 5.262545880847183355e+01
1.853522052771276307e+01 5.262547279849054149e+01
1.853486040960229886e+01 5.262548672277891626e+01
1.853450178896441614e+01 5.262550058166846156e+01
1.853414465960488045e+01 5.262551437548886213e+01
1.853378901535481660e+01 5.262552810456798369e+01
1.853343485007061631e+01 5.262554176923188720e+01
1.853308215763383160e+01 5.262555536980482884e+01
1.853273093195107180e+01 5.262556890660929554e+01
1.853238116695390758e+01 5.262558237996599786e+01
1.853203285659876798e+01 5.262559579019387002e+01
1.853168599486684442e+01 5.262560913761011250e+01
1.853134057576398419e+01 5.262562242253017786e+01
1.853099659332059446e+01 5.262563564526777782e+01
1.853065404159154639e+01 5.262564880613491880e+01
1.853031291465607211e+01 5.262566190544188771e+01
1.852997320661767588e+01 5.262567494349728037e+01
1.852963491160402043e+01 5.262568792060798728e+01
1.852929802376684520e+01 5.262570083707923629e+01
1.852896253728186338e+01 5.262571369321457837e+01
1.852862844634866590e+01 5.262572648931590891e+01
1.852829574519062206e+01 5.262573922568346774e+01
1.852796442805478705e+01 5.262575190261586044e+01
1.852763448921180967e+01 5.262576452041005837e+01
1.852730592295583278e+01 5.262577707936141280e+01
1.852697872360440101e+01 5.262578957976367633e+01
1.852665288549836120e+01 5.262580202190898859e+01
1.852632840300177719e+01 5.262581440608790473e+01
1.852600527050183032e+01 5.262582673258938826e+01
1.852568348240872709e+01 5.262583900170084661e+01
1.852536303315561028e+01 5.262585121370811692e+01
1.852504391719845955e+01 5.262586336889548022e+01
1.852472612901600613e+01 5.262587546754567569e+01
1.852440966310963688e+01 5.262588750993991482e+01
1.852409451400330909e+01 5.262589949635787434e+01
1.852378067624344737e+01 5.262591142707771752e+01
1.852346814439886558e+01 5.262592330237609417e+01
1.852315691306066725e+01 5.262593512252816907e+01
1.852284697684216397e+01 5.262594688780760777e+01
1.852253833037877939e+01 5.262595859848659785e+01
1.852223096832796401e+01 5.262597025483585611e+01
1.852192488536910631e+01 5.262598185712462850e+01
1.852162007620343687e+01 5.262599340562071859e+01
1.852131653555394664e+01 5.262600490059048042e+01
1.852101425816530522e+01 5.262601634229882563e+01
1.852071323880375786e+01 5.262602773100923770e+01
1.852041347225705081e+01 5.262603906698378609e+01
1.852011495333433899e+01 5.262605035048312629e+01
1.851981767686610425e+01 5.262606158176649984e+01
1.851952163770406301e+01 5.262607276109176979e+01
1.851922683072108455e+01 5.262608388871540654e+01
1.851893325081110575e+01 5.262609496489249494e+01
1.851864089288904225e+01 5.262610598987675559e+01
1.851834975189070320e+01 5.262611696392054483e+01
1.851805982277271667e+01 5.262612788727486191e+01
1.851777110051243369e+01 5.262613876018937020e+01
1.851748358010785367e+01 5.262614958291238310e+01
1.851719725657752846e+01 5.262616035569088524e+01
1.851691212496049488e+01 5.262617107877053968e+01
1.851662818031617874e+01 5.262618175239570206e+01
1.851634541772432385e+01 5.262619237680940643e+01
1.851606383228489605e+01 5.262620295225339362e+01
1.851578341911801573e+01 5.262621347896811841e+01
1.851550417336386545e+01 5.262622395719274948e+01
1.851522609018261534e+01 5.262623438716516944e+01
1.851494916475433783e+01 5.262624476912199611e+01
1.851467339227892950e+01 5.262625510329858969e+01
1.851439876797602935e+01 5.262626538992905267e+01
1.851412528708494420e+01 5.262627562924624414e+01
1.851385294486455990e+01 5.262628582148177969e+01
1.851358173659326667e+01 5.262629596686603861e+01
1.851331165756888097e+01 5.262630606562818514e+01
1.851304270310857092e+01 5.262631611799615428e+01
1.851277486854876386e+01 5.262632612419667311e+01
1.851250814924508248e+01 5.262633608445526789e+01
1.851224254057226304e+01 5.262634599899626409e+01
1.851197803792407370e+01 5.262635586804280052e+01
1.851171463671324346e+01 5.262636569181683655e+01
1.851145233237137688e+01 5.262637547053914489e+01
1.851119112034889014e+01 5.262638520442934009e+01
1.851093099611492221e+01 5.262639489370586432e+01
1.851067195515726382e+01 5.262640453858600154e+01
1.851041399298228640e+01 5.262641413928589884e+01
1.851015710511485679e+01 5.262642369602055936e+01
1.850990128709827331e+01 5.262643320900384225e+01
1.850964653449418051e+01 5.262644267844848400e+01
1.850939284288250519e+01 5.262645210456609135e+01
1.850914020786137115e+01 5.262646148756716258e+01
1.850888862504703170e+01 5.262647082766108042e+01
1.850863809007379857e+01 5.262648012505613337e+01
1.850838859859396379e+01 5.262648937995950149e+01
1.850814014627772863e+01 5.262649859257728480e+01
1.850789272881312897e+01 5.262650776311448908e+01
1.850764634190596425e+01 5.262651689177504721e+01
1.850740098127972644e+01 5.262652597876182625e+01
