6.207041564418958046e-01 1.000000000000000000e+00
6.197540321866855662e-01 9.963283455006319844e-01
6.188364790596780907e-01 9.926909041143358037e-01
6.179511861762544411e-01 9.890873090611308482e-01
6.170978418515251640e-01 9.855171962084396942e-01
6.162761336960207448e-01 9.819802041006602256e-01
6.154857487106015768e-01 9.784759739884109075e-01
6.147263733804804176e-01 9.750041498573728260e-01
6.139976937682610769e-01 9.715643784566512231e-01
6.132993956058991891e-01 9.681563093265843634e-01
6.126311643854961408e-01 9.647795948259295651e-01
6.119926854488435541e-01 9.614338901583572294e-01
6.113836440756397206e-01 9.581188533981918054e-01
6.108037255703059332e-01 9.548341455153356305e-01
6.102526153473325499e-01 9.515794303993193592e-01
6.097299990150949478e-01 9.483543748824243558e-01
6.092355624580790829e-01 9.451586487618257593e-01
6.087689919174648079e-01 9.419919248207087037e-01
6.083299740700193192e-01 9.388538788483131725e-01
6.079181961052556593e-01 9.357441896588682972e-01
6.075333458008200793e-01 9.326625391093760209e-01
6.071751115960714040e-01 9.296086121162148164e-01
6.068431826638259752e-01 9.265820966705288209e-01
6.065372489802390854e-01 9.235826838523790716e-01
6.062570013928049173e-01 9.206100678436321960e-01
6.060021316864562246e-01 9.176639459395663501e-01
6.057723326477499892e-01 9.147440185591794171e-01
6.055672981271310595e-01 9.118499892541852558e-01
6.053867230992661108e-01 9.089815647166871182e-01
6.052303037214470383e-01 9.061384547855237948e-01
6.050977373900624512e-01 9.033203724512817168e-01
6.049887227951430413e-01 9.005270338599743463e-01
6.049029599729860429e-01 8.977581583153901867e-01
6.048401503568692217e-01 8.950134682801120789e-01
6.047999968258667147e-01 8.922926893752193278e-01
6.047822037517799343e-01 8.895955503786773244e-01
6.047864770442024085e-01 8.869217832224314257e-01
6.048125241937363228e-01 8.842711229882159740e-01
6.048600543133825225e-01 8.816433079020976615e-01
6.049287781781265139e-01 8.790380793277707827e-01
6.050184082627461102e-01 8.764551817586246907e-01
6.051286587778657022e-01 8.738943628086069948e-01
6.052592457042861307e-01 8.713553732019049258e-01
6.054098868256184707e-01 8.688379667614727353e-01
6.055803017592524817e-01 8.663419003964305531e-01
6.057702119856904766e-01 8.638669340883627923e-01
6.059793408762790268e-01 8.614128308765472974e-01
6.062074137193723677e-01 8.589793568421456582e-01
6.064541577449601428e-01 8.565662810913843295e-01
6.067193021477934600e-01 8.541733757377616421e-01
6.070025781090467865e-01 8.518004158833125672e-01
6.073037188165473221e-01 8.494471795989657625e-01
6.076224594836101556e-01 8.471134479040263177e-01
6.079585373665139514e-01 8.447990047448208362e-01
6.083116917806529189e-01 8.425036369725384944e-01
6.086816641154013663e-01 8.402271343203042697e-01
6.090681978477275882e-01 8.379692893795198660e-01
6.094710385545908382e-01 8.357298975755087511e-01
6.098899339241601325e-01 8.335087571424995012e-01
6.103246337658875253e-01 8.313056690979847563e-01
6.107748900194734931e-01 8.291204372164904246e-01
6.112404567627579555e-01 8.269528680027907752e-01
6.117210902185722388e-01 8.248027706646040569e-01
6.122165487605859546e-01 8.226699570848039489e-01
6.127265929181833215e-01 8.205542417931804833e-01
6.132509853804007927e-01 8.184554419377847445e-01
6.137894909989605186e-01 8.163733772558906532e-01
6.143418767904305078e-01 8.143078700446064744e-01
6.149079119375442382e-01 8.122587451311679141e-01
6.154873677897106932e-01 8.102258298429450001e-01
6.160800178627440227e-01 8.082089539771936115e-01
6.166856378378455794e-01 8.062079497705817444e-01
6.173040055598641995e-01 8.042226518685198222e-01
6.179349010348662574e-01 8.022528972943239189e-01
6.185781064270416962e-01 8.002985254182398700e-01
6.192334060549737895e-01 7.983593779263564727e-01
6.199005863872997235e-01 7.964352987894320890e-01
6.205794360377874241e-01 7.945261342316625175e-01
6.212697457598540529e-01 7.926317326994138934e-01
6.219713084405505965e-01 7.907519448299434872e-01
6.226839190940365310e-01 7.888866234201343808e-01
6.234073748545688742e-01 7.870356233952632286e-01
6.241414749690255004e-01 7.851988017778248619e-01
6.248860207889875840e-01 7.833760176564323885e-01
6.256408157624004929e-01 7.815671321548149919e-01
6.264056654248350009e-01 7.797720084009290842e-01
6.271803773903664725e-01 7.779905114962047952e-01
6.279647613420950014e-01 7.762225084849415646e-01
6.287586290223212693e-01 7.744678683238715999e-01
6.295617942223988850e-01 7.727264618519056327e-01
6.303740727722789705e-01 7.709981617600766279e-01
6.311952825297654224e-01 7.692828425616951016e-01
6.320252433694953931e-01 7.675803805627294807e-01
6.328637771716618676e-01 7.658906538324243840e-01
6.337107078104929903e-01 7.642135421741678147e-01
6.345658611425025741e-01 7.625489270966196997e-01
6.354290649945264491e-01 7.608966917851107681e-01
6.363001491515574148e-01 7.592567210733227601e-01
6.371789453443924556e-01 7.576289014152578494e-01
6.380652872371040951e-01 7.560131208575070483e-01
6.389590104143482163e-01 7.544092690118240352e-01
6.398599523685207791e-01 7.528172370280119541e-01
6.407679524867724297e-01 7.512369175671307353e-01
6.416828520378943246e-01 7.496682047750287126e-01
6.426044941590830506e-01 7.481109942562070847e-01
6.435327238425958551e-01 7.465651830480179996e-01
6.444673879223057344e-01 7.450306695952052527e-01
6.454083350601641511e-01 7.435073537247867126e-01
6.463554157325814842e-01 7.419951366212862442e-01
6.473084822167328722e-01 7.404939208023142427e-01
6.482673885767968880e-01 7.390036100945017727e-01
6.492319906501358151e-01 7.375241096097885363e-01
6.502021460334242997e-01 7.360553257220681100e-01
6.511777140687327048e-01 7.345971660441894535e-01
6.521585558295727170e-01 7.331495394053169079e-01
6.531445341069116450e-01 7.317123558286495744e-01
6.541355133951605172e-01 7.302855265094971848e-01
6.551313598781427494e-01 7.288689637937173504e-01
6.561319414150491580e-01 7.274625811565075262e-01
6.571371275263830913e-01 7.260662931815560217e-01
6.581467893799024527e-01 7.246800155405477284e-01
6.591607997765628335e-01 7.233036649730247847e-01
6.601790331364659759e-01 7.219371592665990711e-01
6.612013654848184485e-01 7.205804172375163130e-01
6.622276744379047564e-01 7.192333587115680160e-01
6.632578391890786573e-01 7.178959045053501242e-01
6.642917404947761284e-01 7.165679764078654035e-01
6.653292606605548665e-01 7.152494971624656639e-01
6.663702835271622105e-01 7.139403904491335995e-01
6.674146944566357043e-01 7.126405808670983610e-01
6.684623803184395197e-01 7.113499939177833076e-01
6.695132294756390712e-01 7.100685559880814957e-01
6.705671317711167090e-01 7.087961943339571302e-01
6.716239785138322649e-01 7.075328370643666487e-01
6.726836624651295615e-01 7.062784131254986608e-01
6.737460778250916604e-01 7.050328522853268609e-01
6.748111202189486235e-01 7.037960851184722477e-01
6.758786866835366780e-01 7.025680429913719882e-01
6.769486756538150019e-01 7.013486580477492627e-01
6.780209869494382424e-01 7.001378631943806496e-01
6.790955217613896533e-01 6.989355920871571648e-01
6.801721826386745162e-01 6.977417791174334027e-01
6.812508734750761796e-01 6.965563593986634494e-01
6.823314994959766011e-01 6.953792687533142391e-01
6.834139672452428371e-01 6.942104437000581330e-01
6.844981845721803682e-01 6.930498214412346147e-01
6.855840606185547026e-01 6.918973398505808836e-01
6.866715058056827026e-01 6.907529374612246809e-01
6.877604318215946311e-01 6.896165534539359099e-01
6.888507516082686966e-01 6.884881276456316090e-01
6.899423793489374290e-01 6.873676004781316129e-01
6.910352304554694403e-01 6.862549130071584624e-01
6.921292215558242367e-01 6.851500068915788999e-01
6.932242704815834156e-01 6.840528243828809529e-01
6.943202962555592439e-01 6.829633083148840544e-01
6.954172190794783992e-01 6.818814020936762033e-01
6.965149603217453134e-01 6.808070496877746125e-01
6.976134425052827881e-01 6.797401956185059602e-01
6.987125892954521023e-01 6.786807849506006907e-01
6.998123254880527222e-01 6.776287632829987029e-01
7.009125769974020592e-01 6.765840767398608735e-01
7.020132708444956071e-01 6.755466719617836402e-01
7.031143351452480150e-01 6.745164960972105384e-01
7.042156990988156506e-01 6.734934967940395811e-01
7.053172929760005427e-01 6.724776221914186003e-01
7.064190481077370354e-01 6.714688209117287698e-01
7.075208968736594883e-01 6.704670420527488739e-01
7.086227726907532443e-01 6.694722351799985427e-01
7.097246100020885295e-01 6.684843503192556824e-01
7.108263442656369557e-01 6.675033379492448793e-01
7.119279119431702885e-01 6.665291489944921155e-01
7.130292504892437044e-01 6.655617348183439086e-01
7.141302983402620930e-01 6.646010472161449911e-01
7.152309949036285142e-01 6.636470384085724206e-01
7.163312805469779221e-01 6.626996610351229000e-01
7.174310965874923784e-01 6.617588681477480916e-01
7.185303852813020864e-01 6.608246132046367016e-01
7.196290898129673597e-01 6.598968500641381185e-01
7.207271542850459678e-01 6.589755329788261617e-01
7.218245237077430820e-01 6.580606165896972781e-01
7.229211439886443769e-01 6.571520559205027423e-01
7.240169619225329534e-01 6.562498063722097541e-01
7.251119251812891964e-01 6.553538237175888792e-01
7.262059823038730100e-01 6.544640640959258349e-01
7.272990826863904301e-01 6.535804840078524025e-01
7.283911765722412834e-01 6.527030403102966893e-01
7.294822150423508900e-01 6.518316902115466327e-01
7.305721500054830342e-01 6.509663912664264140e-01
7.316609341886359807e-01 6.501071013715823410e-01
7.327485211275203136e-01 6.492537787608742006e-01
7.338348651571183767e-01 6.484063820008719725e-01
7.349199214023250937e-01 6.475648699864530178e-01
7.360036457686711664e-01 6.467292019364985212e-01
7.370859949331260985e-01 6.458993373896864121e-01
7.381669263349829313e-01 6.450752362003783213e-01
7.392463981668232487e-01 6.442568585345979093e-01
7.403243693655623403e-01 6.434441648660988999e-01
7.414007996035746340e-01 6.426371159725202675e-01
7.424756492798988416e-01 6.418356729316259113e-01
7.435488795115215988e-01 6.410397971176271525e-01
7.446204521247422603e-01 6.402494501975867225e-01
7.456903296466139697e-01 6.394645941278997991e-01
7.467584752964646633e-01 6.386851911508526491e-01
7.478248529774961240e-01 6.379112037912554323e-01
7.488894272684598619e-01 6.371425948531483918e-01
7.499521634154118210e-01 6.363793274165772118e-01
7.510130273235420262e-01 6.356213648344390954e-01
7.520719855490833883e-01 6.348686707293944576e-01
7.531290052912945621e-01 6.341212089908453420e-01
7.541840543845199640e-01 6.333789437719762327e-01
7.552371012903247305e-01 6.326418394868578154e-01
7.562881150897057259e-01 6.319098608076103574e-01
7.573370654753757147e-01 6.311829726616269287e-01
7.583839227441233621e-01 6.304611402288522459e-01
7.594286577892460643e-01 6.297443289391188026e-01
7.604712420930572758e-01 6.290325044695364021e-01
7.615116477194657785e-01 6.283256327419343146e-01
7.625498473066285587e-01 6.276236799203557259e-01
7.635858140596759602e-01 6.269266124086011471e-01
7.646195217435074465e-01 6.262343968478211176e-01
7.656509446756607495e-01 6.255470001141565373e-01
7.666800577192501853e-01 6.248643893164241847e-01
7.677068362759760234e-01 6.241865317938481983e-01
7.687312562792044668e-01 6.235133951138345232e-01
7.697532941871171319e-01 6.228449470697881019e-01
7.707729269759289181e-01 6.221811556789716979e-01
7.717901321331758213e-01 6.215219891804044661e-01
7.728048876510696941e-01 6.208674160328001568e-01
7.738171720199223946e-01 6.202174049125431798e-01
7.748269642216361053e-01 6.195719247117019712e-01
7.758342437232610411e-01 6.189309445360783313e-01
7.768389904706196614e-01 6.182944337032920679e-01
7.778411848819970498e-01 6.176623617408993905e-01
7.788408078418961322e-01 6.170346983845453881e-01
7.798378406948592856e-01 6.164114135761479263e-01
7.808322652393527852e-01 6.157924774621137409e-01
7.818240637217176436e-01 6.151778603915851740e-01
7.828132188301818450e-01 6.145675329147158861e-01
7.837997136889374161e-01 6.139614657809771003e-01
7.847835318522798920e-01 6.133596299374904914e-01
7.857646572988091771e-01 6.127619965273899405e-01
7.867430744256942443e-01 6.121685368882090472e-01
7.877187680429965644e-01 6.115792225502952872e-01
7.886917233680565964e-01 6.109940252352489276e-01
7.896619260199397861e-01 6.104129168543876993e-01
7.906293620139424050e-01 6.098358695072337854e-01
7.915940177561568980e-01 6.092628554800261220e-01
7.925558800380969604e-01 6.086938472442540160e-01
7.935149360313800138e-01 6.081288174552128556e-01
7.944711732824685235e-01 6.075677389505829140e-01
7.954245797074688262e-01 6.070105847490273598e-01
7.963751435869866890e-01 6.064573280488115836e-01
7.973228535610401568e-01 6.059079422264423975e-01
7.982676986240277994e-01 6.053624008353264419e-01
7.992096681197533581e-01 6.048206776044472432e-01
8.001487517365054591e-01 6.042827464370611468e-01
8.010849395021917285e-01 6.037485814094107894e-01
8.020182217795281954e-01 6.032181567694561153e-01
8.029485892612812092e-01 6.026914469356220438e-01
8.038760329655637582e-01 6.021684264955631249e-01
8.048005442311848556e-01 6.016490702049444028e-01
8.057221147130499972e-01 6.011333529862369351e-01
8.066407363776161299e-01 6.006212499275300765e-01
8.075564014983952488e-01 6.001127362813574173e-01
8.084691026515111734e-01 5.996077874635383775e-01
8.093788327113068393e-01 5.991063790520323451e-01
8.102855848460003285e-01 5.986084867858086911e-01
8.111893525133925253e-01 5.981140865637283310e-01
8.120901294566227335e-01 5.976231544434394971e-01
8.129879096999738097e-01 5.971356666402862778e-01
8.138826875447251474e-01 5.966515995262290373e-01
8.147744575650548438e-01 5.961709296287777127e-01
8.156632146039874964e-01 5.956936336299358814e-01
8.165489537693906286e-01 5.952196883651582615e-01
8.174316704300177427e-01 5.947490708223177602e-01
8.183113602115960061e-01 5.942817581406839578e-01
8.191880189929617861e-01 5.938177276099135815e-01
8.200616429022403731e-01 5.933569566690493069e-01
8.209322283130703335e-01 5.928994229055314369e-01
8.217997718408732721e-01 5.924451040542167979e-01
8.226642703391671141e-01 5.919939779964104032e-01
8.235257208959229080e-01 5.915460227589039999e-01
8.243841208299655943e-01 5.911012165130254958e-01
8.252394676874164059e-01 5.906595375736976017e-01
8.260917592381787911e-01 5.902209643985044663e-01
8.269409934724655242e-01 5.897854755867678600e-01
8.277871685973676730e-01 5.893530498786314631e-01
8.286302830334648650e-01 5.889236661541540352e-01
8.294703354114763005e-01 5.884973034324100238e-01
8.303073245689510662e-01 5.880739408705987215e-01
8.311412495470004158e-01 5.876535577631611940e-01
8.319721095870679095e-01 5.872361335409047589e-01
8.327999041277390768e-01 5.868216477701347911e-01
8.336246328015899376e-01 5.864100801517947437e-01
8.344462954320744918e-01 5.860014105206120538e-01
8.352648920304489577e-01 5.855956188442518195e-01
8.360804227927346455e-01 5.851926852224781372e-01
8.368928880967174688e-01 5.847925898863203242e-01
8.377022884989844265e-01 5.843953131972481341e-01
8.385086247319968322e-01 5.840008356463511907e-01
8.393118977011987392e-01 5.836091378535267493e-01
8.401121084821620011e-01 5.832202005666724531e-01
8.409092583177663061e-01 5.828340046608858627e-01
8.417033486154139599e-01 5.824505311376697581e-01
8.424943809442798637e-01 5.820697611241437697e-01
8.432823570325943541e-01 5.816916758722613379e-01
8.440672787649621256e-01 5.813162567580326678e-01
8.448491481797125724e-01 5.809434852807536798e-01
8.456279674662841028e-01 5.805733430622391777e-01
8.464037389626416497e-01 5.802058118460636793e-01
8.471764651527260437e-01 5.798408734968052425e-01
8.479461486639359169e-01 5.794785099992960653e-01
8.487127922646405809e-01 5.791187034578779702e-01
8.494763988617257677e-01 5.787614360956626625e-01
8.502369714981692361e-01 5.784066902537970956e-01
8.509945133506473525e-01 5.780544483907341657e-01
8.517490277271724253e-01 5.777046930815078474e-01
8.525005180647601266e-01 5.773574070170129913e-01
8.532489879271264455e-01 5.770125730032908962e-01
8.539944410024140620e-01 5.766701739608177668e-01
8.547368811009480316e-01 5.763301929237995003e-01
8.554763121530206682e-01 5.759926130394700250e-01
8.562127382067036274e-01 5.756574175673943028e-01
8.569461634256895222e-01 5.753245898787756607e-01
8.576765920871608495e-01 5.749941134557678968e-01
8.584040285796866732e-01 5.746659718907911607e-01
8.591284774011459513e-01 5.743401488858522752e-01
8.598499431566788420e-01 5.740166282518693874e-01
8.605684305566637660e-01 5.736953939080005060e-01
8.612839444147211143e-01 5.733764298809759241e-01
8.619964896457431580e-01 5.730597203044356380e-01
8.627060712639498252e-01 5.727452494182695419e-01
8.634126943809697918e-01 5.724330015679625072e-01
8.641163642039463300e-01 5.721229612039424595e-01
8.648170860336689136e-01 5.718151128809334516e-01
8.655148652627289163e-01 5.715094412573114013e-01
8.662097073736997332e-01 5.712059310944643808e-01
8.669016179373411068e-01 5.709045672561563478e-01
8.675906026108274327e-01 5.706053347078946514e-01
8.682766671359991584e-01 5.703082185163009799e-01
8.689598173376371637e-01 5.700132038484863051e-01
8.696400591217616771e-01 5.697202759714293796e-01
8.703173984739522862e-01 5.694294202513580094e-01
8.709918414576907075e-01 5.691406221531351006e-01
8.716633942127269830e-01 5.688538672396477036e-01
8.723320629534661030e-01 5.685691411711983889e-01
8.729978539673772797e-01 5.682864297049022850e-01
8.736607736134242019e-01 5.680057186940856706e-01
8.743208283205170517e-01 5.677269940876882304e-01
8.749780245859848371e-01 5.674502419296698630e-01
8.756323689740689309e-01 5.671754483584191542e-01
8.762838681144369257e-01 5.669025996061665129e-01
8.769325287007168068e-01 5.666316819983995279e-01
8.775783574890509975e-01 5.663626819532822099e-01
8.782213612966699445e-01 5.660955859810773427e-01
8.788615470004862429e-01 5.658303806835718319e-01
8.794989215357070789e-01 5.655670527535056058e-01
8.801334918944658803e-01 5.653055889740028483e-01
8.807652651244732844e-01 5.650459762180076728e-01
8.813942483276863138e-01 5.647882014477214607e-01
8.820204486589966475e-01 5.645322517140445306e-01
8.826438733249358792e-01 5.642781141560200275e-01
8.832645295823999820e-01 5.640257760002812537e-01
8.838824247373915366e-01 5.637752245605016643e-01
8.844975661437778358e-01 5.635264472368487487e-01
8.851099612020686402e-01 5.632794315154394660e-01
8.857196173582099208e-01 5.630341649678004545e-01
8.863265421023938107e-01 5.627906352503292409e-01
8.869307429678874310e-01 5.625488301037597783e-01
8.875322275298760388e-01 5.623087373526307609e-01
8.881310034043239376e-01 5.620703449047562694e-01
8.887270782468508212e-01 5.618336407506995256e-01
8.893204597516243259e-01 5.615986129632498658e-01
8.899111556502686815e-01 5.613652496969017136e-01
8.904991737107883498e-01 5.611335391873381040e-01
8.910845217365073179e-01 5.609034697509145406e-01
8.916672075650237117e-01 5.606750297841480712e-01
8.922472390671792875e-01 5.604482077632074732e-01
8.928246241460437993e-01 5.602229922434075471e-01
8.933993707359135783e-01 5.599993718587045199e-01
8.939714868013260984e-01 5.597773353211962233e-01
8.945409803360866441e-01 5.595568714206230476e-01
8.951078593623108537e-01 5.593379690238732271e-01
8.956721319294804751e-01 5.591206170744895676e-01
8.962338061135129985e-01 5.589048045921800600e-01
8.967928900158451677e-01 5.586905206723303818e-01
8.973493917625294802e-01 5.584777544855186182e-01
8.979033195033443437e-01 5.582664952770343136e-01
8.984546814109173329e-01 5.580567323663985224e-01
8.990034856798611029e-01 5.578484551468873009e-01
8.995497405259226253e-01 5.576416530850577535e-01
9.000934541851446369e-01 5.574363157202760766e-01
9.006346349130397444e-01 5.572324326642498216e-01
9.011732909837766314e-01 5.570299936005603803e-01
9.017094306893791433e-01 5.568289882842000216e-01
9.022430623389364746e-01 5.566294065411110381e-01
9.027741942578262346e-01 5.564312382677264468e-01
9.033028347869480612e-01 5.562344734305145755e-01
9.038289922819697786e-01 5.560391020655253147e-01
9.043526751125852137e-01 5.558451142779393672e-01
9.048738916617817818e-01 5.556525002416198289e-01
9.053926503251211733e-01 5.554612501986663231e-01
9.059089595100300318e-01 5.552713544589710226e-01
9.064228276351011804e-01 5.550828033997786681e-01
9.069342631294062818e-01 5.548955874652471421e-01
9.074432744318194910e-01 5.547096971660120390e-01
9.079498699903502112e-01 5.545251230787531238e-01
9.084540582614872850e-01 5.543418558457626766e-01
9.089558477095537325e-01 5.541598861745175020e-01
9.094552468060697059e-01 5.539792048372519373e-01
9.099522640291280995e-01 5.537998026705348575e-01
9.104469078627775991e-01 5.536216705748472355e-01
9.109391867964169442e-01 5.534447995141636989e-01
9.114291093241980724e-01 5.532691805155358633e-01
9.119166839444388106e-01 5.530948046686775532e-01
9.124019191590457822e-01 5.529216631255534642e-01
9.128848234729450839e-01 5.527497470999686024e-01
9.133654053935228445e-01 5.525790478671622763e-01
9.138436734300755537e-01 5.524095567634019766e-01
9.143196360932672739e-01 5.522412651855815868e-01
9.147933018945979544e-01 5.520741645908204820e-01
9.152646793458788510e-01 5.519082464960658463e-01
9.157337769587167164e-01 5.517435024776971009e-01
9.162006032440072056e-01 5.515799241711317746e-01
9.166651667114356083e-01 5.514175032704353718e-01
9.171274758689864637e-01 5.512562315279315728e-01
9.175875392224611682e-01 5.510961007538159873e-01
9.180453652750033555e-01 5.509371028157715733e-01
9.185009625266327138e-01 5.507792296385870534e-01
9.189543394737857973e-01 5.506224732037758862e-01
9.194055046088654981e-01 5.504668255491997897e-01
9.198544664197971787e-01 5.503122787686922646e-01
9.203012333895935759e-01 5.501588250116856704e-01
9.207458139959253662e-01 5.500064564828400782e-01
9.211882167107008357e-01 5.498551654416744539e-01
9.216284499996516555e-01 5.497049442021995080e-01
9.220665223219259854e-01 5.495557851325533205e-01
9.225024421296891264e-01 5.494076806546389635e-01
9.229362178677299466e-01 5.492606232437640124e-01
9.233678579730763003e-01 5.491146054282823874e-01
9.237973708746144430e-01 5.489696197892383056e-01
9.242247649927174402e-01 5.488256589600123414e-01
9.246500487388790157e-01 5.486827156259694860e-01
9.250732305153541724e-01 5.485407825241096491e-01
9.254943187148060302e-01 5.483998524427196042e-01
9.259133217199595478e-01 5.482599182210277089e-01
9.263302479032612391e-01 5.481209727488604022e-01
9.267451056265442189e-01 5.479830089663003667e-01
9.271579032407007981e-01 5.478460198633475775e-01
9.275686490853605193e-01 5.477099984795817944e-01
9.279773514885728547e-01 5.475749379038270526e-01
9.283840187664984533e-01 5.474408312738185955e-01
9.287886592231032745e-01 5.473076717758713627e-01
9.291912811498602709e-01 5.471754526445508082e-01
9.295918928254565117e-01 5.470441671623457180e-01
9.299905025155044136e-01 5.469138086593428039e-01
9.303871184722607435e-01 5.467843705129030729e-01
9.307817489343490625e-01 5.466558461473409736e-01
9.311744021264883875e-01 5.465282290336047621e-01
9.315650862592271819e-01 5.464015126889590901e-01
9.319538095286817869e-01 5.462756906766694787e-01
9.323405801162809592e-01 5.461507566056885699e-01
9.327254061885149605e-01 5.460267041303448199e-01
9.331082958966890883e-01 5.459035269500324139e-01
9.334892573766837565e-01 5.457812188089039562e-01
9.338682987487170184e-01 5.456597734955638268e-01
9.342454281171141961e-01 5.455391848427647572e-01
9.346206535700808393e-01 5.454194467271051838e-01
9.349939831794809031e-01 5.453005530687293767e-01
9.353654250006191440e-01 5.451824978310287895e-01
9.357349870720279572e-01 5.450652750203454078e-01
9.361026774152598762e-01 5.449488786856773181e-01
9.364685040346826250e-01 5.448333029183854981e-01
9.368324749172795007e-01 5.447185418519029376e-01
9.371945980324548620e-01 5.446045896614450932e-01
9.375548813318421715e-01 5.444914405637228949e-01
9.379133327491168126e-01 5.443790888166567532e-01
9.382699601998142347e-01 5.442675287190926747e-01
9.386247715811499859e-01 5.441567546105207098e-01
9.389777747718452972e-01 5.440467608707937330e-01
9.393289776319569961e-01 5.439375419198498873e-01
9.396783880027088642e-01 5.438290922174352504e-01
9.400260137063298771e-01 5.437214062628287214e-01
9.403718625458944436e-01 5.436144785945690172e-01
9.407159423051665303e-01 5.435083037901830005e-01
9.410582607484477835e-01 5.434028764659160071e-01
9.413988256204288696e-01 5.432981912764631716e-01
9.417376446460455908e-01 5.431942429147038620e-01
9.420747255303371093e-01 5.430910261114360038e-01
9.424100759583075027e-01 5.429885356351137338e-01
9.427437035947927590e-01 5.428867662915856096e-01
9.430756160843287716e-01 5.427857129238353728e-01
9.434058210510239961e-01 5.426853704117234889e-01
9.437343260984356608e-01 5.425857336717309076e-01
9.440611388094476419e-01 5.424867976567041561e-01
9.443862667461533356e-01 5.423885573556026518e-01
9.447097174497407490e-01 5.422910077932467932e-01
9.450314984403805907e-01 5.421941440300683812e-01
9.453516172171179122e-01 5.420979611618621519e-01
9.456700812577663040e-01 5.420024543195393063e-01
9.459868980188054222e-01 5.419076186688824848e-01
9.463020749352814009e-01 5.418134494103019616e-01
9.466156194207099306e-01 5.417199417785939497e-01
9.469275388669822213e-01 5.416270910427004592e-01
9.472378406442740761e-01 5.415348925054704887e-01
9.475465321009570729e-01 5.414433415034223263e-01
9.478536205635137435e-01 5.413524334065084043e-01
9.481591133364536406e-01 5.412621636178810425e-01
9.484630177022335129e-01 5.411725275736597451e-01
9.487653409211799227e-01 5.410835207426999416e-01
9.490660902314131953e-01 5.409951386263638362e-01
9.493652728487755876e-01 5.409073767582919245e-01
9.496628959667607894e-01 5.408202307041766188e-01
9.499589667564466433e-01 5.407336960615367616e-01
9.502534923664290867e-01 5.406477684594948041e-01
9.505464799227605344e-01 5.405624435585537624e-01
9.508379365288881502e-01 5.404777170503769490e-01
9.511278692655965594e-01 5.403935846575688151e-01
9.514162851909514496e-01 5.403100421334569026e-01
9.517031913402462795e-01 5.402270852618753505e-01
9.519885947259504322e-01 5.401447098569505112e-01
9.522725023376601428e-01 5.400629117628868991e-01
9.525549211420518692e-01 5.399816868537553605e-01
9.528358580828362179e-01 5.399010310332822415e-01
9.531153200807160886e-01 5.398209402346401120e-01
9.533933140333454848e-01 5.397414104202400420e-01
9.536698468152905450e-01 5.396624375815245456e-01
9.539449252779929056e-01 5.395840177387631886e-01
9.542185562497345064e-01 5.395061469408479748e-01
9.544907465356050613e-01 5.394288212650915071e-01
9.547615029174708612e-01 5.393520368170258150e-01
9.550308321539454637e-01 5.392757897302024039e-01
9.552987409803628260e-01 5.392000761659938579e-01
9.555652361087512148e-01 5.391248923133967752e-01
9.558303242278096690e-01 5.390502343888363690e-01
9.560940120028865730e-01 5.389760986359715123e-01
9.563563060759586731e-01 5.389024813255016699e-01
9.566172130656129813e-01 5.388293787549754965e-01
9.568767395670301212e-01 5.387567872485996556e-01
9.571348921519685637e-01 5.386847031570498601e-01
9.573916773687516368e-01 5.386131228572831331e-01
9.576471017422552023e-01 5.385420427523504028e-01
9.579011717738974419e-01 5.384714592712115389e-01
9.581538939416300860e-01 5.384013688685509447e-01
9.584052746999310868e-01 5.383317680245948145e-01
9.586553204797987338e-01 5.382626532449287238e-01
9.589040376887474348e-01 5.381940210603181063e-01
9.591514327108047189e-01 5.381258680265278427e-01
9.593975119065101254e-01 5.380581907241452910e-01
9.596422816129144273e-01 5.379909857584025401e-01
9.598857481435822958e-01 5.379242497590009942e-01
9.601279177885936322e-01 5.378579793799372899e-01
9.603687968145484533e-01 5.377921712993295467e-01
9.606083914645719979e-01 5.377268222192452818e-01
9.608467079583217219e-01 5.376619288655307694e-01
9.610837524919945141e-01 5.375974879876409540e-01
9.613195312383369107e-01 5.375334963584710302e-01
9.615540503466548650e-01 5.374699507741887983e-01
9.617873159428252938e-01 5.374068480540686865e-01
9.620193341293096223e-01 5.373441850403261055e-01
9.622501109851668843e-01 5.372819585979535795e-01
9.624796525660699320e-01 5.372201656145580984e-01
9.627079649043204235e-01 5.371588030001989145e-01
9.629350540088676969e-01 5.370978676872270041e-01
9.631609258653262007e-01 5.370373566301255286e-01
9.633855864359954779e-01 5.369772668053511833e-01
9.636090416598810382e-01 5.369175952111767680e-01
9.638312974527154520e-01 5.368583388675350898e-01
9.640523597069814432e-01 5.367994948158635315e-01
9.642722342919357592e-01 5.367410601189498420e-01
9.644909270536333734e-01 5.366830318607790362e-01
9.647084438149535757e-01 5.366254071463814057e-01
9.649247903756262845e-01 5.365681831016815284e-01
9.651399725122599138e-01 5.365113568733480554e-01
9.653539959783692392e-01 5.364549256286449408e-01
9.655668665044054855e-01 5.363988865552836716e-01
9.657785897977863021e-01 5.363432368612761625e-01
9.659891715429262948e-01 5.362879737747888731e-01
9.661986174012702211e-01 5.362330945439982566e-01
9.664069330113245204e-01 5.361785964369464308e-01
9.666141239886915093e-01 5.361244767413987367e-01
9.668201959261042422e-01 5.360707327647017406e-01
9.670251543934605953e-01 5.360173618336422363e-01
9.672290049378605703e-01 5.359643612943078006e-01
9.674317530836419321e-01 5.359117285119471275e-01
9.676334043324187340e-01 5.358594608708324714e-01
9.678339641631183987e-01 5.358075557741232009e-01
9.680334380320217980e-01 5.357560106437285752e-01
9.682318313728022208e-01 5.357048229201736289e-01
9.684291495965658969e-01 5.356539900624647244e-01
9.686253980918930750e-01 5.356035095479562136e-01
9.688205822248797672e-01 5.355533788722184330e-01
9.690147073391799371e-01 5.355035955489058086e-01
9.692077787560485769e-01 5.354541571096270713e-01
9.693998017743852280e-01 5.354050611038155827e-01
9.695907816707785010e-01 5.353563050986003269e-01
9.697807236995505953e-01 5.353078866786784573e-01
9.699696330928025967e-01 5.352598034461886201e-01
9.701575150604611064e-01 5.352120530205849436e-01
9.703443747903237604e-01 5.351646330385116945e-01
9.705302174481076349e-01 5.351175411536795989e-01
9.707150481774955431e-01 5.350707750367421633e-01
9.708988721001853284e-01 5.350243323751734392e-01
9.710816943159377157e-01 5.349782108731463426e-01
9.712635199026261601e-01 5.349324082514120837e-01
9.714443539162862518e-01 5.348869222471804852e-01
9.716242013911657871e-01 5.348417506140000777e-01
9.718030673397753949e-01 5.347968911216411936e-01
9.719809567529401617e-01 5.347523415559776172e-01
9.721578745998507021e-01 5.347080997188705664e-01
9.723338258281151170e-01 5.346641634280530075e-01
9.725088153638120625e-01 5.346205305170145250e-01
9.726828481115430414e-01 5.345771988348871906e-01
9.728559289544854716e-01 5.345341662463329868e-01
9.730280627544473093e-01 5.344914306314304531e-01
9.731992543519201178e-01 5.344489898855637744e-01
9.733695085661343560e-01 5.344068419193112041e-01
9.735388301951135581e-01 5.343649846583357066e-01
9.737072240157301772e-01 5.343234160432752677e-01
9.738746947837603196e-01 5.342821340296342036e-01
9.740412472339404770e-01 5.342411365876759133e-01
9.742068860800233709e-01 5.342004217023151869e-01
9.743716160148345740e-01 5.341599873730128456e-01
9.745354417103295752e-01 5.341198316136696045e-01
9.746983678176502908e-01 5.340799524525213782e-01
9.748603989671839054e-01 5.340403479320356972e-01
9.750215397686193830e-01 5.340010161088081242e-01
9.751817948110061973e-01 5.339619550534598913e-01
9.753411686628129518e-01 5.339231628505358707e-01
9.754996658719851110e-01 5.338846375984042103e-01
9.756572909660050641e-01 5.338463774091549707e-01
9.758140484519504110e-01 5.338083804085014261e-01
9.759699428165541368e-01 5.337706447356806994e-01
9.761249785262633427e-01 5.337331685433556183e-01
9.762791600272999748e-01 5.336959499975172383e-01
9.764324917457207764e-01 5.336589872773882526e-01
9.765849780874771291e-01 5.336222785753265141e-01
9.767366234384764478e-01 5.335858220967296672e-01
9.768874321646421333e-01 5.335496160599406679e-01
9.770374086119754109e-01 5.335136586961536365e-01
9.771865571066156164e-01 5.334779482493203773e-01
9.773348819549019240e-01 5.334424829760575637e-01
9.774823874434354076e-01 5.334072611455548119e-01
9.776290778391395486e-01 5.333722810394831981e-01
9.777749573893231849e-01 5.333375409519048871e-01
9.779200303217421286e-01 5.333030391891825372e-01
9.780643008446611164e-01 5.332687740698899281e-01
9.782077731469169812e-01 5.332347439247235865e-01
9.783504513979798256e-01 5.332009470964139686e-01
9.784923397480169704e-01 5.331673819396384184e-01
9.786334423279545724e-01 5.331340468209341266e-01
9.787737632495413509e-01 5.331009401186118657e-01
9.789133066054110932e-01 5.330680602226702813e-01
9.790520764691460487e-01 5.330354055347106268e-01
9.791900768953396561e-01 5.330029744678530523e-01
9.793273119196606036e-01 5.329707654466517841e-01
9.794637855589155562e-01 5.329387769070125236e-01
9.795995018111131047e-01 5.329070072961100690e-01
9.797344646555268266e-01 5.328754550723053818e-01
9.798686780527597895e-01 5.328441187050652061e-01
9.800021459448076122e-01 5.328129966748803570e-01
9.801348722551223025e-01 5.327820874731857836e-01
9.802668608886765389e-01 5.327513896022811890e-01
9.803981157320276196e-01 5.327209015752512045e-01
9.805286406533809673e-01 5.326906219158876743e-01
9.806584395026548551e-01 5.326605491586111629e-01
9.807875161115435780e-01 5.326306818483933503e-01
9.809158742935829567e-01 5.326010185406809816e-01
9.810435178442132864e-01 5.325715578013184848e-01
9.811704505408443966e-01 5.325422982064733635e-01
9.812966761429192664e-01 5.325132383425600358e-01
9.814221983919788617e-01 5.324843768061656712e-01
9.815470210117263061e-01 5.324557122039761392e-01
9.816711477080908299e-01 5.324272431527020677e-01
9.817945821692927177e-01 5.323989682790062350e-01
9.819173280659073688e-01 5.323708862194305169e-01
9.820393890509296897e-01 5.323429956203244995e-01
9.821607687598381542e-01 5.323152951377734254e-01
9.822814708106599735e-01 5.322877834375278061e-01
9.824014988040343788e-01 5.322604591949323671e-01
9.825208563232781245e-01 5.322333210948566595e-01
9.826395469344488820e-01 5.322063678316254487e-01
9.827575741864100767e-01 5.321795981089496586e-01
9.828749416108952808e-01 5.321530106398582038e-01
9.829916527225718292e-01 5.321266041466297114e-01
9.831077110191061008e-01 5.321003773607254628e-01
9.832231199812269118e-01 5.320743290227222255e-01
9.833378830727899089e-01 5.320484578822460842e-01
9.834520037408422954e-01 5.320227626979060487e-01
9.835654854156860027e-01 5.319972422372288845e-01
9.836783315109426384e-01 5.319718952765940534e-01
9.837905454236171021e-01 5.319467206011687654e-01
9.839021305341617563e-01 5.319217170048446963e-01
9.840130902065400420e-01 5.318968832901735944e-01
9.841234277882907611e-01 5.318722182683047750e-01
9.842331466105918025e-01 5.318477207589219491e-01
9.843422499883239807e-01 5.318233895901811614e-01
9.844507412201344287e-01 5.317992235986491734e-01
9.845586235885006587e-01 5.317752216292420675e-01
9.846659003597940663e-01 5.317513825351638523e-01
9.847725747843429911e-01 5.317277051778471764e-01
9.848786500964968882e-01 5.317041884268919327e-01
9.849841295146892772e-01 5.316808311600068615e-01
9.850890162415009144e-01 5.316576322629499307e-01
9.851933134637235190e-01 5.316345906294692725e-01
9.852970243524223903e-01 5.316117051612460065e-01
9.854001520629994681e-01 5.315889747678349542e-01
9.855026997352567264e-01 5.315663983666086834e-01
9.856046704934589009e-01 5.315439748826994437e-01
9.857060674463957728e-01 5.315217032489426563e-01
9.858068936874455623e-01 5.314995824058218465e-01
9.859071522946371013e-01 5.314776113014112457e-01
9.860068463307123388e-01 5.314557888913217232e-01
9.861059788431890683e-01 5.314341141386453859e-01
9.862045528644227677e-01 5.314125860139007340e-01
9.863025714116691045e-01 5.313912034949790364e-01
9.864000374871459975e-01 5.313699655670902633e-01
9.864969540780953450e-01 5.313488712227097954e-01
9.865933241568451972e-01 5.313279194615255774e-01
9.866891506808713741e-01 5.313071092903852710e-01
9.867844365928591932e-01 5.312864397232440750e-01
9.868791848207647543e-01 5.312659097811134323e-01
9.869733982778766679e-01 5.312455184920089613e-01
9.870670798628773390e-01 5.312252648908993846e-01
9.871602324599038081e-01 5.312051480196565700e-01
9.872528589386090347e-01 5.311851669270043486e-01
9.873449621542230714e-01 5.311653206684691098e-01
9.874365449476134593e-01 5.311456083063299527e-01
9.875276101453459576e-01 5.311260289095697251e-01
9.876181605597452728e-01 5.311065815538257295e-01
9.877081989889554547e-01 5.310872653213416505e-01
9.877977282170004036e-01 5.310680793009193712e-01
9.878867510138432673e-01 5.310490225878709003e-01
9.879752701354475031e-01 5.310300942839710769e-01
9.880632883238360531e-01 5.310112934974102750e-01
9.881508083071512960e-01 5.309926193427484398e-01
9.882378327997146661e-01 5.309740709408673487e-01
9.883243645020863832e-01 5.309556474189259800e-01
9.884104061011241837e-01 5.309373479103134397e-01
9.884959602700434944e-01 5.309191715546046630e-01
9.885810296684752752e-01 5.309011174975147851e-01
9.886656169425259710e-01 5.308831848908545092e-01
9.887497247248359100e-01 5.308653728924855875e-01
9.888333556346377007e-01 5.308476806662769665e-01
9.889165122778151851e-01 5.308301073820609339e-01
9.889991972469611703e-01 5.308126522155898197e-01
9.890814131214364924e-01 5.307953143484923642e-01
9.891631624674268597e-01 5.307780929682317517e-01
9.892444478380020279e-01 5.307609872680622010e-01
9.893252717731725321e-01 5.307439964469876648e-01
9.894056367999478629e-01 5.307271197097194193e-01
9.894855454323935318e-01 5.307103562666344310e-01
9.895650001716884692e-01 5.306937053337347221e-01
9.896440035061824236e-01 5.306771661326056266e-01
9.897225579114522498e-01 5.306607378903757111e-01
9.898006658503594180e-01 5.306444198396763623e-01
9.898783297731063024e-01 5.306282112186012645e-01
9.899555521172929140e-01 5.306121112706675413e-01
9.900323353079728550e-01 5.305961192447752328e-01
9.901086817577097188e-01 5.305802343951687705e-01
9.901845938666331559e-01 5.305644559813980088e-01
9.902600740224947184e-01 5.305487832682797000e-01
9.903351246007233710e-01 5.305332155258587479e-01
9.904097479644808910e-01 5.305177520293705706e-01
9.904839464647180458e-01 5.305023920592032427e-01
9.905577224402287717e-01 5.304871349008599690e-01
9.906310782177059071e-01 5.304719798449218926e-01
9.907040161117952604e-01 5.304569261870111241e-01
9.907765384251517871e-01 5.304419732277544375e-01
9.908486474484922146e-01 5.304271202727459666e-01
9.909203454606511086e-01 5.304123666325123443e-01
9.909916347286340521e-01 5.303977116224758426e-01
9.910625175076719362e-01 5.303831545629191790e-01
9.911329960412751383e-01 5.303686947789499895e-01
9.912030725612865911e-01 5.303543316004661889e-01
9.912727492879360724e-01 5.303400643621206667e-01
9.913420284298931628e-01 5.303258924032867583e-01
9.914109121843202033e-01 5.303118150680244947e-01
9.914794027369255858e-01 5.302978317050458523e-01
9.915475022620169332e-01 5.302839416676814466e-01
9.916152129225530576e-01 5.302701443138467807e-01
9.916825368701971399e-01 5.302564390060087174e-01
9.917494762453685775e-01 5.302428251111529489e-01
9.918160331772954974e-01 5.302293020007505797e-01
9.918822097840664931e-01 5.302158690507261518e-01
9.919480081726825826e-01 5.302025256414248933e-01
9.920134304391089453e-01 5.301892711575806327e-01
9.920784786683262135e-01 5.301761049882841581e-01
9.921431549343816547e-01 5.301630265269513531e-01
9.922074613004410182e-01 5.301500351712921111e-01
9.922713998188382734e-01 5.301371303232786936e-01
9.923349725311276792e-01 5.301243113891154213e-01
9.923981814681334113e-01 5.301115777792072548e-01
9.924610286500008538e-01 5.300989289081300404e-01
9.925235160862457828e-01 5.300863641945997573e-01
9.925856457758054363e-01 5.300738830614424302e-01
9.926474197070880301e-01 5.300614849355648195e-01
9.927088398580226070e-01 5.300491692479241124e-01
9.927699081961081085e-01 5.300369354334995009e-01
9.928306266784636680e-01 5.300247829312619841e-01
9.928909972518767946e-01 5.300127111841462790e-01
9.929510218528534438e-01 5.300007196390214004e-01
9.930107024076659794e-01 5.299888077466626823e-01
9.930700408324025785e-01 5.299769749617232462e-01
9.931290390330150819e-01 5.299652207427055783e-01
9.931876989053679550e-01 5.299535445519344412e-01
9.932460223352859163e-01 5.299419458555284512e-01
9.933040111986021214e-01 5.299304241233728785e-01
9.933616673612064574e-01 5.299189788290922243e-01
9.934189926790921721e-01 5.299076094500233536e-01
9.934759889984040582e-01 5.298963154671886278e-01
9.935326581554858594e-01 5.298850963652687041e-01
9.935890019769267889e-01 5.298739516325768895e-01
9.936450222796089360e-01 5.298628807610320512e-01
9.937007208707535622e-01 5.298518832461330819e-01
9.937560995479683967e-01 5.298409585869325866e-01
9.938111600992933781e-01 5.298301062860114596e-01
9.938659043032473939e-01 5.298193258494533486e-01
9.939203339288735783e-01 5.298086167868188978e-01
9.939744507357863856e-01 5.297979786111212119e-01
9.940282564742157767e-01 5.297874108388004322e-01
9.940817528850545148e-01 5.297769129896990892e-01
9.941349416999019084e-01 5.297664845870376782e-01
9.941878246411099962e-01 5.297561251573899010e-01
9.942404034218284004e-01 5.297458342306586854e-01
9.942926797460485133e-01 5.297356113400519817e-01
9.943446553086492390e-01 5.297254560220591157e-01
9.943963317954407355e-01 5.297153678164264745e-01
9.944477108832087131e-01 5.297053462661349688e-01
9.944987942397591763e-01 5.296953909173756081e-01
9.945495835239617222e-01 5.296855013195270745e-01
9.946000803857935058e-01 5.296756770251324076e-01
9.946502864663834265e-01 5.296659175898759120e-01
9.947002033980547608e-01 5.296562225725611750e-01
9.947498328043690163e-01 5.296465915350877518e-01
9.947991763001687859e-01 5.296370240424294051e-01
9.948482354916208248e-01 5.296275196626114568e-01
9.948970119762585718e-01 5.296180779666892491e-01
9.949455073430248930e-01 5.296086985287260518e-01
9.949937231723147146e-01 5.295993809257711904e-01
9.950416610360172109e-01 5.295901247378387300e-01
9.950893224975574380e-01 5.295809295478859369e-01
9.951367091119386332e-01 5.295717949417925174e-01
9.951838224257840704e-01 5.295627205083387468e-01
9.952306639773783603e-01 5.295537058391852625e-01
9.952772352967089731e-01 5.295447505288519707e-01
9.953235379055072052e-01 5.295358541746976178e-01
9.953695733172898130e-01 5.295270163768991400e-01
9.954153430373995359e-01 5.295182367384313471e-01
9.954608485630457304e-01 5.295095148650470485e-01
9.955060913833450043e-01 5.295008503652568477e-01
9.955510729793619618e-01 5.294922428503093803e-01
9.955957948241489497e-01 5.294836919341714410e-01
9.956402583827863584e-01 5.294751972335083323e-01
9.956844651124223677e-01 5.294667583676649913e-01
9.957284164623126932e-01 5.294583749586461163e-01
9.957721138738603317e-01 5.294500466310972930e-01
9.958155587806549747e-01 5.294417730122858989e-01
9.958587526085118657e-01 5.294335537320823404e-01
9.959016967755108807e-01 5.294253884229412899e-01
9.959443926920362733e-01 5.294172767198832563e-01
9.959868417608140900e-01 5.294092182604757113e-01
9.960290453769516938e-01 5.294012126848153255e-01
9.960710049279759559e-01 5.293932596355092057e-01
9.961127217938713363e-01 5.293853587576573538e-01
9.961541973471178535e-01 5.293775096988347917e-01
9.961954329527294982e-01 5.293697121090731317e-01
9.962364299682914259e-01 5.293619656408438123e-01
9.962771897439979263e-01 5.293542699490395576e-01
9.963177136226896158e-01 5.293466246909582784e-01
9.963580029398910742e-01 5.293390295262845324e-01
9.963980590238472601e-01 5.293314841170730922e-01
9.964378831955611471e-01 5.293239881277320702e-01
9.964774767688303614e-01 5.293165412250053770e-01
9.965168410502834861e-01 5.293091430779565121e-01
9.965559773394165877e-01 5.293017933579519108e-01
9.965948869286299638e-01 5.292944917386440684e-01
9.966335711032640043e-01 5.292872378959554425e-01
9.966720311416349398e-01 5.292800315080622431e-01
9.967102683150711462e-01 5.292728722553777798e-01
9.967482838879483387e-01 5.292657598205370295e-01
9.967860791177254320e-01 5.292586938883805381e-01
9.968236552549800678e-01 5.292516741459384333e-01
9.968610135434430308e-01 5.292447002824148816e-01
9.968981552200344431e-01 5.292377719891726562e-01
9.969350815148977363e-01 5.292308889597170385e-01
9.969717936514346235e-01 5.292240508896816076e-01
9.970082928463400718e-01 5.292172574768120308e-01
9.970445803096360526e-01 5.292105084209512977e-01
9.970806572447066252e-01 5.292038034240247324e-01
9.971165248483314647e-01 5.291971421900250050e-01
9.971521843107199468e-01 5.291905244249975881e-01
9.971876368155451198e-01 5.291839498370256578e-01
9.972228835399772340e-01 5.291774181362159934e-01
9.972579256547177140e-01 5.291709290346841010e-01
9.972927643240313555e-01 5.291644822465401132e-01
9.973274007057812973e-01 5.291580774878743565e-01
9.973618359514603293e-01 5.291517144767434733e-01
9.973960712062250877e-01 5.291453929331561001e-01
9.974301076089282514e-01 5.291391125790591010e-01
9.974639462921510713e-01 5.291328731383236894e-01
9.974975883822362333e-01 5.291266743367314396e-01
9.975310349993199432e-01 5.291205159019609638e-01
9.975642872573641240e-01 5.291143975635745900e-01
9.975973462641885003e-01 5.291083190530041502e-01
9.976302131215023516e-01 5.291022801035384360e-01
9.976628889249364862e-01 5.290962804503094308e-01
9.976953747640748826e-01 5.290903198302794319e-01
9.977276717224856650e-01 5.290843979822279497e-01
9.977597808777527444e-01 5.290785146467386069e-01
9.977917033015071269e-01 5.290726695661865930e-01
9.978234400594575559e-01 5.290668624847255641e-01
9.978549922114217097e-01 5.290610931482752077e-01
9.978863608113569539e-01 5.290553613045084758e-01
9.979175469073903182e-01 5.290496667028393718e-01
9.979485515418499153e-01 5.290440090944100726e-01
9.979793757512944730e-01 5.290383882320791598e-01
9.980100205665437541e-01 5.290328038704091851e-01
9.980404870127088657e-01 5.290272557656544583e-01
9.980707761092216801e-01 5.290217436757490566e-01
9.981008888698648107e-01 5.290162673602950560e-01
9.981308263028010330e-01 5.290108265805500976e-01
9.981605894106031496e-01 5.290054210994167283e-01
9.981901791902831889e-01 5.290000506814293013e-01
9.982195966333212711e-01 5.289947150927435393e-01
9.982488427256950292e-01 5.289894141011244333e-01
9.982779184479080303e-01 5.289841474759348072e-01
9.983068247750196411e-01 5.289789149881244379e-01
9.983355626766721169e-01 5.289737164102181755e-01
9.983641331171209110e-01 5.289685515163049523e-01
9.983925370552610978e-01 5.289634200820270138e-01
9.984207754446574601e-01 5.289583218845684831e-01
9.984488492335712451e-01 5.289532567026443699e-01
9.984767593649889195e-01 5.289482243164904673e-01
9.985045067766497029e-01 5.289432245078515837e-01
9.985320924010733235e-01 5.289382570599711064e-01
9.985595171655876623e-01 5.289333217575811208e-01
9.985867819923560651e-01 5.289284183868906419e-01
9.986138877984048756e-01 5.289235467355761777e-01
9.986408354956504141e-01 5.289187065927708487e-01
9.986676259909261777e-01 5.289138977490538407e-01
9.986942601860098190e-01 5.289091199964410794e-01
9.987207389776494582e-01 5.289043731283737948e-01
9.987470632575912166e-01 5.288996569397095282e-01
9.987732339126049741e-01 5.288949712267113634e-01
9.987992518245115692e-01 5.288903157870384897e-01
9.988251178702081123e-01 5.288856904197358766e-01
9.988508329216948534e-01 5.288810949252249483e-01
9.988763978461009385e-01 5.288765291052933692e-01
9.989018135057105008e-01 5.288719927630857187e-01
9.989270807579886391e-01 5.288674857030938314e-01
9.989522004556061763e-01 5.288630077311470279e-01
9.989771734464665265e-01 5.288585586544031214e-01
9.990020005737298980e-01 5.288541382813386482e-01
9.990266826758391616e-01 5.288497464217396526e-01
9.990512205865452744e-01 5.288453828866924722e-01
9.990756151349314829e-01 5.288410474885746337e-01
9.990998671454393021e-01 5.288367400410456387e-01
9.991239774378924965e-01 5.288324603590376372e-01
9.991479468275220599e-01 5.288282082587471011e-01
9.991717761249906404e-01 5.288239835576254988e-01
9.991954661364175205e-01 5.288197860743701906e-01
9.992190176634023757e-01 5.288156156289163246e-01
9.992424315030491444e-01 5.288114720424273996e-01
9.992657084479913410e-01 5.288073551372870496e-01
9.992888492864147043e-01 5.288032647370904948e-01
9.993118548020819558e-01 5.287992006666354383e-01
9.993347257743561141e-01 5.287951627519144049e-01
9.993574629782240315e-01 5.287911508201056376e-01
9.993800671843203753e-01 5.287871646995649932e-01
9.994025391589503871e-01 5.287832042198179483e-01
9.994248796641137522e-01 5.287792692115508286e-01
9.994470894575271380e-01 5.287753595066030377e-01
9.994691692926476190e-01 5.287714749379586188e-01
9.994911199186958806e-01 5.287676153397388168e-01
9.995129420806783127e-01 5.287637805471933072e-01
9.995346365194099914e-01 5.287599703966926468e-01
9.995562039715377711e-01 5.287561847257205017e-01
9.995776451695621567e-01 5.287524233728656542e-01
9.995989608418595074e-01 5.287486861778142311e-01
9.996201517127053515e-01 5.287449729813419319e-01
9.996412185022950370e-01 5.287412836253067017e-01
9.996621619267671566e-01 5.287376179526407372e-01
9.996829826982245315e-01 5.287339758073432705e-01
9.997036815247560826e-01 5.287303570344727977e-01
9.997242591104594789e-01 5.287267614801397508e-01
9.997447161554613437e-01 5.287231889914992822e-01
9.997650533559399033e-01 5.287196394167437141e-01
9.997852714041457478e-01 5.287161126050954341e-01
9.998053709884230367e-01 5.287126084067994558e-01
9.998253527932312590e-01 5.287091266731164252e-01
9.998452174991655506e-01 5.287056672563156257e-01
9.998649657829783433e-01 5.287022300096674288e-01
9.998845983175996821e-01 5.286988147874368549e-01
9.999041157721582085e-01 5.286954214448763567e-01
9.999235188120015883e-01 5.286920498382187139e-01
9.999428080987174949e-01 5.286886998246707048e-01
9.999619842901535938e-01 5.286853712624054458e-01
9.999810480404381918e-01 5.286820640105565072e-01
1.000000000000000000e+00 5.286787779292108080e-01
