5.411813384386562203e-02 4.320750663743052056e-01
5.820072265228408426e-02 4.445862995391083317e-01
6.226320211454078324e-02 4.570028534410681131e-01
6.630539749672147154e-02 4.693215710027262011e-01
7.032711968677562986e-02 4.815391630338825002e-01
7.432816563071778515e-02 4.936522272377755205e-01
7.830831890204489887e-02 5.056572677807972260e-01
8.226735040610450023e-02 5.175507153252877357e-01
8.620501921935823375e-02 5.293289474096888325e-01
9.012107356157246507e-02 5.409883090468442512e-01
9.401525189696799401e-02 5.525251333998413283e-01
9.788728415831801644e-02 5.639357623858397561e-01
1.017368930859460507e-01 5.752165670520489327e-01
1.055637956715925474e-01 5.863639675646427074e-01
1.093677046952430121e-01 5.973744526510427200e-01
1.131483303412934571e-01 6.082445983387303468e-01
1.169053818789174554e-01 6.189710858395304216e-01
1.206385693902390505e-01 6.295507184370235931e-01
1.243476055289423204e-01 6.399804372462037927e-01
1.280322072912934706e-01 6.502573357284058275e-01
1.316920977812318094e-01 6.603786728605568479e-01
1.353270079512143287e-01 6.703418848755293702e-01
1.389366783008728068e-01 6.801445955093663454e-01
1.425208605162500974e-01 6.897846247109203910e-01
1.460793190334046809e-01 6.992599957895266893e-01
1.496118325114765280e-01 7.085689409962404595e-01
1.531181952018556280e-01 7.177099055534595928e-01
1.565982182018459679e-01 7.266815501660198739e-01
1.600517305831166415e-01 7.354827520637274851e-01
1.634785803872376708e-01 7.441126046404892280e-01
1.668786354826503893e-01 7.525704157684771634e-01
1.702517842794777914e-01 7.608557048769616360e-01
1.735979363005911436e-01 7.689681988944654378e-01
1.769170226092704190e-01 7.769078271597107399e-01
1.802089960955974846e-01 7.846747154114734890e-01
1.834738316253656520e-01 7.922691789700228027e-01
1.867115260567586144e-01 7.996917152234305215e-01
1.899220981313279322e-01 8.069429955308609070e-01
1.931055882468694362e-01 8.140238566521905694e-01
1.962620581206641623e-01 8.209352918091764595e-01
1.993915903522103794e-01 8.276784414781023225e-01
2.024942878950327652e-01 8.342545840076355246e-01
2.055702734474325610e-01 8.406651261487093629e-01
2.086196887721410986e-01 8.469115935758436686e-01
2.116426939547884356e-01 8.529956214716080121e-01
2.146394666109046612e-01 8.589189452380956435e-01
2.176102010508633167e-01 8.646833913914655501e-01
2.205551074117668153e-01 8.702908686879614608e-01
2.234744107647866906e-01 8.757433595224259903e-01
2.263683502059199437e-01 8.810429116333080568e-01
2.292371779375302343e-01 8.861916301415508901e-01
2.320811583474196860e-01 8.911916699446225110e-01
2.349005670915382815e-01 8.960452284813228419e-01
2.376956901857999183e-01 9.007545388779025775e-01
2.404668231118405608e-01 9.053218634814548249e-01
2.432142699409397812e-01 9.097494877824857662e-01
2.459383424797361439e-01 9.140397147250279852e-01
2.486393594408050634e-01 9.181948593995957753e-01
2.513176456406406856e-01 9.222172441116771591e-01
2.539735312270923195e-01 9.261091938162785420e-01
2.566073509378544171e-01 9.298730319072542327e-01
2.592194433911951257e-01 9.335110763487187713e-01
2.618101504097364862e-01 9.370256361347446550e-01
2.643798163777639765e-01 9.404190080627242709e-01
2.669287876322466446e-01 9.436934738052209504e-01
2.694574118874879520e-01 9.468512972647942227e-01
2.719660376931005152e-01 9.498947221961437926e-01
2.744550139248043696e-01 9.528259700799404097e-01
2.769246893073808446e-01 9.556472382328762283e-01
2.793754119689790816e-01 9.583606981387462476e-01
2.818075290258574839e-01 9.609684939857502384e-01
2.842213861965521282e-01 9.634727413956589714e-01
2.866173274443952756e-01 9.658755263309979355e-01
2.889956946472542754e-01 9.681789041669641716e-01
2.913568272933246273e-01 9.703848989153809335e-01
2.937010622017907635e-01 9.724955025886052873e-01
2.960287332671567295e-01 9.745126746919319238e-01
2.983401712260504990e-01 9.764383418336569642e-01
3.006357034453154276e-01 9.782743974425962552e-01
3.029156537302191143e-01 9.800227015834656052e-01
3.051803421516353088e-01 9.816850808611299328e-01
3.074300848910803130e-01 9.832633284053207134e-01
3.096651941025218568e-01 9.847592039279779996e-01
3.118859777899122832e-01 9.861744338459277337e-01
3.140927396994367404e-01 9.875107114621151094e-01
3.162857792255096001e-01 9.887696971991207784e-01
3.184653913295910632e-01 9.899530188791515473e-01
3.206318664709411070e-01 9.910622720451492951e-01
3.227854905484679460e-01 9.920990203180771738e-01
3.249265448528731448e-01 9.930647957858445007e-01
3.270553060283351576e-01 9.939610994197013438e-01
3.291720460430156980e-01 9.947894015142834112e-01
3.312770321677132035e-01 9.955511421478130396e-01
3.333705269620269585e-01 9.962477316592671661e-01
3.354527882674331885e-01 9.968805511396078289e-01
3.375240692067106862e-01 9.974509529344290915e-01
3.395846181891901683e-01 9.979602611556245284e-01
3.416346789213330903e-01 9.984097721999000141e-01
3.436744904221795682e-01 9.988007552721700488e-01
3.457042870432346926e-01 9.991344529120651519e-01
3.477242984923927804e-01 9.994120815219601495e-01
3.497347498615254735e-01 9.996348318950923906e-01
3.517358616573867391e-01 9.998038697424933563e-01
3.537278498355124201e-01 9.999203362175950183e-01
3.557109258368146842e-01 9.999853484374967572e-01
3.576852966265953171e-01 9.999999999999998890e-01
3.596511647357202857e-01 9.999653614956173220e-01
3.616087283037195399e-01 9.998824810138687846e-01
3.635581811235922833e-01 9.997523846432571082e-01
3.654997126881175951e-01 9.995760769644043142e-01
3.674335082374828865e-01 9.993545415358967565e-01
3.693597488080606617e-01 9.990887413724608423e-01
3.712786112821764850e-01 9.987796194151445928e-01
3.731902684387232716e-01 9.984280989932426964e-01
3.750948890044917827e-01 9.980350842777460096e-01
3.769926377060952016e-01 9.976014607261465272e-01
3.788836753223780995e-01 9.971280955184659289e-01
3.807681587372098164e-01 9.966158379844145543e-01
3.826462409925701080e-01 9.960655200216179672e-01
3.845180713418438478e-01 9.954779565048819112e-01
3.863837953032499550e-01 9.948539456864875508e-01
3.882435547133354370e-01 9.941942695875352065e-01
3.900974877804730956e-01 9.934996943803765523e-01
3.919457291383070530e-01 9.927709707621910074e-01
3.937884098990958592e-01 9.920088343197799308e-01
3.956256577069082736e-01 9.912140058856655500e-01
3.974575967906311402e-01 9.903871918855970957e-01
3.992843480167531101e-01 9.895290846775710580e-01
4.011060289418935110e-01 9.886403628824901313e-01
4.029227538650455576e-01 9.877216917065864132e-01
4.047346338795110299e-01 9.867737232557451943e-01
4.065417769245033286e-01 9.857970968418700020e-01
4.083442878363991446e-01 9.847924392814353389e-01
4.101422683996230334e-01 9.837603651863749965e-01
4.119358173971496284e-01 9.827014772474612636e-01
4.137250306606105044e-01 9.816163665103260216e-01
4.155100011199967525e-01 9.805056126442854847e-01
4.172908188529462215e-01 9.793697842041207968e-01
4.190675711336094289e-01 9.782094388849769118e-01
4.208403424810877591e-01 9.770251237705355196e-01
4.226092147074388405e-01 9.758173755746213374e-01
4.243742669652448285e-01 9.745867208763981937e-01
4.261355757947424272e-01 9.733336763493118937e-01
4.278932151705101550e-01 9.720587489839340734e-01
4.296472565477145733e-01 9.707624363048612537e-01
4.313977689079115940e-01 9.694452265818191972e-01
4.331448188044057512e-01 9.681075990351244442e-01
4.348884704071661611e-01 9.667500240356485808e-01
4.366287855473005020e-01 9.653729632994302312e-01
4.383658237610880137e-01 9.639768700770805498e-01
4.400996423335737373e-01 9.625621893381177685e-01
4.418302963417245488e-01 9.611293579503732420e-01
4.435578386971502640e-01 9.596788048546006644e-01
4.452823201883905901e-01 9.582109512344224589e-01
4.470037895227710889e-01 9.567262106817422396e-01
4.487222933678298165e-01 9.552249893577504647e-01
4.504378763923172491e-01 9.537076861496477376e-01
4.521505813067720481e-01 9.521746928232057705e-01
4.538604489036738854e-01 9.506263941712854715e-01
4.555675180971775484e-01 9.490631681584273949e-01
4.572718259624282688e-01 9.474853860616275769e-01
4.589734077744627161e-01 9.458934126074084459e-01
4.606722970466959888e-01 9.442876061052913883e-01
4.623685255689976015e-01 9.426683185777784413e-01
4.640621234453585209e-01 9.410358958869406987e-01
4.657531191311502505e-01 9.393906778577164607e-01
4.674415394699787396e-01 9.377329983980132733e-01
4.691274097301341151e-01 9.360631856157093367e-01
4.708107536406379023e-01 9.343815619326441002e-01
4.724915934268894002e-01 9.326884441956891925e-01
4.741699498459124862e-01 9.309841437849842860e-01
4.758458422212037409e-01 9.292689667194226066e-01
4.775192884771831126e-01 9.275432137594685766e-01
4.791903051732492869e-01 9.258071805073851968e-01
4.808589075374381516e-01 9.240611575049509918e-01
4.825251094996880763e-01 9.223054303287386846e-01
4.841889237247107292e-01 9.205402796830294276e-01
4.858503616444691531e-01 9.187659814904346467e-01
4.875094334902628224e-01 9.169828069802912207e-01
4.891661483244213460e-01 9.151910227748992765e-01
4.908205140716057624e-01 9.133908909736651038e-01
4.924725375497196467e-01 9.115826692352136940e-01
4.941222245004286417e-01 9.097666108575289678e-01
4.957695796192896909e-01 9.079429648561836430e-01
4.974146065854900267e-01 9.061119760407148060e-01
4.990573080911961945e-01 9.042738850891982594e-01
5.006976858705131095e-01 9.024289286210792627e-01
5.023357407280534259e-01 9.005773392683088518e-01
5.039714725671176065e-01 8.987193457448372502e-01
5.056048804174845257e-01 8.968551729145128881e-01
5.072359624628133279e-01 8.949850418574346600e-01
5.088647160676555981e-01 8.931091699348033819e-01
5.104911378040801750e-01 8.912277708523156372e-01
5.121152234779077217e-01 8.893410547221453077e-01
5.137369681545587152e-01 8.874492281235518698e-01
5.153563661845125266e-01 8.855524941621586432e-01
5.169734112283795868e-01 8.836510525279362982e-01
5.185880962815856421e-01 8.817450995519333645e-01
5.202004136986703164e-01 8.798348282617878269e-01
5.218103552171980963e-01 8.779204284360558885e-01
5.234179119812848446e-01 8.760020866573920983e-01
5.250230745647385122e-01 8.740799863646147028e-01
5.266258329938158234e-01 8.721543079036875312e-01
5.282261767695950461e-01 8.702252285776482799e-01
5.298240948899660685e-01 8.682929226955171664e-01
5.314195758712390028e-01 8.663575616202101592e-01
5.330126077693712050e-01 8.644193138154884215e-01
5.346031782008148214e-01 8.624783448919693951e-01
5.361912743629859701e-01 8.605348176522260584e-01
5.377768830543561140e-01 8.585888921350010028e-01
5.393599906941677347e-01 8.566407256585580887e-01
5.409405833417749720e-01 8.546904728631961046e-01
5.425186467156118963e-01 8.527382857529489657e-01
5.440941662117886324e-01 8.507843137364912156e-01
5.456671269223183351e-01 8.488287036672750308e-01
5.472375136529757933e-01 8.468715998829141611e-01
5.488053109407904362e-01 8.449131442438398976e-01
5.503705030711749657e-01 8.429534761712448310e-01
5.519330740946927216e-01 8.409927326843352757e-01
5.534930078434647793e-01 8.390310484369094546e-01
5.550502879472195561e-01 8.370685557532793197e-01
5.566048978489885890e-01 8.351053846635529965e-01
5.581568208204478188e-01 8.331416629382946137e-01
5.597060399769110406e-01 8.311775161225766206e-01
5.612525382919740791e-01 8.292130675694396880e-01
5.627962986118161259e-01 8.272484384727768481e-01
5.643373036691581301e-01 8.252837478996540854e-01
5.658755360968829029e-01 8.233191128220819222e-01
5.674109784413190471e-01 8.213546481482519868e-01
5.689436131751928194e-01 8.193904667532511121e-01
5.704734227102498112e-01 8.174266795092646198e-01
5.720003894095502250e-01 8.154633953152826686e-01
5.735244955994416305e-01 8.135007211263195481e-01
5.750457235812111989e-01 8.115387619821584630e-01
5.765640556424230789e-01 8.095776210356324665e-01
5.780794740679409127e-01 8.076173995804514227e-01
5.795919611506437086e-01 8.056581970785864355e-01
5.811014992018339598e-01 8.037001111872207337e-01
5.826080705613454480e-01 8.017432377852766745e-01
5.841116576073520639e-01 7.997876709995294098e-01
5.856122427658824181e-01 7.978335032303132124e-01
5.871098085200447958e-01 7.958808251768332287e-01
5.886043374189641186e-01 7.939297258620874320e-01
5.900958120864374656e-01 7.919802926574089907e-01
5.915842152293097067e-01 7.900326113066364897e-01
5.930695296455762433e-01 7.880867659499191102e-01
5.945517382322126343e-01 7.861428391471652066e-01
5.960308239927399887e-01 7.842009119011400520e-01
5.975067700445257923e-01 7.822610636802208584e-01
5.989795596258278287e-01 7.803233724408158434e-01
6.004491761025831931e-01 7.783879146494527834e-01
6.019156029749467285e-01 7.764547653045446030e-01
6.033788238835846585e-01 7.745239979578369960e-01
6.048388226157249692e-01 7.725956847355457402e-01
6.062955831109715366e-01 7.706698963591868123e-01
6.077490894668837740e-01 7.687467021661079647e-01
6.091993259443277964e-01 7.668261701297253152e-01
6.106462769726022088e-01 7.649083668794702806e-01
6.120899271543430720e-01 7.629933577204528472e-01
6.135302612702123737e-01 7.610812066528456210e-01
6.149672642833738934e-01 7.591719763909937635e-01
6.164009213437607881e-01 7.572657283822550323e-01
6.178312177921394532e-01 7.553625228255753665e-01
6.192581391639729871e-01 7.534624186898035703e-01
6.206816711930884800e-01 7.515654737317505329e-01
6.221017998151542328e-01 7.496717445139957636e-01
6.235185111709669048e-01 7.477812864224465672e-01
6.249317916095576964e-01 7.458941536836539710e-01
6.263416276911168978e-01 7.440103993818878436e-01
6.277480061897443564e-01 7.421300754759766471e-01
6.291509140960279689e-01 7.402532328159152630e-01
6.305503386194548643e-01 7.383799211592427802e-01
6.319462671906588280e-01 7.365101891871971285e-01
6.333386874635081876e-01 7.346440845206462233e-01
6.347275873170380445e-01 7.327816537358016191e-01
6.361129548572304060e-01 7.309229423797176661e-01
6.374947784186462130e-01 7.290679949855777275e-01
6.388730465659131497e-01 7.272168550877728954e-01
6.402477480950726774e-01 7.253695652367740943e-01
6.416188720347896224e-01 7.235261670138030121e-01
6.429864076474295365e-01 7.216867010453015263e-01
6.443503444300048288e-01 7.198512070172060628e-01
6.457106721149963313e-01 7.180197236890276669e-01
6.470673806710505183e-01 7.161922889077398935e-01
6.484204603035592651e-01 7.143689396214798482e-01
6.497699014551217012e-01 7.125497118930619322e-01
6.511156948058954841e-01 7.107346409133095122e-01
6.524578312738377184e-01 7.089237610142051782e-01
6.537963020148408466e-01 7.071171056818633671e-01
6.551310984227650680e-01 7.053147075693264600e-01
6.564622121293720580e-01 7.035165985091890173e-01
6.577896350041616547e-01 7.017228095260491516e-01
6.591133591541158410e-01 6.999333708487932570e-01
6.604333769233518003e-01 6.981483119227126499e-01
6.617496808926885965e-01 6.963676614214570071e-01
6.630622638791285883e-01 6.945914472588256006e-01
6.643711189352575763e-01 6.928196966003992152e-01
6.656762393485670115e-01 6.910524358750135265e-01
6.669776186406989327e-01 6.892896907860776023e-01
6.682752505666190723e-01 6.875314863227388607e-01
6.695691291137181311e-01 6.857778467708960379e-01
6.708592485008465500e-01 6.840287957240632766e-01
6.721456031772824469e-01 6.822843560940859975e-01
6.734281878216379358e-01 6.805445501217122217e-01
6.747069973407043841e-01 6.788093993870184528e-01
6.759820268682394939e-01 6.770789248196957821e-01
6.772532717636997601e-01 6.753531467091941076e-01
6.785207276109181951e-01 6.736320847147292401e-01
6.797843902167327590e-01 6.719157578751531190e-01
6.810442556095641642e-01 6.702041846186902463e-01
6.823003200379479383e-01 6.684973827725394502e-01
6.835525799690221893e-01 6.667953695723463081e-01
6.848010320869721834e-01 6.650981616715447853e-01
6.860456732914349542e-01 6.634057751505717526e-01
6.872865006958647216e-01 6.617182255259547174e-01
6.885235116258630050e-01 6.600355277592757641e-01
6.897567036174725441e-01 6.583576962660111498e-01
6.909860744154392442e-01 6.566847449242511070e-01
6.922116219714429253e-01 6.550166870832986321e-01
6.934333444422984272e-01 6.533535355721501459e-01
6.946512401881294041e-01 6.516953027078598026e-01
6.958653077705156953e-01 6.500420003037880035e-01
6.970755459506167151e-01 6.483936396777360001e-01
6.982819536872716393e-01 6.467502316599690326e-01
6.994845301350790523e-01 6.451117866011268909e-01
7.006832746424552782e-01 6.434783143800266725e-01
7.018781867496760585e-01 6.418498244113562956e-01
7.030692661869001325e-01 6.402263256532616520e-01
7.042565128721773871e-01 6.386078266148283999e-01
7.054399269094431268e-01 6.369943353634595073e-01
7.066195085864986902e-01 6.353858595321507652e-01
7.077952583729807401e-01 6.337824063266641605e-01
7.089671769183203409e-01 6.321839825326014406e-01
7.101352650496915997e-01 6.305905945223795328e-01
7.112995237699530904e-01 6.290022482621070443e-01
7.124599542555816178e-01 6.274189493183665034e-01
7.136165578545997645e-01 6.258407028648994563e-01
7.147693360844992183e-01 6.242675136891997489e-01
7.159182906301591043e-01 6.226993861990124390e-01
7.170634233417614301e-01 6.211363244287433361e-01
7.182047362327053097e-01 6.195783320457762811e-01
7.193422314775187454e-01 6.180254123567027191e-01
7.204759114097704087e-01 6.164775683134636752e-01
7.216057785199826435e-01 6.149348025194034673e-01
7.227318354535444689e-01 6.133971172352397083e-01
7.238540850086283562e-01 6.118645143849470447e-01
7.249725301341077843e-01 6.103369955615592923e-01
7.260871739274804559e-01 6.088145620328878627e-01
7.271980196327940682e-01 6.072972147471594750e-01
7.283050706385785222e-01 6.057849543385742663e-01
7.294083304757822406e-01 6.042777811327835202e-01
7.305078028157159231e-01 6.027756951522910134e-01
7.316034914680029644e-01 6.012786961217753134e-01
7.326954003785364211e-01 5.997867834733383585e-01
7.337835336274448617e-01 5.982999563516768760e-01
7.348678954270665420e-01 5.968182136191810816e-01
7.359484901199321305e-01 5.953415538609596602e-01
7.370253221767575358e-01 5.938699753897932476e-01
7.380983961944462823e-01 5.924034762510165253e-01
7.391677168941021003e-01 5.909420542273291499e-01
7.402332891190535058e-01 5.894857068435392922e-01
7.412951178328879287e-01 5.880344313712373427e-01
7.423532081174983865e-01 5.865882248334024496e-01
7.434075651711424815e-01 5.851470840089432190e-01
7.444581943065131657e-01 5.837110054371718038e-01
7.455051009488221636e-01 5.822799854222137084e-01
7.465482906338966052e-01 5.808540200373535356e-01
7.475877690062888714e-01 5.794331051293180046e-01
7.486235418173999845e-01 5.780172363224963528e-01
7.496556149236172084e-01 5.766064090230991201e-01
7.506839942844647506e-01 5.752006184232572039e-01
7.517086859607695626e-01 5.737998595050602946e-01
7.527296961128420172e-01 5.724041270445369145e-01
7.537470309986703532e-01 5.710134156155762808e-01
7.547606969721306625e-01 5.696277195937923254e-01
7.557707004812116436e-01 5.682470331603315383e-01
7.567770480662555643e-01 5.668713503056248548e-01
7.577797463582134352e-01 5.655006648330849206e-01
7.587788020769160591e-01 5.641349703627479562e-01
7.597742220293617343e-01 5.627742603348628858e-01
7.607660131080185018e-01 5.614185280134273981e-01
7.617541822891434888e-01 5.600677664896723806e-01
7.627387366311176864e-01 5.587219686854932865e-01
7.637196832727963791e-01 5.573811273568327618e-01
7.646970294318771177e-01 5.560452350970118696e-01
7.656707824032829013e-01 5.547142843400127976e-01
7.666409495575619015e-01 5.533882673637120497e-01
7.676075383393038409e-01 5.520671762930661197e-01
7.685705562655729128e-01 5.507510031032499809e-01
7.695300109243567999e-01 5.494397396227487240e-01
7.704859099730319016e-01 5.481333775364021221e-01
7.714382611368466591e-01 5.468319083884056742e-01
7.723870722074188677e-01 5.455353235852654636e-01
7.733323510412523083e-01 5.442436143987084973e-01
7.742741055582675891e-01 5.429567719685511884e-01
7.752123437403510842e-01 5.416747873055227647e-01
7.761470736299191930e-01 5.403976512940479315e-01
7.770783033285005859e-01 5.391253546949865694e-01
7.780060409953331035e-01 5.378578881483331298e-01
7.789302948459785325e-01 5.365952421758745094e-01
7.798510731509530336e-01 5.353374071838085113e-01
7.807683842343741132e-01 5.340843734653221153e-01
7.816822364726242478e-01 5.328361312031315578e-01
7.825926382930298297e-01 5.315926704719832196e-01
7.834995981725572101e-01 5.303539812411171006e-01
7.844031246365246179e-01 5.291200533766921010e-01
7.853032262573299560e-01 5.278908766441757772e-01
7.861999116531946941e-01 5.266664407106964596e-01
7.870931894869234169e-01 5.254467351473600667e-01
7.879830684646800254e-01 5.242317494315317239e-01
7.888695573347782597e-01 5.230214729490820780e-01
7.897526648864897636e-01 5.218158949965996385e-01
7.906323999488656940e-01 5.206150047835689243e-01
7.915087713895757604e-01 5.194187914345151924e-01
7.923817881137611430e-01 5.182272439911168593e-01
7.932514590629036189e-01 5.170403514142843937e-01
7.941177932137092332e-01 5.158581025862080116e-01
7.949807995770075131e-01 5.146804863123731755e-01
7.958404871966660021e-01 5.135074913235455618e-01
7.966968651485186736e-01 5.123391062777248317e-01
7.975499425393096642e-01 5.111753197620684253e-01
7.983997285056524396e-01 5.100161202947853800e-01
7.992462322130021724e-01 5.088614963270006175e-01
8.000894628546431075e-01 5.077114362445904749e-01
8.009294296506908051e-01 5.065659283699895932e-01
8.017661418471075940e-01 5.054249609639691609e-01
8.025996087147330149e-01 5.042885222273881807e-01
8.034298395483281396e-01 5.031566003029163126e-01
8.042568436656324371e-01 5.020291832767310725e-01
8.050806304064368479e-01 5.009062591801866082e-01
8.059012091316677395e-01 4.997878159914579399e-01
8.067185892224866262e-01 4.986738416371580551e-01
8.075327800794017685e-01 4.975643239939302465e-01
8.083437911213935401e-01 4.964592508900148582e-01
8.091516317850535600e-01 4.953586101067915526e-01
8.099563115237352617e-01 4.942623893802966517e-01
8.107578398067188941e-01 4.931705764027171646e-01
8.115562261183884019e-01 4.920831588238601673e-01
8.123514799574214074e-01 4.910001242525992016e-01
8.131436108359906267e-01 4.899214602582976363e-01
8.139326282789794975e-01 4.888471543722092694e-01
8.147185418232084642e-01 4.877771940888562252e-01
8.155013610166735871e-01 4.867115668673848705e-01
8.162810954177979195e-01 4.856502601329000246e-01
8.170577545946945408e-01 4.845932612777776871e-01
8.178313481244400274e-01 4.835405576629565050e-01
8.186018855923615778e-01 4.824921366192080896e-01
8.193693765913336868e-01 4.814479854483873500e-01
8.201338307210880307e-01 4.804080914246619538e-01
8.208952575875326785e-01 4.793724417957221373e-01
8.216536668020838485e-01 4.783410237839707535e-01
8.224090679810078797e-01 4.773138245876936137e-01
8.231614707447744150e-01 4.762908313822111217e-01
8.239108847174199113e-01 4.752720313210107017e-01
8.246573195259225830e-01 4.742574115368605736e-01
8.254007847995862290e-01 4.732469591429055988e-01
8.261412901694367150e-01 4.722406612337444742e-01
8.268788452676262279e-01 4.712385048864896064e-01
8.276134597268494097e-01 4.702404771618092227e-01
8.283451431797685949e-01 4.692465651049519404e-01
8.290739052584493729e-01 4.682567557467546826e-01
8.297997555938059211e-01 4.672710361046337191e-01
8.305227038150548857e-01 4.662893931835586092e-01
8.312427595491804766e-01 4.653118139770106021e-01
8.319599324204076662e-01 4.643382854679241611e-01
8.326742320496853811e-01 4.633687946296133342e-01
8.333856680541782413e-01 4.624033284266818589e-01
8.340942500467678489e-01 4.614418738159184463e-01
8.347999876355627347e-01 4.604844177471762445e-01
8.355028904234171883e-01 4.595309471642377019e-01
8.362029680074586357e-01 4.585814490056649428e-01
8.369002299786244548e-01 4.576359102056346551e-01
8.375946859212053397e-01 4.566943176947598215e-01
8.382863454123993252e-01 4.557566584008964639e-01
8.389752180218725819e-01 4.548229192499370077e-01
8.396613133113286498e-01 4.538930871665891598e-01
8.403446408340858875e-01 4.529671490751424057e-01
8.410252101346631370e-01 4.520450919002201862e-01
8.417030307483722718e-01 4.511269025675194722e-01
8.423781122009195155e-01 4.502125680045371281e-01
8.430504640080137557e-01 4.493020751412836744e-01
8.437200956749825176e-01 4.483954109109841712e-01
8.443870166963954871e-01 4.474925622507677225e-01
8.450512365556949179e-01 4.465935161023431577e-01
8.457127647248340319e-01 4.456982594126639996e-01
8.463716106639215253e-01 4.448067791345811650e-01
8.470277838208739585e-01 4.439190622274838405e-01
8.476812936310749169e-01 4.430350956579288124e-01
8.483321495170400572e-01 4.421548664002589168e-01
8.489803608880901464e-01 4.412783614372097762e-01
8.496259371400303184e-01 4.404055677605056562e-01
8.502688876548354369e-01 4.395364723714448307e-01
8.509092218003418973e-01 4.386710622814737892e-01
8.515469489299469785e-01 4.378093245127508970e-01
8.521820783823126355e-01 4.369512460987001745e-01
8.528146194810769520e-01 4.360968140845543628e-01
8.534445815345711450e-01 4.352460155278881082e-01
8.540719738355418977e-01 4.343988374991409884e-01
8.546968056608810205e-01 4.335552670821313237e-01
8.553190862713596632e-01 4.327152913745594409e-01
8.559388249113688563e-01 4.318788974885021115e-01
8.565560308086654917e-01 4.310460725508976632e-01
8.571707131741244101e-01 4.302168037040213777e-01
8.577828812014951509e-01 4.293910781059520620e-01
8.583925440671644758e-01 4.285688829310297376e-01
8.589997109299244427e-01 4.277502053703044482e-01
8.596043909307454767e-01 4.269350326319761857e-01
8.602065931925547693e-01 4.261233519418264892e-01
8.608063268200195628e-01 4.253151505436414959e-01
8.614036008993355420e-01 4.245104156996266642e-01
8.619984244980202215e-01 4.237091346908133382e-01
8.625908066647113293e-01 4.229112948174571507e-01
8.631807564289692980e-01 4.221168833994285996e-01
8.637682828010857516e-01 4.213258877765956867e-01
8.643533947718956556e-01 4.205382953091989506e-01
8.649361013125939079e-01 4.197540933782186179e-01
8.655164113745569265e-01 4.189732693857346479e-01
8.660943338891692322e-01 4.181958107552790072e-01
8.666698777676525856e-01 4.174217049321810591e-01
8.672430519009017846e-01 4.166509393839052944e-01
8.678138651593223507e-01 4.158835016003826213e-01
8.683823263926747638e-01 4.151193790943341622e-01
8.689484444299203636e-01 4.143585594015883333e-01
8.695122280790731351e-01 4.136010300813914853e-01
8.700736861270548239e-01 4.128467787167114378e-01
8.706328273395538275e-01 4.120957929145347420e-01
8.711896604608883043e-01 4.113480603061575036e-01
8.717441942138722810e-01 4.106035685474695995e-01
8.722964372996870885e-01 4.098623053192331223e-01
8.728463983977542417e-01 4.091242583273538291e-01
8.733940861656140919e-01 4.083894153031475405e-01
8.739395092388070330e-01 4.076577640035998207e-01
8.744826762307575940e-01 4.069292922116199418e-01
8.750235957326633063e-01 4.062039877362891849e-01
8.755622763133860120e-01 4.054818384131033127e-01
8.760987265193468376e-01 4.047628321042092692e-01
8.766329548744248301e-01 4.040469566986368277e-01
8.771649698798577033e-01 4.033342001125240772e-01
8.776947800141466915e-01 4.026245502893380235e-01
8.782223937329647345e-01 4.019179952000898060e-01
8.787478194690668820e-01 4.012145228435446964e-01
8.792710656322042517e-01 4.005141212464266021e-01
8.797921406090409846e-01 3.998167784636181277e-01
8.803110527630735316e-01 3.991224825783551977e-01
8.808278104345536041e-01 3.984312217024169600e-01
8.813424219404137894e-01 3.977429839763106934e-01
8.818548955741954964e-01 3.970577575694519967e-01
8.823652396059801228e-01 3.963755306803407596e-01
8.828734622823221079e-01 3.956962915367315814e-01
8.833795718261860941e-01 3.950200283958003600e-01
8.838835764368853098e-01 3.943467295443064402e-01
8.843854842900230606e-01 3.936763832987497658e-01
8.848853035374367737e-01 3.930089780055243120e-01
8.853830423071441524e-01 3.923445020410667450e-01
8.858787087032924390e-01 3.916829438120013052e-01
8.863723108061094536e-01 3.910242917552802511e-01
8.868638566718570759e-01 3.903685343383203610e-01
8.873533543327871698e-01 3.897156600591352715e-01
8.878408117970999491e-01 3.890656574464642081e-01
8.883262370489040105e-01 3.884185150598962744e-01
8.888096380481792513e-01 3.877742214899913553e-01
8.892910227307411208e-01 3.871327653583970796e-01
8.897703990082080905e-01 3.864941353179621730e-01
8.902477747679697906e-01 3.858583200528460377e-01
8.907231578731586996e-01 3.852253082786245009e-01
8.911965561626222776e-01 3.845950887423927322e-01
8.916679774508989853e-01 3.839676502228638877e-01
8.921374295281936373e-01 3.833429815304647548e-01
8.926049201603578620e-01 3.827210715074279013e-01
8.930704570888691185e-01 3.821019090278805486e-01
8.935340480308141542e-01 3.814854829979300033e-01
8.939957006788729066e-01 3.808717823557462023e-01
8.944554227013041814e-01 3.802607960716407054e-01
8.949132217419343283e-01 3.796525131481427451e-01
8.953691054201455835e-01 3.790469226200722241e-01
8.958230813308679652e-01 3.784440135546098261e-01
8.962751570445717242e-01 3.778437750513635174e-01
8.967253401072615704e-01 3.772461962424331072e-01
8.971736380404728983e-01 3.766512662924710320e-01
8.976200583412693446e-01 3.760589743987409750e-01
8.980646084822412334e-01 3.754693097911731003e-01
8.985072959115070201e-01 3.748822617324169548e-01
8.989481280527144014e-01 3.742978195178915946e-01
8.993871123050447558e-01 3.737159724758329360e-01
8.998242560432166970e-01 3.731367099673385535e-01
9.002595666174934008e-01 3.725600213864100341e-01
9.006930513536898220e-01 3.719858961599925018e-01
9.011247175531813536e-01 3.714143237480119208e-01
9.015545724929149296e-01 3.708452936434097902e-01
9.019826234254194608e-01 3.702787953721756731e-01
9.024088775788193795e-01 3.697148184933768955e-01
9.028333421568488504e-01 3.691533525991864129e-01
9.032560243388658705e-01 3.685943873149080119e-01
9.036769312798701437e-01 3.680379122989996810e-01
9.040960701105198449e-01 3.674839172430940382e-01
9.045134479371504943e-01 3.669323918720174271e-01
9.049290718417949408e-01 3.663833259438062373e-01
9.053429488822042348e-01 3.658367092497216144e-01
9.057550860918699431e-01 3.652925316142613954e-01
9.061654904800470200e-01 3.647507828951708220e-01
9.065741690317775658e-01 3.642114529834506453e-01
9.069811287079169171e-01 3.636745318033636210e-01
9.073863764451591818e-01 3.631400093124387274e-01
9.077899191560642178e-01 3.626078755014739419e-01
9.081917637290863876e-01 3.620781203945365734e-01
9.085919170286026469e-01 3.615507340489622079e-01
9.089903858949434090e-01 3.610257065553517108e-01
9.093871771444228536e-01 3.605030280375663421e-01
9.097822975693705683e-01 3.599826886527210945e-01
9.101757539381646334e-01 3.594646785911768117e-01
9.105675529952641511e-01 3.589489880765296959e-01
9.109577014612447732e-01 3.584356073656000952e-01
9.113462060328321179e-01 3.579245267484190696e-01
9.117330733829390743e-01 3.574157365482135140e-01
9.121183101607016619e-01 3.569092271213897827e-01
9.125019229915162233e-01 3.564049888575156477e-01
9.128839184770781712e-01 3.559030121793008705e-01
9.132643031954206236e-01 3.554032875425761628e-01
9.136430837009532624e-01 3.549058054362706494e-01
9.140202665245036329e-01 3.544105563823880534e-01
9.143958581733567792e-01 3.539175309359813837e-01
9.147698651312980989e-01 3.534267196851260118e-01
9.151422938586550870e-01 3.529381132508919716e-01
9.155131507923395251e-01 3.524517022873141503e-01
9.158824423458917785e-01 3.519674774813617568e-01
9.162501749095247616e-01 3.514854295529062922e-01
9.166163548501677916e-01 3.510055492546880762e-01
9.169809885115131065e-01 3.505278273722818305e-01
9.173440822140607187e-01 3.500522547240610960e-01
9.177056422551648218e-01 3.495788221611607627e-01
9.180656749090810864e-01 3.491075205674394333e-01
9.184241864270138445e-01 3.486383408594397326e-01
9.187811830371640509e-01 3.481712739863481176e-01
9.191366709447772454e-01 3.477063109299531884e-01
9.194906563321935122e-01 3.472434427046031113e-01
9.198431453588956641e-01 3.467826603571617650e-01
9.201941441615597572e-01 3.463239549669642203e-01
9.205436588541054954e-01 3.458673176457706111e-01
9.208916955277464123e-01 3.454127395377195042e-01
9.212382602510414964e-01 3.449602118192801603e-01
9.215833590699462619e-01 3.445097256992035728e-01
9.219269980078655946e-01 3.440612724184727855e-01
9.222691830657050449e-01 3.436148432502523775e-01
9.226099202219245621e-01 3.431704294998366156e-01
9.229492154325907860e-01 3.427280225045971629e-01
9.232870746314312260e-01 3.422876136339295661e-01
9.236235037298877737e-01 3.418491942891992430e-01
9.239585086171707706e-01 3.414127559036861381e-01
9.242920951603141866e-01 3.409782899425289338e-01
9.246242692042295763e-01 3.405457879026684842e-01
9.249550365717619238e-01 3.401152413127899732e-01
9.252844030637449313e-01 3.396866417332649601e-01
9.256123744590565305e-01 3.392599807560920389e-01
9.259389565146755041e-01 3.388352500048372740e-01
9.262641549657372186e-01 3.384124411345735273e-01
9.265879755255909123e-01 3.379915458318192845e-01
9.269104238858558720e-01 3.375725558144766492e-01
9.272315057164790542e-01 3.371554628317687263e-01
9.275512266657921501e-01 3.367402586641763396e-01
9.278695923605695395e-01 3.363269351233739712e-01
9.281866084060860222e-01 3.359154840521655361e-01
9.285022803861747720e-01 3.355058973244186005e-01
9.288166138632857338e-01 3.350981668449988238e-01
9.291296143785438000e-01 3.346922845497037891e-01
9.294412874518083179e-01 3.342882424051953905e-01
9.297516385817312656e-01 3.338860324089327203e-01
9.300606732458162051e-01 3.334856465891036792e-01
9.303683969004782339e-01 3.330870770045564200e-01
9.306748149811028270e-01 3.326903157447298476e-01
9.309799329021059000e-01 3.322953549295842857e-01
9.312837560569928730e-01 3.319021867095308664e-01
9.315862898184192886e-01 3.315108032653607539e-01
9.318875395382506532e-01 3.311211968081742563e-01
9.321875105476222778e-01 3.307333595793087722e-01
9.324862081570001182e-01 3.303472838502665154e-01
9.327836376562406162e-01 3.299629619226424615e-01
9.330798043146518728e-01 3.295803861280505731e-01
9.333747133810541552e-01 3.291995488280508586e-01
9.336683700838402933e-01 3.288204424140751536e-01
9.339607796310372967e-01 3.284430593073529026e-01
9.342519472103664180e-01 3.280673919588365517e-01
9.345418779893053252e-01 3.276934328491261650e-01
9.348305771151484977e-01 3.273211744883944840e-01
9.351180497150685111e-01 3.269506094163104892e-01
9.354043008961775429e-01 3.265817302019636270e-01
9.356893357455893234e-01 3.262145294437872045e-01
9.359731593304795316e-01 3.258489997694815066e-01
9.362557766981481899e-01 3.254851338359366353e-01
9.365371928760806153e-01 3.251229243291550164e-01
9.368174128720098137e-01 3.247623639641736282e-01
9.370964416739774316e-01 3.244034454849858418e-01
9.373742842503958173e-01 3.240461616644630949e-01
9.376509455501099710e-01 3.236905053042763436e-01
9.379264305024588300e-01 3.233364692348167924e-01
9.382007440173376622e-01 3.229840463151172902e-01
9.384738909852595734e-01 3.226332294327723393e-01
9.387458762774176790e-01 3.222840115038587139e-01
9.390167047457466110e-01 3.219363854728554686e-01
9.392863812229846898e-01 3.215903443125638916e-01
9.395549105227359865e-01 3.212458810240269580e-01
9.398222974395317175e-01 3.209029886364490602e-01
9.400885467488928615e-01 3.205616602071149623e-01
9.403536632073915547e-01 3.202218888213088643e-01
9.406176515527130411e-01 3.198836675922335226e-01
9.408805165037179563e-01 3.195469896609285931e-01
9.411422627605038338e-01 3.192118481961893073e-01
9.414028950044674993e-01 3.188782363944848153e-01
9.416624178983663551e-01 3.185461474798762516e-01
9.419208360863799978e-01 3.182155747039348004e-01
9.421781541941733895e-01 3.178865113456595948e-01
9.424343768289569212e-01 3.175589507113955601e-01
9.426895085795494733e-01 3.172328861347507023e-01
9.429435540164393670e-01 3.169083109765140072e-01
9.431965176918463145e-01 3.165852186245725064e-01
9.434484041397830367e-01 3.162636024938286217e-01
9.436992178761171024e-01 3.159434560261173419e-01
9.439489633986316575e-01 3.156247726901232897e-01
9.441976451870880416e-01 3.153075459812975656e-01
9.444452677032861843e-01 3.149917694217746478e-01
9.446918353911267774e-01 3.146774365602893475e-01
9.449373526766722264e-01 3.143645409720933759e-01
9.451818239682079348e-01 3.140530762588718550e-01
9.454252536563031439e-01 3.137430360486602177e-01
9.456676461138729950e-01 3.134344139957604414e-01
9.459090056962389248e-01 3.131272037806576702e-01
9.461493367411895061e-01 3.128213991099365043e-01
9.463886435690419541e-01 3.125169937161976219e-01
9.466269304827024111e-01 3.122139813579737355e-01
9.468642017677271205e-01 3.119123558196462698e-01
9.471004616923827113e-01 3.116121109113613730e-01
9.473357145077073715e-01 3.113132404689462618e-01
9.475699644475710226e-01 3.110157383538255660e-01
9.478032157287356041e-01 3.107195984529373400e-01
9.480354725509155811e-01 3.104248146786493523e-01
9.482667390968382293e-01 3.101313809686754852e-01
9.484970195323039199e-01 3.098392912859915804e-01
9.487263180062459611e-01 3.095485396187519500e-01
9.489546386507908826e-01 3.092591199802054991e-01
9.491819855813176110e-01 3.089710264086120151e-01
9.494083628965184207e-01 3.086842529671582902e-01
9.496337746784573319e-01 3.083987937438745219e-01
9.498582249926306176e-01 3.081146428515506019e-01
9.500817178880258673e-01 3.078317944276523499e-01
9.503042573971813844e-01 3.075502426342380802e-01
9.505258475362458048e-01 3.072699816578747245e-01
9.507464923050364947e-01 3.069910057095546208e-01
9.509661956870995025e-01 3.067133090246116911e-01
9.511849616497676241e-01 3.064368858626381753e-01
9.514027941442196878e-01 3.061617305074011974e-01
9.516196971055393972e-01 3.058878372667593326e-01
9.518356744527737279e-01 3.056152004725794513e-01
9.520507300889911040e-01 3.053438144806533971e-01
9.522648679013402395e-01 3.050736736706147201e-01
9.524780917611078701e-01 3.048047724458560759e-01
9.526904055237774838e-01 3.045371052334455153e-01
9.529018130290867195e-01 3.042706664840439945e-01
9.531123181010856538e-01 3.040054506718224969e-01
9.533219245481941995e-01 3.037414522943792106e-01
9.535306361632598371e-01 3.034786658726565944e-01
9.537384567236150135e-01 3.032170859508592775e-01
9.539453899911349843e-01 3.029567070963710695e-01
9.541514397122943247e-01 3.026975238996727491e-01
9.543566096182247716e-01 3.024395309742599625e-01
9.545609034247712898e-01 3.021827229565605677e-01
9.547643248325495824e-01 3.019270945058528666e-01
9.549668775270028220e-01 3.016726403041833371e-01
9.551685651784576070e-01 3.014193550562851431e-01
9.553693914421811373e-01 3.011672334894958669e-01
9.555693599584367259e-01 3.009162703536761296e-01
9.557684743525410864e-01 3.006664604211279901e-01
9.559667382349190667e-01 3.004177984865134543e-01
9.561641552011602707e-01 3.001702793667732072e-01
9.563607288320746802e-01 2.999238979010452888e-01
9.565564626937483883e-01 2.996786489505842699e-01
9.567513603375987774e-01 2.994345273986800948e-01
9.569454253004298083e-01 2.991915281505774238e-01
9.571386611044876425e-01 2.989496461333946975e-01
9.573310712575153758e-01 2.987088762960439792e-01
9.575226592528077729e-01 2.984692136091502968e-01
9.577134285692664450e-01 2.982306530649712628e-01
9.579033826714540290e-01 2.979931896773173605e-01
9.580925250096491430e-01 2.977568184814713970e-01
9.582808590199002330e-01 2.975215345341091222e-01
9.584683881240797509e-01 2.972873329132193487e-01
9.586551157299386672e-01 2.970542087180245150e-01
9.588410452311599830e-01 2.968221570689009714e-01
9.590261800074123544e-01 2.965911731073000990e-01
9.592105234244040490e-01 2.963612519956690949e-01
9.593940788339359038e-01 2.961323889173719248e-01
9.595768495739552817e-01 2.959045790766106077e-01
9.597588389686084742e-01 2.956778176983467787e-01
9.599400503282942143e-01 2.954521000282228638e-01
9.601204869497160788e-01 2.952274213324840302e-01
9.603001521159356679e-01 2.950037768978999719e-01
9.604790490964250083e-01 2.947811620316870274e-01
9.606571811471183997e-01 2.945595720614302415e-01
9.608345515104654844e-01 2.943390023350056506e-01
9.610111634154826499e-01 2.941194482205031213e-01
9.611870200778054318e-01 2.939009051061488020e-01
9.613621246997399172e-01 2.936833684002279066e-01
9.615364804703147028e-01 2.934668335310081644e-01
9.617100905653321874e-01 2.932512959466624936e-01
9.618829581474197532e-01 2.930367511151928395e-01
9.620550863660812801e-01 2.928231945243535694e-01
9.622264783577478831e-01 2.926106216815750893e-01
9.623971372458287599e-01 2.923990281138880154e-01
9.625670661407624840e-01 2.921884093678470684e-01
9.627362681400664091e-01 2.919787610094555230e-01
9.629047463283879615e-01 2.917700786240895461e-01
9.630725037775550446e-01 2.915623578164229790e-01
9.632395435466251099e-01 2.913555942103520091e-01
9.634058686819361172e-01 2.911497834489203407e-01
9.635714822171560501e-01 2.909449211942443658e-01
9.637363871733317655e-01 2.907410031274383355e-01
9.639005865589397315e-01 2.905380249485403632e-01
9.640640833699343215e-01 2.903359823764378733e-01
9.642268805897977746e-01 2.901348711487936050e-01
9.643889811895881570e-01 2.899346870219718930e-01
9.645503881279894332e-01 2.897354257709648939e-01
9.647111043513594275e-01 2.895370831893191998e-01
9.648711327937781190e-01 2.893396550890625085e-01
9.650304763770968242e-01 2.891431373006304040e-01
9.651891380109860474e-01 2.889475256727939145e-01
9.653471205929829990e-01 2.887528160725862936e-01
9.655044270085406666e-01 2.885590043852308550e-01
9.656610601310747777e-01 2.883660865140686980e-01
9.658170228220110953e-01 2.881740583804864309e-01
9.659723179308338237e-01 2.879829159238441738e-01
9.661269482951323484e-01 2.877926551014042822e-01
9.662809167406484212e-01 2.876032718882595152e-01
9.664342260813227892e-01 2.874147622772617039e-01
9.665868791193431564e-01 2.872271222789508638e-01
9.667388786451895921e-01 2.870403479214841957e-01
9.668902274376817152e-01 2.868544352505652539e-01
9.670409282640247683e-01 2.866693803293736686e-01
9.671909838798561365e-01 2.864851792384947027e-01
9.673403970292914211e-01 2.863018280758490852e-01
9.674891704449698482e-01 2.861193229566235119e-01
9.676373068481003425e-01 2.859376600132003121e-01
9.677848089485073801e-01 2.857568353950886708e-01
9.679316794446759520e-01 2.855768452688549064e-01
9.680779210237973054e-01 2.853976858180532483e-01
9.682235363618134638e-01 2.852193532431576695e-01
9.683685281234627462e-01 2.850418437614923306e-01
9.685128989623245088e-01 2.848651536071638013e-01
9.686566515208634431e-01 2.846892790309925592e-01
9.687997884304748730e-01 2.845142163004448221e-01
9.689423123115283865e-01 2.843399616995650470e-01
9.690842257734118004e-01 2.841665115289078170e-01
9.692255314145766798e-01 2.839938621054708956e-01
9.693662318225801933e-01 2.838220097626277250e-01
9.695063295741308540e-01 2.836509508500604793e-01
9.696458272351307084e-01 2.834806817336932294e-01
9.697847273607193008e-01 2.833111987956254962e-01
9.699230324953171944e-01 2.831424984340656370e-01
9.700607451726688257e-01 2.829745770632648982e-01
9.701978679158852481e-01 2.828074311134511909e-01
9.703344032374877637e-01 2.826410570307635872e-01
9.704703536394496677e-01 2.824754512771865400e-01
9.706057216132396581e-01 2.823106103304847125e-01
9.707405096398636912e-01 2.821465306841376974e-01
9.708747201899073920e-01 2.819832088472752352e-01
9.710083557235780205e-01 2.818206413446123770e-01
9.711414186907466606e-01 2.816588247163849812e-01
9.712739115309898530e-01 2.814977555182855973e-01
9.714058366736313399e-01 2.813374303213990180e-01
9.715371965377831431e-01 2.811778457121387742e-01
9.716679935323875306e-01 2.810189982921832419e-01
9.717982300562579834e-01 2.808608846784121926e-01
9.719279084981201633e-01 2.807035015028435665e-01
9.720570312366527688e-01 2.805468454125705224e-01
9.721856006405283912e-01 2.803909130696983776e-01
9.723136190684540381e-01 2.802357011512822127e-01
9.724410888692121002e-01 2.800812063492642556e-01
9.725680123816997646e-01 2.799274253704119864e-01
9.726943919349697598e-01 2.797743549362555759e-01
9.728202298482706567e-01 2.796219917830267132e-01
9.729455284310857266e-01 2.794703326615965988e-01
9.730702899831740194e-01 2.793193743374148275e-01
9.731945167946086661e-01 2.791691135904479926e-01
9.733182111458171804e-01 2.790195472151189016e-01
9.734413753076203157e-01 2.788706720202457356e-01
9.735640115412718121e-01 2.787224848289814871e-01
9.736861220984965870e-01 2.785749824787537854e-01
9.738077092215300379e-01 2.784281618212046117e-01
9.739287751431567886e-01 2.782820197221303471e-01
9.740493220867493251e-01 2.781365530614222648e-01
9.741693522663061877e-01 2.779917587330067996e-01
9.742888678864902730e-01 2.778476336447863737e-01
9.744078711426675810e-01 2.777041747185803322e-01
9.745263642209440746e-01 2.775613788900659351e-01
9.746443492982049817e-01 2.774192431087197930e-01
9.747618285421512097e-01 2.772777643377593582e-01
9.748788041113377600e-01 2.771369395540845826e-01
9.749952781552109204e-01 2.769967657482200751e-01
9.751112528141455682e-01 2.768572399242569260e-01
9.752267302194824738e-01 2.767183590997954190e-01
9.753417124935649385e-01 2.765801203058873003e-01
9.754562017497763193e-01 2.764425205869786573e-01
9.755702000925762229e-01 2.763055570008528528e-01
9.756837096175371427e-01 2.761692266185736822e-01
9.757967324113815399e-01 2.760335265244289737e-01
9.759092705520174826e-01 2.758984538158737454e-01
9.760213261085755043e-01 2.757640056034742493e-01
9.761329011414437984e-01 2.756301790108520167e-01
9.762439977023049664e-01 2.754969711746279026e-01
9.763546178341715454e-01 2.753643792443664640e-01
9.764647635714215346e-01 2.752324003825207255e-01
9.765744369398340341e-01 2.751010317643767245e-01
9.766836399566245497e-01 2.749702705779987766e-01
9.767923746304805199e-01 2.748401140241743534e-01
9.769006429615960663e-01 2.747105593163597925e-01
9.770084469417072981e-01 2.745816036806257854e-01
9.771157885541268406e-01 2.744532443556029766e-01
9.772226697737789181e-01 2.743254785924283956e-01
9.773290925672335483e-01 2.741983036546912222e-01
9.774350588927415151e-01 2.740717168183793295e-01
9.775405707002682298e-01 2.739457153718260485e-01
9.776456299315280374e-01 2.738202966156567109e-01
9.777502385200184110e-01 2.736954578627358581e-01
9.778543983910537030e-01 2.735711964381142280e-01
9.779581114617993398e-01 2.734475096789762971e-01
9.780613796413049066e-01 2.733243949345877666e-01
9.781642048305381199e-01 2.732018495662433821e-01
9.782665889224180233e-01 2.730798709472150310e-01
9.783685338018484057e-01 2.729584564626996723e-01
9.784700413457509960e-01 2.728376035097679342e-01
9.785711134230981045e-01 2.727173094973124323e-01
9.786717518949462624e-01 2.725975718459968111e-01
9.787719586144681960e-01 2.724783879882045068e-01
9.788717354269860227e-01 2.723597553679878436e-01
9.789710841700034472e-01 2.722416714410177407e-01
9.790700066732382911e-01 2.721241336745326422e-01
9.791685047586549118e-01 2.720071395472888898e-01
9.792665802404959541e-01 2.718906865495100411e-01
9.793642349253146584e-01 2.717747721828375207e-01
9.794614706120069458e-01 2.716593939602804375e-01
9.795582890918423935e-01 2.715445494061664578e-01
9.796546921484968751e-01 2.714302360560922889e-01
9.797506815580836470e-01 2.713164514568745522e-01
9.798462590891844348e-01 2.712031931665009332e-01
9.799414265028810744e-01 2.710904587540812760e-01
9.800361855527865984e-01 2.709782457997992333e-01
9.801305379850763222e-01 2.708665518948637496e-01
9.802244855385185973e-01 2.707553746414609330e-01
9.803180299445056756e-01 2.706447116527059271e-01
9.804111729270844622e-01 2.705345605525953379e-01
9.805039162029869360e-01 2.704249189759593275e-01
9.805962614816604583e-01 2.703157845684144300e-01
9.806882104652985266e-01 2.702071549863162003e-01
9.807797648488704167e-01 2.700990278967119740e-01
9.808709263201517148e-01 2.699914009772943491e-01
9.809616965597540705e-01 2.698842719163540571e-01
9.810520772411547297e-01 2.697776384127338334e-01
9.811420700307269538e-01 2.696714981757817875e-01
9.812316765877687752e-01 2.695658489253053847e-01
9.813208985645330840e-01 2.694606883915254825e-01
9.814097376062570488e-01 2.693560143150305897e-01
9.814981953511908719e-01 2.692518244467310695e-01
9.815862734306269877e-01 2.691481165478137871e-01
9.816739734689298169e-01 2.690448883896970900e-01
9.817612970835636332e-01 2.689421377539854552e-01
9.818482458851218730e-01 2.688398624324245811e-01
9.819348214773561123e-01 2.687380602268570340e-01
9.820210254572040443e-01 2.686367289491772836e-01
9.821068594148181230e-01 2.685358664212875168e-01
9.821923249335937633e-01 2.684354704750537279e-01
9.822774235901982065e-01 2.683355389522611989e-01
9.823621569545977206e-01 2.682360697045711451e-01
9.824465265900862443e-01 2.681370605934766949e-01
9.825305340533128096e-01 2.680385094902597576e-01
9.826141808943100742e-01 2.679404142759475027e-01
9.826974686565208561e-01 2.678427728412691722e-01
9.827803988768264443e-01 2.677455830866134479e-01
9.828629730855741320e-01 2.676488429219853193e-01
9.829451928066040844e-01 2.675525502669637290e-01
9.830270595572769832e-01 2.674567030506588838e-01
9.831085748485004494e-01 2.673612992116704001e-01
9.831897401847569107e-01 2.672663366980447264e-01
9.832705570641302462e-01 2.671718134672335099e-01
9.833510269783320989e-01 2.670777274860520190e-01
9.834311514127288545e-01 2.669840767306370100e-01
9.835109318463686190e-01 2.668908591864058155e-01
9.835903697520070876e-01 2.667980728480148778e-01
9.836694665961341899e-01 2.667057157193188366e-01
9.837482238390001799e-01 2.666137858133293959e-01
9.838266429346420594e-01 2.665222811521746893e-01
9.839047253309093355e-01 2.664311997670588128e-01
9.839824724694903324e-01 2.663405396982211903e-01
9.840598857859373938e-01 2.662502989948966059e-01
9.841369667096933060e-01 2.661604757152747913e-01
9.842137166641166113e-01 2.660710679264609024e-01
9.842901370665066985e-01 2.659820737044354955e-01
9.843662293281304487e-01 2.658934911340148921e-01
9.844419948542459942e-01 2.658053183088120996e-01
9.845174350441291411e-01 2.657175533311971205e-01
9.845925512910976840e-01 2.656301943122582054e-01
9.846673449825372737e-01 2.655432393717626627e-01
9.847418174999253981e-01 2.654566866381182777e-01
9.848159702188569176e-01 2.653705342483345664e-01
9.848898045090682674e-01 2.652847803479843058e-01
9.849633217344625491e-01 2.651994230911654538e-01
9.850365232531335113e-01 2.651144606404627346e-01
9.851094104173903077e-01 2.650298911669097812e-01
9.851819845737816994e-01 2.649457128499512759e-01
9.852542470631205918e-01 2.648619238774054252e-01
9.853261992205072373e-01 2.647785224454261566e-01
9.853978423753543270e-01 2.646955067584661481e-01
9.854691778514104161e-01 2.646128750292393028e-01
9.855402069667836829e-01 2.645306254786838895e-01
9.856109310339657981e-01 2.644487563359255167e-01
9.856813513598553511e-01 2.643672658382406060e-01
9.857514692457818306e-01 2.642861522310196443e-01
9.858212859875283840e-01 2.642054137677308234e-01
9.858908028753557984e-01 2.641250487098836253e-01
9.859600211940254821e-01 2.640450553269929057e-01
9.860289422228226686e-01 2.639654318965429236e-01
9.860975672355792865e-01 2.638861767039512585e-01
9.861658975006970529e-01 2.638072880425335054e-01
9.862339342811705656e-01 2.637287642134674703e-01
9.863016788346095076e-01 2.636506035257578096e-01
9.863691324132620730e-01 2.635728042962011131e-01
9.864362962640368382e-01 2.634953648493503775e-01
9.865031716285259655e-01 2.634182835174805337e-01
9.865697597430269639e-01 2.633415586405533637e-01
9.866360618385652259e-01 2.632651885661829172e-01
9.867020791409166769e-01 2.631891716496012057e-01
9.867678128706290908e-01 2.631135062536235081e-01
9.868332642430449608e-01 2.630381907486147308e-01
9.868984344683225940e-01 2.629632235124547135e-01
9.869633247514590924e-01 2.628886029305048111e-01
9.870279362923110034e-01 2.628143273955739767e-01
9.870922702856165243e-01 2.627403953078850662e-01
9.871563279210173736e-01 2.626668050750414762e-01
9.872201103830794411e-01 2.625935551119937816e-01
9.872836188513149924e-01 2.625206438410065402e-01
9.873468545002040964e-01 2.624480696916251521e-01
9.874098184992150529e-01 2.623758311006431643e-01
9.874725120128261535e-01 2.623039265120692964e-01
9.875349362005465537e-01 2.622323543770949117e-01
9.875970922169374777e-01 2.621611131540615425e-01
9.876589812116327582e-01 2.620902013084284721e-01
9.877206043293600413e-01 2.620196173127405936e-01
9.877819627099611033e-01 2.619493596465963803e-01
9.878430574884126125e-01 2.618794267966156886e-01
9.879038897948467790e-01 2.618098172564083392e-01
9.879644607545721158e-01 2.617405295265421428e-01
9.880247714880933119e-01 2.616715621145114801e-01
9.880848231111315494e-01 2.616029135347059942e-01
9.881446167346450427e-01 2.615345823083792820e-01
9.882041534648491332e-01 2.614665669636176415e-01
9.882634344032360518e-01 2.613988660353093185e-01
9.883224606465952355e-01 2.613314780651133651e-01
9.883812332870327566e-01 2.612644016014292192e-01
9.884397534119918616e-01 2.611976351993658962e-01
9.884980221042717341e-01 2.611311774207116243e-01
9.885560404420480340e-01 2.610650268339034796e-01
9.886138094988919933e-01 2.609991820139972440e-01
9.886713303437897338e-01 2.609336415426372069e-01
9.887286040411621402e-01 2.608684040080264666e-01
9.887856316508839560e-01 2.608034680048968990e-01
9.888424142283029905e-01 2.607388321344794591e-01
9.888989528242591032e-01 2.606744950044749265e-01
9.889552484851037439e-01 2.606104552290241516e-01
9.890113022527182718e-01 2.605467114286789676e-01
9.890671151645338277e-01 2.604832622303729361e-01
9.891226882535490983e-01 2.604201062673922595e-01
9.891780225483500777e-01 2.603572421793469149e-01
9.892331190731278312e-01 2.602946686121420661e-01
9.892879788476981462e-01 2.602323842179490310e-01
9.893426028875189626e-01 2.601703876551769712e-01
9.893969922037095799e-01 2.601086775884444147e-01
9.894511478030687535e-01 2.600472526885510005e-01
9.895050706880930136e-01 2.599861116324493349e-01
9.895587618569952060e-01 2.599252531032167912e-01
9.896122223037220333e-01 2.598646757900276993e-01
9.896654530179727072e-01 2.598043783881257007e-01
9.897184549852164892e-01 2.597443595987956044e-01
9.897712291867110102e-01 2.596846181293364086e-01
9.898237765995199222e-01 2.596251526930333786e-01
9.898760981965306627e-01 2.595659620091310682e-01
9.899281949464722175e-01 2.595070448028058419e-01
9.899800678139328847e-01 2.594483998051390072e-01
9.900317177593774831e-01 2.593900257530898368e-01
9.900831457391650048e-01 2.593319213894684228e-01
9.901343527055662674e-01 2.592740854629094205e-01
9.901853396067807900e-01 2.592165167278451254e-01
9.902361073869548891e-01 2.591592139444789389e-01
9.902866569861974444e-01 2.591021758787592222e-01
9.903369893405986613e-01 2.590454013023529289e-01
9.903871053822458359e-01 2.589888889926194038e-01
9.904370060392408970e-01 2.589326377325844031e-01
9.904866922357176140e-01 2.588766463109141158e-01
9.905361648918576956e-01 2.588209135218895174e-01
9.905854249239083309e-01 2.587654381653803903e-01
9.906344732441979550e-01 2.587102190468202334e-01
9.906833107611542344e-01 2.586552549771802267e-01
9.907319383793190548e-01 2.586005447729441964e-01
9.907803569993659520e-01 2.585460872560834122e-01
9.908285675181168761e-01 2.584918812540312749e-01
9.908765708285575124e-01 2.584379255996584468e-01
9.909243678198543792e-01 2.583842191312479275e-01
9.909719593773704815e-01 2.583307606924701849e-01
9.910193463826819649e-01 2.582775491323583417e-01
9.910665297135941021e-01 2.582245833052840833e-01
9.911135102441570588e-01 2.581718620709325673e-01
9.911602888446816584e-01 2.581193842942784422e-01
9.912068663817561465e-01 2.580671488455615337e-01
9.912532437182610678e-01 2.580151546002626417e-01
9.912994217133855868e-01 2.579634004390795043e-01
9.913454012226426970e-01 2.579118852479028723e-01
9.913911830978855422e-01 2.578606079177927501e-01
9.914367681873220706e-01 2.578095673449545822e-01
9.914821573355313555e-01 2.577587624307156045e-01
9.915273513834784724e-01 2.577081920815014748e-01
9.915723511685303748e-01 2.576578552088126806e-01
9.916171575244703273e-01 2.576077507292015012e-01
9.916617712815142260e-01 2.575578775642484719e-01
9.917061932663249202e-01 2.575082346405395683e-01
9.917504243020275334e-01 2.574588208896429475e-01
9.917944652082248957e-01 2.574096352480864658e-01
9.918383168010117545e-01 2.573606766573343085e-01
9.918819798929907616e-01 2.573119440637649524e-01
9.919254552932862401e-01 2.572634364186478506e-01
9.919687438075595054e-01 2.572151526781217279e-01
9.920118462380237423e-01 2.571670918031714881e-01
9.920547633834582157e-01 2.571192527596063981e-01
9.920974960392233699e-01 2.570716345180377727e-01
9.921400449972749280e-01 2.570242360538567694e-01
9.921824110461786583e-01 2.569770563472124625e-01
9.922245949711248070e-01 2.569300943829900263e-01
9.922665975539421979e-01 2.568833491507887534e-01
9.923084195731127766e-01 2.568368196449007379e-01
9.923500618037860432e-01 2.567905048642887267e-01
9.923915250177923753e-01 2.567444038125650807e-01
9.924328099836581263e-01 2.566985154979700701e-01
9.924739174666195041e-01 2.566528389333508353e-01
9.925148482286358931e-01 2.566073731361398491e-01
9.925556030284047315e-01 2.565621171283341551e-01
9.925961826213747230e-01 2.565170699364738849e-01
9.926365877597599363e-01 2.564722305916217748e-01
9.926768191925535723e-01 2.564275981293421269e-01
9.927168776655415083e-01 2.563831715896799368e-01
9.927567639213162876e-01 2.563389500171405766e-01
9.927964786992903301e-01 2.562949324606688117e-01
9.928360227357100332e-01 2.562511179736287059e-01
9.928753967636683164e-01 2.562075056137830265e-01
9.929146015131189440e-01 2.561640944432729272e-01
9.929536377108897360e-01 2.561208835285980756e-01
9.929925060806953363e-01 2.560778719405961135e-01
9.930312073431508679e-01 2.560350587544229506e-01
9.930697422157855891e-01 2.559924430495326697e-01
9.931081114130551057e-01 2.559500239096578200e-01
9.931463156463551378e-01 2.559078004227895997e-01
9.931843556240338433e-01 2.558657716811581495e-01
9.932222320514061398e-01 2.558239367812132348e-01
9.932599456307652508e-01 2.557822948236043725e-01
9.932974970613963617e-01 2.557408449131616801e-01
9.933348870395889429e-01 2.556995861588766683e-01
9.933721162586498510e-01 2.556585176738828125e-01
9.934091854089160956e-01 2.556176385754364566e-01
9.934460951777673854e-01 2.555769479848978287e-01
9.934828462496385626e-01 2.555364450277121668e-01
9.935194393060321483e-01 2.554961288333906788e-01
9.935558750255311100e-01 2.554559985354917795e-01
9.935921540838115185e-01 2.554160532716024390e-01
9.936282771536540936e-01 2.553762921833196975e-01
9.936642449049574166e-01 2.553367144162317359e-01
9.937000580047496978e-01 2.552973191198999459e-01
9.937357171172012116e-01 2.552581054478401112e-01
9.937712229036365086e-01 2.552190725575043118e-01
9.938065760225464063e-01 2.551802196102627152e-01
9.938417771296003123e-01 2.551415457713855361e-01
9.938768268776576598e-01 2.551030502100249397e-01
9.939117259167810081e-01 2.550647320991968892e-01
9.939464748942467009e-01 2.550265906157635487e-01
9.939810744545575227e-01 2.549886249404154648e-01
9.940155252394546892e-01 2.549508342576536357e-01
9.940498278879287275e-01 2.549132177557719703e-01
9.940839830362320217e-01 2.548757746268400792e-01
9.941179913178903593e-01 2.548385040666851231e-01
9.941518533637142552e-01 2.548014052748749925e-01
9.941855698018108312e-01 2.547644774547007662e-01
9.942191412575950293e-01 2.547277198131595588e-01
9.942525683538017134e-01 2.546911315609371451e-01
9.942858517104963267e-01 2.546547119123912517e-01
9.943189919450866610e-01 2.546184600855341262e-01
9.943519896723345131e-01 2.545823753020159397e-01
9.943848455043662327e-01 2.545464567871078554e-01
9.944175600506847124e-01 2.545107037696850982e-01
9.944501339181801569e-01 2.544751154822105232e-01
9.944825677111411855e-01 2.544396911607177403e-01
9.945148620312661558e-01 2.544044300447946827e-01
9.945470174776743777e-01 2.543693313775671760e-01
9.945790346469165488e-01 2.543343944056825068e-01
9.946109141329863013e-01 2.542996183792929910e-01
9.946426565273307485e-01 2.542650025520400425e-01
9.946742624188615878e-01 2.542305461810375755e-01
9.947057323939656470e-01 2.541962485268562388e-01
9.947370670365159873e-01 2.541621088535072071e-01
9.947682669278825607e-01 2.541281264284263042e-01
9.947993326469424247e-01 2.540943005224580720e-01
9.948302647700912882e-01 2.540606304098401158e-01
9.948610638712532817e-01 2.540271153681871730e-01
9.948917305218918372e-01 2.539937546784754585e-01
9.949222652910203468e-01 2.539605476250272886e-01
9.949526687452123763e-01 2.539274934954953156e-01
9.949829414486121015e-01 2.538945915808470954e-01
9.950130839629447443e-01 2.538618411753499893e-01
9.950430968475272309e-01 2.538292415765555088e-01
9.950729806592778504e-01 2.537967920852841619e-01
9.951027359527265803e-01 2.537644920056105202e-01
9.951323632800261887e-01 2.537323406448477314e-01
9.951618631909610047e-01 2.537003373135328088e-01
9.951912362329582429e-01 2.536684813254115323e-01
9.952204829510975514e-01 2.536367719974235158e-01
9.952496038881206708e-01 2.536052086496874414e-01
9.952785995844423139e-01 2.535737906054862933e-01
9.953074705781591591e-01 2.535425171912527031e-01
9.953362174050606193e-01 2.535113877365542945e-01
9.953648405986379455e-01 2.534804015740789174e-01
9.953933406900944414e-01 2.534495580396205483e-01
9.954217182083554549e-01 2.534188564720646908e-01
9.954499736800775933e-01 2.533882962133738315e-01
9.954781076296586040e-01 2.533578766085733402e-01
9.955061205792471446e-01 2.533275970057373150e-01
9.955340130487525530e-01 2.532974567559742596e-01
9.955617855558540619e-01 2.532674552134129287e-01
9.955894386160103471e-01 2.532375917351885608e-01
9.956169727424691862e-01 2.532078656814287232e-01
9.956443884462771177e-01 2.531782764152393783e-01
9.956716862362882114e-01 2.531488233026910062e-01
9.956988666191740611e-01 2.531195057128051706e-01
9.957259300994327766e-01 2.530903230175403085e-01
9.957528771793985323e-01 2.530612745917783513e-01
9.957797083592504483e-01 2.530323598133112917e-01
9.958064241370220282e-01 2.530035780628271946e-01
9.958330250086104840e-01 2.529749287238972633e-01
9.958595114677855076e-01 2.529464111829620165e-01
9.958858840061985962e-01 2.529180248293181887e-01
9.959121431133922675e-01 2.528897690551052402e-01
9.959382892768088302e-01 2.528616432552924231e-01
9.959643229817991550e-01 2.528336468276654037e-01
9.959902447116320001e-01 2.528057791728131609e-01
9.960160549475028935e-01 2.527780396941151086e-01
9.960417541685427922e-01 2.527504277977279390e-01
9.960673428518271866e-01 2.527229428925727994e-01
9.960928214723844265e-01 2.526955843903224697e-01
9.961181905032048256e-01 2.526683517053884831e-01
9.961434504152495428e-01 2.526412442549083592e-01
9.961686016774589092e-01 2.526142614587330026e-01
9.961936447567613095e-01 2.525874027394141019e-01
9.962185801180813982e-01 2.525606675221914732e-01
9.962434082243490918e-01 2.525340552349805145e-01
9.962681295365077849e-01 2.525075653083599381e-01
9.962927445135234539e-01 2.524811971755591689e-01
9.963172536123924283e-01 2.524549502724460770e-01
9.963416572881500510e-01 2.524288240375149317e-01
9.963659559938788934e-01 2.524028179118737447e-01
9.963901501807175265e-01 2.523769313392323910e-01
9.964142402978688473e-01 2.523511637658905626e-01
9.964382267926074066e-01 2.523255146407253346e-01
9.964621101102890677e-01 2.522999834151796739e-01
9.964858906943582229e-01 2.522745695432500601e-01
9.965095689863563422e-01 2.522492724814747178e-01
9.965331454259299671e-01 2.522240916889221252e-01
9.965566204508388148e-01 2.521990266271786352e-01
9.965799944969641055e-01 2.521740767603372069e-01
9.966032679983164444e-01 2.521492415549855814e-01
9.966264413870437044e-01 2.521245204801946249e-01
9.966495150934391312e-01 2.520999130075067818e-01
9.966724895459491140e-01 2.520754186109245842e-01
9.966953651711815132e-01 2.520510367668993279e-01
9.967181423939129870e-01 2.520267669543193589e-01
9.967408216370969853e-01 2.520026086544990274e-01
9.967634033218719658e-01 2.519785613511671407e-01
9.967858878675687206e-01 2.519546245304559173e-01
9.968082756917180376e-01 2.519307976808896621e-01
9.968305672100589154e-01 2.519070802933737752e-01
9.968527628365457804e-01 2.518834718611833168e-01
9.968748629833562580e-01 2.518599718799524045e-01
9.968968680608986110e-01 2.518365798476628892e-01
9.969187784778197337e-01 2.518132952646336409e-01
9.969405946410123676e-01 2.517901176335094471e-01
9.969623169556227626e-01 2.517670464592503543e-01
9.969839458250577824e-01 2.517440812491208435e-01
9.970054816509927864e-01 2.517212215126788943e-01
9.970269248333792911e-01 2.516984667617656601e-01
9.970482757704514087e-01 2.516758165104944767e-01
9.970695348587339524e-01 2.516532702752405370e-01
9.970907024930497631e-01 2.516308275746301226e-01
9.971117790665263714e-01 2.516084879295302223e-01
9.971327649706038798e-01 2.515862508630381522e-01
9.971536605950419574e-01 2.515641159004711191e-01
9.971744663279273890e-01 2.515420825693557294e-01
9.971951825556801818e-01 2.515201503994178855e-01
9.972158096630621138e-01 2.514983189225722948e-01
9.972363480331828400e-01 2.514765876729126992e-01
9.972567980475072202e-01 2.514549561867012728e-01
9.972771600858625352e-01 2.514334240023585743e-01
9.972974345264452589e-01 2.514119906604538324e-01
9.973176217458282755e-01 2.513906557036944545e-01
9.973377221189678732e-01 2.513694186769163674e-01
9.973577360192099617e-01 2.513482791270740813e-01
9.973776638182980658e-01 2.513272366032305860e-01
9.973975058863795429e-01 2.513062906565477483e-01
9.974172625920123547e-01 2.512854408402764306e-01
9.974369343021720624e-01 2.512646867097468317e-01
9.974565213822587095e-01 2.512440278223584955e-01
9.974760241961034835e-01 2.512234637375710955e-01
9.974954431059749327e-01 2.512029940168946096e-01
9.975147784725867384e-01 2.511826182238796612e-01
9.975340306551033764e-01 2.511623359241080822e-01
9.975532000111474451e-01 2.511421466851835316e-01
9.975722868968054380e-01 2.511220500767220587e-01
9.975912916666352936e-01 2.511020456703423887e-01
9.976102146736723908e-01 2.510821330396570406e-01
9.976290562694360986e-01 2.510623117602628351e-01
9.976478168039364380e-01 2.510425814097315134e-01
9.976664966256804101e-01 2.510229415676007436e-01
9.976850960816784353e-01 2.510033918153646848e-01
9.977036155174507925e-01 2.509839317364651601e-01
9.977220552770342810e-01 2.509645609162824420e-01
9.977404157029881038e-01 2.509452789421259267e-01
9.977586971364003077e-01 2.509260854032258070e-01
9.977768999168943331e-01 2.509069798907233584e-01
9.977950243826352317e-01 2.508879619976625563e-01
9.978130708703356611e-01 2.508690313189808618e-01
9.978310397152623246e-01 2.508501874515006169e-01
9.978489312512421883e-01 2.508314299939202185e-01
9.978667458106685872e-01 2.508127585468051257e-01
9.978844837245072208e-01 2.507941727125794773e-01
9.979021453223025917e-01 2.507756720955172658e-01
9.979197309321838905e-01 2.507572563017336220e-01
9.979372408808709904e-01 2.507389249391763220e-01
9.979546754936807762e-01 2.507206776176172380e-01
9.979720350945324725e-01 2.507025139486438459e-01
9.979893200059547498e-01 2.506844335456506756e-01
9.980065305490907202e-01 2.506664360238309297e-01
9.980236670437041546e-01 2.506485210001680453e-01
9.980407298081859224e-01 2.506306880934273118e-01
9.980577191595588760e-01 2.506129369241478222e-01
9.980746354134842901e-01 2.505952671146337019e-01
9.980914788842680796e-01 2.505776782889462817e-01
9.981082498848659057e-01 2.505601700728958270e-01
9.981249487268890608e-01 2.505427420940332106e-01
9.981415757206106854e-01 2.505253939816418085e-01
9.981581311749710972e-01 2.505081253667297281e-01
9.981746153975838975e-01 2.504909358820212595e-01
9.981910286947411892e-01 2.504738251619493816e-01
9.982073713714191276e-01 2.504567928426472689e-01
9.982236437312844712e-01 2.504398385619407974e-01
9.982398460766992443e-01 2.504229619593403289e-01
9.982559787087270653e-01 2.504061626760331061e-01
9.982720419271379209e-01 2.503894403548751479e-01
9.982880360304140499e-01 2.503727946403837001e-01
9.983039613157559389e-01 2.503562251787294080e-01
9.983198180790873177e-01 2.503397316177284893e-01
9.983356066150607111e-01 2.503233136068351850e-01
9.983513272170628783e-01 2.503069707971340985e-01
9.983669801772202534e-01 2.502907028413323687e-01
9.983825657864044967e-01 2.502745093937525089e-01
9.983980843342374900e-01 2.502583901103244135e-01
9.984135361090973326e-01 2.502423446485783076e-01
9.984289213981231148e-01 2.502263726676368094e-01
9.984442404872203580e-01 2.502104738282078245e-01
9.984594936610663440e-01 2.501946477925770518e-01
9.984746812031156660e-01 2.501788942246005454e-01
9.984898033956048913e-01 2.501632127896975533e-01
9.985048605195582239e-01 2.501476031548429124e-01
9.985198528547926111e-01 2.501320649885601655e-01
9.985347806799227399e-01 2.501165979609140666e-01
9.985496442723665877e-01 2.501012017435034762e-01
9.985644439083500856e-01 2.500858760094540889e-01
9.985791798629125582e-01 2.500706204334115501e-01
9.985938524099116087e-01 2.500554346915341286e-01
9.986084618220284481e-01 2.500403184614857777e-01
9.986230083707724470e-01 2.500252714224289186e-01
9.986374923264869086e-01 2.500102932550177237e-01
9.986519139583533988e-01 2.499953836413909836e-01
9.986662735343969644e-01 2.499805422651651121e-01
9.986805713214912394e-01 2.499657688114274301e-01
9.986948075853632201e-01 2.499510629667291706e-01
9.987089825905980378e-01 2.499364244190786510e-01
9.987230966006442889e-01 2.499218528579344734e-01
9.987371498778183643e-01 2.499073479741988069e-01
9.987511426833098893e-01 2.498929094602105883e-01
9.987650752771861651e-01 2.498785370097388325e-01
9.987789479183971642e-01 2.498642303179759439e-01
9.987927608647798605e-01 2.498499890815310542e-01
9.988065143730638917e-01 2.498358129984234455e-01
9.988202086988753337e-01 2.498217017680760266e-01
9.988338440967422516e-01 2.498076550913085891e-01
9.988474208200988080e-01 2.497936726703314236e-01
9.988609391212903699e-01 2.497797542087387690e-01
9.988743992515779491e-01 2.497658994115025122e-01
9.988878014611430878e-01 2.497521079849654158e-01
9.989011459990919661e-01 2.497383796368350950e-01
9.989144331134607313e-01 2.497247140761773565e-01
9.989276630512193833e-01 2.497111110134100087e-01
9.989408360582768820e-01 2.496975701602964781e-01
9.989539523794856990e-01 2.496840912299395643e-01
9.989670122586455925e-01 2.496706739367752226e-01
9.989800159385092693e-01 2.496573179965661526e-01
9.989929636607861596e-01 2.496440231263959419e-01
9.990058556661468581e-01 2.496307890446624878e-01
9.990186921942278975e-01 2.496176154710721962e-01
9.990314734836359678e-01 2.496045021266336539e-01
9.990441997719522460e-01 2.495914487336517162e-01
9.990568712957373920e-01 2.495784550157212900e-01
9.990694882905349905e-01 2.495655206977214491e-01
9.990820509908769909e-01 2.495526455058092730e-01
9.990945596302869269e-01 2.495398291674141011e-01
9.991070144412850240e-01 2.495270714112313992e-01
9.991194156553924177e-01 2.495143719672169580e-01
9.991317635031349287e-01 2.495017305665809260e-01
9.991440582140480586e-01 2.494891469417819529e-01
9.991563000166806541e-01 2.494766208265215557e-01
9.991684891385996803e-01 2.494641519557379561e-01
9.991806258063935520e-01 2.494517400656006134e-01
9.991927102456774623e-01 2.494393848935043678e-01
9.992047426810967137e-01 2.494270861780636672e-01
9.992167233363312695e-01 2.494148436591070161e-01
9.992286524340996401e-01 2.494026570776710916e-01
9.992405301961634345e-01 2.493905261759952752e-01
9.992523568433310244e-01 2.493784506975159909e-01
9.992641325954615406e-01 2.493664303868610432e-01
9.992758576714696472e-01 2.493544649898442045e-01
9.992875322893290946e-01 2.493425542534594974e-01
9.992991566660766045e-01 2.493306979258758105e-01
9.993107310178162006e-01 2.493188957564313746e-01
9.993222555597228718e-01 2.493071474956283229e-01
9.993337305060475684e-01 2.492954528951271675e-01
9.993451560701196446e-01 2.492838117077415261e-01
9.993565324643516323e-01 2.492722236874325981e-01
9.993678599002435714e-01 2.492606885893039748e-01
9.993791385883860068e-01 2.492492061695960326e-01
9.993903687384647627e-01 2.492377761856809648e-01
9.994015505592641624e-01 2.492263983960572582e-01
9.994126842586709136e-01 2.492150725603444750e-01
9.994237700436788829e-01 2.492037984392780348e-01
9.994348081203917600e-01 2.491925757947041076e-01
9.994457986940272765e-01 2.491814043895742570e-01
9.994567419689214249e-01 2.491702839879403886e-01
9.994676381485319006e-01 2.491592143549495042e-01
9.994784874354417648e-01 2.491481952568387892e-01
9.994892900313631090e-01 2.491372264609302556e-01
9.995000461371413847e-01 2.491263077356258848e-01
9.995107559527584007e-01 2.491154388504025485e-01
9.995214196773367643e-01 2.491046195758069015e-01
9.995320375091428788e-01 2.490938496834504412e-01
9.995426096455910514e-01 2.490831289460045395e-01
9.995531362832469346e-01 2.490724571371955298e-01
9.995636176178313015e-01 2.490618340317996837e-01
9.995740538442235978e-01 2.490512594056383811e-01
9.995844451564658284e-01 2.490407330355732807e-01
9.995947917477654432e-01 2.490302546995012689e-01
9.996050938104997785e-01 2.490198241763498799e-01
9.996153515362190545e-01 2.490094412460722717e-01
9.996255651156500388e-01 2.489991056896426191e-01
9.996357347386997105e-01 2.489888172890511175e-01
9.996458605944589237e-01 2.489785758272995142e-01
9.996559428712052942e-01 2.489683810883961124e-01
9.996659817564071959e-01 2.489582328573513026e-01
9.996759774367273144e-01 2.489481309201727055e-01
9.996859300980259766e-01 2.489380750638606754e-01
9.996958399253642602e-01 2.489280650764035541e-01
9.997057071030078790e-01 2.489181007467731188e-01
9.997155318144304026e-01 2.489081818649198641e-01
9.997253142423165873e-01 2.488983082217686715e-01
9.997350545685661505e-01 2.488884796092139806e-01
9.997447529742963246e-01 2.488786958201155419e-01
9.997544096398461866e-01 2.488689566482936710e-01
9.997640247447795447e-01 2.488592618885248631e-01
9.997735984678879362e-01 2.488496113365373796e-01
9.997831309871945127e-01 2.488400047890068079e-01
9.997926224799571493e-01 2.488304420435514253e-01
9.998020731226715530e-01 2.488209228987281196e-01
9.998114830910749262e-01 2.488114471540278094e-01
9.998208525601485208e-01 2.488020146098710583e-01
9.998301817041218564e-01 2.487926250676038287e-01
9.998394706964749412e-01 2.487832783294931793e-01
9.998487197099422685e-01 2.487739741987229081e-01
9.998579289165157036e-01 2.487647124793893050e-01
9.998670984874475920e-01 2.487554929764967671e-01
9.998762285932540905e-01 2.487463154959538292e-01
9.998853194037183867e-01 2.487371798445686399e-01
9.998943710878932523e-01 2.487280858300450481e-01
9.999033838141054842e-01 2.487190332609780785e-01
9.999123577499574589e-01 2.487100219468502127e-01
9.999212930623312401e-01 2.487010516980268371e-01
9.999301899173915764e-01 2.486921223257523295e-01
9.999390484805885659e-01 2.486832336421459233e-01
9.999478689166610978e-01 2.486743854601977111e-01
9.999566513896397391e-01 2.486655775937643698e-01
9.999653960628498428e-01 2.486568098575653030e-01
9.999741030989147683e-01 2.486480820671785330e-01
9.999827726597585453e-01 2.486393940390367041e-01
9.999914049066087607e-01 2.486307455904230856e-01
9.999999999999998890e-01 2.486221365394677141e-01
