6.000000000000000000e+01 2.000000000000000000e+01
5.990815680107670005e+01 1.992656691001263880e+01
5.981946207098815904e+01 1.985381808228671474e+01
5.973388575825665470e+01 1.978174618122261563e+01
5.965139773404676049e+01 1.971034392416879300e+01
5.957196780141527626e+01 1.963960408201320362e+01
5.949556570448556414e+01 1.956951947976821771e+01
5.942216113753622864e+01 1.950008299714745519e+01
5.935172375399463363e+01 1.943128756913302269e+01
5.928422317532622543e+01 1.936312618653168727e+01
5.921962899981108563e+01 1.929559189651859086e+01
5.915791081119969164e+01 1.922867780316714459e+01
5.909903818724031765e+01 1.916237706796383478e+01
5.904298070807103471e+01 1.909668291030671128e+01
5.898970796446971576e+01 1.903158860798638585e+01
5.893918956595599212e+01 1.896708749764848534e+01
5.889139514873956216e+01 1.890317297523651519e+01
5.884629438350975050e+01 1.883983849641417407e+01
5.880385698306164244e+01 1.877707757696626345e+01
5.876405270975462258e+01 1.871488379317736417e+01
5.872685138279959460e+01 1.865325078218751997e+01
5.869222288537156373e+01 1.859217224232429544e+01
5.866013717154471863e+01 1.853164193341057597e+01
5.863056427304756824e+01 1.847165367704758054e+01
5.860347430583608030e+01 1.841220135687264303e+01
5.857883747648313744e+01 1.835327891879132522e+01
5.855662408838306021e+01 1.829488037118358790e+01
5.853680454777025233e+01 1.823699978508370378e+01
5.851934936955137090e+01 1.817963129433374192e+01
5.850422918295080876e+01 1.812276909571047412e+01
5.849141473696953852e+01 1.806640744902563256e+01
5.848087690565765939e+01 1.801054067719948648e+01
5.847258669320134317e+01 1.795516316630780196e+01
5.846651523882506041e+01 1.790026936560224158e+01
5.846263382151030896e+01 1.784585378750438522e+01
5.846091386453220906e+01 1.779191100757354604e+01
5.846132693981564188e+01 1.773843566444862674e+01
5.846384477211274344e+01 1.768542245976431815e+01
5.846843924300386419e+01 1.763286615804195279e+01
5.847508239472412583e+01 1.758076158655541477e+01
5.848374643381805527e+01 1.752910363517249337e+01
5.849440373462476117e+01 1.747788725617213856e+01
5.850702684259642439e+01 1.742710746403809807e+01
5.852158847745280212e+01 1.737675933522945471e+01
5.853806153617478003e+01 1.732683800792861106e+01
5.855641909583990667e+01 1.727733868176725451e+01
5.857663441630310786e+01 1.722825661753094550e+01
5.859868094272569294e+01 1.717958713684291183e+01
5.862253230795599279e+01 1.713132562182768481e+01
5.864816233476489060e+01 1.708346751475523106e+01
5.867554503793967058e+01 1.703600831766625134e+01
5.870465462623952391e+01 1.698894359197931436e+01
5.873546550421624346e+01 1.694226895808052546e+01
5.876795227390346099e+01 1.689598009489641584e+01
5.880208973637801506e+01 1.685007273945076989e+01
5.883785289319681056e+01 1.680454268640608362e+01
5.887521694771275804e+01 1.675938578759039643e+01
5.891415730627318936e+01 1.671459795151017502e+01
5.895464957930424532e+01 1.667017514284998825e+01
5.899666958228466029e+01 1.662611338195969424e+01
5.904019333661236146e+01 1.658240874432980760e+01
5.908519707036725777e+01 1.653905736005581417e+01
5.913165721897357940e+01 1.649605541329207981e+01
5.917955042576509328e+01 1.645339914169607809e+01
5.922885354245641309e+01 1.641108483586360833e+01
5.927954362952367262e+01 1.636910883875569311e+01
5.933159795649773116e+01 1.632746754511781262e+01
5.938499400217299495e+01 1.628615740089212949e+01
5.943970945473498801e+01 1.624517490262335784e+01
5.949572221180959986e+01 1.620451659685889823e+01
5.955301038043705120e+01 1.616417907954387090e+01
5.961155227697338432e+01 1.612415899541163355e+01
5.967132642692236999e+01 1.608445303737039467e+01
5.973231156470059489e+01 1.604505794588647660e+01
5.979448663333836578e+01 1.600597050836479696e+01
5.985783078411916591e+01 1.596718755852712768e+01
5.992232337616015769e+01 1.592870597578864000e+01
5.998794397593630379e+01 1.589052268463325035e+01
6.005467235675047988e+01 1.585263465398827698e+01
6.012248849815202334e+01 1.581503889659886930e+01
6.019137258530597023e+01 1.577773246840268584e+01
6.026130500831529702e+01 1.574071246790526324e+01
6.033226636149824174e+01 1.570397603555649546e+01
6.040423744262295003e+01 1.566752035312864777e+01
6.047719925210137148e+01 1.563134264309629806e+01
6.055113299214450251e+01 1.559544016801858035e+01
6.062602006588080172e+01 1.555981022992409457e+01
6.070184207643973906e+01 1.552445016969883085e+01
6.077858082600220513e+01 1.548935736647743155e+01
6.085621831481957145e+01 1.545452923703811265e+01
6.093473674020306419e+01 1.541996323520153211e+01
6.101411849548505728e+01 1.538565685123390026e+01
6.109434616895394043e+01 1.535160761125458784e+01
6.117540254276396894e+01 1.531781307664848590e+01
6.125727059182160872e+01 1.528427084348335541e+01
6.133993348264981904e+01 1.525097854193239399e+01
6.142337457223156605e+01 1.521793383570221536e+01
6.150757740683390296e+01 1.518513442146645431e+01
6.159252572081388166e+01 1.515257802830515566e+01
6.167820343540748951e+01 1.512026241715014052e+01
6.176459465750279065e+01 1.508818538023647982e+01
6.185168367839838766e+01 1.505634474056023819e+01
6.193945497254824772e+01 1.502473835134261293e+01
6.202789319629398079e+01 1.499336409550057425e+01
6.211698318658550733e+01 1.496221988512414036e+01
6.220670995969111772e+01 1.493130366096035999e+01
6.229705870989775462e+01 1.490061339190410372e+01
6.238801480820252010e+01 1.487014707449573336e+01
6.247956380099609675e+01 1.483990273242572400e+01
6.257169140873902080e+01 1.480987841604628485e+01
6.266438352463147510e+01 1.478007220189003412e+01
6.275762621327739055e+01 1.475048219219577028e+01
6.285140570934358095e+01 1.472110651444136131e+01
6.294570841621450086e+01 1.469194332088378729e+01
6.304052090464337965e+01 1.466299078810633816e+01
6.313582991140024347e+01 1.463424711657298971e+01
6.323162233791752129e+01 1.460571053018994370e+01
6.332788524893369697e+01 1.457737927587434612e+01
6.342460587113563264e+01 1.454925162313015008e+01
6.352177159179998256e+01 1.452132586363111955e+01
6.361936995743430856e+01 1.449360031081095457e+01
6.371738867241824522e+01 1.446607329946049525e+01
6.381581559764523348e+01 1.443874318533198142e+01
6.391463874916522769e+01 1.441160834475032537e+01
6.401384629682878824e+01 1.438466717423135854e+01
6.411342656293292919e+01 1.435791809010700248e+01
6.421336802086911177e+01 1.433135952815730718e+01
6.431365929377369639e+01 1.430498994324931239e+01
6.441428915318125803e+01 1.427880780898267155e+01
6.451524651768100682e+01 1.425281161734196722e+01
6.461652045157661917e+01 1.422699987835566482e+01
6.471810016354987738e+01 1.420137111976162991e+01
6.481997500532818890e+01 1.417592388667914172e+01
6.492213447035646823e+01 1.415065674128733164e+01
6.502456819247346687e+01 1.412556826250997233e+01
6.512726594459283547e+01 1.410065704570653544e+01
6.523021763738917400e+01 1.407592170236944362e+01
6.533341331798919782e+01 1.405136085982743843e+01
6.543684316866831807e+01 1.402697316095498437e+01
6.554049750555275011e+01 1.400275726388761299e+01
6.564436677732734893e+01 1.397871184174314152e+01
6.574844156394937045e+01 1.395483558234866805e+01
6.585271257536824407e+01 1.393112718797326721e+01
6.595717065025161219e+01 1.390758537506628478e+01
6.606180675471767927e+01 1.388420887400116221e+01
6.616661198107408381e+01 1.386099642882469141e+01
6.627157754656334987e+01 1.383794679701161634e+01
6.637669479211507451e+01 1.381505874922449273e+01
6.648195518110496494e+01 1.379233106907871687e+01
6.658735029812085315e+01 1.376976255291263129e+01
6.669287184773570232e+01 1.374735200956263093e+01
6.679851165328783225e+01 1.372509826014316836e+01
6.690426165566827876e+01 1.370300013783157667e+01
6.701011391211551427e+01 1.368105648765761728e+01
6.711606059501758637e+01 1.365926616629768020e+01
6.722209399072163194e+01 1.363762804187352273e+01
6.732820649835099402e+01 1.361614099375549181e+01
6.743439062862984201e+01 1.359480391237011787e+01
6.754063900271549414e+01 1.357361569901201293e+01
6.764694435103841386e+01 1.355257526565997317e+01
6.775329951214992263e+01 1.353168153479721703e+01
6.785969743157772882e+01 1.351093343923567147e+01
6.796613116068927241e+01 1.349032992194421077e+01
6.807259385556288578e+01 1.346986993588079073e+01
6.817907877586691257e+01 1.344955244382837201e+01
6.828557928374675612e+01 1.342937641823457540e+01
6.839208884271977240e+01 1.340934084105497703e+01
6.849860101657826306e+01 1.338944470359997041e+01
6.860510946830039813e+01 1.336968700638511365e+01
6.871160795896918216e+01 1.335006675898489625e+01
6.881809034669939251e+01 1.333058297988984187e+01
6.892455058557261793e+01 1.331123469636687773e+01
6.903098272458035467e+01 1.329202094432289805e+01
6.913738090657507485e+01 1.327294076817144841e+01
6.924373936722949452e+01 1.325399322070245667e+01
6.935005243400375718e+01 1.323517736295496050e+01
6.945631452512084536e+01 1.321649226409273226e+01
6.956252014854989341e+01 1.319793700128276193e+01
6.966866390099774264e+01 1.317951065957652190e+01
6.977474046690839771e+01 1.316121233179394423e+01
6.988074461747063992e+01 1.314304111841005351e+01
6.998667120963366983e+01 1.312499612744419331e+01
7.009251518513075041e+01 1.310707647435177670e+01
7.019827156951090785e+01 1.308928128191851492e+01
7.030393547117866149e+01 1.307160968015704761e+01
7.040950208044171177e+01 1.305406080620593201e+01
7.051496666856664319e+01 1.303663380423093088e+01
7.062032458684255687e+01 1.301932782532852784e+01
7.072557126565273222e+01 1.300214202743164549e+01
7.083070221355410467e+01 1.298507557521748268e+01
7.093571301636477244e+01 1.296812764001743901e+01
7.104059933625926249e+01 1.295129739972905902e+01
7.114535691087178293e+01 1.293458403872996954e+01
7.124998155240723463e+01 1.291798674779372824e+01
7.135446914676005292e+01 1.290150472400756598e+01
7.145881565264087953e+01 1.288513717069195685e+01
7.156301710071093680e+01 1.286888329732197711e+01
7.166706959272414679e+01 1.285274231945040491e+01
7.177096930067702374e+01 1.283671345863251645e+01
7.187471246596609831e+01 1.282079594235254305e+01
7.197829539855317194e+01 1.280498900395173401e+01
7.208171447613801774e+01 1.278929188255799509e+01
7.218496614333874106e+01 1.277370382301705121e+01
7.228804691087968592e+01 1.275822407582510820e+01
7.239095335478684490e+01 1.274285189706296606e+01
7.249368211559075803e+01 1.272758654833154246e+01
7.259622989753681566e+01 1.271242729668878013e+01
7.269859346780305032e+01 1.269737341458788826e+01
7.280076965572520464e+01 1.268242417981690551e+01
7.290275535202921731e+01 1.266757887543952421e+01
7.300454750807095650e+01 1.265283678973715453e+01
7.310614313508325779e+01 1.263819721615220715e+01
7.320753930343015270e+01 1.262365945323253769e+01
7.330873314186828793e+01 1.260922280457704403e+01
7.340972183681547847e+01 1.259488657878237561e+01
7.351050263162642295e+01 1.258065008939072627e+01
7.361107282587539657e+01 1.256651265483868585e+01
7.371142977464604940e+01 1.255247359840711319e+01
7.381157088782813958e+01 1.253853224817202161e+01
7.391149362942121570e+01 1.252468793695642191e+01
7.401119551684524822e+01 1.251094000228312986e+01
7.411067412025805368e+01 1.249728778632848325e+01
7.420992706187955434e+01 1.248373063587696308e+01
7.430895201532283068e+01 1.247026790227668869e+01
7.440774670493193810e+01 1.245689894139576026e+01
7.450630890512631765e+01 1.244362311357943263e+01
7.460463643975194259e+01 1.243043978360808843e+01
7.470272718143901614e+01 1.241734832065600180e+01
7.480057905096624893e+01 1.240434809825086226e+01
7.489819001663164499e+01 1.239143849423403765e+01
7.499555809362978209e+01 1.237861889072156529e+01
7.509268134343544432e+01 1.236588867406583958e+01
7.518955787319373485e+01 1.235324723481798692e+01
7.528618583511646989e+01 1.234069396769090687e+01
7.538256342588483960e+01 1.232822827152295808e+01
7.547868888605839288e+01 1.231584954924227482e+01
7.557456049949016119e+01 1.230355720783170170e+01
7.567017659274796415e+01 1.229135065829431639e+01
7.576553553454179735e+01 1.227922931561954023e+01
7.586063573515737346e+01 1.226719259874980850e+01
7.595547564589554668e+01 1.225523993054779837e+01
7.605005375851786198e+01 1.224337073776418094e+01
7.614436860469791668e+01 1.223158445100590441e+01
7.623841875547867630e+01 1.221988050470497811e+01
7.633220282073560270e+01 1.220825833708775221e+01
7.642571944864558020e+01 1.219671739014467526e+01
7.651896732516159716e+01 1.218525710960052244e+01
7.661194517349312605e+01 1.217387694488507854e+01
7.670465175359215948e+01 1.216257634910425622e+01
7.679708586164485951e+01 1.215135477901165828e+01
7.688924632956879179e+01 1.214021169498054675e+01
7.698113202451565940e+01 1.212914656097623123e+01
7.707274184837952191e+01 1.211815884452884795e+01
7.716407473731042899e+01 1.210724801670652795e+01
7.725512966123346814e+01 1.209641355208894353e+01
7.734590562337317010e+01 1.208565492874122249e+01
7.743640165978312950e+01 1.207497162818821579e+01
7.752661683888098310e+01 1.206436313538912231e+01
7.761655026098850385e+01 1.205382893871244043e+01
7.770620105787689624e+01 1.204336852991126250e+01
7.779556839231725007e+01 1.203298140409888717e+01
7.788465145763596809e+01 1.202266705972473737e+01
7.797344947727533793e+01 1.201242499855059975e+01
7.806196170435897841e+01 1.200225472562714835e+01
7.815018742126230222e+01 1.199215574927076666e+01
7.823812593918786717e+01 1.198212758104064690e+01
7.832577659774553069e+01 1.197216973571617338e+01
7.841313876453747866e+01 1.196228173127456529e+01
7.850021183474797226e+01 1.195246308886878950e+01
7.858699523073785542e+01 1.194271333280572556e+01
7.867348840164368085e+01 1.193303199052458119e+01
7.875969082298156820e+01 1.192341859257555292e+01
7.884560199625553878e+01 1.191387267259871763e+01
7.893122144857052547e+01 1.190439376730316567e+01
7.901654873224980236e+01 1.189498141644635432e+01
7.910158342445689073e+01 1.188563516281367960e+01
7.918632512682194147e+01 1.187635455219827030e+01
7.927077346507246602e+01 1.186713913338098614e+01
7.935492808866840164e+01 1.185798845811062741e+01
7.943878867044146830e+01 1.184890208108433640e+01
7.952235490623883152e+01 1.183987955992820851e+01
7.960562651457095740e+01 1.183092045517807911e+01
7.968860323626361719e+01 1.182202433026050947e+01
7.977128483411409832e+01 1.181319075147395203e+01
7.985367109255142282e+01 1.180441928797008977e+01
7.993576181730070118e+01 1.179570951173535676e+01
8.001755683505145100e+01 1.178706099757262926e+01
8.009905599312993729e+01 1.177847332308308026e+01
8.018025915917543500e+01 1.176994606864819914e+01
8.026116622082032848e+01 1.176147881741197310e+01
8.034177708537420415e+01 1.175307115526322299e+01
8.042209167951163806e+01 1.174472267081809385e+01
8.050210994896383454e+01 1.173643295540269627e+01
8.058183185821398808e+01 1.172820160303589532e+01
8.066125739019636853e+01 1.172002821041223974e+01
8.074038654599905840e+01 1.171191237688503684e+01
8.081921934457034240e+01 1.170385370444956230e+01
8.089775582242866392e+01 1.169585179772640693e+01
8.097599603337619101e+01 1.168790626394496179e+01
8.105394004821584986e+01 1.168001671292702426e+01
8.113158795447185412e+01 1.167218275707053543e+01
8.120893985611373012e+01 1.166440401133344906e+01
8.128599587328369580e+01 1.165668009321771592e+01
8.136275614202747875e+01 1.164901062275339427e+01
8.143922081402841684e+01 1.164139522248287406e+01
8.151539005634489854e+01 1.163383351744522543e+01
8.159126405115111424e+01 1.162632513516065380e+01
8.166684299548096249e+01 1.161886970561507226e+01
8.174212710097521040e+01 1.161146686124478400e+01
8.181711659363186584e+01 1.160411623692127314e+01
8.189181171355959066e+01 1.159681746993610396e+01
8.196621271473431136e+01 1.158957019998592131e+01
8.204031986475882832e+01 1.158237406915755940e+01
8.211413344462552288e+01 1.157522872191325192e+01
8.218765374848203464e+01 1.156813380507594147e+01
8.226088108339990868e+01 1.156108896781468331e+01
8.233381576914619870e+01 1.155409386163015562e+01
8.240645813795798347e+01 1.154714814034026027e+01
8.247880853431976789e+01 1.154025146006581792e+01
8.255086731474368378e+01 1.153340347921635534e+01
8.262263484755254694e+01 1.152660385847599045e+01
8.269411151266572801e+01 1.151985226078940094e+01
8.276529770138768072e+01 1.151314835134788517e+01
8.283619381619929811e+01 1.150649179757551188e+01
8.290680027055189782e+01 1.149988226911535705e+01
8.297711748866389314e+01 1.149331943781582233e+01
8.304714590532010732e+01 1.148680297771704595e+01
8.311688596567368847e+01 1.148033256503738819e+01
8.318633812505056824e+01 1.147390787816000923e+01
8.325550284875652096e+01 1.146752859761951804e+01
8.332438061188669565e+01 1.146119440608871187e+01
8.339297189913770580e+01 1.145490498836539039e+01
8.346127720462210675e+01 1.144866003135924970e+01
8.352929703168531717e+01 1.144245922407884919e+01
8.359703189272501334e+01 1.143630225761866903e+01
8.366448230901285399e+01 1.143018882514622803e+01
8.373164881051854991e+01 1.142411862188928673e+01
8.379853193573630676e+01 1.141809134512312696e+01
8.386513223151352747e+01 1.141210669415789170e+01
8.393145025288181671e+01 1.140616437032601915e+01
8.399748656289018811e+01 1.140026407696972655e+01
8.406324173244058784e+01 1.139440551942858626e+01
8.412871634012550714e+01 1.138858840502715886e+01
8.419391097206784025e+01 1.138281244306270246e+01
8.425882622176288805e+01 1.137707734479295318e+01
8.432346268992242244e+01 1.137138282342396778e+01
8.438782098432093903e+01 1.136572859409804614e+01
8.445190171964389947e+01 1.136011437388171252e+01
8.451570551733810532e+01 1.135453988175376416e+01
8.457923300546401890e+01 1.134900483859339637e+01
8.464248481855014461e+01 1.134350896716838264e+01
8.470546159744938564e+01 1.133805199212332937e+01
8.476816398919731910e+01 1.133263363996798923e+01
8.483059264687246070e+01 1.132725363906564375e+01
8.489274822945836263e+01 1.132191171962154641e+01
8.495463140170771510e+01 1.131660761367143664e+01
8.501624283400819593e+01 1.131134105507011078e+01
8.507758320225026694e+01 1.130611177948005697e+01
8.513865318769668988e+01 1.130091952436015212e+01
8.519945347685396086e+01 1.129576402895442833e+01
8.525998476134542159e+01 1.129064503428089061e+01
8.532024773778620386e+01 1.128556228312040055e+01
8.538024310765986513e+01 1.128051552000562374e+01
8.543997157719680047e+01 1.127550449121003240e+01
8.549943385725426026e+01 1.127052894473697364e+01
8.555863066319814436e+01 1.126558863030878932e+01
8.561756271478638780e+01 1.126068329935600865e+01
8.567623073605400918e+01 1.125581270500658349e+01
8.573463545519980755e+01 1.125097660207519468e+01
8.579277760447457979e+01 1.124617474705261522e+01
8.585065792007101493e+01 1.124140689809512494e+01
8.590827714201505216e+01 1.123667281501399096e+01
8.596563601405885890e+01 1.123197225926499598e+01
8.602273528357531518e+01 1.122730499393803427e+01
8.607957570145397597e+01 1.122267078374676075e+01
8.613615802199853988e+01 1.121806939501828992e+01
8.619248300282579578e+01 1.121350059568296054e+01
8.624855140476599047e+01 1.120896415526414991e+01
8.630436399176468854e+01 1.120445984486815050e+01
8.635992153078596800e+01 1.119998743717409084e+01
8.641522479171710813e+01 1.119554670642392402e+01
8.647027454727458462e+01 1.119113742841246051e+01
8.652507157291144324e+01 1.118675938047746321e+01
8.657961664672608038e+01 1.118241234148979046e+01
8.663391054937228830e+01 1.117809609184360120e+01
8.668795406397065051e+01 1.117381041344660630e+01
8.674174797602121600e+01 1.116955508971037148e+01
8.679529307331750942e+01 1.116532990554068583e+01
8.684859014586172066e+01 1.116113464732796956e+01
8.690163998578124449e+01 1.115696910293774557e+01
8.695444338724639977e+01 1.115283306170115374e+01
8.700700114638938487e+01 1.114872631440552198e+01
8.705931406122442695e+01 1.114464865328499599e+01
8.711138293156916745e+01 1.114059987201120627e+01
8.716320855896717035e+01 1.113657976568400088e+01
8.721479174661163825e+01 1.113258813082222076e+01
8.726613329927025120e+01 1.112862476535452849e+01
8.731723402321115657e+01 1.112468946861029018e+01
8.736809472613003891e+01 1.112078204131050541e+01
8.741871621707838358e+01 1.111690228555878690e+01
8.746909930639272091e+01 1.111305000483239702e+01
8.751924480562506403e+01 1.110922500397332513e+01
8.756915352747431314e+01 1.110542708917942001e+01
8.761882628571876808e+01 1.110165606799557203e+01
8.766826389514966422e+01 1.109791174930494151e+01
8.771746717150575989e+01 1.109419394332024034e+01
8.776643693140890434e+01 1.109050246157506159e+01
8.781517399230058629e+01 1.108683711691525353e+01
8.786367917237956249e+01 1.108319772349034871e+01
8.791195329054033891e+01 1.107958409674503919e+01
8.795999716631273202e+01 1.107599605341069626e+01
8.800781161980229683e+01 1.107243341149694338e+01
8.805539747163173558e+01 1.106889599028327353e+01
8.810275554288321587e+01 1.106538361031071638e+01
8.814988665504161247e+01 1.106189609337355151e+01
8.819679162993868715e+01 1.105843326251106795e+01
8.824347128969809262e+01 1.105499494199937160e+01
8.828992645668128603e+01 1.105158095734324419e+01
8.833615795343435195e+01 1.104819113526803953e+01
8.838216660263562119e+01 1.104482530371163129e+01
8.842795322704418481e+01 1.104148329181640875e+01
8.847351864944924671e+01 1.103816492992131693e+01
8.851886369262024346e+01 1.103487004955394113e+01
8.856398917925785952e+01 1.103159848342263594e+01
8.860889593194578140e+01 1.102835006540870744e+01
8.865358477310331864e+01 1.102512463055863101e+01
8.869805652493870696e+01 1.102192201507631886e+01
8.874231200940332087e+01 1.101874205631543191e+01
8.878635204814651161e+01 1.101558459277173974e+01
8.883017746247129764e+01 1.101244946407551772e+01
8.887378907329078004e+01 1.100933651098399579e+01
8.891718770108525405e+01 1.100624557537384440e+01
8.896037416586010238e+01 1.100317650023371208e+01
8.900334928710437055e+01 1.100012912965680201e+01
8.904611388375003855e+01 1.099710330883348952e+01
8.908866877413205998e+01 1.099409888404398927e+01
8.913101477594898370e+01 1.099111570265106508e+01
8.917315270622435719e+01 1.098815361309277883e+01
8.921508338126872673e+01 1.098521246487528025e+01
8.925680761664236229e+01 1.098229210856564819e+01
8.929832622711859358e+01 1.097939239578476567e+01
8.933964002664779969e+01 1.097651317920024638e+01
8.938074982832202409e+01 1.097365431251938972e+01
8.942165644434028593e+01 1.097081565048219254e+01
8.946236068597440294e+01 1.096799704885439120e+01
8.950286336353552485e+01 1.096519836442055329e+01
8.954316528634122108e+01 1.096241945497720671e+01
8.958326726268316520e+01 1.095966017932600600e+01
8.962317009979541638e+01 1.095692039726695022e+01
8.966287460382331176e+01 1.095419996959163456e+01
8.970238157979285631e+01 1.095149875807654105e+01
8.974169183158076635e+01 1.094881662547637191e+01
8.978080616188501040e+01 1.094615343551742725e+01
8.981972537219593278e+01 1.094350905289101661e+01
8.985845026276788872e+01 1.094088334324691481e+01
8.989698163259143371e+01 1.093827617318685519e+01
8.993532027936608131e+01 1.093568741025806013e+01
8.997346699947350146e+01 1.093311692294681947e+01
9.001142258795128726e+01 1.093056458067209569e+01
9.004918783846724750e+01 1.092803025377918225e+01
9.008676354329412561e+01 1.092551381353338869e+01
9.012415049328488692e+01 1.092301513211377006e+01
9.016134947784847498e+01 1.092053408260689551e+01
9.019836128492600835e+01 1.091807053900064872e+01
9.023518670096753169e+01 1.091562437617807824e+01
9.027182651090913623e+01 1.091319546991127609e+01
9.030828149815063455e+01 1.091078369685529381e+01
9.034455244453361900e+01 1.090838893454210279e+01
9.038064013032004596e+01 1.090601106137458665e+01
9.041654533417117534e+01 1.090364995662057446e+01
9.045226883312700750e+01 1.090130550040690771e+01
9.048781140258614641e+01 1.089897757371354636e+01
9.052317381628607507e+01 1.089666605836771041e+01
9.055835684628381443e+01 1.089437083703805875e+01
9.059336126293710834e+01 1.089209179322890186e+01
9.062818783488589247e+01 1.088982881127445701e+01
9.066283732903423243e+01 1.088758177633313373e+01
9.069731051053264537e+01 1.088535057438185305e+01
9.073160814276081965e+01 1.088313509221041286e+01
9.076573098731068967e+01 1.088093521741587466e+01
9.079967980396996552e+01 1.087875083839699819e+01
9.083345535070593257e+01 1.087658184434870456e+01
9.086705838364972010e+01 1.087442812525657310e+01
9.090048965708089668e+01 1.087228957189137901e+01
9.093374992341239249e+01 1.087016607580365957e+01
9.096683993317583372e+01 1.086805752931831925e+01
9.099976043500717537e+01 1.086596382552926343e+01
9.103251217563276043e+01 1.086388485829407635e+01
9.106509589985562059e+01 1.086182052222871874e+01
9.109751235054216068e+01 1.085977071270227334e+01
9.112976226860918416e+01 1.085773532583171175e+01
9.116184639301124548e+01 1.085571425847670746e+01
9.119376546072828660e+01 1.085370740823447022e+01
9.122552020675364304e+01 1.085171467343461771e+01
9.125711136408231994e+01 1.084973595313408268e+01
9.128853966369959494e+01 1.084777114711205215e+01
9.131980583456993372e+01 1.084582015586493497e+01
9.135091060362620397e+01 1.084388288060136674e+01
9.138185469575914510e+01 1.084195922323724304e+01
9.141263883380719335e+01 1.084004908639078657e+01
9.144326373854653411e+01 1.083815237337764970e+01
9.147373012868150965e+01 1.083626898820603834e+01
9.150403872083522572e+01 1.083439883557187855e+01
9.153419022954047080e+01 1.083254182085400963e+01
9.156418536723091961e+01 1.083069785010940933e+01
9.159402484423257818e+01 1.082886683006844564e+01
9.162370936875552729e+01 1.082704866813016764e+01
9.165323964688587921e+01 1.082524327235762129e+01
9.168261638257800428e+01 1.082345055147319535e+01
9.171184027764705604e+01 1.082167041485399928e+01
9.174091203176166687e+01 1.081990277252727672e+01
9.176983234243695620e+01 1.081814753516583849e+01
9.179860190502773776e+01 1.081640461408353104e+01
9.182722141272199678e+01 1.081467392123073523e+01
9.185569155653455198e+01 1.081295536918989519e+01
9.188401302530101589e+01 1.081124887117107392e+01
9.191218650567192583e+01 1.080955434100753898e+01
9.194021268210713060e+01 1.080787169315137675e+01
9.196809223687037615e+01 1.080620084266913672e+01
9.199582585002413282e+01 1.080454170523750612e+01
9.202341419942460732e+01 1.080289419713900934e+01
9.205085796071699633e+01 1.080125823525773754e+01
9.207815780733093902e+01 1.079963373707510677e+01
9.210531441047612589e+01 1.079802062066564439e+01
9.213232843913820602e+01 1.079641880469280224e+01
9.215920056007482231e+01 1.079482820840479995e+01
9.218593143781183130e+01 1.079324875163049136e+01
9.221252173463979318e+01 1.079168035477526288e+01
9.223897211061054691e+01 1.079012293881695861e+01
9.226528322353405542e+01 1.078857642530183014e+01
9.229145572897540717e+01 1.078704073634051674e+01
9.231749028025200232e+01 1.078551579460404852e+01
9.234338752843088116e+01 1.078400152331987627e+01
9.236914812232630823e+01 1.078249784626793506e+01
9.239477270849741330e+01 1.078100468777672738e+01
9.242026193124614508e+01 1.077952197271942936e+01
9.244561643261526740e+01 1.077804962651003251e+01
9.247083685238658290e+01 1.077658757509950860e+01
9.249592382807929880e+01 1.077513574497199222e+01
9.252087799494857734e+01 1.077369406314099720e+01
9.254569998598421421e+01 1.077226245714566133e+01
9.257039043190947325e+01 1.077084085504700717e+01
9.259494996118010590e+01 1.076942918542422944e+01
9.261937919998347013e+01 1.076802737737101801e+01
9.264367877223786252e+01 1.076663536049189496e+01
9.266784929959192141e+01 1.076525306489857492e+01
9.269189140142424321e+01 1.076388042120636079e+01
9.271580569484306977e+01 1.076251736053055730e+01
9.273959279468618888e+01 1.076116381448290582e+01
9.276325331352087744e+01 1.075981971516804947e+01
9.278678786164410042e+01 1.075848499518001944e+01
9.281019704708273821e+01 1.075715958759874624e+01
9.283348147559395613e+01 1.075584342598659049e+01
9.285664175066577286e+01 1.075453644438490564e+01
9.287967847351768569e+01 1.075323857731061494e+01
9.290259224310140951e+01 1.075194975975281864e+01
9.292538365610182893e+01 1.075066992716942060e+01
9.294805330693796463e+01 1.074939901548377641e+01
9.297060178776409600e+01 1.074813696108137329e+01
9.299302968847102591e+01 1.074688370080652078e+01
9.301533759668741652e+01 1.074563917195907159e+01
9.303752609778128146e+01 1.074440331229116197e+01
9.305959577486152057e+01 1.074317606000397873e+01
9.308154720877963939e+01 1.074195735374454053e+01
9.310338097813152558e+01 1.074074713260251102e+01
9.312509765925933891e+01 1.073954533610702278e+01
9.314669782625352923e+01 1.073835190422353492e+01
9.316818205095488281e+01 1.073716677735070135e+01
9.318955090295676769e+01 1.073598989631726930e+01
9.321080494960740737e+01 1.073482120237899551e+01
9.323194475601223985e+01 1.073366063721558028e+01
9.325297088503644716e+01 1.073250814292762811e+01
9.327388389730749907e+01 1.073136366203362968e+01
9.329468435121782477e+01 1.073022713746695977e+01
9.331537280292752712e+01 1.072909851257289837e+01
9.333594980636728167e+01 1.072797773110567299e+01
9.335641591324123567e+01 1.072686473722552236e+01
9.337677167302997816e+01 1.072575947549577791e+01
9.339701763299369475e+01 1.072466189087996469e+01
9.341715433817527980e+01 1.072357192873892728e+01
9.343718233140361917e+01 1.072248953482797340e+01
9.345710215329692971e+01 1.072141465529403348e+01
9.347691434226611307e+01 1.072034723667284517e+01
9.349661943451829416e+01 1.071928722588615557e+01
9.351621796406031706e+01 1.071823457023894122e+01
9.353571046270243983e+01 1.071718921741664943e+01
9.355509746006195826e+01 1.071615111548246269e+01
9.357437948356702861e+01 1.071512021287457017e+01
9.359355705846044771e+01 1.071409645840347302e+01
9.361263070780361772e+01 1.071307980124929493e+01
9.363160095248045423e+01 1.071207019095912472e+01
9.365046831120145043e+01 1.071106757744436777e+01
9.366923330050775576e+01 1.071007191097811528e+01
9.368789643477532536e+01 1.070908314219254187e+01
9.370645822621916921e+01 1.070810122207631210e+01
9.372491918489758689e+01 1.070712610197200654e+01
9.374327981871653037e+01 1.070615773357356915e+01
9.376154063343395251e+01 1.070519606892377240e+01
9.377970213266432609e+01 1.070424106041169843e+01
9.379776481788304920e+01 1.070329266077023433e+01
9.381572918843109221e+01 1.070235082307359242e+01
9.383359574151951676e+01 1.070141550073484282e+01
9.385136497223420804e+01 1.070048664750346745e+01
9.386903737354053590e+01 1.069956421746292641e+01
9.388661343628811551e+01 1.069864816502824212e+01
9.390409364921563906e+01 1.069773844494360837e+01
9.392147849895569323e+01 1.069683501228000111e+01
9.393876847003966191e+01 1.069593782243282298e+01
9.395596404490268583e+01 1.069504683111955146e+01
9.397306570388863634e+01 1.069416199437741177e+01
9.399007392525513183e+01 1.069328326856106059e+01
9.400698918517863945e+01 1.069241061034028917e+01
9.402381195775956257e+01 1.069154397669774426e+01
9.404054271502737095e+01 1.069068332492665974e+01
9.405718192694583024e+01 1.068982861262860951e+01
9.407373006141821747e+01 1.068897979771127460e+01
9.409018758429257900e+01 1.068813683838622453e+01
9.410655495936703119e+01 1.068729969316671458e+01
9.412283264839510366e+01 1.068646832086550447e+01
9.413902111109109683e+01 1.068564268059268407e+01
9.415512080513551041e+01 1.068482273175351693e+01
9.417113218618045778e+01 1.068400843404630329e+01
9.418705570785515135e+01 1.068319974746025736e+01
9.420289182177138798e+01 1.068239663227339165e+01
9.421864097752907696e+01 1.068159904905042801e+01
9.423430362272182492e+01 1.068080695864071394e+01
9.424988020294250646e+01 1.068002032217616204e+01
9.426537116178887743e+01 1.067923910106919649e+01
9.428077694086923088e+01 1.067846325701071741e+01
9.429609797980805297e+01 1.067769275196808287e+01
9.431133471625172149e+01 1.067692754818309808e+01
9.432648758587424709e+01 1.067616760817002763e+01
9.434155702238300023e+01 1.067541289471361310e+01
9.435654345752446659e+01 1.067466337086711192e+01
9.437144732109004508e+01 1.067391899995034521e+01
9.438626904092188852e+01 1.067317974554776505e+01
9.440100904291870165e+01 1.067244557150652895e+01
9.441566775104161025e+01 1.067171644193459201e+01
9.443024558732003015e+01 1.067099232119881336e+01
9.444474297185757905e+01 1.067027317392307317e+01
9.445916032283797392e+01 1.066955896498640755e+01
9.447349805653094279e+01 1.066884965952115039e+01
9.448775658729822169e+01 1.066814522291109490e+01
9.450193632759946638e+01 1.066744562078966396e+01
9.451603768799826355e+01 1.066675081903809819e+01
9.453006107716812778e+01 1.066606078378365119e+01
9.454400690189848433e+01 1.066537548139779901e+01
9.455787556710075137e+01 1.066469487849447084e+01
9.457166747581430855e+01 1.066401894192827804e+01
9.458538302921260765e+01 1.066334763879276792e+01
9.459902262660919803e+01 1.066268093641868298e+01
9.461258666546382301e+01 1.066201880237223776e+01
9.462607554138851640e+01 1.066136120445340474e+01
9.463948964815368470e+01 1.066070811069421254e+01
9.465282937769421778e+01 1.066005948935706016e+01
9.466609512011562799e+01 1.065941530893303479e+01
9.467928726370016079e+01 1.065877553814025092e+01
9.469240619491294808e+01 1.065814014592220005e+01
9.470545229840811885e+01 1.065750910144610764e+01
9.471842595703502354e+01 1.065688237410130412e+01
9.473132755184433051e+01 1.065625993349760670e+01
9.474415746209422196e+01 1.065564174946371523e+01
9.475691606525656141e+01 1.065502779204562245e+01
9.476960373702310392e+01 1.065441803150502409e+01
9.478222085131164931e+01 1.065381243831775393e+01
9.479476778027225237e+01 1.065321098317222237e+01
9.480724489429340451e+01 1.065261363696786745e+01
9.481965256200825820e+01 1.065202037081361830e+01
9.483199115030082282e+01 1.065143115602636925e+01
9.484426102431217487e+01 1.065084596412946638e+01
9.485646254744665384e+01 1.065026476685119938e+01
9.486859608137810085e+01 1.064968753612331298e+01
9.488066198605606871e+01 1.064911424407952190e+01
9.489266061971201793e+01 1.064854486305404180e+01
9.490459233886558366e+01 1.064797936558012381e+01
9.491645749833075740e+01 1.064741772438861034e+01
9.492825645122212563e+01 1.064685991240648910e+01
9.493998954896107989e+01 1.064630590275546851e+01
9.495165714128206957e+01 1.064575566875055479e+01
9.496325957623876945e+01 1.064520918389864690e+01
9.497479720021034666e+01 1.064466642189713319e+01
9.498627035790767081e+01 1.064412735663250942e+01
9.499767939237953840e+01 1.064359196217899317e+01
9.500902464501885447e+01 1.064306021279716319e+01
9.502030645556888544e+01 1.064253208293259334e+01
9.503152516212946921e+01 1.064200754721450792e+01
9.504268110116319690e+01 1.064148658045444407e+01
9.505377460750163721e+01 1.064096915764492124e+01
9.506480601435154654e+01 1.064045525395812142e+01
9.507577565330105074e+01 1.063994484474457813e+01
9.508668385432585524e+01 1.063943790553187974e+01
9.509753094579542676e+01 1.063893441202337442e+01
9.510831725447918927e+01 1.063843434009689304e+01
9.511904310555269149e+01 1.063793766580347189e+01
9.512970882260377437e+01 1.063744436536609506e+01
9.514031472763879549e+01 1.063695441517843854e+01
9.515086114108872550e+01 1.063646779180362323e+01
9.516134838181535827e+01 1.063598447197298391e+01
9.517177676711743572e+01 1.063550443258484002e+01
9.518214661273680122e+01 1.063502765070327705e+01
9.519245823286453856e+01 1.063455410355694220e+01
9.520271194014711114e+01 1.063408376853783821e+01
9.521290804569250099e+01 1.063361662320013679e+01
9.522304685907627686e+01 1.063315264525899728e+01
9.523312868834777589e+01 1.063269181258938545e+01
9.524315384003614327e+01 1.063223410322491880e+01
9.525312261915645706e+01 1.063177949535669953e+01
9.526303532921579631e+01 1.063132796733217411e+01
9.527289227221936585e+01 1.063087949765398754e+01
9.528269374867650754e+01 1.063043406497885357e+01
9.529244005760678249e+01 1.062999164811643560e+01
9.530213149654602489e+01 1.062955222602822403e+01
9.531176836155238163e+01 1.062911577782643491e+01
9.532135094721235191e+01 1.062868228277290683e+01
9.533087954664678421e+01 1.062825172027801379e+01
9.534035445151691590e+01 1.062782406989957984e+01
9.534977595203035605e+01 1.062739931134180438e+01
9.535914433694708237e+01 1.062697742445419635e+01
9.536845989358542397e+01 1.062655838923051199e+01
9.537772290782804419e+01 1.062614218580770498e+01
9.538693366412785224e+01 1.062572879446488194e+01
9.539609244551401446e+01 1.062531819562226865e+01
9.540519953359785177e+01 1.062491036984017789e+01
9.541425520857876563e+01 1.062450529781798814e+01
9.542325974925016396e+01 1.062410296039313096e+01
9.543221343300535864e+01 1.062370333854008564e+01
9.544111653584346300e+01 1.062330641336938086e+01
9.544996933237526093e+01 1.062291216612659817e+01
9.545877209582906175e+01 1.062252057819139317e+01
9.546752509805656928e+01 1.062213163107651326e+01
9.547622860953872248e+01 1.062174530642683301e+01
9.548488289939153617e+01 1.062136158601838787e+01
9.549348823537187059e+01 1.062098045175741845e+01
9.550204488388330049e+01 1.062060188567942021e+01
9.551055310998184211e+01 1.062022586994820550e+01
9.551901317738176544e+01 1.061985238685496746e+01
9.552742534846136380e+01 1.061948141881734742e+01
9.553578988426866658e+01 1.061911294837851827e+01
9.554410704452720893e+01 1.061874695820626791e+01
9.555237708764175864e+01 1.061838343109209326e+01
9.556060027070398633e+01 1.061802234995029615e+01
9.556877684949820662e+01 1.061766369781708974e+01
9.557690707850701983e+01 1.061730745784971042e+01
9.558499121091701056e+01 1.061695361332553844e+01
9.559302949862438936e+01 1.061660214764121868e+01
9.560102219224062026e+01 1.061625304431179551e+01
9.560896954109807666e+01 1.061590628696984773e+01
9.561687179325559782e+01 1.061556185936463415e+01
9.562472919550414474e+01 1.061521974536124446e+01
9.563254199337234240e+01 1.061487992893975374e+01
9.564031043113206465e+01 1.061454239419438750e+01
9.564803475180396219e+01 1.061420712533268862e+01
9.565571519716303328e+01 1.061387410667469311e+01
9.566335200774410907e+01 1.061354332265211120e+01
9.567094542284738168e+01 1.061321475780751378e+01
9.567849568054388953e+01 1.061288839679352591e+01
9.568600301768100280e+01 1.061256422437202573e+01
9.569346766988786612e+01 1.061224222541335038e+01
9.570088987158086979e+01 1.061192238489550377e+01
9.570826985596903569e+01 1.061160468790337497e+01
9.571560785505948843e+01 1.061128911962796018e+01
9.572290409966279867e+01 1.061097566536559356e+01
9.573015881939841165e+01 1.061066431051717451e+01
9.573737224269997625e+01 1.061035504058741097e+01
9.574454459682073093e+01 1.061004784118406441e+01
9.575167610783883276e+01 1.060974269801719849e+01
9.575876700066264391e+01 1.060943959689843652e+01
9.576581749903606067e+01 1.060913852374022248e+01
9.577282782554382834e+01 1.060883946455508742e+01
9.577979820161675661e+01 1.060854240545491933e+01
9.578672884753702021e+01 1.060824733265024733e+01
9.579361998244337428e+01 1.060795423244951685e+01
9.580047182433638397e+01 1.060766309125838269e+01
9.580728459008363984e+01 1.060737389557900023e+01
9.581405849542494479e+01 1.060708663200932378e+01
9.582079375497747264e+01 1.060680128724241200e+01
9.582749058224096927e+01 1.060651784806573517e+01
9.583414918960282591e+01 1.060623630136048945e+01
9.584076978834326610e+01 1.060595663410091660e+01
9.584735258864043317e+01 1.060567883335362893e+01
9.585389779957547773e+01 1.060540288627693428e+01
9.586040562913763097e+01 1.060512878012017346e+01
9.586687628422927787e+01 1.060485650222305765e+01
9.587330997067098792e+01 1.060458604001501115e+01
9.587970689320654571e+01 1.060431738101452304e+01
9.588606725550796739e+01 1.060405051282849698e+01
9.589239126018047443e+01 1.060378542315161177e+01
9.589867910876748169e+01 1.060352209976568183e+01
9.590493100175555696e+01 1.060326053053902662e+01
9.591114713857938057e+01 1.060300070342584178e+01
9.591732771762661969e+01 1.060274260646557387e+01
9.592347293624288795e+01 1.060248622778230754e+01
9.592958299073661976e+01 1.060223155558414554e+01
9.593565807638395881e+01 1.060197857816260125e+01
9.594169838743357559e+01 1.060172728389199470e+01
9.594770411711154168e+01 1.060147766122884860e+01
9.595367545762616146e+01 1.060122969871129506e+01
9.595961260017277539e+01 1.060098338495848225e+01
9.596551573493852061e+01 1.060073870866999002e+01
9.597138505110713425e+01 1.060049565862524013e+01
9.597722073686369981e+01 1.060025422368292602e+01
9.598302297939940786e+01 1.060001439278042845e+01
9.598879196491624555e+01 1.059977615493325409e+01
9.599452787863172887e+01 1.059953949923446359e+01
9.600023090478357801e+01 1.059930441485411201e+01
9.600590122663440695e+01 1.059907089103868927e+01
9.601153902647634197e+01 1.059883891711056947e+01
9.601714448563569704e+01 1.059860848246745668e+01
9.602271778447759232e+01 1.059837957658184315e+01
9.602825910241053009e+01 1.059815218900046752e+01
9.603376861789101326e+01 1.059792630934377122e+01
9.603924650842810706e+01 1.059770192730537453e+01
9.604469295058798650e+01 1.059747903265153823e+01
9.605010811999846965e+01 1.059725761522064147e+01
9.605549219135355088e+01 1.059703766492266119e+01
9.606084533841790574e+01 1.059681917173865173e+01
9.606616773403136733e+01 1.059660212572022964e+01
9.607145955011338856e+01 1.059638651698906564e+01
9.607672095766750431e+01 1.059617233573637662e+01
9.608195212678577946e+01 1.059595957222242291e+01
9.608715322665318581e+01 1.059574821677600731e+01
9.609232442555206433e+01 1.059553825979398134e+01
9.609746589086645940e+01 1.059532969174075312e+01
9.610257778908649584e+01 1.059512250314779713e+01
9.610766028581276998e+01 1.059491668461317282e+01
9.611271354576061299e+01 1.059471222680103963e+01
9.611773773276448196e+01 1.059450912044118098e+01
9.612273300978222323e+01 1.059430735632852993e+01
9.612769953889933561e+01 1.059410692532269849e+01
9.613263748133329045e+01 1.059390781834751216e+01
9.613754699743773813e+01 1.059371002639054105e+01
9.614242824670675702e+01 1.059351354050264682e+01
9.614728138777908839e+01 1.059331835179751735e+01
9.615210657844230013e+01 1.059312445145122261e+01
9.615690397563700742e+01 1.059293183070175459e+01
9.616167373546100805e+01 1.059274048084858677e+01
9.616641601317346044e+01 1.059255039325222825e+01
9.617113096319899057e+01 1.059236155933378498e+01
9.617581873913182733e+01 1.059217397057452104e+01
9.618047949373990946e+01 1.059198761851542336e+01
9.618511337896896407e+01 1.059180249475677371e+01
9.618972054594655674e+01 1.059161859095771874e+01
9.619430114498615580e+01 1.059143589883584902e+01
9.619885532559118246e+01 1.059125441016677449e+01
9.620338323645900402e+01 1.059107411678370525e+01
9.620788502548495558e+01 1.059089501057703941e+01
9.621236083976630482e+01 1.059071708349395280e+01
9.621681082560624532e+01 1.059054032753798147e+01
9.622123512851783289e+01 1.059036473476862561e+01
9.622563389322793626e+01 1.059019029730094097e+01
9.623000726368113078e+01 1.059001700730513740e+01
9.623435538304364911e+01 1.058984485700618805e+01
9.623867839370721811e+01 1.058967383868342793e+01
9.624297643729296681e+01 1.058950394467016665e+01
9.624724965465526338e+01 1.058933516735329938e+01
9.625149818588556627e+01 1.058916749917292144e+01
9.625572217031623268e+01 1.058900093262194453e+01
9.625992174652435551e+01 1.058883546024571665e+01
9.626409705233552927e+01 1.058867107464164548e+01
9.626824822482761590e+01 1.058850776845882535e+01
9.627237540033455332e+01 1.058834553439766424e+01
9.627647871445003602e+01 1.058818436520951423e+01
9.628055830203129517e+01 1.058802425369630562e+01
9.628461429720279341e+01 1.058786519271018278e+01
9.628864683335990549e+01 1.058770717515314708e+01
9.629265604317261307e+01 1.058755019397669450e+01
9.629664205858917114e+01 1.058739424218146219e+01
9.630060501083974600e+01 1.058723931281687491e+01
9.630454503044008163e+01 1.058708539898079160e+01
9.630846224719506665e+01 1.058693249381916424e+01
9.631235679020238649e+01 1.058678059052568976e+01
9.631622878785606190e+01 1.058662968234146184e+01
9.632007836785007271e+01 1.058647976255464052e+01
9.632390565718186792e+01 1.058633082450010754e+01
9.632771078215593263e+01 1.058618286155913069e+01
9.633149386838729811e+01 1.058603586715903866e+01
9.633525504080506607e+01 1.058588983477288181e+01
9.633899442365590460e+01 1.058574475791910885e+01
9.634271214050750132e+01 1.058560063016124353e+01
9.634640831425204510e+01 1.058545744510755426e+01
9.635008306710967929e+01 1.058531519641073970e+01
9.635373652063192651e+01 1.058517387776761076e+01
9.635736879570512770e+01 1.058503348291876911e+01
9.636098001255379586e+01 1.058489400564829808e+01
9.636457029074406933e+01 1.058475543978345179e+01
9.636813974918703707e+01 1.058461777919434077e+01
9.637168850614210669e+01 1.058448101779363171e+01
9.637521667922037238e+01 1.058434514953624017e+01
9.637872438538789766e+01 1.058421016841902507e+01
9.638221174096908328e+01 1.058407606848049376e+01
9.638567886164993581e+01 1.058394284380050010e+01
9.638912586248133607e+01 1.058381048849995132e+01
9.639255285788233607e+01 1.058367899674051316e+01
9.639595996164341329e+01 1.058354836272432031e+01
9.639934728692971078e+01 1.058341858069368158e+01
9.640271494628422033e+01 1.058328964493080093e+01
9.640606305163106526e+01 1.058316154975748624e+01
9.640939171427864096e+01 1.058303428953486858e+01
9.641270104492282655e+01 1.058290785866312156e+01
9.641599115365013972e+01 1.058278225158118246e+01
9.641926214994087729e+01 1.058265746276647334e+01
9.642251414267229848e+01 1.058253348673462746e+01
9.642574724012169440e+01 1.058241031803921928e+01
9.642896154996954294e+01 1.058228795127149091e+01
9.643215717930257824e+01 1.058216638106008212e+01
9.643533423461687448e+01 1.058204560207076739e+01
9.643849282182094385e+01 1.058192560900618773e+01
9.644163304623876343e+01 1.058180639660558775e+01
9.644475501261281636e+01 1.058168795964455811e+01
9.644785882510711872e+01 1.058157029293477258e+01
9.645094458731023224e+01 1.058145339132373230e+01
9.645401240223826278e+01 1.058133724969451173e+01
9.645706237233787306e+01 1.058122186296550460e+01
9.646009459948921005e+01 1.058110722609016996e+01
9.646310918500887510e+01 1.058099333405678699e+01
9.646610622965287973e+01 1.058088018188820101e+01
9.646908583361955891e+01 1.058076776464158364e+01
9.647204809655251267e+01 1.058065607740818415e+01
9.647499311754349094e+01 1.058054511531308961e+01
9.647792099513526409e+01 1.058043487351498158e+01
9.648083182732453622e+01 1.058032534720589979e+01
9.648372571156477306e+01 1.058021653161100240e+01
9.648660274476907261e+01 1.058010842198833323e+01
9.648946302331300728e+01 1.058000101362858558e+01
9.649230664303742344e+01 1.057989430185486945e+01
9.649513369925125517e+01 1.057978828202248778e+01
9.649794428673432378e+01 1.057968294951869659e+01
9.650073849974013740e+01 1.057957829976248831e+01
9.650351643199861940e+01 1.057947432820436262e+01
9.650627817671892217e+01 1.057937103032609905e+01
9.650902382659209877e+01 1.057926840164054028e+01
9.651175347379390246e+01 1.057916643769136833e+01
9.651446720998745832e+01 1.057906513405288784e+01
9.651716512632599176e+01 1.057896448632980935e+01
9.651984731345551438e+01 1.057886449015703079e+01
9.652251386151748136e+01 1.057876514119942257e+01
9.652516486015150576e+01 1.057866643515162153e+01
9.652780039849795912e+01 1.057856836773781239e+01
9.653042056520064307e+01 1.057847093471152355e+01
9.653302544840941835e+01 1.057837413185541564e+01
9.653561513578280540e+01 1.057827795498107726e+01
9.653818971449059916e+01 1.057818239992882070e+01
9.654074927121644123e+01 1.057808746256747590e+01
9.654329389216043467e+01 1.057799313879418968e+01
9.654582366304167351e+01 1.057789942453422682e+01
9.654833866910082918e+01 1.057780631574076935e+01
9.655083899510265155e+01 1.057771380839471753e+01
9.655332472533852695e+01 1.057762189850449808e+01
9.655579594362899343e+01 1.057753058210586694e+01
9.655825273332622771e+01 1.057743985526171393e+01
9.656069517731657470e+01 1.057734971406187618e+01
9.656312335802297753e+01 1.057726015462294100e+01
9.656553735740749289e+01 1.057717117308806287e+01
9.656793725697372111e+01 1.057708276562677341e+01
9.657032313776925037e+01 1.057699492843479305e+01
9.657269508038810102e+01 1.057690765773384989e+01
9.657505316497314141e+01 1.057682094977149312e+01
9.657739747121850371e+01 1.057673480082091189e+01
9.657972807837197138e+01 1.057664920718075230e+01
9.658204506523736654e+01 1.057656416517494158e+01
9.658434851017692324e+01 1.057647967115250864e+01
9.658663849111367483e+01 1.057639572148740292e+01
9.658891508553377037e+01 1.057631231257832560e+01
9.659117837048881938e+01 1.057622944084854666e+01
9.659342842259823669e+01 1.057614710274574144e+01
9.659566531805155876e+01 1.057606529474180945e+01
9.659788913261073162e+01 1.057598401333270921e+01
9.660009994161242730e+01 1.057590325503828765e+01
9.660229781997028908e+01 1.057582301640211142e+01
9.660448284217724790e+01 1.057574329399129986e+01
9.660665508230776766e+01 1.057566408439635808e+01
9.660881461402007631e+01 1.057558538423101524e+01
9.661096151055842540e+01 1.057550719013205942e+01
9.661309584475529277e+01 1.057542949875917238e+01
9.661521768903364205e+01 1.057535230679477678e+01
9.661732711540908269e+01 1.057527561094386570e+01
9.661942419549207273e+01 1.057519940793385338e+01
9.662150900049013558e+01 1.057512369451441003e+01
9.662358160120999173e+01 1.057504846745731264e+01
9.662564206805973299e+01 1.057497372355628329e+01
9.662769047105099673e+01 1.057489945962683819e+01
9.662972687980106912e+01 1.057482567250613315e+01
9.663175136353504513e+01 1.057475235905281430e+01
9.663376399108791759e+01 1.057467951614686541e+01
9.663576483090670877e+01 1.057460714068945506e+01
9.663775395105257360e+01 1.057453522960279457e+01
9.663973141920286025e+01 1.057446377982998520e+01
9.664169730265321334e+01 1.057439278833487428e+01
9.664365166831962028e+01 1.057432225210190779e+01
9.664559458274048609e+01 1.057425216813598823e+01
9.664752611207865129e+01 1.057418253346232895e+01
9.664944632212346676e+01 1.057411334512631207e+01
9.665135527829279738e+01 1.057404460019334813e+01
9.665325304563502584e+01 1.057397629574873754e+01
9.665513968883107054e+01 1.057390842889752669e+01
9.665701527219638933e+01 1.057384099676437472e+01
9.665887985968294061e+01 1.057377399649341321e+01
9.666073351488120124e+01 1.057370742524810758e+01
9.666257630102207088e+01 1.057364128021112926e+01
9.666440828097887561e+01 1.057357555858421527e+01
