5.000000000000000000e+01 2.000000000000000000e+01
5.007640777005995858e+01 1.989166511702239859e+01
5.015273108829683935e+01 1.978403414490137635e+01
5.022896271815100988e+01 1.967710253184890590e+01
5.030509568763858397e+01 1.957086575552117225e+01
5.038112328161691522e+01 1.946531932280746702e+01
5.045703903422493397e+01 1.936045876962188572e+01
5.053283672149790817e+01 1.925627966069778907e+01
5.060851035415590360e+01 1.915277758938489328e+01
5.068405417056486328e+01 1.904994817744895030e+01
5.075946262986909119e+01 1.894778707487390079e+01
5.083473040529360532e+01 1.884628995966643572e+01
5.090985237761458393e+01 1.874545253766289576e+01
5.098482362879607876e+01 1.864527054233844083e+01
5.105963943579087783e+01 1.854573973461839032e+01
5.113429526450325113e+01 1.844685590269170561e+01
5.120878676391127016e+01 1.834861486182654033e+01
5.128310976034623536e+01 1.825101245418776585e+01
5.135726025192656863e+01 1.815404454865647210e+01
5.143123440314358419e+01 1.805770704065132293e+01
5.150502853959635985e+01 1.796199585195177306e+01
5.157863914287292317e+01 1.786690693052304013e+01
5.165206284557492467e+01 1.777243625034282459e+01
5.172529642648291315e+01 1.767857981122970301e+01
5.179833680585926459e+01 1.758533363867317334e+01
5.187118104088588666e+01 1.749269378366527405e+01
5.194382632123372900e+01 1.740065632253378070e+01
5.201626996476114329e+01 1.730921735677689810e+01
5.208850941333815854e+01 1.721837301289943767e+01
5.216054222879371594e+01 1.712811944225042993e+01
5.223236608898293554e+01 1.703845282086215107e+01
5.230397878397154443e+01 1.694936934929050665e+01
5.237537821233450330e+01 1.686086525245676526e+01
5.244656237756605321e+01 1.677293677949060680e+01
5.251752938459827647e+01 1.668558020357443183e+01
5.258827743642544306e+01 1.659879182178895007e+01
5.265880483083132191e+01 1.651256795495997665e+01
5.272910995721679228e+01 1.642690494750643282e+01
5.279919129352499141e+01 1.634179916728952620e+01
5.286904740326149010e+01 1.625724700546309265e+01
5.293867693260674656e+01 1.617324487632505026e+01
5.300807860761842250e+01 1.608978921716998300e+01
5.307725123152098945e+01 1.600687648814280806e+01
5.314619368208021655e+01 1.592450317209350708e+01
5.321490490906006698e+01 1.584266577443291801e+01
5.328338393175974375e+01 1.576136082298956076e+01
5.335162983662853264e+01 1.568058486786747530e+01
5.341964177495615473e+01 1.560033448130506883e+01
5.348741896063651069e+01 1.552060625753493817e+01
5.355496066800258603e+01 1.544139681264467079e+01
5.362226622973047085e+01 1.536270278443860349e+01
5.368933503481039082e+01 1.528452083230051528e+01
5.375616652658282391e+01 1.520684763705725651e+01
5.382276020083765644e+01 1.512967990084328918e+01
5.388911560397455958e+01 1.505301434696614038e+01
5.395523233122267470e+01 1.497684771977274032e+01
5.402111002491783864e+01 1.490117678451664496e+01
5.408674837283557224e+01 1.482599832722613264e+01
5.415214710657811992e+01 1.475130915457315339e+01
5.421730600001387756e+01 1.467710609374313790e+01
5.428222486776759581e+01 1.460338599230564149e+01
5.434690356375975995e+01 1.453014571808582112e+01
5.441134197979364728e+01 1.445738215903673840e+01
5.447554004418855556e+01 1.438509222311246916e+01
5.453949772045772448e+01 1.431327283814202822e+01
5.460321500602960754e+01 1.424192095170408479e+01
5.466669193101109414e+01 1.417103353100246999e+01
5.472992855699132519e+01 1.410060756274246785e+01
5.479292497588487976e+01 1.403064005300788075e+01
5.485568130881302551e+01 1.396112802713886580e+01
5.491819770502186770e+01 1.389206852961052796e+01
5.498047434083616736e+01 1.382345862391226987e+01
5.504251141864772734e+01 1.375529539242789134e+01
5.510430916593724504e+01 1.368757593631642955e+01
5.516586783432850893e+01 1.362029737539373642e+01
5.522718769867393718e+01 1.355345684801478257e+01
5.528826905617046350e+01 1.348705151095669486e+01
5.534911222550473298e+01 1.342107853930250094e+01
5.540971754602670529e+01 1.335553512632559503e+01
5.547008537695074182e+01 1.329041848337491238e+01
5.553021609658327407e+01 1.322572583976079663e+01
5.559011010157619381e+01 1.316145444264158115e+01
5.564976780620512642e+01 1.309760155691085082e+01
5.570918964167177734e+01 1.303416446508539295e+01
5.576837605542957732e+01 1.297114046719383751e+01
5.582732751053185893e+01 1.290852688066597231e+01
5.588604448500183253e+01 1.284632104022273502e+01
5.594452747122362979e+01 1.278452029776686594e+01
5.600277697535374699e+01 1.272312202227423761e+01
5.606079351675222711e+01 1.266212359968584344e+01
5.611857762743289868e+01 1.260152243280043116e+01
5.617612985153209593e+01 1.254131594116780768e+01
5.623345074479519212e+01 1.248150156098277463e+01
5.629054087408043472e+01 1.242207674497972114e+01
5.634740081687942848e+01 1.236303896232785071e+01
5.640403116085380475e+01 1.230438569852704589e+01
5.646043250338747299e+01 1.224611445530436704e+01
5.651660545115399970e+01 1.218822275051117643e+01
5.657255061969856769e+01 1.213070811802089288e+01
5.662826863303406100e+01 1.207356810762736465e+01
5.668376012325082058e+01 1.201680028494385866e+01
5.673902573013956641e+01 1.196040223130266611e+01
5.679406610082714479e+01 1.190437154365531924e+01
5.684888188942456821e+01 1.184870583447341374e+01
5.690347375668703478e+01 1.179340273165003161e+01
5.695784236968547276e+01 1.173845987840177330e+01
5.701198840148924774e+01 1.168387493317137249e+01
5.706591253085967708e+01 1.162964556953092199e+01
5.711961544195398233e+01 1.157576947608566975e+01
5.717309782403931706e+01 1.152224435637841715e+01
5.722636037121657893e+01 1.146906792879449100e+01
5.727940378215363637e+01 1.141623792646729996e+01
5.733222875982770006e+01 1.136375209718446655e+01
5.738483601127649081e+01 1.131160820329452932e+01
5.743722624735796245e+01 1.125980402161422234e+01
5.748940018251828121e+01 1.120833734333631426e+01
5.754135853456773475e+01 1.115720597393801228e+01
5.759310202446440741e+01 1.110640773308993090e+01
5.764463137610526644e+01 1.105594045456561680e+01
5.769594731612451000e+01 1.100580198615162075e+01
5.774705057369882155e+01 1.095599018955813442e+01
5.779794188035941715e+01 1.090650294033016188e+01
5.784862196981060123e+01 1.085733812775924356e+01
5.789909157775459647e+01 1.080849365479572022e+01
5.794935144172249153e+01 1.075996743796154043e+01
5.799940230091107907e+01 1.071175740726359393e+01
5.804924489602539239e+01 1.066386150610758676e+01
5.809887996912673458e+01 1.061627769121244391e+01
5.814830826348605086e+01 1.056900393252524140e+01
5.819753052344243116e+01 1.052203821313665344e+01
5.824654749426661482e+01 1.047537852919693613e+01
5.829535992202931283e+01 1.042902288983241199e+01
5.834396855347414856e+01 1.038296931706248571e+01
5.839237413589514603e+01 1.033721584571716257e+01
5.844057741701853104e+01 1.029176052335508018e+01
5.848857914488878151e+01 1.024660141018204484e+01
5.853638006775871361e+01 1.020173657897007224e+01
5.858398093398351136e+01 1.015716411497693805e+01
5.863138249191857909e+01 1.011288211586620811e+01
5.867858548982105305e+01 1.006888869162778199e+01
5.872559067575487290e+01 1.002518196449892329e+01
5.877239879749931362e+01 9.981760068885774828e+00
5.881901060246081414e+01 9.938621151285369493e+00
5.886542683758805339e+01 9.895763370208115361e+00
5.891164824929009569e+01 9.853184896100774637e+00
5.895767558335759162e+01 9.810883911269911550e+00
5.900350958488686359e+01 9.768858609805823434e+00
5.904915099820679814e+01 9.727107197506937197e+00
5.909460056680845952e+01 9.685627891804687195e+00
5.913985903327734661e+01 9.644418921688851398e+00
5.918492713922817927e+01 9.603478527633358297e+00
5.922980562524215031e+01 9.562804961522555658e+00
5.927449523080655780e+01 9.522396486577941133e+00
5.931899669425671107e+01 9.482251377285347615e+00
5.936331075272011049e+01 9.442367919322581571e+00
5.940743814206272333e+01 9.402744409487519661e+00
5.945137959683737705e+01 9.363379155626653016e+00
5.949513585023412787e+01 9.324270476564073817e+00
5.953870763403261179e+01 9.285416702030913072e+00
5.958209567855625011e+01 9.246816172595217154e+00
5.962530071262827391e+01 9.208467239592261322e+00
5.966832346352951788e+01 9.170368265055307333e+00
5.971116465695791220e+01 9.132517621646785599e+00
5.975382501698958748e+01 9.094913692589919663e+00
5.979630526604162100e+01 9.057554871600769886e+00
5.983860612483627506e+01 9.020439562820710577e+00
5.988072831236674887e+01 8.983566180749331664e+00
5.992267254586434433e+01 8.946933150177756033e+00
5.996443954076703875e+01 8.910538906122381420e+00
6.000603001068939335e+01 8.874381893759041517e+00
6.004744466739376207e+01 8.838460568357572100e+00
6.008868422076276516e+01 8.802773395216798136e+00
6.012974937877294934e+01 8.767318849599929464e+00
6.017064084746964880e+01 8.732095416670357935e+00
6.021135933094297599e+01 8.697101591427861322e+00
6.025190553130491367e+01 8.662335878645219367e+00
6.029228014866743735e+01 8.627796792805211723e+00
6.033248388112171767e+01 8.593482858038031580e+00
6.037251742471826077e+01 8.559392608059081198e+00
6.041238147344804332e+01 8.525524586107168901e+00
6.045207671922455717e+01 8.491877344883089762e+00
6.049160385186677047e+01 8.458449446488604195e+00
6.053096355908291315e+01 8.425239462365793131e+00
6.057015652645516468e+01 8.392245973236798662e+00
6.060918343742508085e+01 8.359467569043948387e+00
6.064804497327985899e+01 8.326902848890263442e+00
6.068674181313932792e+01 8.294550420980332461e+00
6.072527463394369107e+01 8.262408902561567459e+00
6.076364411044195180e+01 8.230476919865830965e+00
6.080185091518104201e+01 8.198753108051432648e+00
6.083989571849560463e+01 8.167236111145493638e+00
6.087777918849842251e+01 8.135924581986678561e+00
6.091550199107145147e+01 8.104817182168286394e+00
6.095306478985744292e+01 8.073912581981709025e+00
6.099046824625217766e+01 8.043209460360241536e+00
6.102771301939721127e+01 8.012706504823254861e+00
6.106479976617320204e+01 7.982402411420724597e+00
6.110172914119372223e+01 7.952295884678106219e+00
6.113850179679958785e+01 7.922385637541564662e+00
6.117511838305367888e+01 7.892670391323552970e+00
6.121157954773621412e+01 7.863148875648734659e+00
6.124788593634048794e+01 7.833819828400253371e+00
6.128403819206904757e+01 7.804681995666340022e+00
6.132003695583028957e+01 7.775734131687266348e+00
6.135588286623546850e+01 7.746974998802628853e+00
6.139157655959607496e+01 7.718403367398976478e+00
6.142711866992163294e+01 7.690018015857765121e+00
6.146250982891785242e+01 7.661817730503648782e+00
6.149775066598511586e+01 7.633801305553097549e+00
6.153284180821732718e+01 7.605967543063345104e+00
6.156778388040108752e+01 7.578315252881661301e+00
6.160257750501520491e+01 7.550843252594947153e+00
6.163722330223048118e+01 7.523550367479654888e+00
6.167172188990981851e+01 7.496435430452024207e+00
6.170607388360861023e+01 7.469497282018638273e+00
6.174027989657540871e+01 7.442734770227295904e+00
6.177434053975284911e+01 7.416146750618196393e+00
6.180825642177886436e+01 7.389732086175436088e+00
6.184202814898809208e+01 7.363489647278816719e+00
6.187565632541357985e+01 7.337418311655961922e+00
6.190914155278869657e+01 7.311516964334737523e+00
6.194248443054926412e+01 7.285784497595977349e+00
6.197568555583589500e+01 7.260219810926514583e+00
6.200874552349657165e+01 7.234821810972507983e+00
6.204166492608939620e+01 7.209589411493072753e+00
6.207444435388554638e+01 7.184521533314202735e+00
6.210708439487238763e+01 7.159617104282992806e+00
6.213958563475683405e+01 7.134875059222150817e+00
6.217194865696879447e+01 7.110294339884801751e+00
6.220417404266484596e+01 7.085873894909584969e+00
6.223626237073204948e+01 7.061612679776033019e+00
6.226821421779190757e+01 7.037509656760240873e+00
6.230003015820449264e+01 7.013563794890819381e+00
6.233171076407268885e+01 6.989774069905129394e+00
6.236325660524660464e+01 6.966139464205797438e+00
6.239466824932809175e+01 6.942658966817509381e+00
6.242594626167538507e+01 6.919331573344083886e+00
6.245709120540789883e+01 6.896156285925818530e+00
6.248810364141110796e+01 6.873132113197112147e+00
6.251898412834155749e+01 6.850258070244356290e+00
6.254973322263197133e+01 6.827533178564101135e+00
6.258035147849646762e+01 6.804956466021485184e+00
6.261083944793587364e+01 6.782526966808936741e+00
6.264119768074313299e+01 6.760243721405137407e+00
6.267142672450882657e+01 6.738105776534250246e+00
6.270152712462674316e+01 6.716112185125411749e+00
6.273149942429954962e+01 6.694262006272480470e+00
6.276134416454456044e+01 6.672554305194048574e+00
6.279106188419956425e+01 6.650988153193705621e+00
6.282065311992871415e+01 6.629562627620564363e+00
6.285011840622853185e+01 6.608276811830034347e+00
6.287945827543391886e+01 6.587129795144851307e+00
6.290867325772428131e+01 6.566120672816355253e+00
6.293776388112969045e+01 6.545248545986019906e+00
6.296673067153711401e+01 6.524512521647229057e+00
6.299557415269669747e+01 6.503911712607297169e+00
6.302429484622810207e+01 6.483445237449736887e+00
6.305289327162687130e+01 6.463112220496767257e+00
6.308136994627089678e+01 6.442911791772065300e+00
6.310972538542687005e+01 6.422843086963757386e+00
6.313796010225681954e+01 6.402905247387647769e+00
6.316607460782466887e+01 6.383097419950684248e+00
6.319406941110284492e+01 6.363418757114659208e+00
6.322194501897891428e+01 6.343868416860146908e+00
6.324970193626224813e+01 6.324445562650669039e+00
6.327734066569075111e+01 6.305149363397094753e+00
6.330486170793757594e+01 6.285978993422267180e+00
6.333226556161790910e+01 6.266933632425861767e+00
6.335955272329574228e+01 6.248012465449468422e+00
6.338672368749072206e+01 6.229214682841899275e+00
6.341377894668495685e+01 6.210539480224719355e+00
6.344071899132992343e+01 6.191986058458002873e+00
6.346754430985330941e+01 6.173553623606307106e+00
6.349425538866595531e+01 6.155241386904866552e+00
6.352085271216874673e+01 6.137048564726006461e+00
6.354733676275958487e+01 6.118974378545772197e+00
6.357370802084030714e+01 6.101018054910772648e+00
6.359996696482367184e+01 6.083178825405241241e+00
6.362611407114034279e+01 6.065455926618306570e+00
6.365214981424586682e+01 6.047848600111474404e+00
6.367807466662767268e+01 6.030356092386320199e+00
6.370388909881208406e+01 6.012977654852392995e+00
6.372959357937133973e+01 5.995712543795320926e+00
6.375518857493060665e+01 5.978560020345128123e+00
6.378067455017501430e+01 5.961519350444753229e+00
6.380605196785667488e+01 5.944589804818772194e+00
6.383132128880173894e+01 5.927770658942321802e+00
6.385648297191740141e+01 5.911061193010228365e+00
6.388153747419897144e+01 5.894460691906330041e+00
6.390648525073689967e+01 5.877968445173000767e+00
6.393132675472379844e+01 5.861583746980870480e+00
6.395606243746150454e+01 5.845305896098743403e+00
6.398069274836810649e+01 5.829134195863704626e+00
6.400521813498497181e+01 5.813067954151427408e+00
6.402963904298377429e+01 5.797106483346667893e+00
6.405395591617352125e+01 5.781249100313950784e+00
6.407816919650760212e+01 5.765495126368445966e+00
6.410227932409074469e+01 5.749843887247033436e+00
6.412628673718606365e+01 5.734294713079554739e+00
6.415019187222206654e+01 5.718846938360250931e+00
6.417399516379960289e+01 5.703499901919384385e+00
6.419769704469891280e+01 5.688252946895045348e+00
6.422129794588653340e+01 5.673105420705139679e+00
6.424479829652234741e+01 5.658056675019560444e+00
6.426819852396644706e+01 5.643106065732534482e+00
6.429149905378616836e+01 5.628252952935153708e+00
6.431470030976298347e+01 5.613496700888081392e+00
6.433780271389940708e+01 5.598836677994434297e+00
6.436080668642597402e+01 5.584272256772843335e+00
6.438371264580806042e+01 5.569802813830683874e+00
6.440652100875284702e+01 5.555427729837484563e+00
6.442923219021615466e+01 5.541146389498505798e+00
6.445184660340930805e+01 5.526958181528487835e+00
6.447436465980599962e+01 5.512862498625572982e+00
6.449678676914912501e+01 5.498858737445392109e+00
6.451911333945756155e+01 5.484946298575321677e+00
6.454134477703304640e+01 5.471124586508908649e+00
6.456348148646691243e+01 5.457393009620457036e+00
6.458552387064688105e+01 5.443750980139782314e+00
6.460747233076381235e+01 5.430197914127128378e+00
6.462932726631846947e+01 5.416733231448248809e+00
6.465108907512822611e+01 5.403356355749645346e+00
6.467275815333378830e+01 5.390066714433970674e+00
6.469433489540588766e+01 5.376863738635589307e+00
6.471581969415194635e+01 5.363746863196297454e+00
6.473721294072274191e+01 5.350715526641198316e+00
6.475851502461905795e+01 5.337769171154735481e+00
6.477972633369830646e+01 5.324907242556882636e+00
6.480084725418112157e+01 5.312129190279485158e+00
6.482187817065796764e+01 5.299434467342755362e+00
6.484281946609569047e+01 5.286822530331923176e+00
6.486367152184406848e+01 5.274292839374035147e+00
6.488443471764237813e+01 5.261844858114903545e+00
6.490510943162585988e+01 5.249478053696206459e+00
6.492569604033225517e+01 5.237191896732738883e+00
6.494619491870824390e+01 5.224985861289804134e+00
6.496660644011592467e+01 5.212859424860759816e+00
6.498693097633925220e+01 5.200812068344704109e+00
6.500716889759044648e+01 5.188843276024308615e+00
6.502732057251640185e+01 5.176952535543795975e+00
6.504738636820503928e+01 5.165139337887058701e+00
6.506736665019170118e+01 5.153403177355921017e+00
6.508726178246546112e+01 5.141743551548539237e+00
6.510707212747544759e+01 5.130159961337947827e+00
6.512679804613715362e+01 5.118651910850737785e+00
6.514643989783868960e+01 5.107218907445879807e+00
6.516599804044707867e+01 5.095860461693678900e+00
6.518547283031443840e+01 5.084576087354870211e+00
6.520486462228426205e+01 5.073365301359848978e+00
6.522417376969755765e+01 5.062227623788034592e+00
6.524340062439904386e+01 5.051162577847367885e+00
6.526254553674331760e+01 5.040169689853945201e+00
6.528160885560097881e+01 5.029248489211779471e+00
6.530059092836472701e+01 5.018398508392698076e+00
6.531949210095545766e+01 5.007619282916366821e+00
6.533831271782834449e+01 4.996910351330444477e+00
6.535705312197890748e+01 4.986271255190868779e+00
6.537571365494898146e+01 4.975701539042267640e+00
6.539429465683276987e+01 4.965200750398499174e+00
6.541279646628282762e+01 4.954768439723316042e+00
6.543121942051602957e+01 4.944404160411156823e+00
6.544956385531946808e+01 4.934107468768064386e+00
6.546783010505644995e+01 4.923877923992721506e+00
6.548601850267233715e+01 4.913715088157618816e+00
6.550412937970045846e+01 4.903618526190336446e+00
6.552216306626796438e+01 4.893587805854952677e+00
6.554011989110165359e+01 4.883622497733570711e+00
6.555800018153379938e+01 4.873722175207966245e+00
6.557580426350794767e+01 4.863886414441355832e+00
6.559353246158468664e+01 4.854114794360280705e+00
6.561118509894740214e+01 4.844406896636609616e+00
6.562876249740800461e+01 4.834762305669659810e+00
6.564626497741265609e+01 4.825180608568432561e+00
6.566369285804742617e+01 4.815661395133964184e+00
6.568104645704401889e+01 4.806204257841793392e+00
6.569832609078534347e+01 4.796808791824538787e+00
6.571553207431121280e+01 4.787474594854595367e+00
6.573266472132391414e+01 4.778201267326937618e+00
6.574972434419377976e+01 4.768988412242038955e+00
6.576671125396478601e+01 4.759835635188898628e+00
6.578362576036006715e+01 4.750742544328179662e+00
6.580046817178744334e+01 4.741708750375459580e+00
6.581723879534492028e+01 4.732733866584586835e+00
6.583393793682618877e+01 4.723817508731143811e+00
6.585056590072605331e+01 4.714959295096023517e+00
6.586712299024587480e+01 4.706158846449104871e+00
6.588360950729899912e+01 4.697415786033041663e+00
6.590002575251614303e+01 4.688729739547152775e+00
6.591637202525078010e+01 4.680100335131417211e+00
6.593264862358446976e+01 4.671527203350573920e+00
6.594885584433222903e+01 4.663009977178324661e+00
6.596499398304780470e+01 4.654548291981641661e+00
6.598106333402900248e+01 4.646141785505172983e+00
6.599706419032290228e+01 4.637790097855754468e+00
6.601299684373118737e+01 4.629492871487017602e+00
6.602886158481530288e+01 4.621249751184099530e+00
6.604465870290169960e+01 4.613060384048453422e+00
6.606038848608700675e+01 4.604924419482756548e+00
6.607605122124324737e+01 4.596841509175916052e+00
6.609164719402291155e+01 4.588811307088174196e+00
6.610717668886412923e+01 4.580833469436306871e+00
6.612263998899578610e+01 4.572907654678921574e+00
6.613803737644258263e+01 4.565033523501851320e+00
6.615336913203010738e+01 4.557210738803640027e+00
6.616863553538991027e+01 4.549438965681125602e+00
6.618383686496450480e+01 4.541717871415115404e+00
6.619897339801237024e+01 4.534047125456154959e+00
6.621404541061293969e+01 4.526426399410389934e+00
6.622905317767160227e+01 4.518855367025519598e+00
6.624399697292460587e+01 4.511333704176839099e+00
6.625887706894398832e+01 4.503861088853379435e+00
6.627369373714252276e+01 4.496437201144129148e+00
6.628844724777857778e+01 4.489061723224352818e+00
6.630313786996097747e+01 4.481734339341992168e+00
6.631776587165386161e+01 4.474454735804161309e+00
6.633233151968151731e+01 4.467222600963727253e+00
6.634683507973319649e+01 4.460037625205975687e+00
6.636127681636787656e+01 4.452899500935369126e+00
6.637565699301906363e+01 4.445807922562384995e+00
6.638997587199951056e+01 4.438762586490442530e+00
6.640423371450599177e+01 4.431763191102915833e+00
6.641843078062397865e+01 4.424809436750227754e+00
6.643256732933234332e+01 4.417901025737032583e+00
6.644664361850804823e+01 4.411037662309476026e+00
6.646065990493079312e+01 4.404219052642545762e+00
6.647461644428763350e+01 4.397444904827495726e+00
6.648851349117762766e+01 4.390714928859359212e+00
6.650235129911642673e+01 4.384028836624541015e+00
6.651613012054083640e+01 4.377386341888487742e+00
6.652985020681339279e+01 4.370787160283442496e+00
6.654351180822693834e+01 4.364231009296275943e+00
6.655711517400906985e+01 4.357717608256399089e+00
6.657066055232671431e+01 4.351246678323752448e+00
6.658414819029059117e+01 4.344817942476875139e+00
6.659757833395966031e+01 4.338431125501050367e+00
6.661095122834561266e+01 4.332085953976529069e+00
6.662426711741726137e+01 4.325782156266830825e+00
6.663752624410500403e+01 4.319519462507117602e+00
6.665072885030517114e+01 4.313297604592647438e+00
6.666387517688443154e+01 4.307116316167300951e+00
6.667696546368414090e+01 4.300975332612182456e+00
6.668999994952469024e+01 4.294874391034294803e+00
6.670297887220982602e+01 4.288813230255291487e+00
6.671590246853097028e+01 4.282791590800297143e+00
6.672877097427146964e+01 4.276809214886803545e+00
6.674158462421091542e+01 4.270865846413637534e+00
6.675434365212936427e+01 4.264961230950000903e+00
6.676704829081158721e+01 4.259095115724580438e+00
6.677969877205127602e+01 4.253267249614730794e+00
6.679229532665524971e+01 4.247477383135725759e+00
6.680483818444764665e+01 4.241725268430081464e+00
6.681732757427408842e+01 4.236010659256948863e+00
6.682976372400580090e+01 4.230333310981571060e+00
6.684214686054379229e+01 4.224692980564817013e+00
6.685447720982291742e+01 4.219089426552775635e+00
6.686675499681599888e+01 4.213522409066424501e+00
6.687898044553793397e+01 4.207991689791359846e+00
6.689115377904968796e+01 4.202497031967596719e+00
6.690327521946242939e+01 4.197038200379435757e+00
6.691534498794146657e+01 4.191614961345393908e+00
6.692736330471034023e+01 4.186227082708203540e+00
6.693933038905477417e+01 4.180874333824873723e+00
6.695124645932665430e+01 4.175556485556817243e+00
6.696311173294800767e+01 4.170273310260043331e+00
6.697492642641495308e+01 4.165024581775412571e+00
6.698669075530159489e+01 4.159810075418955755e+00
6.699840493426398780e+01 4.154629567972256687e+00
6.701006917704398802e+01 4.149482837672895386e+00
6.702168369647316126e+01 4.144369664204957004e+00
6.703324870447664807e+01 4.139289828689597606e+00
6.704476441207697235e+01 4.134243113675677428e+00
6.705623102939793512e+01 4.129229303130451001e+00
6.706764876566836620e+01 4.124248182430316767e+00
6.707901782922598954e+01 4.119299538351632428e+00
6.709033842752116072e+01 4.114383159061583584e+00
6.710161076712064698e+01 4.109498834109118093e+00
6.711283505371137892e+01 4.104646354415935505e+00
6.712401149210418794e+01 4.099825512267534222e+00
6.713514028623754371e+01 4.095036101304320830e+00
6.714622163918123476e+01 4.090277916512775391e+00
6.715725575314006335e+01 4.085550754216673575e+00
6.716824282945755442e+01 4.080854412068365633e+00
6.717918306861955102e+01 4.076188689040116664e+00
6.719007667025790909e+01 4.071553385415496606e+00
6.720092383315410700e+01 4.066948302780830637e+00
6.721172475524286938e+01 4.062373244016703744e+00
6.722247963361576240e+01 4.057828013289523028e+00
6.723318866452474651e+01 4.053312416043129751e+00
6.724385204338578603e+01 4.048826258990472660e+00
6.725446996478240180e+01 4.044369350105329275e+00
6.726504262246916710e+01 4.039941498614086690e+00
6.727557020937526033e+01 4.035542514987572105e+00
6.728605291760798934e+01 4.031172210932936650e+00
6.729649093845624463e+01 4.026830399385595172e+00
6.730688446239400946e+01 4.022516894501215745e+00
6.731723367908381306e+01 4.018231511647761600e+00
6.732753877738018389e+01 4.013974067397586332e+00
6.733779994533307445e+01 4.009744379519578850e+00
6.734801737019130030e+01 4.005542266971361620e+00
6.735819123840592226e+01 4.001367549891538644e+00
6.736832173563365700e+01 3.997220049591991398e+00
6.737840904674024500e+01 3.993099588550230283e+00
6.738845335580381857e+01 3.989005990401791824e+00
6.739845484611825555e+01 3.984939079932686923e+00
6.740841370019650469e+01 3.980898683071897981e+00
6.741833009977391100e+01 3.976884626883924412e+00
6.742820422581152684e+01 3.972896739561377899e+00
6.743803625849939465e+01 3.968934850417625171e+00
6.744782637725984387e+01 3.964998789879478736e+00
6.745757476075073100e+01 3.961088389479936023e+00
6.746728158686870813e+01 3.957203481850963822e+00
6.747694703275246297e+01 3.953343900716332016e+00
6.748657127478593054e+01 3.949509480884492607e+00
6.749615448860150480e+01 3.945700058241506714e+00
6.750569684908326451e+01 3.941915469744015077e+00
6.751519853037009966e+01 3.938155553412256538e+00
6.752465970585895150e+01 3.934420148323131805e+00
6.753408054820791051e+01 3.930709094603311193e+00
6.754346122933938545e+01 3.927022233422388542e+00
6.755280192044322973e+01 3.923359406986079101e+00
6.756210279197986779e+01 3.919720458529461826e+00
6.757136401368337886e+01 3.916105232310265638e+00
6.758058575456459494e+01 3.912513573602200090e+00
6.758976818291419875e+01 3.908945328688329113e+00
6.759891146630575065e+01 3.905400344854486949e+00
6.760801577159875819e+01 3.901878470382738939e+00
6.761708126494174564e+01 3.898379554544883163e+00
6.762610811177522407e+01 3.894903447595995161e+00
6.763509647683473247e+01 3.891450000768015283e+00
6.764404652415385044e+01 3.888019066263376899e+00
6.765295841706715407e+01 3.884610497248676353e+00
6.766183231821322863e+01 3.881224147848385098e+00
6.767066838953758179e+01 3.877859873138600477e+00
6.767946679229565632e+01 3.874517529140840910e+00
6.768822768705570070e+01 3.871196972815878379e+00
6.769695123370172496e+01 3.867898062057611330e+00
6.770563759143644234e+01 3.864620655686979322e+00
6.771428691878412565e+01 3.861364613445917193e+00
6.772289937359350631e+01 3.858129795991346089e+00
6.773147511304065915e+01 3.854916064889206240e+00
6.774001429363184457e+01 3.851723282608527921e+00
6.774851707120639333e+01 3.848551312515540612e+00
6.775698360093953454e+01 3.845400018867820791e+00
6.776541403734518099e+01 3.842269266808478800e+00
6.777380853427881391e+01 3.839158922360381254e+00
6.778216724494023993e+01 3.836068852420414288e+00
6.779049032187637636e+01 3.832998924753781012e+00
6.779877791698407918e+01 3.829949007988338483e+00
6.780703018151285733e+01 3.826918971608971098e+00
6.781524726606765796e+01 3.823908685951999509e+00
6.782342932061159502e+01 3.820918022199627284e+00
6.783157649446870607e+01 3.817946852374423550e+00
6.783968893632663821e+01 3.814995049333840704e+00
6.784776679423939072e+01 3.812062486764768998e+00
6.785581021563000093e+01 3.809149039178125751e+00
6.786381934729321586e+01 3.806254581903480982e+00
6.787179433539819229e+01 3.803378991083716798e+00
6.787973532549115419e+01 3.800522143669721853e+00
6.788764246249802170e+01 3.797683917415120902e+00
6.789551589072706861e+01 3.794864190871039433e+00
6.790335575387157974e+01 3.792062843380900272e+00
6.791116219501242313e+01 3.789279755075255274e+00
6.791893535662067904e+01 3.786514806866652094e+00
6.792667538056025478e+01 3.783767880444531606e+00
6.793438240809044260e+01 3.781038858270160841e+00
6.794205657986849189e+01 3.778327623571598348e+00
6.794969803595219560e+01 3.775634060338691977e+00
6.795730691580243388e+01 3.772958053318109517e+00
6.796488335828570371e+01 3.770299488008401756e+00
6.797242750167669101e+01 3.767658250655097518e+00
6.797993948366072914e+01 3.765034228245831560e+00
6.798741944133634263e+01 3.762427308505503110e+00
6.799486751121776251e+01 3.759837379891466380e+00
6.800228382923739900e+01 3.757264331588752615e+00
6.800966853074829999e+01 3.754708053505323218e+00
6.801702175052665211e+01 3.752168436267353524e+00
6.802434362277419666e+01 3.749645371214548106e+00
6.803163428112073063e+01 3.747138750395485385e+00
6.803889385862649419e+01 3.744648466562994660e+00
6.804612248778462913e+01 3.742174413169559788e+00
6.805332030052358050e+01 3.739716484362757054e+00
6.806048742820948405e+01 3.737274574980719688e+00
6.806762400164859628e+01 3.734848580547632579e+00
6.807473015108965342e+01 3.732438397269258523e+00
6.808180600622625889e+01 3.730043922028489778e+00
6.808885169619924227e+01 3.727665052380932043e+00
6.809586734959903254e+01 3.725301686550515523e+00
6.810285309446796020e+01 3.722953723425135308e+00
6.810980905830261634e+01 3.720621062552319724e+00
6.811673536805621154e+01 3.718303604134927109e+00
6.812363215014082130e+01 3.716001249026870568e+00
6.813049953042974494e+01 3.713713898728870699e+00
6.813733763425979362e+01 3.711441455384235866e+00
6.814414658643353562e+01 3.709183821774670875e+00
6.815092651122162692e+01 3.706940901316111425e+00
6.815767753236504234e+01 3.704712598054586969e+00
6.816439977307733500e+01 3.702498816662109338e+00
6.817109335604689591e+01 3.700299462432590669e+00
6.817775840343919924e+01 3.698114441277784437e+00
6.818439503689899084e+01 3.695943659723255337e+00
6.819100337755254770e+01 3.693787024904375826e+00
6.819758354600985228e+01 3.691644444562346639e+00
6.820413566236683778e+01 3.689515827040244389e+00
6.821065984620753397e+01 3.687401081279096271e+00
6.821715621660625573e+01 3.685300116813977844e+00
6.822362489212980563e+01 3.683212843770138356e+00
6.823006599083959145e+01 3.681139172859149156e+00
6.823647963029382879e+01 3.679079015375080530e+00
6.824286592754963010e+01 3.677032283190699857e+00
6.824922499916517893e+01 3.674998888753696846e+00
6.825555696120184734e+01 3.672978745082933205e+00
6.826186192922629914e+01 3.670971765764715400e+00
6.826814001831260725e+01 3.668977864949092726e+00
6.827439134304437118e+01 3.666996957346180697e+00
6.828061601751677756e+01 3.665028958222505739e+00
6.828681415533868915e+01 3.663073783397375660e+00
6.829298586963471962e+01 3.661131349239273636e+00
6.829913127304729414e+01 3.659201572662273971e+00
6.830525047773870995e+01 3.657284371122484501e+00
6.831134359539318268e+01 3.655379662614508973e+00
6.831741073721886437e+01 3.653487365667934750e+00
6.832345201394990397e+01 3.651607399343841376e+00
6.832946753584845112e+01 3.649739683231334464e+00
6.833545741270664564e+01 3.647884137444099117e+00
6.834142175384866391e+01 3.646040682616979112e+00
6.834736066813266575e+01 3.644209239902575614e+00
6.835327426395282657e+01 3.642389730967869887e+00
6.835916264924127006e+01 3.640582077990866861e+00
6.836502593147007190e+01 3.638786203657261797e+00
6.837086421765320665e+01 3.637002031157127391e+00
6.837667761434849467e+01 3.635229484181623505e+00
6.838246622765953475e+01 3.633468486919727347e+00
6.838823016323769366e+01 3.631718964054986287e+00
6.839396952628395354e+01 3.629980840762290217e+00
6.839968442155090145e+01 3.628254042704667448e+00
6.840537495334460516e+01 3.626538496030098813e+00
6.841104122552650324e+01 3.624834127368353531e+00
6.841668334151533770e+01 3.623140863827846836e+00
6.842230140428901564e+01 3.621458632992515803e+00
6.842789551638649925e+01 3.619787362918718276e+00
6.843346577990965329e+01 3.618126982132149561e+00
6.843901229652513507e+01 3.616477419624780865e+00
6.844453516746624189e+01 3.614838604851817294e+00
6.845003449353473002e+01 3.613210467728675379e+00
6.845551037510271897e+01 3.611592938627979699e+00
6.846096291211443940e+01 3.609985948376581266e+00
6.846639220408812321e+01 3.608389428252592790e+00
6.847179835011777982e+01 3.606803309982445249e+00
6.847718144887504366e+01 3.605227525737962679e+00
6.848254159861090784e+01 3.603662008133456052e+00
6.848787889715758581e+01 3.602106690222835805e+00
6.849319344193025927e+01 3.600561505496745252e+00
6.849848532992885453e+01 3.599026387879709521e+00
6.850375465773984729e+01 3.597501271727305827e+00
6.850900152153796796e+01 3.595986091823350161e+00
6.851422601708799220e+01 3.594480783377103972e+00
6.851942823974648888e+01 3.592985282020498161e+00
6.852460828446356800e+01 3.591499523805374849e+00
6.852976624578457177e+01 3.590023445200749119e+00
6.853490221785183678e+01 3.588556983090085417e+00
6.854001629440639931e+01 3.587100074768594826e+00
6.854510856878970060e+01 3.585652657940547439e+00
6.855017913394530638e+01 3.584214670716604267e+00
6.855522808242058375e+01 3.582786051611166034e+00
6.856025550636840649e+01 3.581366739539737942e+00
6.856526149754881772e+01 3.579956673816313106e+00
6.857024614733072099e+01 3.578555794150773295e+00
6.857520954669352875e+01 3.577164040646304333e+00
6.858015178622883923e+01 3.575781353796831485e+00
6.858507295614208488e+01 3.574407674484469499e+00
6.858997314625418085e+01 3.573042943976989960e+00
6.859485244600315923e+01 3.571687103925304640e+00
6.859971094444578910e+01 3.570340096360965720e+00
6.860454873025922495e+01 3.569001863693682886e+00
6.860936589174259836e+01 3.567672348708855079e+00
6.861416251681866640e+01 3.566351494565120461e+00
6.861893869303537485e+01 3.565039244791920137e+00
6.862369450756747824e+01 3.563735543287079199e+00
6.862843004721813145e+01 3.562440334314402879e+00
6.863314539842045292e+01 3.561153562501289116e+00
6.863784064723913048e+01 3.559875172836356239e+00
6.864251587937198451e+01 3.558605110667085736e+00
6.864717118015150277e+01 3.557343321697480576e+00
6.865180663454641774e+01 3.556089751985740399e+00
6.865642232716328408e+01 3.554844347941948701e+00
6.866101834224798495e+01 3.553607056325778224e+00
6.866559476368726678e+01 3.552377824244209226e+00
6.867015167501030248e+01 3.551156599149264181e+00
6.867468915939019780e+01 3.549943328835755807e+00
6.867920729964548343e+01 3.548737961439050626e+00
6.868370617824167823e+01 3.547540445432847189e+00
6.868818587729273872e+01 3.546350729626968068e+00
6.869264647856260808e+01 3.545168763165167380e+00
6.869708806346667984e+01 3.543994495522952093e+00
6.870151071307329005e+01 3.542827876505416196e+00
6.870591450810518097e+01 3.541668856245091757e+00
6.871029952894100745e+01 3.540517385199811518e+00
6.871466585561677221e+01 3.539373414150587038e+00
6.871901356782728953e+01 3.538236894199499272e+00
6.872334274492766326e+01 3.537107776767604683e+00
6.872765346593470781e+01 3.535986013592852917e+00
6.873194580952839772e+01 3.534871556728020003e+00
6.873621985405333135e+01 3.533764358538654005e+00
6.874047567752010934e+01 3.532664371701033534e+00
6.874471335760681256e+01 3.531571549200141824e+00
6.874893297166035211e+01 3.530485844327651002e+00
6.875313459669794725e+01 3.529407210679922358e+00
6.875731830940850386e+01 3.528335602156016826e+00
6.876148418615400715e+01 3.527270972955721007e+00
6.876563230297092844e+01 3.526213277577585181e+00
6.876976273557158947e+01 3.525162470816972871e+00
6.877387555934556929e+01 3.524118507764125496e+00
6.877797084936108263e+01 3.523081343802237253e+00
6.878204868036631581e+01 3.522050934605544192e+00
6.878610912679081935e+01 3.521027236137425742e+00
6.879015226274687222e+01 3.520010204648516883e+00
6.879417816203080349e+01 3.518999796674835423e+00
6.879818689812437071e+01 3.517995969035918158e+00
6.880217854419608159e+01 3.516998678832972125e+00
6.880615317310252976e+01 3.516007883447036964e+00
6.881011085738973065e+01 3.515023540537158819e+00
6.881405166929444306e+01 3.514045608038575352e+00
6.881797568074550497e+01 3.513074044160915399e+00
6.882188296336509836e+01 3.512108807386407516e+00
6.882577358847009918e+01 3.511149856468101849e+00
6.882964762707338480e+01 3.510197150428102209e+00
6.883350514988508451e+01 3.509250648555811924e+00
6.883734622731390118e+01 3.508310310406188570e+00
6.884117092946840444e+01 3.507376095798012017e+00
6.884497932615828120e+01 3.506447964812162699e+00
6.884877148689564308e+01 3.505525877789911426e+00
6.885254748089626275e+01 3.504609795331221189e+00
6.885630737708085292e+01 3.503699678293057396e+00
6.886005124407633105e+01 3.502795487787713213e+00
6.886377915021705576e+01 3.501897185181142458e+00
6.886749116354607736e+01 3.501004732091304472e+00
6.887118735181638840e+01 3.500118090386519665e+00
6.887486778249216002e+01 3.499237222183837037e+00
6.887853252274994986e+01 3.498362089847410150e+00
6.888218163947996686e+01 3.497492655986885079e+00
6.888581519928725072e+01 3.496628883455799031e+00
6.888943326849292248e+01 3.495770735349988723e+00
6.889303591313537822e+01 3.494918175006009431e+00
6.889662319897149700e+01 3.494071165999564688e+00
6.890019519147783456e+01 3.493229672143944864e+00
6.890375195585181700e+01 3.492393657488478631e+00
6.890729355701294878e+01 3.491563086316991527e+00
6.891082005960397794e+01 3.490737923146276511e+00
6.891433152799208983e+01 3.489918132724573407e+00
6.891782802627007243e+01 3.489103680030059440e+00
6.892130961825748159e+01 3.488294530269348215e+00
6.892477636750182057e+01 3.487490648875999799e+00
6.892822833727969112e+01 3.486692001509040129e+00
6.893166559059794452e+01 3.485898554051488851e+00
6.893508819019483269e+01 3.485110272608899162e+00
6.893849619854115929e+01 3.484327123507904744e+00
6.894188967784143074e+01 3.483549073294777809e+00
6.894526869003496472e+01 3.482776088733996023e+00
6.894863329679702701e+01 3.482008136806818310e+00
6.895198355953996838e+01 3.481245184709871321e+00
6.895531953941433301e+01 3.480487199853742997e+00
6.895864129730999537e+01 3.479734149861587245e+00
6.896194889385725446e+01 3.478986002567737490e+00
6.896524238942794227e+01 3.478242726016327779e+00
6.896852184413651798e+01 3.477504288459924098e+00
6.897178731784117645e+01 3.476770658358165011e+00
6.897503887014495660e+01 3.476041804376410305e+00
6.897827656039677890e+01 3.475317695384398053e+00
6.898150044769256795e+01 3.474598300454911914e+00
6.898471059087634671e+01 3.473883588862456406e+00
6.898790704854125977e+01 3.473173530081939742e+00
6.899108987903066748e+01 3.472468093787367316e+00
6.899425914043924024e+01 3.471767249850541859e+00
6.899741489061396749e+01 3.471070968339773799e+00
6.900055718715523767e+01 3.470379219518597846e+00
6.900368608741788989e+01 3.469691973844500232e+00
6.900680164851226550e+01 3.469009201967653055e+00
6.900990392730524547e+01 3.468330874729656621e+00
6.901299298042127361e+01 3.467656963162290662e+00
6.901606886424342235e+01 3.466987438486273998e+00
6.901913163491438752e+01 3.466322272110030411e+00
6.902218134833752572e+01 3.465661435628466069e+00
6.902521806017787753e+01 3.465004900821750500e+00
6.902824182586319068e+01 3.464352639654109112e+00
6.903125270058492902e+01 3.463704624272622379e+00
6.903425073929925304e+01 3.463060827006031683e+00
6.903723599672807154e+01 3.462421220363555374e+00
6.904020852735997948e+01 3.461785777033710598e+00
6.904316838545130963e+01 3.461154469883143125e+00
6.904611562502708466e+01 3.460527271955465611e+00
6.904905029988202614e+01 3.459904156470102965e+00
6.905197246358153507e+01 3.459285096821144379e+00
6.905488216946264401e+01 3.458670066576205127e+00
6.905777947063501188e+01 3.458059039475293250e+00
6.906066441998189021e+01 3.457451989429685568e+00
6.906353707016108956e+01 3.456848890520809015e+00
6.906639747360594583e+01 3.456249716999131749e+00
6.906924568252625818e+01 3.455654443283059596e+00
6.907208174890925534e+01 3.455063043957840474e+00
6.907490572452054778e+01 3.454475493774475936e+00
6.907771766090506560e+01 3.453891767648639366e+00
6.908051760938799646e+01 3.453311840659601284e+00
6.908330562107572348e+01 3.452735688049163087e+00
6.908608174685677739e+01 3.452163285220595679e+00
6.908884603740273178e+01 3.451594607737586085e+00
6.909159854316914107e+01 3.451029631323190738e+00
6.909433931439649257e+01 3.450468331858796311e+00
6.909706840111105919e+01 3.449910685383085429e+00
6.909978585312587995e+01 3.449356668091011713e+00
6.910249172004162688e+01 3.448806256332779707e+00
6.910518605124751446e+01 3.448259426612831469e+00
6.910786889592220916e+01 3.447716155588841147e+00
6.911054030303473894e+01 3.447176420070714009e+00
6.911320032134537428e+01 3.446640197019593899e+00
6.911584899940649507e+01 3.446107463546876915e+00
6.911848638556352853e+01 3.445578196913230862e+00
6.912111252795577343e+01 3.445052374527620032e+00
6.912372747451733801e+01 3.444529973946339751e+00
6.912633127297794999e+01 3.444010972872053156e+00
6.912892397086389451e+01 3.443495349152838170e+00
6.913150561549883832e+01 3.442983080781236715e+00
6.913407625400469669e+01 3.442474145893314130e+00
6.913663593330250023e+01 3.441968522767720806e+00
6.913918470011326178e+01 3.441466189824763600e+00
6.914172260095882905e+01 3.440967125625480350e+00
6.914424968216269463e+01 3.440471308870722389e+00
6.914676598985089129e+01 3.439978718400242386e+00
6.914927156995280200e+01 3.439489333191787956e+00
6.915176646820201256e+01 3.439003132360200610e+00
6.915425073013715007e+01 3.438520095156522682e+00
6.915672440110270713e+01 3.438040200967107385e+00
6.915918752624986610e+01 3.437563429312736396e+00
6.916164015053730907e+01 3.437089759847743675e+00
6.916408231873208479e+01 3.436619172359142826e+00
6.916651407541039021e+01 3.436151646765762013e+00
6.916893546495836631e+01 3.435687163117384202e+00
6.917134653157296498e+01 3.435225701593892289e+00
6.917374731926268794e+01 3.434767242504420892e+00
6.917613787184845364e+01 3.434311766286511691e+00
6.917851823296436464e+01 3.433859253505277653e+00
6.918088844605850340e+01 3.433409684852569477e+00
6.918324855439371390e+01 3.432963041146148697e+00
6.918559860104844006e+01 3.432519303328866567e+00
6.918793862891743629e+01 3.432078452467847818e+00
6.919026868071263436e+01 3.431640469753679756e+00
6.919258879896385395e+01 3.431205336499606684e+00
6.919489902601961262e+01 3.430773034140730537e+00
6.919719940404790748e+01 3.430343544233214192e+00
6.919948997503693988e+01 3.429916848453493206e+00
6.920177078079593969e+01 3.429492928597490664e+00
6.920404186295589000e+01 3.429071766579836478e+00
6.920630326297029455e+01 3.428653344433095107e+00
6.920855502211593091e+01 3.428237644306994181e+00
6.921079718149361781e+01 3.427824648467660662e+00
6.921302978202895417e+01 3.427414339296861900e+00
6.921525286447308645e+01 3.427006699291251124e+00
6.921746646940340497e+01 3.426601711061617372e+00
6.921967063722432556e+01 3.426199357332141204e+00
6.922186540816802847e+01 3.425799620939654400e+00
6.922405082229516893e+01 3.425402484832906325e+00
6.922622691949561613e+01 3.425007932071832073e+00
6.922839373948919217e+01 3.424615945826828156e+00
6.923055132182639682e+01 3.424226509378031302e+00
6.923269970588910383e+01 3.423839606114603473e+00
6.923483893089129992e+01 3.423455219534019101e+00
6.923696903587980955e+01 3.423073333241359872e+00
6.923909005973499120e+01 3.422693930948611296e+00
6.924120204117146216e+01 3.422316996473966366e+00
6.924330501873876642e+01 3.421942513741132341e+00
6.924539903082214209e+01 3.421570466778642405e+00
6.924748411564316086e+01 3.421200839719170883e+00
6.924956031126046696e+01 3.420833616798855559e+00
6.925162765557044509e+01 3.420468782356621329e+00
6.925368618630793094e+01 3.420106320833509628e+00
6.925573594104689334e+01 3.419746216772013181e+00
6.925777695720110216e+01 3.419388454815412981e+00
6.925980927202485304e+01 3.419033019707121923e+00
6.926183292261360691e+01 3.418679896290030662e+00
6.926384794590468630e+01 3.418329069505858797e+00
6.926585437867795747e+01 3.417980524394510056e+00
6.926785225755645570e+01 3.417634246093432360e+00
6.926984161900712422e+01 3.417290219836980558e+00
6.927182249934142533e+01 3.416948430955785376e+00
6.927379493471602245e+01 3.416608864876123697e+00
6.927575896113344811e+01 3.416271507119295947e+00
6.927771461444274337e+01 3.415936343301005707e+00
6.927966193034011155e+01 3.415603359130743755e+00
6.928160094436960037e+01 3.415272540411176116e+00
6.928353169192371297e+01 3.414943873037536992e+00
6.928545420824407586e+01 3.414617342997023464e+00
6.928736852842206417e+01 3.414292936368196418e+00
6.928927468739946960e+01 3.413970639320385025e+00
6.929117271996912564e+01 3.413650438113093877e+00
6.929306266077551868e+01 3.413332319095414125e+00
6.929494454431547013e+01 3.413016268705439948e+00
6.929681840493870482e+01 3.412702273469688130e+00
6.929868427684853316e+01 3.412390320002520294e+00
6.930054219410243377e+01 3.412080395005570477e+00
6.930239219061272138e+01 3.411772485267175803e+00
6.930423430014711528e+01 3.411466577661809829e+00
6.930606855632937879e+01 3.411162659149522547e+00
6.930789499263994458e+01 3.410860716775380386e+00
6.930971364241651145e+01 3.410560737668911990e+00
6.931152453885464126e+01 3.410262709043557994e+00
6.931332771500839840e+01 3.409966618196123012e+00
6.931512320379091818e+01 3.409672452506231188e+00
6.931691103797503217e+01 3.409380199435787073e+00
6.931869125019385081e+01 3.409089846528438272e+00
6.932046387294136025e+01 3.408801381409042097e+00
6.932222893857303347e+01 3.408514791783136211e+00
6.932398647930641289e+01 3.408230065436411937e+00
6.932573652722166457e+01 3.407947190234191570e+00
6.932747911426221776e+01 3.407666154120908342e+00
6.932921427223531907e+01 3.407386945119591282e+00
6.933094203281260093e+01 3.407109551331351849e+00
6.933266242753069264e+01 3.406833960934875005e+00
6.933437548779177462e+01 3.406560162185912066e+00
6.933608124486414681e+01 3.406288143416779768e+00
6.933777972988281135e+01 3.406017893035859334e+00
6.933947097385004099e+01 3.405749399527100429e+00
6.934115500763594753e+01 3.405482651449529108e+00
6.934283186197902182e+01 3.405217637436757094e+00
6.934450156748671645e+01 3.404954346196495951e+00
6.934616415463601413e+01 3.404692766510072577e+00
6.934781965377395352e+01 3.404432887231950478e+00
6.934946809511821186e+01 3.404174697289251927e+00
6.935110950875764502e+01 3.403918185681283237e+00
6.935274392465281323e+01 3.403663341479065796e+00
6.935437137263657803e+01 3.403410153824865780e+00
6.935599188241461377e+01 3.403158611931731858e+00
6.935760548356593347e+01 3.402908705083031560e+00
6.935921220554347144e+01 3.402660422631993420e+00
6.936081207767459489e+01 3.402413754001251789e+00
6.936240512916162970e+01 3.402168688682392528e+00
6.936399138908244311e+01 3.401925216235504479e+00
6.936557088639089841e+01 3.401683326288732268e+00
6.936714364991745185e+01 3.401443008537832657e+00
6.936870970836963579e+01 3.401204252745733125e+00
6.937026909033261290e+01 3.400967048742093102e+00
6.937182182426967358e+01 3.400731386422870095e+00
6.937336793852274752e+01 3.400497255749885817e+00
6.937490746131297215e+01 3.400264646750398079e+00
6.937644042074116157e+01 3.400033549516671805e+00
6.937796684478831821e+01 3.399803954205557588e+00
6.937948676131615855e+01 3.399575851038067587e+00
6.938100019806763896e+01 3.399349230298959856e+00
6.938250718266743888e+01 3.399124082336320019e+00
6.938400774262245818e+01 3.398900397561150033e+00
6.938550190532232875e+01 3.398678166446956084e+00
6.938698969803992611e+01 3.398457379529342681e+00
6.938847114793185256e+01 3.398238027405606765e+00
6.938994628203893456e+01 3.398020100734334470e+00
6.939141512728673433e+01 3.397803590235002336e+00
6.939287771048600462e+01 3.397588486687580289e+00
6.939433405833321444e+01 3.397374780932136851e+00
6.939578419741101811e+01 3.397162463868445670e+00
6.939722815418875257e+01 3.396951526455598724e+00
6.939866595502289215e+01 3.396741959711617298e+00
6.940009762615754596e+01 3.396533754713068287e+00
6.940152319372496947e+01 3.396326902594682728e+00
6.940294268374599085e+01 3.396121394548975214e+00
6.940435612213050831e+01 3.395917221825868637e+00
6.940576353467797333e+01 3.395714375732318491e+00
6.940716494707783113e+01 3.395512847631940723e+00
6.940856038491003233e+01 3.395312628944643585e+00
6.940994987364545921e+01 3.395113711146258595e+00
6.941133343864640892e+01 3.394916085768177272e+00
6.941271110516704823e+01 3.394719744396988315e+00
6.941408289835391088e+01 3.394524678674116558e+00
6.941544884324629550e+01 3.394330880295466812e+00
6.941680896477676299e+01 3.394138341011067705e+00
6.941816328777157707e+01 3.393947052624718630e+00
6.941951183695118743e+01 3.393757006993639358e+00
6.942085463693062763e+01 3.393568196028121431e+00
6.942219171222001250e+01 3.393380611691181770e+00
6.942352308722495025e+01 3.393194245998218950e+00
6.942484878624701139e+01 3.393009091016671697e+00
6.942616883348416934e+01 3.392825138865679602e+00
6.942748325303122670e+01 3.392642381715744726e+00
6.942879206888028421e+01 3.392460811788398534e+00
6.943009530492113868e+01 3.392280421355867048e+00
6.943139298494175193e+01 3.392101202740741783e+00
6.943268513262866293e+01 3.391923148315650671e+00
6.943397177156744249e+01 3.391746250502931215e+00
6.943525292524311965e+01 3.391570501774307189e+00
6.943652861704057955e+01 3.391395894650565346e+00
6.943779887024503239e+01 3.391222421701236112e+00
6.943906370804241135e+01 3.391050075544276510e+00
6.944032315351981310e+01 3.390878848845752636e+00
6.944157722966589574e+01 3.390708734319527018e+00
6.944282595937131930e+01 3.390539724726946424e+00
6.944406936542915787e+01 3.390371812876531887e+00
6.944530747053531172e+01 3.390204991623672282e+00
6.944654029728891942e+01 3.390039253870316571e+00
6.944776786819278414e+01 3.389874592564672273e+00
6.944899020565378578e+01 3.389711000700902588e+00
6.945020733198325047e+01 3.389548471318826639e+00
6.945141926939741950e+01 3.389386997503621934e+00
6.945262604001780460e+01 3.389226572385528602e+00
6.945382766587160006e+01 3.389067189139555847e+00
