2.196758394069241405e+01 3.566217450613346784e+01
2.229440607394672469e+01 3.593508816502983905e+01
2.261556098094220602e+01 3.619841363786267152e+01
2.293114014367410647e+01 3.645230592535713043e+01
2.324124112967857414e+01 3.669693036450831869e+01
2.354596684209450785e+01 3.693246096582485904e+01
2.384542479170476525e+01 3.715907884989819365e+01
2.413972639823261801e+01 3.737697079221664609e+01
2.442898632652598678e+01 3.758632788154690019e+01
2.471332186175704848e+01 3.778734429413363216e+01
2.499285232642055732e+01 3.798021618341410743e+01
2.526769854074132482e+01 3.816514068288167749e+01
2.553798232710173011e+01 3.834231501812108434e+01
2.580382605826823550e+01 3.851193572283109745e+01
2.606535224852163424e+01 3.867419795279515427e+01
2.632268318626529080e+01 3.882929489120601829e+01
2.657594060628367316e+01 3.897741723844594475e+01
2.682524539953357845e+01 3.911875277932293926e+01
2.707071735815656766e+01 3.925348602082406302e+01
2.731247495328787522e+01 3.938179789363150007e+01
2.755063514318993967e+01 3.950386551092401533e+01
2.778531320924497194e+01 3.961986197832852241e+01
2.801662261738916371e+01 3.972995624927145997e+01
2.824467490265103464e+01 3.983431302038910360e+01
2.846957957455999022e+01 3.993309266207552355e+01
2.869144404131082027e+01 4.002645117966535082e+01
2.891037355070003301e+01 4.011454020115729691e+01
2.912647114598571108e+01 4.019750698777725972e+01
2.933983763496024011e+01 4.027549446405270572e+01
2.955057157066173090e+01 4.034864126441959797e+01
2.975876924228312603e+01 4.041708179370860421e+01
2.996452467496616023e+01 4.048094629915703280e+01
3.016792963728917698e+01 4.054036095186802413e+01
3.036907365537292947e+01 4.059544793588864309e+01
3.056804403263592107e+01 4.064632554330540160e+01
3.076492587433094172e+01 4.069310827395999297e+01
3.095980211608669563e+01 4.073590693857158840e+01
3.115275355576341454e+01 4.077482876421609603e+01
3.134385888800890640e+01 4.080997750125883528e+01
3.153319474097237318e+01 4.084145353096691622e+01
3.172083571469750396e+01 4.086935397314228169e+01
3.190685442077453970e+01 4.089377279321776371e+01
3.209132152288346873e+01 4.091480090834747330e+01
3.227430577790767785e+01 4.093252629210104487e+01
3.245587407733977869e+01 4.094703407743943302e+01
3.263609148873918286e+01 4.095840665770957401e+01
3.281502129703493864e+01 4.096672378544695903e+01
3.299272504549743701e+01 4.097206266881998715e+01
3.316926257622949237e+01 4.097449806558863372e+01
3.334469207005106028e+01 4.097410237448335124e+01
3.351907008567300039e+01 4.097094572393866940e+01
3.369245159807388745e+01 4.096509605814022592e+01
3.386489003601040082e+01 4.095661922036482849e+01
3.403643731860611865e+01 4.094557903361049966e+01
3.420714389097651775e+01 4.093203737852822854e+01
3.437705875885887963e+01 4.091605426867940309e+01
3.454622952222567278e+01 4.089768792315298640e+01
3.471470240786847938e+01 4.087699483658484922e+01
3.488252230094681750e+01 4.085402984662828629e+01
3.504973277550276123e+01 4.082884619893022204e+01
3.521637612394765426e+01 4.080149560967158351e+01
3.538249338553205803e+01 4.077202832573356517e+01
3.554812437381411883e+01 4.074049318255381280e+01
3.571330770314500569e+01 4.070693765973793177e+01
3.587808081419304784e+01 4.067140793449285496e+01
3.604247999853059525e+01 4.063394893294881172e+01
3.620654042230978575e+01 4.059460437943671707e+01
3.637029614905501518e+01 4.055341684378729639e+01
3.653378016160128539e+01 4.051042778671762790e+01
3.669702438320879878e+01 4.046567760336974828e+01
3.686005969788480030e+01 4.041920566506490786e+01
3.702291596994457024e+01 4.037105035933560515e+01
3.718562206284362759e+01 4.032124912829630858e+01
3.734820585731372233e+01 4.026983850541198251e+01
3.751069426883506708e+01 4.021685415072221303e+01
3.767311326447750730e+01 4.016233088457691025e+01
3.783548787914298117e+01 4.010630271993801443e+01
3.799784223124151339e+01 4.004880289329987875e+01
3.816019953783266772e+01 3.998986389427946619e+01
3.832258212926394236e+01 3.992951749392572935e+01
3.848501146333716605e+01 3.986779477179599951e+01
3.864750813903344806e+01 3.980472614184555624e+01
3.881009190982657486e+01 3.974034137717509907e+01
3.897278169661423419e+01 3.967466963367920840e+01
3.913559560029566597e+01 3.960773947263746919e+01
3.929855091402373546e+01 3.953957888228853790e+01
3.946166413515854288e+01 3.947021529842596976e+01
3.962495097694908708e+01 3.939967562405337986e+01
3.978842637996850584e+01 3.932798624813518984e+01
3.995210452332771212e+01 3.925517306347795454e+01
4.011599883569133596e+01 3.918126148377617568e+01
4.028012200611904348e+01 3.910627645985520218e+01
4.044448599475431649e+01 3.903024249514292876e+01
4.060910204338200202e+01 3.895318366040079638e+01
4.077398068587486080e+01 3.887512360774364595e+01
4.093913175854854813e+01 3.879608558397706730e+01
4.110456441044335918e+01 3.871609244327985522e+01
4.127028711355022494e+01 3.863516665925837401e+01
4.143630767299737983e+01 3.855333033639877982e+01
4.160263323721323303e+01 3.847060522094214718e+01
4.176927030807990349e+01 3.838701271120689285e+01
4.193622475109089009e+01 3.830257386738202285e+01
4.210350180552545396e+01 3.821730942081401849e+01
4.227110609465120206e+01 3.813123978280950865e+01
4.243904163596534573e+01 3.804438505297520123e+01
4.260731185148429745e+01 3.795676502711582856e+01
4.277591957809001855e+01 3.786839920471025778e+01
4.294486707794083458e+01 3.777930679598534880e+01
4.311415604895325515e+01 3.768950672860643891e+01
4.328378763536050400e+01 3.759901765400289264e+01
4.345376243835251273e+01 3.750785795334638806e+01
4.362408052680113713e+01 3.741604574319929810e+01
4.379474144807355884e+01 3.732359888084979360e+01
4.396574423893584083e+01 3.723053496934983286e+01
4.413708743654785138e+01 3.713687136227171948e+01
4.430876908954981275e+01 3.704262516819835582e+01
4.448078676924003361e+01 3.694781325496185076e+01
4.465313758084248263e+01 3.685245225364459998e+01
4.482581817486219933e+01 3.675655856235659513e+01
4.499882475852572128e+01 3.666014834980205706e+01
4.517215310730310307e+01 3.656323755864825387e+01
4.534579857650734880e+01 3.646584190870868980e+01
4.551975611296647628e+01 3.636797689995255922e+01
4.569402026676287676e+01 3.626965781535182032e+01
4.586858520303401576e+01 3.617089972357685213e+01
4.604344471382802340e+01 3.607171748155121804e+01
4.621859223000728178e+01 3.597212573687561132e+01
4.639402083319256320e+01 3.587213893013068144e+01
4.656972326773997395e+01 3.577177129706800685e+01
4.674569195274257538e+01 3.567103687069804607e+01
4.692191899404814137e+01 3.556994948328352280e+01
4.709839619628434804e+01 3.546852276824638039e+01
4.727511507488233633e+01 3.536677016199588763e+01
4.745206686808948859e+01 3.526470490568528504e+01
4.762924254896196175e+01 3.516234004690384296e+01
4.780663283732753399e+01 3.505968844131093931e+01
4.798422821170908747e+01 3.495676275421836010e+01
4.816201892119913452e+01 3.485357546212666335e+01
4.833999499727564597e+01 3.475013885422119841e+01
4.851814626554954657e+01 3.464646503383286813e+01
4.869646235743428520e+01 3.454256591986862901e+01
4.887493272172791592e+01 3.443845324821618448e+01
4.905354663609827526e+01 3.433413857312719841e+01
4.923229321846203277e+01 3.422963326858291566e+01
4.941116143824844897e+01 3.412494852964591985e+01
4.959014012753902989e+01 3.402009537380138937e+01
4.976921799207433850e+01 3.391508464229098507e+01
4.994838362211957872e+01 3.380992700144221885e+01
5.012762550318080201e+01 3.370463294399592513e+01
5.030693202656387797e+01 3.359921279043422260e+01
5.048629149976869712e+01 3.349367669031112626e+01
5.066569215671136561e+01 3.338803462358767149e+01
5.084512216776754912e+01 3.328229640197333339e+01
5.102456964963043617e+01 3.317647167027523381e+01
5.120402267497716053e+01 3.307056990775644323e+01
5.138346928193790575e+01 3.296460042950455716e+01
5.156289748336235590e+01 3.285857238781145639e+01
5.174229527587841915e+01 3.275249477356513950e+01
5.192165064873869795e+01 3.264637641765419573e+01
5.210095159245045693e+01 3.254022599238549418e+01
5.228018610718530823e+01 3.243405201291542284e+01
5.245934221096523231e+01 3.232786283869494781e+01
5.263840794762193553e+01 3.222166667492858494e+01
5.281737139452693697e+01 3.211547157404731934e+01
5.299622067009020299e+01 3.200928543719541608e+01
5.317494394102549649e+01 3.190311601573086975e+01
5.335352942938106224e+01 3.179697091273930809e+01
5.353196541933454000e+01 3.169085758456090929e+01
5.371024026375148708e+01 3.158478334232999529e+01
5.388834239050716235e+01 3.147875535352676835e+01
5.406626030857161425e+01 3.137278064354063645e+01
5.424398261385844222e+01 3.126686609724455934e+01
5.442149799483794226e+01 3.116101846057974356e+01
5.459879523791568801e+01 3.105524434214999729e+01
5.477586323257781231e+01 3.094955021482503810e+01
5.495269097630469446e+01 3.084394241735196118e+01
5.512926757925487919e+01 3.073842715597412933e+01
5.530558226872147287e+01 3.063301050605664599e+01
5.548162439336337570e+01 3.052769841371760151e+01
5.565738342721407150e+01 3.042249669746425766e+01
5.583284897347082421e+01 3.031741104983332136e+01
5.600801076806745016e+01 3.021244703903447260e+01
5.618285868303387787e+01 3.010761011059627279e+01
5.635738272964606921e+01 3.000290558901363269e+01
5.653157306136992588e+01 2.989833867939594825e+01
5.670541997660301092e+01 2.979391446911511565e+01
5.687891392121803591e+01 2.968963792945254099e+01
5.705204549091224919e+01 2.958551391724438773e+01
5.722480543336687475e+01 2.948154717652418100e+01
5.739718465022097149e+01 2.937774234016203678e+01
5.756917419886413256e+01 2.927410393149971313e+01
5.774076529405246561e+01 2.917063636598071952e+01
5.791194930935250085e+01 2.906734395277477745e+01
5.808271777841756034e+01 2.896423089639587189e+01
5.825306239610132764e+01 2.886130129831323643e+01
5.842297501941327909e+01 2.875855915855458989e+01
5.859244766832078000e+01 2.865600837730095662e+01
5.876147252640248553e+01 2.855365275647245937e+01
5.893004194135793483e+01 2.845149600130449130e+01
5.909814842537800672e+01 2.834954172191368471e+01
5.926578465538100460e+01 2.824779343485310790e+01
5.943294347311915260e+01 2.814625456465619635e+01
5.959961788516013570e+01 2.804492844536889606e+01
5.976580106274843018e+01 2.794381832206954641e+01
5.993148634155102883e+01 2.784292735237606919e+01
6.009666722129213667e+01 2.774225860794000198e+01
6.026133736528143459e+01 2.764181507592703113e+01
6.042549059984035154e+01 2.754159966048359465e+01
6.058912091363080066e+01 2.744161518418924572e+01
6.075222245689072764e+01 2.734186438949441822e+01
6.091478954058077022e+01 2.724234994014332756e+01
6.107681663544623518e+01 2.714307442258168024e+01
6.123829837099858509e+01 2.704404034734898588e+01
6.139922953442042086e+01 2.694525015045519112e+01
6.155960506939801036e+01 2.684670619474145425e+01
6.171942007488522108e+01 2.674841077122485089e+01
6.187866980380269410e+01 2.665036610042684018e+01
6.203734966167591836e+01 2.655257433368534237e+01
6.219545520521594995e+01 2.645503755445030336e+01
6.235298214084615864e+01 2.635775777956260768e+01
6.250992632317861819e+01 2.626073696051626172e+01
6.266628375344333790e+01 2.616397698470376554e+01
6.282205057787369640e+01 2.606747967664459864e+01
6.297722308605118968e+01 2.597124679919679124e+01
6.313179770921257727e+01 2.587528005475153847e+01
6.328577101852241071e+01 2.577958108641082191e+01
6.343913972331380080e+01 2.568415147914808117e+01
6.359190066930024443e+01 2.558899276095189990e+01
6.374405083676112582e+01 2.549410640395276317e+01
6.389558733870362062e+01 2.539949382553288615e+01
6.404650741900337607e+01 2.530515638941920287e+01
6.419680845052647555e+01 2.521109540675954719e+01
6.434648793323501081e+01 2.511731213718208977e+01
6.449554349227840078e+01 2.502380778983813769e+01
6.464397287607278031e+01 2.493058352442834291e+01
6.479177395437034193e+01 2.483764045221246164e+01
6.493894471632079046e+01 2.474497963700274639e+01
6.508548326852664445e+01 2.465260209614106657e+01
6.523138783309435951e+01 2.456050880145992110e+01
6.537665674568286533e+01 2.446870068022742117e+01
6.552128845355129272e+01 2.437717861607642433e+01
6.566528151360743948e+01 2.428594344991791587e+01
6.580863459045843911e+01 2.419499598083882219e+01
6.595134645446516686e+01 2.410433696698436279e+01
6.609341597980167649e+01 2.401396712642513620e+01
6.623484214252096081e+01 2.392388713800907851e+01
6.637562401862835770e+01 2.383409764219845428e+01
6.651576078216369581e+01 2.374459924189205040e+01
6.665525170329325988e+01 2.365539250323275411e+01
6.679409614641271276e+01 2.356647795640066789e+01
6.693229356826189758e+01 2.347785609639194959e+01
6.706984351605240136e+01 2.338952738378354468e+01
6.720674562560891729e+01 2.330149224548401321e+01
6.734299961952500269e+01 2.321375107547059713e+01
6.747860530533414192e+01 2.312630423551273040e+01
6.761356257369682510e+01 2.303915205588219095e+01
6.774787139660423918e+01 2.295229483605004717e+01
6.788153182559923948e+01 2.286573284537059436e+01
6.801454399001517004e+01 2.277946632375249081e+01
6.814690809523301596e+01 2.269349548231724611e+01
6.827862442095748463e+01 2.260782050404526444e+01
6.840969331951231425e+01 2.252244154440964152e+01
6.854011521415536379e+01 2.243735873199785757e+01
6.866989059741376877e+01 2.235257216912161837e+01
6.879902002943946115e+01 2.226808193241496525e+01
6.892750413638552232e+01 2.218388807342087432e+01
6.905534360880345446e+01 2.209999061916653318e+01
6.918253920006166879e+01 2.201638957272744079e+01
6.930909172478547475e+01 2.193308491378056502e+01
6.943500205731865549e+01 2.185007659914668920e+01
6.956027113020677177e+01 2.176736456332215752e+01
6.968489993270242167e+01 2.168494871900018950e+01
6.980888950929247017e+01 2.160282895758193078e+01
6.993224095824731990e+01 2.152100514967743194e+01
7.005495543019235072e+01 2.143947714559672590e+01
7.017703412670147145e+01 2.135824477583114245e+01
7.029847829891289734e+01 2.127730785152510151e+01
7.041928924616702545e+01 2.119666616493847044e+01
7.053946831466649314e+01 2.111631948989970908e+01
7.065901689615830605e+01 2.103626758224995541e+01
7.077793642663797868e+01 2.095651018027819745e+01
7.089622838507573022e+01 2.087704700514770551e+01
7.101389429216439453e+01 2.079787776131388810e+01
7.113093570908928598e+01 2.071900213693371384e+01
7.124735423631952358e+01 2.064041980426687672e+01
7.136315151242105514e+01 2.056213042006882219e+01
7.147832921289094088e+01 2.048413362597582221e+01
7.159288904901292483e+01 2.040642904888223086e+01
7.170683276673408102e+01 2.032901630131005533e+01
7.182016214556237799e+01 2.025189498177101299e+01
7.193287899748494851e+01 2.017506467512119528e+01
7.204498516590689405e+01 2.009852495290848040e+01
7.215648252461048173e+01 2.002227537371285138e+01
7.226737297673446392e+01 1.994631548347974004e+01
7.237765845377336404e+01 1.987064481584652142e+01
7.248734091459647289e+01 1.979526289246231130e+01
7.259642234448635634e+01 1.972016922330118049e+01
7.270490475419671839e+01 1.964536330696893529e+01
7.281279017902926398e+01 1.957084463100354910e+01
7.292008067792943393e+01 1.949661267216940885e+01
7.302677833260075602e+01 1.942266689674548985e+01
7.313288524663752810e+01 1.934900676080754067e+01
7.323840354467569114e+01 1.927563171050445945e+01
7.334333537156153682e+01 1.920254118232890761e+01
7.344768289153810770e+01 1.912973460338233878e+01
7.355144828744896301e+01 1.905721139163449962e+01
7.365463375995911122e+01 1.898497095617755193e+01
7.375724152679288181e+01 1.891301269747489044e+01
7.385927382198839553e+01 1.884133600760479510e+01
7.396073289516851901e+01 1.876994027049898506e+01
7.406162101082790628e+01 1.869882486217620610e+01
7.416194044763604154e+01 1.862798915097094010e+01
7.426169349775585715e+01 1.855743249775732906e+01
7.436088246617784137e+01 1.848715425616840591e+01
7.445950967006925225e+01 1.841715377281075305e+01
7.455757743813833827e+01 1.834743038747464183e+01
7.465508811001312495e+01 1.827798343333978437e+01
7.475204403563471089e+01 1.820881223717674402e+01
7.484844757466477461e+01 1.813991611954413230e+01
7.494430109590690847e+01 1.807129439498164558e+01
7.503960697674179414e+01 1.800294637219904459e+01
7.513436760257575031e+01 1.793487135426116197e+01
7.522858536630253923e+01 1.786706863876899121e+01
7.532226266777820456e+01 1.779953751803697060e+01
7.541540191330857112e+01 1.773227727926651909e+01
7.550800551514937808e+01 1.766528720471589864e+01
7.560007589101864767e+01 1.759856657186649898e+01
7.569161546362114734e+01 1.753211465358558385e+01
7.578262666018471805e+01 1.746593071828560184e+01
7.587311191200815585e+01 1.740001403008012204e+01
7.596307365402060441e+01 1.733436384893644799e+01
7.605251432435204606e+01 1.726897943082499509e+01
7.614143636391482062e+01 1.720386002786550605e+01
7.622984221599587329e+01 1.713900488847013648e+01
7.631773432585958972e+01 1.707441325748350280e+01
7.640511514036093388e+01 1.701008437631973891e+01
7.649198710756877517e+01 1.694601748309663947e+01
7.657835267639907784e+01 1.688221181276693272e+01
7.666421429625793849e+01 1.681866659724674662e+01
7.674957441669410230e+01 1.675538106554132511e+01
7.683443548706081572e+01 1.669235444386805511e+01
7.691879995618688781e+01 1.662958595577685372e+01
7.700267027205670445e+01 1.656707482226797978e+01
7.708604888149903900e+01 1.650482026190729812e+01
7.716893822988443219e+01 1.644282149093908529e+01
7.725134076083108425e+01 1.638107772339638757e+01
7.733325891591888990e+01 1.631958817120901273e+01
7.741469513441167294e+01 1.625835204430919134e+01
7.749565185298719427e+01 1.619736855073495008e+01
7.757613150547501846e+01 1.613663689673124324e+01
7.765613652260188360e+01 1.607615628684891718e+01
7.773566933174451776e+01 1.601592592404150039e+01
7.781473235668967448e+01 1.595594500975990826e+01
7.789332801740130208e+01 1.589621274404509066e+01
7.797145872979459114e+01 1.583672832561865640e+01
7.804912690551691412e+01 1.577749095197151874e+01
7.812633495173527365e+01 1.571849981945061536e+01
7.820308527093035877e+01 1.565975412334372407e+01
7.827938026069688249e+01 1.560125305796242579e+01
7.835522231355012934e+01 1.554299581672324670e+01
7.843061381673861376e+01 1.548498159222701531e+01
7.850555715206262164e+01 1.542720957633648027e+01
7.858005469569859258e+01 1.536967896025221059e+01
7.865410881802914389e+01 1.531238893458682249e+01
7.872772188347860833e+01 1.525533868943756488e+01
7.880089625035407153e+01 1.519852741445729905e+01
7.887363427069158206e+01 1.514195429892389733e+01
7.894593829010763386e+01 1.508561853180810353e+01
7.901781064765560814e+01 1.502951930183987805e+01
7.908925367568720333e+01 1.497365579757326159e+01
7.916026969971866833e+01 1.491802720744978927e+01
7.923086103830171112e+01 1.486263271986048373e+01
7.930103000289902582e+01 1.480747152320644666e+01
7.937077889776432471e+01 1.475254280595810030e+01
7.944011001982670450e+01 1.469784575671307536e+01
7.950902565857927584e+01 1.464337956425280396e+01
7.957752809597205612e+01 1.458914341759781763e+01
7.964561960630881288e+01 1.453513650606179297e+01
7.971330245614798571e+01 1.448135801930436095e+01
7.978057890420743092e+01 1.442780714738271897e+01
7.984745120127296047e+01 1.437448308080204562e+01
7.991392159011060414e+01 1.432138501056476976e+01
7.997999230538239601e+01 1.426851212821869375e+01
8.004566557356581313e+01 1.421586362590401187e+01
8.011094361287649690e+01 1.416343869639923270e+01
8.017582863319442765e+01 1.411123653316603566e+01
8.024032283599329674e+01 1.405925633039308487e+01
8.030442841427309020e+01 1.400749728303880737e+01
8.036814755249577047e+01 1.395595858687317836e+01
8.043148242652397073e+01 1.390463943851851170e+01
8.049443520356267356e+01 1.385353903548929289e+01
8.055700804210370336e+01 1.380265657623106179e+01
8.061920309187307510e+01 1.375199126015837159e+01
8.068102249378104318e+01 1.370154228769183646e+01
8.074246837987485037e+01 1.365130886029429469e+01
8.080354287329399199e+01 1.360129018050609773e+01
8.086424808822809496e+01 1.355148545197954313e+01
8.092458612987721267e+01 1.350189387951247255e+01
8.098455909441449307e+01 1.345251466908104732e+01
8.104416906895126260e+01 1.340334702787172816e+01
8.110341813150429857e+01 1.335439016431245207e+01
8.116230835096534690e+01 1.330564328810305241e+01
8.122084178707281410e+01 1.325710561024491341e+01
8.127902049038553400e+01 1.320877634306988746e+01
8.133684650225862356e+01 1.316065470026848416e+01
8.139432185482124282e+01 1.311273989691734698e+01
8.145144857095637292e+01 1.306503114950603361e+01
8.150822866428242719e+01 1.301752767596311244e+01
8.156466413913672397e+01 1.297022869568158931e+01
8.162075699056073574e+01 1.292313342954367528e+01
8.167650920428704353e+01 1.287624109994491306e+01
8.173192275672803930e+01 1.282955093081767117e+01
8.178699961496620574e+01 1.278306214765402515e+01
8.184174173674601604e+01 1.273677397752802598e+01
8.189615107046741116e+01 1.269068564911737340e+01
8.195022955518074070e+01 1.264479639272452083e+01
8.200397912058319605e+01 1.259910544029719581e+01
8.205740168701665027e+01 1.255361202544836630e+01
8.211049916546689076e+01 1.250831538347566152e+01
8.216327345756421607e+01 1.246321475138025647e+01
8.221572645558526915e+01 1.241830936788522521e+01
8.226786004245624895e+01 1.237359847345338615e+01
8.231967609175724476e+01 1.232908131030463217e+01
8.237117646772783530e+01 1.228475712243277584e+01
8.242236302527381042e+01 1.224062515562190612e+01
8.247323760997502973e+01 1.219668465746226538e+01
8.252380205809438962e+01 1.215293487736566291e+01
8.257405819658781354e+01 1.210937506658043361e+01
8.262400784311533641e+01 1.206600447820594901e+01
8.267365280605308442e+01 1.202282236720668607e+01
8.272299488450632055e+01 1.197982799042586777e+01
8.277203586832337123e+01 1.193702060659868458e+01
8.282077753811047671e+01 1.189439947636509842e+01
8.286922166524750821e+01 1.185196386228224696e+01
8.291737001190456624e+01 1.180971302883644647e+01
8.296522433105937466e+01 1.176764624245480739e+01
8.301278636651547060e+01 1.172576277151647517e+01
8.306005785292120436e+01 1.168406188636348553e+01
8.310704051578946405e+01 1.164254285931126631e+01
8.315373607151809665e+01 1.160120496465877160e+01
8.320014622741108212e+01 1.156004747869826943e+01
8.324627268170034711e+01 1.151906967972478313e+01
8.329211712356823227e+01 1.147827084804519693e+01
8.333768123317064180e+01 1.143765026598702939e+01
8.338296668166073289e+01 1.139720721790688174e+01
8.342797513121321629e+01 1.135694099019857184e+01
8.347270823504926796e+01 1.131685087130095546e+01
8.351716763746192385e+01 1.127693615170544028e+01
8.356135497384207156e+01 1.123719612396320500e+01
8.360527187070489674e+01 1.119763008269212357e+01
8.364891994571685530e+01 1.115823732458340167e+01
8.369230080772307190e+01 1.111901714840793431e+01
8.373541605677527855e+01 1.107996885502238626e+01
8.377826728416012259e+01 1.104109174737500254e+01
8.382085607242790104e+01 1.100238513051115419e+01
8.386318399542172131e+01 1.096384831157862827e+01
8.390525261830708814e+01 1.092548059983265851e+01
8.394706349760174646e+01 1.088728130664071259e+01
8.398861818120603573e+01 1.084924974548703069e+01
8.402991820843348592e+01 1.081138523197692791e+01
8.407096511004174033e+01 1.077368708384086382e+01
8.411176040826387634e+01 1.073615462093828121e+01
8.415230561683993926e+01 1.069878716526121920e+01
8.419260224104883150e+01 1.066158404093770962e+01
8.423265177774042911e+01 1.062454457423495313e+01
8.427245571536799673e+01 1.058766809356228755e+01
8.431201553402082993e+01 1.055095392947395361e+01
8.435133270545715334e+01 1.051440141467164757e+01
8.439040869313723192e+01 1.047800988400688560e+01
8.442924495225672388e+01 1.044177867448316377e+01
8.446784292978020403e+01 1.040570712525794228e+01
8.450620406447491462e+01 1.036979457764442536e+01
8.454432978694467238e+01 1.033404037511317597e+01
8.458222151966397462e+01 1.029844386329353512e+01
8.461988067701223315e+01 1.026300438997488129e+01
8.465730866530823562e+01 1.022772130510770872e+01
8.469450688284463524e+01 1.019259396080453861e+01
8.473147671992269636e+01 1.015762171134067060e+01
8.476821955888711102e+01 1.012280391315476891e+01
8.480473677416090084e+01 1.008813992484929223e+01
8.484102973228048938e+01 1.005362910719077263e+01
8.487709979193085985e+01 1.001927082310993278e+01
8.491294830398076954e+01 9.985064437701668183e+00
8.494857661151810646e+01 9.951009318224878442e+00
8.498398604988530280e+01 9.917104834102152822e+00
8.501917794671476258e+01 9.883350356919326174e+00
8.505415362196447404e+01 9.849745260424890958e+00
8.508891438795353679e+01 9.816288920529279594e+00
8.512346154939785947e+01 9.782980715304018915e+00
8.515779640344584323e+01 9.749820024980751398e+00
8.519192023971410777e+01 9.716806231950137374e+00
8.522583434032326011e+01 9.683938720760632890e+00
8.525953997993364908e+01 9.651216878117145015e+00
8.529303842578120509e+01 9.618640092879576997e+00
8.532633093771325150e+01 9.586207756061256191e+00
8.535941876822431595e+01 9.553919260827246518e+00
8.539230316249199859e+01 9.521774002492557898e+00
8.542498535841275498e+01 9.489771378520245548e+00
8.545746658663772166e+01 9.457910788519402701e+00
8.548974807060857017e+01 9.426191634243053841e+00
8.552183102659323310e+01 9.394613319585946698e+00
8.555371666372172967e+01 9.363175250582250086e+00
8.558540618402186340e+01 9.331876835403148718e+00
8.561690078245494817e+01 9.300717484354350972e+00
8.564820164695150595e+01 9.269696609873500748e+00
8.567930995844687914e+01 9.238813626527502265e+00
8.571022689091682878e+01 9.208067951009759611e+00
8.574095361141311855e+01 9.177459002137327460e+00
8.577149128009894241e+01 9.146986200847974757e+00
8.580184105028445174e+01 9.116648970197177348e+00
8.583200406846208352e+01 9.086446735355021787e+00
8.586198147434190275e+01 9.056378923603034536e+00
8.589177440088687376e+01 9.026444964330936571e+00
8.592138397434806052e+01 8.996644289033319808e+00
8.595081131429974164e+01 8.966976331306254266e+00
8.598005753367444015e+01 8.937440526843824173e+00
8.600912373879795325e+01 8.908036313434591236e+00
8.603801102942418311e+01 8.878763130957995742e+00
8.606672049877002451e+01 8.849620421380688384e+00
8.609525323355003934e+01 8.820607628752798135e+00
8.612361031401113109e+01 8.791724199204136170e+00
8.615179281396707722e+01 8.762969580940342951e+00
8.617980180083303310e+01 8.734343224238969583e+00
8.620763833565985124e+01 8.705844581445505881e+00
8.623530347316841471e+01 8.677473106969348038e+00
8.626279826178375743e+01 8.649228257279711229e+00
8.629012374366917015e+01 8.621109490901492478e+00
8.631728095476020712e+01 8.593116268411071346e+00
8.634427092479847943e+01 8.565248052432073322e+00
8.637109467736551949e+01 8.537504307631069267e+00
8.639775322991634710e+01 8.509884500713230437e+00
8.642424759381307808e+01 8.482388100417942667e+00
8.645057877435836247e+01 8.455014577514363694e+00
8.647674777082869468e+01 8.427763404796944968e+00
8.650275557650762437e+01 8.400634057080901940e+00
8.652860317871888185e+01 8.373626011197647045e+00
8.655429155885934733e+01 8.346738745990176511e+00
8.657982169243189219e+01 8.319971742308419849e+00
8.660519454907817760e+01 8.293324483004552050e+00
8.663041109261124006e+01 8.266796452928261374e+00
8.665547228104802002e+01 8.240387138921983379e+00
8.668037906664174841e+01 8.214096029816101208e+00
8.670513239591417687e+01 8.187922616424106792e+00
8.672973320968775113e+01 8.161866391537730081e+00
8.675418244311759963e+01 8.135926849922032744e+00
8.677848102572342270e+01 8.110103488310473452e+00
8.680262988142125380e+01 8.084395805399941182e+00
8.682662992855510709e+01 8.058803301845752998e+00
8.685048207992842606e+01 8.033325480256632289e+00
8.687418724283553217e+01 8.007961845189647931e+00
8.689774631909278924e+01 7.982711903145132126e+00
8.692116020506978202e+01 7.957575162561573379e+00
8.694442979172025332e+01 7.932551133810478383e+00
8.696755596461295568e+01 7.907639329191210820e+00
8.699053960396238949e+01 7.882839262925807944e+00
8.701338158465937056e+01 7.858150451153770533e+00
8.703608277630148393e+01 7.833572411926833290e+00
8.705864404322339567e+01 7.809104665203713047e+00
8.708106624452705091e+01 7.784746732844832096e+00
8.710335023411170141e+01 7.760498138607028196e+00
8.712549686070380517e+01 7.736358408138238829e+00
8.714750696788685502e+01 7.712327068972168576e+00
8.716938139413096565e+01 7.688403650522939614e+00
8.719112097282240370e+01 7.664587684079724461e+00
8.721272653229296168e+01 7.640878702801360056e+00
8.723419889584917541e+01 7.617276241710949414e+00
8.725553888180142792e+01 7.593779837690442847e+00
8.727674730349292531e+01 7.570389029475208531e+00
8.729782496932847380e+01 7.547103357648588862e+00
8.731877268280321402e+01 7.523922364636439930e+00
8.733959124253115647e+01 7.500845594701662122e+00
8.736028144227358894e+01 7.477872593938714729e+00
8.738084407096734196e+01 7.455002910268122562e+00
8.740127991275294050e+01 7.432236093430966584e+00
8.742158974700259932e+01 7.409571694983370094e+00
8.744177434834809048e+01 7.387009268290970709e+00
8.746183448670848293e+01 7.364548368523381683e+00
8.748177092731769733e+01 7.342188552648648781e+00
8.750158443075197567e+01 7.319929379427694727e+00
8.752127575295722295e+01 7.297770409408759207e+00
8.754084564527614987e+01 7.275711204921827324e+00
8.756029485447533034e+01 7.253751330073055392e+00
8.757962412277210262e+01 7.231890350739185180e+00
8.759883418786135678e+01 7.210127834561959048e+00
8.761792578294213740e+01 7.188463350942522645e+00
8.763689963674416106e+01 7.166896471035827609e+00
8.765575647355419164e+01 7.145426767745026275e+00
8.767449701324223099e+01 7.124053815715864602e+00
8.769312197128763842e+01 7.102777191331070661e+00
8.771163205880506553e+01 7.081596472704738687e+00
8.773002798257030577e+01 7.060511239676711348e+00
8.774831044504594502e+01 7.039521073806958462e+00
8.776648014440695533e+01 7.018625558369957496e+00
8.778453777456606133e+01 6.997824278349065175e+00
8.780248402519906392e+01 6.977116820430894428e+00
8.782031958176997932e+01 6.956502772999686890e+00
8.783804512555606436e+01 6.935981726131687175e+00
8.785566133367268549e+01 6.915553271589513606e+00
8.787316887909807406e+01 6.895217002816531604e+00
8.789056843069795377e+01 6.874972514931228851e+00
8.790786065325002596e+01 6.854819404721586018e+00
8.792504620746832700e+01 6.834757270639454596e+00
8.794212575002747201e+01 6.814785712794932060e+00
8.795909993358669965e+01 6.794904332950742365e+00
8.797596940681387423e+01 6.775112734516614665e+00
8.799273481440933153e+01 6.755410522543667362e+00
8.800939679712956831e+01 6.735797303718793039e+00
8.802595599181080388e+01 6.716272686359048727e+00
8.804241303139244224e+01 6.696836280406046171e+00
8.805876854494039208e+01 6.677487697420349200e+00
8.807502315767025891e+01 6.658226550575871983e+00
8.809117749097042349e+01 6.639052454654284396e+00
8.810723216242493550e+01 6.619965026039417388e+00
8.812318778583635037e+01 6.600963882711678998e+00
8.813904497124843829e+01 6.582048644242470381e+00
8.815480432496869412e+01 6.563218931788608046e+00
8.817046644959081902e+01 6.544474368086754090e+00
8.818603194401697465e+01 6.525814577447848208e+00
8.820150140348002310e+01 6.507239185751547694e+00
8.821687541956555378e+01 6.488747820440676328e+00
8.823215458023382496e+01 6.470340110515673260e+00
8.824733946984159161e+01 6.452015686529052552e+00
8.826243066916377700e+01 6.433774180579869828e+00
8.827742875541505896e+01 6.415615226308196029e+00
8.829233430227131407e+01 6.397538458889593826e+00
8.830714787989094816e+01 6.379543515029609146e+00
8.832187005493609888e+01 6.361630032958261793e+00
8.833650139059371043e+01 6.343797652424552069e+00
8.835104244659653716e+01 6.326046014690969166e+00
8.836549377924396254e+01 6.308374762528010216e+00
8.837985594142271850e+01 6.290783540208708224e+00
8.839412948262754810e+01 6.273271993503167110e+00
8.840831494898165488e+01 6.255839769673107398e+00
8.842241288325709547e+01 6.238486517466419023e+00
8.843642382489504428e+01 6.221211887111722127e+00
8.845034831002593023e+01 6.204015530312941173e+00
8.846418687148948834e+01 6.186897100243884395e+00
8.847794003885464065e+01 6.169856251542834791e+00
8.849160833843933460e+01 6.152892640307149996e+00
8.850519229333021087e+01 6.136005924087872820e+00
8.851869242340217170e+01 6.119195761884350659e+00
8.853210924533784976e+01 6.102461814138865570e+00
8.854544327264696335e+01 6.085803742731274113e+00
8.855869501568555791e+01 6.069221210973660519e+00
8.857186498167510535e+01 6.052713883604993406e+00
8.858495367472153248e+01 6.036281426785802928e+00
8.859796159583414976e+01 6.019923508092857922e+00
8.861088924294439551e+01 6.003639796513864368e+00
8.862373711092457995e+01 5.987429962442165632e+00
8.863650569160643045e+01 5.971293677671461353e+00
8.864919547379955134e+01 5.955230615390532556e+00
8.866180694330981282e+01 5.939240450177980080e+00
8.867434058295759769e+01 5.923322857996974555e+00
8.868679687259592015e+01 5.907477516190017042e+00
8.869917628912851626e+01 5.891704103473712983e+00
8.871147930652773539e+01 5.876002299933555051e+00
8.872370639585241747e+01 5.860371787018720191e+00
8.873585802526557131e+01 5.844812247536880889e+00
8.874793466005203868e+01 5.829323365649020872e+00
8.875993676263598786e+01 5.813904826864271236e+00
8.877186479259835039e+01 5.798556318034753687e+00
8.878371920669411566e+01 5.783277527350437985e+00
8.879550045886955445e+01 5.768068144334012715e+00
8.880720900027932885e+01 5.752927859835764934e+00
8.881884527930351680e+01 5.737856366028476707e+00
8.883040974156449465e+01 5.722853356402331393e+00
8.884190282994376275e+01 5.707918525759834161e+00
8.885332498459865747e+01 5.693051570210744039e+00
8.886467664297897784e+01 5.678252187167019294e+00
8.887595823984345600e+01 5.663520075337776127e+00
8.888717020727621332e+01 5.648854934724260701e+00
8.889831297470308868e+01 5.634256466614831815e+00
8.890938696890781046e+01 5.619724373579961352e+00
8.892039261404815420e+01 5.605258359467241824e+00
8.893133033167200097e+01 5.590858129396411691e+00
8.894220054073322501e+01 5.576523389754392213e+00
8.895300365760753891e+01 5.562253848190338523e+00
8.896374009610828182e+01 5.548049213610704022e+00
8.897441026750205140e+01 5.533909196174315426e+00
8.898501458052422208e+01 5.519833507287465579e+00
8.899555344139447755e+01 5.505821859599017820e+00
8.900602725383214420e+01 5.491873966995521883e+00
8.901643641907149629e+01 5.477989544596346683e+00
8.902678133587693310e+01 5.464168308748826419e+00
8.903706240055809928e+01 5.450409977023418229e+00
8.904728000698486312e+01 5.436714268208874934e+00
8.905743454660226632e+01 5.423080902307431117e+00
8.906752640844536018e+01 5.409509600530003404e+00
8.907755597915391377e+01 5.396000085291405846e+00
8.908752364298712223e+01 5.382552080205575962e+00
8.909742978183813022e+01 5.369165310080817655e+00
8.910727477524854123e+01 5.355839500915055673e+00
8.911705900042278472e+01 5.342574379891106950e+00
8.912678283224242648e+01 5.329369675371963488e+00
8.913644664328043632e+01 5.316225116896090341e+00
8.914605080381527102e+01 5.303140435172736922e+00
8.915559568184492889e+01 5.290115362077263406e+00
8.916508164310096163e+01 5.277149630646479572e+00
8.917450905106231573e+01 5.264242975074001407e+00
8.918387826696913123e+01 5.251395130705615699e+00
8.919318964983649778e+01 5.238605834034665065e+00
8.920244355646804024e+01 5.225874822697443634e+00
8.921164034146950428e+01 5.213201835468607825e+00
8.922078035726222822e+01 5.200586612256601349e+00
8.922986395409648708e+01 5.188028894099094401e+00
8.923889148006486494e+01 5.175528423158435309e+00
8.924786328111544265e+01 5.163084942717120818e+00
8.925677970106495707e+01 5.150698197173276149e+00
8.926564108161187505e+01 5.138367932036151942e+00
8.927444776234936796e+01 5.126093893921633615e+00
8.928320008077824355e+01 5.113875830547767620e+00
8.929189837231977833e+01 5.101713490730298339e+00
8.930054297032845056e+01 5.089606624378223643e+00
8.930913420610465892e+01 5.077554982489360214e+00
8.931767240890728488e+01 5.065558317145925749e+00
8.932615790596624095e+01 5.053616381510137145e+00
8.933459102249493355e+01 5.041728929819819349e+00
8.934297208170259808e+01 5.029895717384028409e+00
8.935130140480664807e+01 5.018116500578694072e+00
8.935957931104486818e+01 5.006391036842270381e+00
8.936780611768759286e+01 4.994719084671404019e+00
8.937598214004972874e+01 4.983100403616617768e+00
8.938410769150284807e+01 4.971534754278003732e+00
8.939218308348704056e+01 4.960021898300937870e+00
8.940020862552282210e+01 4.948561598371800763e+00
8.940818462522290133e+01 4.937153618213719675e+00
8.941611138830390360e+01 4.925797722582320404e+00
8.942398921859802385e+01 4.914493677261495996e+00
8.943181841806458010e+01 4.903241249059188789e+00
8.943959928680153837e+01 4.892040205803184882e+00
8.944733212305693826e+01 4.880890316336926382e+00
8.945501722324026161e+01 4.869791350515336070e+00
8.946265488193374438e+01 4.858743079200656290e+00
8.947024539190356052e+01 4.847745274258300263e+00
8.947778904411103440e+01 4.836797708552722064e+00
8.948528612772368263e+01 4.825900155943298131e+00
8.949273693012628428e+01 4.815052391280220334e+00
8.950014173693180908e+01 4.804254190400408575e+00
8.950750083199231710e+01 4.793505330123434049e+00
8.951481449740978746e+01 4.782805588247457607e+00
8.952208301354686171e+01 4.772154743545182320e+00
8.952930665903754459e+01 4.761552575759819383e+00
8.953648571079784801e+01 4.750998865601069099e+00
8.954362044403632126e+01 4.740493394741116973e+00
8.955071113226458124e+01 4.730035945810639575e+00
8.955775804730772904e+01 4.719626302394829942e+00
8.956476145931472388e+01 4.709264249029433635e+00
8.957172163676868593e+01 4.698949571196799013e+00
8.957863884649717079e+01 4.688682055321942599e+00
8.958551335368230184e+01 4.678461488768629550e+00
8.959234542187094519e+01 4.668287659835463010e+00
8.959913531298472833e+01 4.658160357751992997e+00
8.960588328733004460e+01 4.648079372674838616e+00
8.961258960360801495e+01 4.638044495683819157e+00
8.961925451892432193e+01 4.628055518778105615e+00
8.962587828879907192e+01 4.618112234872380206e+00
8.963246116717651546e+01 4.608214437793015428e+00
8.963900340643475317e+01 4.598361922274261993e+00
8.964550525739537079e+01 4.588554483954452756e+00
8.965196696933303144e+01 4.578791919372220853e+00
8.965838878998498274e+01 4.569074025962731156e+00
8.966477096556050697e+01 4.559400602053924167e+00
8.967111374075035712e+01 4.549771446862775903e+00
8.967741735873607922e+01 4.540186360491569317e+00
8.968368206119929198e+01 4.530645143924179052e+00
8.968990808833093809e+01 4.521147599022373953e+00
8.969609567884045020e+01 4.511693528522128460e+00
8.970224506996488856e+01 4.502282736029949106e+00
8.970835649747797902e+01 4.492915026019215219e+00
8.971443019569913702e+01 4.483590203826532061e+00
8.972046639750240615e+01 4.474308075648099070e+00
8.972646533432538263e+01 4.465068448536089640e+00
8.973242723617804018e+01 4.455871130395046897e+00
8.973835233165151237e+01 4.446715929978288351e+00
8.974424084792684653e+01 4.437602656884329200e+00
8.975009301078368651e+01 4.428531121553314520e+00
8.975590904460888453e+01 4.419501135263470104e+00
8.976168917240509870e+01 4.410512510127558627e+00
8.976743361579929115e+01 4.401565059089358911e+00
8.977314259505122607e+01 4.392658595920147846e+00
8.977881632906189679e+01 4.383792935215205411e+00
8.978445503538183914e+01 4.374967892390325908e+00
8.979005893021951579e+01 4.366183283678345184e+00
8.979562822844954439e+01 4.357438926125681178e+00
8.980116314362092567e+01 4.348734637588885121e+00
8.980666388796520039e+01 4.340070236731210507e+00
8.981213067240456382e+01 4.331445543019190048e+00
8.981756370655993749e+01 4.322860376719226849e+00
8.982296319875899826e+01 4.314314558894201568e+00
8.982832935604412228e+01 4.305807911400090227e+00
8.983366238418030036e+01 4.297340256882592691e+00
8.983896248766302506e+01 4.288911418773778017e+00
8.984422986972612080e+01 4.280521221288740463e+00
8.984946473234948883e+01 4.272169489422269706e+00
8.985466727626683792e+01 4.263856048945531718e+00
8.985983770097338663e+01 4.255580726402762970e+00
8.986497620473345194e+01 4.247343349107979726e+00
8.987008298458809463e+01 4.239143745141697117e+00
8.987515823636260848e+01 4.230981743347660640e+00
8.988020215467400931e+01 4.222857173329593650e+00
8.988521493293850995e+01 4.214769865447954622e+00
8.989019676337890985e+01 4.206719650816705958e+00
8.989514783703194212e+01 4.198706361300099665e+00
8.990006834375557787e+01 4.190729829509469262e+00
8.990495847223631642e+01 4.182789888800042100e+00
8.990981840999636177e+01 4.174886373267754358e+00
8.991464834340085588e+01 4.167019117746087353e+00
8.991944845766495575e+01 4.159187957802910951e+00
8.992421893686095302e+01 4.151392729737342080e+00
8.992895996392530833e+01 4.143633270576612126e+00
8.993367172066564308e+01 4.135909418072949428e+00
8.993835438776771696e+01 4.128221010700473315e+00
8.994300814480233441e+01 4.120567887652100580e+00
8.994763317023220850e+01 4.112949888836462620e+00
8.995222964141879629e+01 4.105366854874836768e+00
8.995679773462909168e+01 4.097818627098087418e+00
8.996133762504236131e+01 4.090305047543620454e+00
8.996584948675688054e+01 4.082825958952350121e+00
8.997033349279654146e+01 4.075381204765676557e+00
8.997478981511754625e+01 4.067970629122477533e+00
8.997921862461492992e+01 4.060594076856108181e+00
8.998362009112912574e+01 4.053251393491415833e+00
8.998799438345245960e+01 4.045942425241765505e+00
8.999234166933564438e+01 4.038667019006077830e+00
8.999666211549414641e+01 4.031425022365878519e+00
9.000095588761462295e+01 4.024216283582357612e+00
9.000522315036121768e+01 4.017040651593443812e+00
9.000946406738189864e+01 4.009897976010886822e+00
9.001367880131471111e+01 4.002788107117354777e+00
9.001786751379400187e+01 3.995710895863540557e+00
9.002203036545661519e+01 3.988666193865281429e+00
9.002616751594803191e+01 3.981653853400688003e+00
9.003027912392850851e+01 3.974673727407286972e+00
9.003436534707913097e+01 3.967725669479174933e+00
9.003842634210784013e+01 3.960809533864181553e+00
9.004246226475545711e+01 3.953925175461046493e+00
9.004647326980163768e+01 3.947072449816606099e+00
9.005045951107079816e+01 3.940251213122992535e+00
9.005442114143802712e+01 3.933461322214842237e+00
9.005835831283488346e+01 3.926702634566518579e+00
9.006227117625527967e+01 3.919975008289342977e+00
9.006615988176123722e+01 3.913278302128838426e+00
9.007002457848861354e+01 3.906612375461983255e+00
9.007386541465285745e+01 3.899977088294477312e+00
9.007768253755465082e+01 3.893372301258018364e+00
9.008147609358555030e+01 3.886797875607589603e+00
9.008524622823361483e+01 3.880253673218756916e+00
9.008899308608897627e+01 3.873739556584979482e+00
9.009271681084935324e+01 3.867255388814929695e+00
9.009641754532557911e+01 3.860801033629823298e+00
9.010009543144705901e+01 3.854376355360762840e+00
9.010375061026721255e+01 3.847981218946088688e+00
9.010738322196888817e+01 3.841615489928743798e+00
9.011099340586970641e+01 3.835279034453646485e+00
9.011458130042741743e+01 3.828971719265076068e+00
9.011814704324520164e+01 3.822693411704068289e+00
9.012169077107692772e+01 3.816443979705820055e+00
9.012521261983239640e+01 3.810223291797107947e+00
9.012871272458255589e+01 3.804031217093713391e+00
9.013219121956467461e+01 3.797867625297861149e+00
9.013564823818748550e+01 3.791732386695668033e+00
9.013908391303628775e+01 3.785625372154599599e+00
9.014249837587803427e+01 3.779546453120940175e+00
9.014589175766636231e+01 3.773495501617272208e+00
9.014926418854662415e+01 3.767472390239964941e+00
9.015261579786090351e+01 3.761476992156674637e+00
9.015594671415290406e+01 3.755509181103854566e+00
9.015925706517293747e+01 3.749568831384274770e+00
9.016254697788276928e+01 3.743655817864553814e+00
9.016581657846052167e+01 3.737770015972697646e+00
9.016906599230549091e+01 3.731911301695650884e+00
9.017229534404295066e+01 3.726079551576857884e+00
9.017550475752892680e+01 3.720274642713833568e+00
9.017869435585494386e+01 3.714496452755743139e+00
9.018186426135275724e+01 3.708744859900993784e+00
9.018501459559900013e+01 3.703019742894835264e+00
9.018814547941990156e+01 3.697320981026969378e+00
9.019125703289586227e+01 3.691648454129172308e+00
9.019434937536607322e+01 3.686002042572922743e+00
9.019742262543311995e+01 3.680381627267043321e+00
9.020047690096745896e+01 3.674787089655349615e+00
9.020351231911200784e+01 3.669218311714310232e+00
9.020652899628659327e+01 3.663675175950715346e+00
9.020952704819242740e+01 3.658157565399355882e+00
9.021250658981651327e+01 3.652665363620712036e+00
9.021546773543609277e+01 3.647198454698651116e+00
9.021841059862299517e+01 3.641756723238135152e+00
9.022133529224799986e+01 3.636340054362938279e+00
9.022424192848518487e+01 3.630948333713372556e+00
9.022713061881617591e+01 3.625581447444024885e+00
9.023000147403445226e+01 3.620239282221501487e+00
9.023285460424959581e+01 3.614921725222183913e+00
9.023569011889149749e+01 3.609628664129992170e+00
9.023850812671456367e+01 3.604359987134158505e+00
9.024130873580186574e+01 3.599115582927010060e+00
9.024409205356928965e+01 3.593895340701761310e+00
9.024685818676965710e+01 3.588699150150314932e+00
9.024960724149683244e+01 3.583526901461072001e+00
9.025233932318974439e+01 3.578378485316751512e+00
9.025505453663649291e+01 3.573253792892219227e+00
9.025775298597828566e+01 3.568152715852325407e+00
9.026043477471350229e+01 3.563075146349751865e+00
9.026310000570160241e+01 3.558020977022866571e+00
9.026574878116713307e+01 3.552990100993588918e+00
9.026838120270357990e+01 3.547982411865264751e+00
9.027099737127728929e+01 3.542997803720546290e+00
9.027359738723136218e+01 3.538036171119286255e+00
9.027618135028947677e+01 3.533097409096436436e+00
9.027874935955968283e+01 3.528181413159957369e+00
9.028130151353826705e+01 3.523288079288735997e+00
9.028383791011346204e+01 3.518417303930512663e+00
9.028635864656924070e+01 3.513568983999816098e+00
9.028886381958902518e+01 3.508743016875908172e+00
9.029135352525941016e+01 3.503939300400734869e+00
9.029382785907382925e+01 3.499157732876889693e+00
9.029628691593623557e+01 3.494398213065582404e+00
9.029873079016469717e+01 3.489660640184617080e+00
9.030115957549507755e+01 3.484944913906379949e+00
9.030357336508456001e+01 3.480250934355834325e+00
9.030597225151525720e+01 3.475578602108524873e+00
9.030835632679777802e+01 3.470927818188588976e+00
9.031072568237470932e+01 3.466298484066778318e+00
9.031308040912414015e+01 3.461690501658487573e+00
9.031542059736317185e+01 3.457103773321792417e+00
9.031774633685132869e+01 3.452538201855494204e+00
9.032005771679403949e+01 3.447993690497173969e+00
9.032235482584604824e+01 3.443470142921255750e+00
9.032463775211479629e+01 3.438967463237076139e+00
9.032690658316383292e+01 3.434485555986962257e+00
9.032916140601612653e+01 3.430024326144319957e+00
9.033140230715744678e+01 3.425583679111726898e+00
9.033362937253966152e+01 3.421163520719036288e+00
9.033584268758400526e+01 3.416763757221488174e+00
9.033804233718440457e+01 3.412384295297827830e+00
9.034022840571068969e+01 3.408025042048432596e+00
9.034240097701186301e+01 3.403685904993446698e+00
9.034456013441928235e+01 3.399366792070924514e+00
9.034670596074987259e+01 3.395067611634980942e+00
9.034883853830929468e+01 3.390788272453949759e+00
9.035095794889510046e+01 3.386528683708550425e+00
9.035306427379990168e+01 3.382288754990061541e+00
9.035515759381442535e+01 3.378068396298504084e+00
9.035723798923065431e+01 3.373867518040829516e+00
9.035930553984489677e+01 3.369686031029117679e+00
9.036136032496082748e+01 3.365523846478783110e+00
9.036340242339257145e+01 3.361380876006785812e+00
9.036543191346768822e+01 3.357257031629853117e+00
9.036744887303018459e+01 3.353152225762706440e+00
9.036945337944348466e+01 3.349066371216297799e+00
9.037144550959342837e+01 3.344999381196052557e+00
9.037342533989119886e+01 3.340951169300119261e+00
9.037539294627624997e+01 3.336921649517628374e+00
9.037734840421921945e+01 3.332910736226957216e+00
9.037929178872484215e+01 3.328918344194003787e+00
9.038122317433479225e+01 3.324944388570465925e+00
9.038314263513056801e+01 3.320988784892128898e+00
9.038505024473631977e+01 3.317051449077161429e+00
9.038694607632167788e+01 3.313132297424417505e+00
9.038883020260455226e+01 3.309231246611744393e+00
9.039070269585393191e+01 3.305348213694301762e+00
9.039256362789264188e+01 3.301483116102883475e+00
9.039441307010011428e+01 3.297635871642250471e+00
9.039625109341510267e+01 3.293806398489468101e+00
9.039807776833841046e+01 3.289994615192251892e+00
9.039989316493560523e+01 3.286200440667319533e+00
9.040169735283969032e+01 3.282423794198750855e+00
9.040349040125380498e+01 3.278664595436354467e+00
9.040527237895382484e+01 3.274922764394041952e+00
9.040704335429104788e+01 3.271198221448206933e+00
9.040880339519478071e+01 3.267490887336114813e+00
9.041055256917498184e+01 3.263800683154294724e+00
9.041229094332480543e+01 3.260127530356943915e+00
9.041401858432320182e+01 3.256471350754333027e+00
9.041573555843747556e+01 3.252832066511223807e+00
9.041744193152582909e+01 3.249209600145289478e+00
9.041913776903984967e+01 3.245603874525544441e+00
9.042082313602705312e+01 3.242014812870778862e+00
9.042249809713339914e+01 3.238442338748002136e+00
9.042416271660570715e+01 3.234886376070890357e+00
9.042581705829418581e+01 3.231346849098243545e+00
9.042746118565483471e+01 3.227823682432447328e+00
9.042909516175190276e+01 3.224316801017941714e+00
9.043071904926030413e+01 3.220826130139696541e+00
9.043233291046799138e+01 3.217351595421694022e+00
9.043393680727839978e+01 3.213893122825417503e+00
9.043553080121276366e+01 3.210450638648346455e+00
9.043711495341251805e+01 3.207024069522458554e+00
9.043868932464161503e+01 3.203613342412737097e+00
9.044025397528886856e+01 3.200218384615686418e+00
9.044180896537027081e+01 3.196839123757853063e+00
9.044335435453128014e+01 3.193475487794352308e+00
9.044489020204913743e+01 3.190127405007403105e+00
9.044641656683509723e+01 3.186794804004867476e+00
9.044793350743672988e+01 3.183477613718797006e+00
9.044944108204012423e+01 3.180175763403986444e+00
9.045093934847216133e+01 3.176889182636532194e+00
9.045242836420268873e+01 3.173617801312397901e+00
9.045390818634676577e+01 3.170361549645984933e+00
9.045537887166683788e+01 3.167120358168711292e+00
9.045684047657488236e+01 3.163894157727595413e+00
9.045829305713463953e+01 3.160682879483845742e+00
9.045973666906368749e+01 3.157486454911456963e+00
9.046117136773563061e+01 3.154304815795812011e+00
9.046259720818220273e+01 3.151137894232291181e+00
9.046401424509537037e+01 3.147985622624885238e+00
9.046542253282946433e+01 3.144847933684816521e+00
9.046682212540322610e+01 3.141724760429165819e+00
9.046821307650189681e+01 3.138616036179503244e+00
9.046959543947926363e+01 3.135521694560527539e+00
9.047096926735973454e+01 3.132441669498710279e+00
9.047233461284034206e+01 3.129375895220944948e+00
9.047369152829276118e+01 3.126324306253204455e+00
9.047504006576535573e+01 3.123286837419201323e+00
9.047638027698512531e+01 3.120263423839056305e+00
9.047771221335973735e+01 3.117254000927971447e+00
9.047903592597945988e+01 3.114258504394908922e+00
9.048035146561913677e+01 3.111276870241276526e+00
9.048165888274012048e+01 3.108309034759618505e+00
9.048295822749226147e+01 3.105354934532311262e+00
9.048424954971574152e+01 3.102414506430265284e+00
9.048553289894306317e+01 3.099487687611633735e+00
9.048680832440092558e+01 3.096574415520525037e+00
9.048807587501208616e+01 3.093674627885721673e+00
9.048933559939725058e+01 3.090788262719405655e+00
9.049058754587697706e+01 3.087915258315887979e+00
9.049183176247346694e+01 3.085055553250343419e+00
9.049306829691245468e+01 3.082209086377553753e+00
9.049429719662501270e+01 3.079375796830651879e+00
9.049551850874938452e+01 3.076555624019876589e+00
9.049673228013276116e+01 3.073748507631327787e+00
9.049793855733312853e+01 3.070954387625730586e+00
9.049913738662101537e+01 3.068173204237204299e+00
9.050032881398128382e+01 3.065404897972034526e+00
9.050151288511486314e+01 3.062649409607453688e+00
9.050268964544056871e+01 3.059906680190425110e+00
9.050385914009676469e+01 3.057176651036432879e+00
9.050502141394315458e+01 3.054459263728276142e+00
9.050617651156247234e+01 3.051754460114870948e+00
9.050732447726220187e+01 3.049062182310054769e+00
9.050846535507628232e+01 3.046382372691397666e+00
9.050959918876675658e+01 3.043714973899017906e+00
9.051072602182551918e+01 3.041059928834403348e+00
9.051184589747592213e+01 3.038417180659239047e+00
9.051295885867448021e+01 3.035786672794236640e+00
9.051406494811246262e+01 3.033168348917972157e+00
9.051516420821758402e+01 3.030562152965728284e+00
9.051625668115562462e+01 3.027968029128340177e+00
9.051734240883199334e+01 3.025385921851047932e+00
9.051842143289340470e+01 3.022815775832353058e+00
9.051949379472944202e+01 3.020257536022881162e+00
9.052055953547414902e+01 3.017711147624247303e+00
9.052161869600760724e+01 3.015176556087929782e+00
9.052267131695748503e+01 3.012653707114145263e+00
9.052371743870064336e+01 3.010142546650732331e+00
9.052475710136464215e+01 3.007643020892036834e+00
9.052579034482928932e+01 3.005155076277803428e+00
9.052681720872818971e+01 3.002678659492072466e+00
9.052783773245022303e+01 3.000213717462081764e+00
9.052885195514110706e+01 2.997760197357171474e+00
9.052985991570484714e+01 2.995318046587696070e+00
9.053086165280528519e+01 2.992887212803939434e+00
9.053185720486752075e+01 2.990467643895035277e+00
9.053284661007943157e+01 2.988059287987893331e+00
9.053382990639310890e+01 2.985662093446127763e+00
9.053480713152634962e+01 2.983276008868993134e+00
9.053577832296406314e+01 2.980900983090323031e+00
9.053674351795972086e+01 2.978536965177474016e+00
9.053770275353679153e+01 2.976183904430274918e+00
9.053865606649016229e+01 2.973841750379979665e+00
9.053960349338754554e+01 2.971510452788224566e+00
9.054054507057088585e+01 2.969189961645991804e+00
9.054148083415775261e+01 2.966880227172576046e+00
9.054241082004270424e+01 2.964581199814556367e+00
9.054333506389870934e+01 2.962292830244771746e+00
9.054425360117846822e+01 2.960015069361302320e+00
9.054516646711580563e+01 2.957747868286453752e+00
9.054607369672699235e+01 2.955491178365747373e+00
9.054697532481213784e+01 2.953244951166914767e+00
9.054787138595645501e+01 2.951009138478895011e+00
9.054876191453165291e+01 2.948783692310838589e+00
9.054964694469721564e+01 2.946568564891113962e+00
9.055052651040172407e+01 2.944363708666320356e+00
9.055140064538416311e+01 2.942169076300302333e+00
9.055226938317520080e+01 2.939984620673171456e+00
9.055313275709849563e+01 2.937810294880330186e+00
9.055399080027194714e+01 2.935646052231501546e+00
9.055484354560898907e+01 2.933491846249761892e+00
9.055569102581983998e+01 2.931347630670578575e+00
9.055653327341276793e+01 2.929213359440852482e+00
9.055737032069534109e+01 2.927088986717962804e+00
9.055820219977563568e+01 2.924974466868818457e+00
9.055902894256348645e+01 2.922869754468912173e+00
9.055985058077173733e+01 2.920774804301379035e+00
9.056066714591743505e+01 2.918689571356059442e+00
9.056147866932300872e+01 2.916614010828566084e+00
9.056228518211750611e+01 2.914548078119354457e+00
9.056308671523780163e+01 2.912491728832799609e+00
9.056388329942973314e+01 2.910444918776273315e+00
9.056467496524933836e+01 2.908407603959228815e+00
9.056546174306396324e+01 2.906379740592288652e+00
9.056624366305349838e+01 2.904361285086334288e+00
9.056702075521147322e+01 2.902352194051603718e+00
9.056779304934624975e+01 2.900352424296789522e+00
9.056856057508214519e+01 2.898361932828142695e+00
9.056932336186056887e+01 2.896380676848580027e+00
9.057008143894114482e+01 2.894408613756796367e+00
9.057083483540286295e+01 2.892445701146378667e+00
9.057158358014515898e+01 2.890491896804925798e+00
9.057232770188905135e+01 2.888547158713171914e+00
9.057306722917822128e+01 2.886611445044113378e+00
9.057380219038012115e+01 2.884684714162139230e+00
9.057453261368705455e+01 2.882766924622166993e+00
9.057525852711728476e+01 2.880858035168779807e+00
9.057597995851604367e+01 2.878958004735370224e+00
9.057669693555668289e+01 2.877066792443285337e+00
9.057740948574166850e+01 2.875184357600978124e+00
9.057811763640366109e+01 2.873310659703160130e+00
9.057882141470658155e+01 2.871445658429959025e+00
9.057952084764663425e+01 2.869589313646080164e+00
9.058021596205333026e+01 2.867741585399972148e+00
9.058090678459053890e+01 2.865902433922994152e+00
9.058159334175751098e+01 2.864071819628590365e+00
9.058227565988987351e+01 2.862249703111463983e+00
9.058295376516065289e+01 2.860436045146757866e+00
9.058362768358128392e+01 2.858630806689238746e+00
9.058429744100260450e+01 2.856833948872482321e+00
9.058496306311583623e+01 2.855045433008065459e+00
9.058562457545357915e+01 2.853265220584760176e+00
9.058628200339080649e+01 2.851493273267730721e+00
9.058693537214580260e+01 2.849729552897735552e+00
9.058758470678115771e+01 2.847974021490331964e+00
9.058823003220472003e+01 2.846226641235085175e+00
9.058887137317054794e+01 2.844487374494779175e+00
9.058950875427987626e+01 2.842756183804633352e+00
9.059014219998203998e+01 2.841033031871520453e+00
9.059077173457541221e+01 2.839317881573189872e+00
9.059139738220834204e+01 2.837610695957493601e+00
9.059201916688009248e+01 2.835911438241613958e+00
9.059263711244174999e+01 2.834220071811298869e+00
9.059325124259713391e+01 2.832536560220095812e+00
9.059386158090372021e+01 2.830860867188592866e+00
9.059446815077352255e+01 2.829192956603661546e+00
9.059507097547400178e+01 2.827532792517701843e+00
9.059567007812898964e+01 2.825880339147893938e+00
9.059626548171951299e+01 2.824235560875449469e+00
9.059685720908473172e+01 2.822598422244869010e+00
9.059744528292277721e+01 2.820968887963201333e+00
9.059802972579163338e+01 2.819346922899306662e+00
9.059861056011003200e+01 2.817732492083122597e+00
9.059918780815826267e+01 2.816125560704933584e+00
9.059976149207906815e+01 2.814526094114644383e+00
9.060033163387846855e+01 2.812934057821055323e+00
9.060089825542661401e+01 2.811349417491142422e+00
9.060146137845862313e+01 2.809772138949338860e+00
9.060202102457542139e+01 2.808202188176821323e+00
9.060257721524456542e+01 2.806639531310799018e+00
9.060312997180105299e+01 2.805084134643805793e+00
9.060367931544817566e+01 2.803535964622994037e+00
9.060422526725828618e+01 2.801994987849434349e+00
9.060476784817366536e+01 2.800461171077417433e+00
9.060530707900726100e+01 2.798934481213756875e+00
9.060584298044352636e+01 2.797414885317098587e+00
9.060637557303921596e+01 2.795902350597230690e+00
9.060690487722415298e+01 2.794396844414397396e+00
9.060743091330201082e+01 2.792898334278616890e+00
9.060795370145112315e+01 2.791406787848999649e+00
9.060847326172522287e+01 2.789922172933073430e+00
9.060898961405423790e+01 2.788444457486107364e+00
9.060950277824504440e+01 2.786973609610442715e+00
9.061001277398221987e+01 2.785509597554823635e+00
9.061051962082879641e+01 2.784052389713732811e+00
9.061102333822702803e+01 2.782601954626730212e+00
9.061152394549912970e+01 2.781158260977792285e+00
9.061202146184801620e+01 2.779721277594657369e+00
9.061251590635804121e+01 2.778290973448171997e+00
9.061300729799572196e+01 2.776867317651640743e+00
9.061349565561046404e+01 2.775450279460178749e+00
9.061398099793530037e+01 2.774039828270067787e+00
9.061446334358761590e+01 2.772635933618114112e+00
9.061494271106981557e+01 2.771238565181010305e+00
9.061541911877009170e+01 2.769847692774698888e+00
9.061589258496310606e+01 2.768463286353739949e+00
9.061636312781065783e+01 2.767085316010680973e+00
9.061683076536243675e+01 2.765713751975428902e+00
9.061729551555669104e+01 2.764348564614626191e+00
9.061775739622089532e+01 2.762989724431029082e+00
9.061821642507246111e+01 2.761637202062888097e+00
9.061867261971941900e+01 2.760290968283333424e+00
9.061912599766107235e+01 2.758950993999759405e+00
9.061957657628866514e+01 2.757617250253215246e+00
9.062002437288609258e+01 2.756289708217797063e+00
9.062046940463051214e+01 2.754968339200042138e+00
9.062091168859303991e+01 2.753653114638326738e+00
9.062135124173939005e+01 2.752344006102266594e+00
9.062178808093050009e+01 2.751040985292119156e+00
9.062222222292324147e+01 2.749744024038190293e+00
9.062265368437100221e+01 2.748453094300240984e+00
9.062308248182434056e+01 2.747168168166899793e+00
9.062350863173165294e+01 2.745889217855075337e+00
9.062393215043975658e+01 2.744616215709372753e+00
9.062435305419455744e+01 2.743349134201512829e+00
9.062477135914163284e+01 2.742087945929752912e+00
9.062518708132688516e+01 2.740832623618311370e+00
9.062560023669715292e+01 2.739583140116793825e+00
9.062601084110079341e+01 2.738339468399622501e+00
9.062641891028833641e+01 2.737101581565467789e+00
9.062682445991305258e+01 2.735869452836682925e+00
9.062722750553155038e+01 2.734643055558739544e+00
9.062762806260441550e+01 2.733422363199669025e+00
9.062802614649675093e+01 2.732207349349502490e+00
9.062842177247881637e+01 2.730997987719716136e+00
9.062881495572655410e+01 2.729794252142677902e+00
9.062920571132224268e+01 2.728596116571096797e+00
9.062959405425500847e+01 2.727403555077474451e+00
9.062997999942145100e+01 2.726216541853559772e+00
9.063036356162618290e+01 2.725035051209805825e+00
9.063074475558241261e+01 2.723859057574827602e+00
9.063112359591251277e+01 2.722688535494865558e+00
9.063150009714856026e+01 2.721523459633248709e+00
9.063187427373291882e+01 2.720363804769860394e+00
9.063224614001876489e+01 2.719209545800608474e+00
9.063261571027067021e+01 2.718060657736895536e+00
9.063298299866512764e+01 2.716917115705092645e+00
9.063334801929110540e+01 2.715778894946015320e+00
9.063371078615055865e+01 2.714645970814402176e+00
9.063407131315902632e+01 2.713518318778395333e+00
9.063442961414610011e+01 2.712395914419022613e+00
9.063478570285599289e+01 2.711278733429684618e+00
9.063513959294806455e+01 2.710166751615640912e+00
9.063549129799731929e+01 2.709059944893499772e+00
9.063584083149497417e+01 2.707958289290711917e+00
9.063618820684892796e+01 2.706861760945063811e+00
9.063653343738428703e+01 2.705770336104174056e+00
9.063687653634390529e+01 2.704683991124994247e+00
9.063721751688885320e+01 2.703602702473308028e+00
9.063755639209895776e+01 2.702526446723236386e+00
9.063789317497327147e+01 2.701455200556742486e+00
9.063822787843061235e+01 2.700388940763140067e+00
9.063856051530999025e+01 2.699327644238603607e+00
9.063889109837118951e+01 2.698271287985680278e+00
9.063921964029518108e+01 2.697219849112805434e+00
9.063954615368464829e+01 2.696173304833818563e+00
9.063987065106447005e+01 2.695131632467482774e+00
9.064019314488217560e+01 2.694094809437006077e+00
9.064051364750845607e+01 2.693062813269563538e+00
9.064083217123761926e+01 2.692035621595824768e+00
9.064114872828805858e+01 2.691013212149479639e+00
9.064146333080272200e+01 2.689995562766768877e+00
9.064177599084959525e+01 2.688982651386015554e+00
9.064208672042215653e+01 2.687974456047159233e+00
9.064239553143981709e+01 2.686970954891291896e+00
9.064270243574840435e+01 2.685972126160196538e+00
9.064300744512058827e+01 2.684977948195886643e+00
9.064331057125637869e+01 2.683988399440148775e+00
9.064361182578353748e+01 2.683003458434087385e+00
9.064391122025801906e+01 2.682023103817670062e+00
9.064420876616443934e+01 2.681047314329277675e+00
9.064450447491650209e+01 2.680076068805253620e+00
9.064479835785743944e+01 2.679109346179456175e+00
9.064509042626043822e+01 2.678147125482813529e+00
9.064538069132910891e+01 2.677189385842881020e+00
9.064566916419785514e+01 2.676236106483398380e+00
9.064595585593234262e+01 2.675287266723850976e+00
9.064624077752992548e+01 2.674342845979031935e+00
9.064652393992004420e+01 2.673402823758607383e+00
9.064680535396466610e+01 2.672467179666682124e+00
9.064708503045869747e+01 2.671535893401368877e+00
9.064736298013036730e+01 2.670608944754357061e+00
9.064763921364169619e+01 2.669686313610486916e+00
9.064791374158886583e+01 2.668767979947322733e+00
9.064818657450261696e+01 2.667853923834729635e+00
9.064845772284868985e+01 2.666944125434450363e+00
9.064872719702819381e+01 2.666038564999687388e+00
9.064899500737801930e+01 2.665137222874682355e+00
9.064926116417125002e+01 2.664240079494301749e+00
9.064952567761751823e+01 2.663347115383621233e+00
9.064978855786343104e+01 2.662458311157514412e+00
9.065004981499293990e+01 2.661573647520241170e+00
9.065030945902775272e+01 2.660693105265039105e+00
9.065056749992767493e+01 2.659816665273717184e+00
9.065082394759102158e+01 2.658944308516249855e+00
9.065107881185501526e+01 2.658076016050374246e+00
9.065133210249611295e+01 2.657211769021189163e+00
9.065158382923041813e+01 2.656351548660754069e+00
9.065183400171405026e+01 2.655495336287692965e+00
9.065208262954351426e+01 2.654643113306796920e+00
9.065232972225604158e+01 2.653794861208631062e+00
9.065257528932998810e+01 2.652950561569141552e+00
9.065281934018518939e+01 2.652110196049264790e+00
9.065306188418331601e+01 2.651273746394538389e+00
9.065330293062824296e+01 2.650441194434714820e+00
9.065354248876640497e+01 2.649612522083375499e+00
9.065378056778712335e+01 2.648787711337546646e+00
9.065401717682300387e+01 2.647966744277318707e+00
9.065425232495024943e+01 2.647149603065464873e+00
9.065448602118904375e+01 2.646336269947063169e+00
9.065471827450384978e+01 2.645526727249119414e+00
9.065494909380380761e+01 2.644720957380192861e+00
9.065517848794303291e+01 2.643918942830022267e+00
9.065540646572097216e+01 2.643120666169154198e+00
9.065563303588274380e+01 2.642326110048573540e+00
9.065585820711947918e+01 2.641535257199334463e+00
9.065608198806863527e+01 2.640748090432194495e+00
9.065630438731434992e+01 2.639964592637249030e+00
9.065652541338775450e+01 2.639184746783568070e+00
9.065674507476730071e+01 2.638408535918835174e+00
9.065696337987910169e+01 2.637635943168986863e+00
9.065718033709724466e+01 2.636866951737854237e+00
9.065739595474410351e+01 2.636101544906805927e+00
9.065761024109067989e+01 2.635339706034393270e+00
9.065782320435688746e+01 2.634581418555997256e+00
9.065803485271190709e+01 2.633826665983475479e+00
9.065824519427445694e+01 2.633075431904812636e+00
9.065845423711316187e+01 2.632327699983771474e+00
9.065866198924679509e+01 2.631583453959545071e+00
9.065886845864464760e+01 2.630842677646412220e+00
9.065907365322678402e+01 2.630105354933392814e+00
9.065927758086436938e+01 2.629371469783905013e+00
9.065948024937998184e+01 2.628641006235425071e+00
9.065968166654789684e+01 2.627913948399147159e+00
9.065988184009438555e+01 2.627190280459645866e+00
9.066008077769801332e+01 2.626469986674540014e+00
9.066027848698992386e+01 2.625753051374157820e+00
9.066047497555416612e+01 2.625039458961203387e+00
9.066067025092796428e+01 2.624329193910424962e+00
9.066086432060197353e+01 2.623622240768284986e+00
9.066105719202063540e+01 2.622918584152630572e+00
9.066124887258240506e+01 2.622218208752367108e+00
9.066143936964006400e+01 2.621521099327132287e+00
9.066162869050099005e+01 2.620827240706970596e+00
9.066181684242744154e+01 2.620136617792012679e+00
9.066200383263685580e+01 2.619449215552151600e+00
9.066218966830209069e+01 2.618765019026724872e+00
9.066237435655170884e+01 2.618084013324194714e+00
9.066255790447027607e+01 2.617406183621830973e+00
9.066274031909860298e+01 2.616731515165397148e+00
9.066292160743404338e+01 2.616059993268834205e+00
9.066310177643073587e+01 2.615391603313948821e+00
9.066328083299987384e+01 2.614726330750102079e+00
9.066345878401000391e+01 2.614064161093899497e+00
9.066363563628723909e+01 2.613405079928881936e+00
9.066381139661555721e+01 2.612749072905220071e+00
9.066398607173704249e+01 2.612096125739407082e+00
9.066415966835215556e+01 2.611446224213954448e+00
9.066433219311998926e+01 2.610799354177090414e+00
9.066450365265851019e+01 2.610155501542457124e+00
9.066467405354482878e+01 2.609514652288810854e+00
9.066484340231545502e+01 2.608876792459723148e+00
9.066501170546654009e+01 2.608241908163283274e+00
9.066517896945410371e+01 2.607609985571802458e+00
9.066534520069433256e+01 2.606981010921518571e+00
9.066551040556377927e+01 2.606354970512303026e+00
9.066567459039963239e+01 2.605731850707369013e+00
9.066583776149994378e+01 2.605111637932980173e+00
9.066599992512388440e+01 2.604494318678161502e+00
9.066616108749198588e+01 2.603879879494410243e+00
9.066632125478636794e+01 2.603268306995411230e+00
9.066648043315096572e+01 2.602659587856749113e+00
9.066663862869179979e+01 2.602053708815625033e+00
9.066679584747718934e+01 2.601450656670574180e+00
9.066695209553796531e+01 2.600850418281183352e+00
9.066710737886774041e+01 2.600252980567811179e+00
9.066726170342310809e+01 2.599658330511308346e+00
9.066741507512389830e+01 2.599066455152740929e+00
9.066756749985337649e+01 2.598477341593112389e+00
9.066771898345849934e+01 2.597890976993089129e+00
9.066786953175009955e+01 2.597307348572726937e+00
9.066801915050315586e+01 2.596726443611196977e+00
9.066816784545696351e+01 2.596148249446514900e+00
9.066831562231540431e+01 2.595572753475270389e+00
9.066846248674713138e+01 2.594999943152358490e+00
9.066860844438581069e+01 2.594429805990710936e+00
9.066875350083030582e+01 2.593862329561030577e+00
9.066889766164491959e+01 2.593297501491524493e+00
9.066904093235959294e+01 2.592735309467641081e+00
9.066918331847013235e+01 2.592175741231806274e+00
9.066932482543839456e+01 2.591618784583161972e+00
9.066946545869254237e+01 2.591064427377305357e+00
9.066960522362720098e+01 2.590512657526029994e+00
9.066974412560368535e+01 2.589963462997066479e+00
9.066988216995021332e+01 2.589416831813826203e+00
9.067001936196211886e+01 2.588872752055144666e+00
9.067015570690200832e+01 2.588331211855027458e+00
9.067029121000003045e+01 2.587792199402396687e+00
9.067042587645401852e+01 2.587255702940837399e+00
9.067055971142971771e+01 2.586721710768348004e+00
9.067069272006098402e+01 2.586190211237088921e+00
9.067082490744996903e+01 2.585661192753133442e+00
9.067095627866731888e+01 2.585134643776220376e+00
9.067108683875237318e+01 2.584610552819508023e+00
9.067121659271336398e+01 2.584088908449326816e+00
9.067134554552760051e+01 2.583569699284935961e+00
9.067147370214163971e+01 2.583052913998279632e+00
9.067160106747152781e+01 2.582538541313745384e+00
9.067172764640294247e+01 2.582026570007922128e+00
9.067185344379139167e+01 2.581516988909360322e+00
9.067197846446239851e+01 2.581009786898333047e+00
9.067210271321171433e+01 2.580504952906597982e+00
9.067222619480546086e+01 2.580002475917160698e+00
9.067234891398034335e+01 2.579502344964039295e+00
9.067247087544380690e+01 2.579004549132029034e+00
9.067259208387424962e+01 2.578509077556469187e+00
9.067271254392116475e+01 2.578015919423010338e+00
9.067283226020533959e+01 2.577525063967382568e+00
9.067295123731905448e+01 2.577036500475166303e+00
9.067306947982619647e+01 2.576550218281561389e+00
9.067318699226251510e+01 2.576066206771159717e+00
9.067330377913572192e+01 2.575584455377717852e+00
9.067341984492571783e+01 2.575104953583930545e+00
9.067353519408473517e+01 2.574627690921205581e+00
9.067364983103752252e+01 2.574152656969439956e+00
9.067376376018148676e+01 2.573679841356796061e+00
9.067387698588690625e+01 2.573209233759480075e+00
9.067398951249705874e+01 2.572740823901520368e+00
9.067410134432843449e+01 2.572274601554548124e+00
9.067421248567083580e+01 2.571810556537577508e+00
9.067432294078760435e+01 2.571348678716788072e+00
9.067443271391573489e+01 2.570888958005307146e+00
9.067454180926608842e+01 2.570431384362994010e+00
9.067465023102350585e+01 2.569975947796224958e+00
9.067475798334700698e+01 2.569522638357678357e+00
9.067486507036991839e+01 2.569071446146122817e+00
9.067497149620004393e+01 2.568622361306203139e+00
9.067507726491983533e+01 2.568175374028230706e+00
9.067518238058652003e+01 2.567730474547972541e+00
9.067528684723230015e+01 2.567287653146442139e+00
9.067539066886446619e+01 2.566846900149690303e+00
9.067549384946556756e+01 2.566408205928599529e+00
9.067559639299356888e+01 2.565971560898675730e+00
9.067569830338199210e+01 2.565536955519843509e+00
9.067579958454007283e+01 2.565104380296241438e+00
9.067590024035290241e+01 2.564673825776018656e+00
9.067600027468159851e+01 2.564245282551131933e+00
9.067609969136343295e+01 2.563818741257143596e+00
9.067619849421197387e+01 2.563394192573021702e+00
9.067629668701727041e+01 2.562971627220938409e+00
9.067639427354593806e+01 2.562551035966072810e+00
9.067649125754135753e+01 2.562132409616411088e+00
9.067658764272378846e+01 2.561715739022550675e+00
9.067668343279052579e+01 2.561301015077502630e+00
9.067677863141602757e+01 2.560888228716497572e+00
9.067687324225207135e+01 2.560477370916790285e+00
9.067696726892788206e+01 2.560068432697465646e+00
9.067706071505027410e+01 2.559661405119247224e+00
9.067715358420380767e+01 2.559256279284304547e+00
9.067724587995088825e+01 2.558853046336062143e+00
9.067733760583195135e+01 2.558451697459009022e+00
9.067742876536554775e+01 2.558052223878510389e+00
9.067751936204851404e+01 2.557654616860618457e+00
9.067760939935610054e+01 2.557258867711885486e+00
9.067769888074209916e+01 2.556864967779176379e+00
9.067778780963897134e+01 2.556472908449483050e+00
9.067787618945799011e+01 2.556082681149740132e+00
9.067796402358935381e+01 2.555694277346640675e+00
9.067805131540234242e+01 2.555307688546451406e+00
9.067813806824543121e+01 2.554922906294832430e+00
9.067822428544641866e+01 2.554539922176654265e+00
9.067830997031254014e+01 2.554158727815817542e+00
9.067839512613063846e+01 2.553779314875072703e+00
9.067847975616724909e+01 2.553401675055841036e+00
9.067856386366874233e+01 2.553025800098036591e+00
9.067864745186143693e+01 2.552651681779888104e+00
9.067873052395174227e+01 2.552279311917762694e+00
9.067881308312625777e+01 2.551908682365990444e+00
9.067889513255191503e+01 2.551539785016688544e+00
9.067897667537609152e+01 2.551172611799587209e+00
9.067905771472672427e+01 2.550807154681856481e+00
9.067913825371245196e+01 2.550443405667933483e+00
9.067921829542270018e+01 2.550081356799349663e+00
9.067929784292783779e+01 2.549721000154561157e+00
9.067937689927926215e+01 2.549362327848777365e+00
9.067945546750954122e+01 2.549005332033792204e+00
9.067953355063251308e+01 2.548650004897814014e+00
9.067961115164339958e+01 2.548296338665299476e+00
9.067968827351894845e+01 2.547944325596784410e+00
9.067976491921750437e+01 2.547593957988719016e+00
9.067984109167916529e+01 2.547245228173301346e+00
9.067991679382588188e+01 2.546898128518311655e+00
9.067999202856152863e+01 2.546552651426949865e+00
9.068006679877208853e+01 2.546208789337670808e+00
9.068014110732569577e+01 2.545866534724022134e+00
9.068021495707279200e+01 2.545525880094481774e+00
9.068028835084622585e+01 2.545186817992297623e+00
9.068036129146133817e+01 2.544849340995326337e+00
9.068043378171610414e+01 2.544513441715874347e+00
9.068050582439120433e+01 2.544179112800537990e+00
9.068057742225015261e+01 2.543846346930045410e+00
9.068064857803940981e+01 2.543515136819100242e+00
9.068071929448848323e+01 2.543185475216222624e+00
9.068078957431001186e+01 2.542857354903594658e+00
9.068085942019989432e+01 2.542530768696904975e+00
9.068092883483738831e+01 2.542205709445193751e+00
9.068099782088521010e+01 2.541882170030698163e+00
9.068106638098960559e+01 2.541560143368699620e+00
9.068113451778052081e+01 2.541239622407371890e+00
9.068120223387164458e+01 2.540920600127628326e+00
9.068126953186053640e+01 2.540603069542970438e+00
9.068133641432871173e+01 2.540287023699338675e+00
9.068140288384174141e+01 2.539972455674961438e+00
9.068146894294936544e+01 2.539659358580206749e+00
