3.123925697274126989e+01 1.439413887198874775e+01
3.194386085984293189e+01 1.488582726143034307e+01
3.264363665653088731e+01 1.536729422497899122e+01
3.333842423989530346e+01 1.583866089432824609e+01
3.402805947441889600e+01 1.630005276100757783e+01
3.471237545711039729e+01 1.675159936436302743e+01
3.539120378593226235e+01 1.719343397584515998e+01
3.606437583220009913e+01 1.762569328048622452e+01
3.673172399843455338e+01 1.804851705661493000e+01
3.739308294429745416e+01 1.846204785499578804e+01
3.804829076469852112e+01 1.886643067868746115e+01
3.869719010586501895e+01 1.926181266498883460e+01
3.933962920706733968e+01 1.964834277088195691e+01
3.997546285772766339e+01 2.002617146338814180e+01
4.060455326174616175e+01 2.039545041622910659e+01
4.122677080300012165e+01 2.075633221413150409e+01
4.184199470805118182e+01 2.110897006603405401e+01
4.245011360408503265e+01 2.145351752835541248e+01
4.305102597196466263e+01 2.179012823936210808e+01
4.364464049596856654e+01 2.211895566554383308e+01
4.423087631328385783e+01 2.244015286076195181e+01
4.480966316761426071e+01 2.275387223879088339e+01
4.538094147233577758e+01 2.306026535972438651e+01
4.594466228948734710e+01 2.335948273057334390e+01
4.650078723152539339e+01 2.365167362024130782e+01
4.704928829321055872e+01 2.393698588893126455e+01
4.759014762124747477e+01 2.421556583191364709e+01
4.812335722938242810e+01 2.448755803747332749e+01
4.864891866659938557e+01 2.475310525875273271e+01
4.916684264586413633e+01 2.501234829912027280e+01
4.967714864057024471e+01 2.526542591061795306e+01
5.017986445546080176e+01 2.551247470497926884e+01
5.067502577835657718e+01 2.575362907665783396e+01
5.116267571853219920e+01 2.598902113726815699e+01
5.164286433706472934e+01 2.621878066081158209e+01
5.211564817394753391e+01 2.644303503904193775e+01
5.258108977622958236e+01 2.666190924631585801e+01
5.303925723091646915e+01 2.687552581327098977e+01
5.349022370586325792e+01 2.708400480868050764e+01
5.393406700140715770e+01 2.728746382884338928e+01
5.437086911503491393e+01 2.748601799388596234e+01
5.480071582095946070e+01 2.767977995037026417e+01
5.522369626609427939e+01 2.786885987962813260e+01
5.563990258356390228e+01 2.805336551126577049e+01
5.604942952457432170e+01 2.823340214131112802e+01
5.645237410918770138e+01 2.840907265450537977e+01
5.684883529630018018e+01 2.858047755026930048e+01
5.723891367290815424e+01 2.874771497190524983e+01
5.762271116256513892e+01 2.891088073862514918e+01
5.800033075277597305e+01 2.907006838002411442e+01
5.837187624094556782e+01 2.922536917264804401e+01
5.873745199839309095e+01 2.937687217833111220e+01
5.909716275185699885e+01 2.952466428400573761e+01
5.945111338184979388e+01 2.966883024271308855e+01
5.979940873717114869e+01 2.980945271556626608e+01
6.014215346485241298e+01 2.994661231444126415e+01
6.047945185478227614e+01 3.008038764519222852e+01
6.081140769825116621e+01 3.021085535120773713e+01
6.113812415964852676e+01 3.033809015714355439e+01
6.145970366055182410e+01 3.046216491268489079e+01
6.177624777545693036e+01 3.058315063620728225e+01
6.208785713841564302e+01 3.070111655822024588e+01
6.239463135986638065e+01 3.081613016449159304e+01
6.269666895296772680e+01 3.092825723876292443e+01
6.299406726877050033e+01 3.103756190497841772e+01
6.328692243959194030e+01 3.114410666895953739e+01
6.357532932998466180e+01 3.124795245946796740e+01
6.385938149472286796e+01 3.134915866860771416e+01
6.413917114325843727e+01 3.144778319152530344e+01
6.441478911012954711e+01 3.154388246537406459e+01
6.468632483083440832e+01 3.163751150751495445e+01
6.495386632271154781e+01 3.172872395293213188e+01
6.521750017039697411e+01 3.181757209084663884e+01
6.547731151545571038e+01 3.190410690051619014e+01
6.573338404981205940e+01 3.198837808621313528e+01
6.598580001262811834e+01 3.207043411137630784e+01
6.623464019030474503e+01 3.215032223193573913e+01
6.647998391930210005e+01 3.222808852881193076e+01
6.672190909149898630e+01 3.230377793959394950e+01
6.696049216183097030e+01 3.237743428940279955e+01
6.719580815796690842e+01 3.244910032094825425e+01
6.742793069180207510e+01 3.251881772378906987e+01
6.765693197256325675e+01 3.258662716280788629e+01
6.788288282133763119e+01 3.265256830591317083e+01
6.810585268685238702e+01 3.271667985098167009e+01
6.832590966234627672e+01 3.277899955205560190e+01
6.854312050338749884e+01 3.283956424480942360e+01
6.875755064650483916e+01 3.289840987130163086e+01
6.896926422851014138e+01 3.295557150402736823e+01
6.917832410640119178e+01 3.301108336928798082e+01
6.938479187774373713e+01 3.306497886989382806e+01
6.958872790144057774e+01 3.311729060721678763e+01
6.979019131880420446e+01 3.316805040260892667e+01
6.998924007485715038e+01 3.321728931820381092e+01
7.018593093979150410e+01 3.326503767711689363e+01
7.038031953052573897e+01 3.331132508306119178e+01
7.057246033230306637e+01 3.335618043939442856e+01
7.076240672028110623e+01 3.339963196761352293e+01
7.095021098106808211e+01 3.344170722531212192e+01
7.113592433416519611e+01 3.348243312361665147e+01
7.131959695327950044e+01 3.352183594411599898e+01
7.150127798747536190e+01 3.355994135529972766e+01
7.168101558213643898e+01 3.359677442851935325e+01
7.185885689971331658e+01 3.363235965348698642e+01
7.203484814023509841e+01 3.366672095332518921e+01
7.220903456156609934e+01 3.369988169918166676e+01
7.238146049939108195e+01 3.373186472442201023e+01
7.255216938691513917e+01 3.376269233841345141e+01
7.272120377426621474e+01 3.379238633991211316e+01
7.288860534759022869e+01 3.382096803006601249e+01
7.305441494783052292e+01 3.384845822504572510e+01
7.321867258918493349e+01 3.387487726831419366e+01
7.338141747723516062e+01 3.390024504254691351e+01
7.354268802674457106e+01 3.392458098121343113e+01
7.370252187912142006e+01 3.394790407983060021e+01
7.386095591954587292e+01 3.397023290689793384e+01
7.401802629375985987e+01 3.399158561452492933e+01
7.417376842451989205e+01 3.401197994875997921e+01
7.432821702771342132e+01 3.403143325963022647e+01
7.448140612814032124e+01 3.404996251090131665e+01
7.463336907496142203e+01 3.406758428956590734e+01
7.478413855681665723e+01 3.408431481506923433e+01
7.493374661661586345e+01 3.410016994828008308e+01
7.508222466600558676e+01 3.411516520021498167e+01
7.522960349951570436e+01 3.412931574052334582e+01
7.537591330838999681e+01 3.414263640574094438e+01
7.552118369410493415e+01 3.415514170731890431e+01
7.566544368158126588e+01 3.416684583943520437e+01
7.580872173209328935e+01 3.417776268659530103e+01
7.595104575588057116e+01 3.418790583102847336e+01
7.609244312446729452e+01 3.419728855988608984e+01
7.623294068269437673e+01 3.420592387224792930e+01
7.637256476046957232e+01 3.421382448594236081e+01
7.651134118424093344e+01 3.422100284418610983e+01
7.664929528819891402e+01 3.422747112204908149e+01
7.678645192521250351e+01 3.423324123274954900e+01
7.692283547750486150e+01 3.423832483378484426e+01
7.705846986707368274e+01 3.424273333290246768e+01
7.719337856586182056e+01 3.424647789391649155e+01
7.732758460568334158e+01 3.424956944237381862e+01
7.746111058791044002e+01 3.425201867107483622e+01
7.759397869292638461e+01 3.425383604545273641e+01
7.772621068934969912e+01 3.425503180881579368e+01
7.785782794303480614e+01 3.425561598745652958e+01
7.798885142585400843e+01 3.425559839563180731e+01
7.811930172426608010e+01 3.425498864041755098e+01
7.824919904767605772e+01 3.425379612644182004e+01
7.837856323659144664e+01 3.425203006049974874e+01
7.850741377057927650e+01 3.424969945605380417e+01
7.863576977602890850e+01 3.424681313762269497e+01
7.876365003372505669e+01 3.424337974506205740e+01
7.889107298623561348e+01 3.423940773774017998e+01
7.901805674511865618e+01 3.423490539861160187e+01
7.914461909795296890e+01 3.422988083819163307e+01
7.927077751519632898e+01 3.422434199843452518e+01
7.939654915687566472e+01 3.421829665651805641e+01
7.952195087911320570e+01 3.421175242853716014e+01
7.964699924049253354e+01 3.420471677310915481e+01
7.977171050826846965e+01 3.419719699489303366e+01
7.989610066442450886e+01 3.418920024802522306e+01
8.002018541158159337e+01 3.418073353947411874e+01
8.014398017876173697e+01 3.417180373231564516e+01
8.026750012701016601e+01 3.416241754893201943e+01
8.039076015487921723e+01 3.415258157413580875e+01
8.051377490377757340e+01 3.414230225822135623e+01
8.063655876318794924e+01 3.413158591994548630e+01
8.075912587575649582e+01 3.412043874943947230e+01
8.088149014225699318e+01 3.410886681105409934e+01
8.100366522643290068e+01 3.409687604613958456e+01
8.112566455972026347e+01 3.408447227576215255e+01
8.124750134585421790e+01 3.407166120335893567e+01
8.136918856536206590e+01 3.405844841733279083e+01
8.149073897994557569e+01 3.404483939358870970e+01
8.161216513675513795e+01 3.403083949801327890e+01
8.173347937255846318e+01 3.401645398889871785e+01
8.185469381780633569e+01 3.400168801931296514e+01
8.197582040059776887e+01 3.398654663941716336e+01
8.209687085054711986e+01 3.397103479873194232e+01
8.221785670255542300e+01 3.395515734835381494e+01
8.233878930048824429e+01 3.393891904312297925e+01
8.245967980076218851e+01 3.392232454374373418e+01
8.258053917584233261e+01 3.390537841885873860e+01
8.270137821765264619e+01 3.388808514707830710e+01
8.282220754090141668e+01 3.387044911896583699e+01
8.294303758632368329e+01 3.385247463898051024e+01
8.306387862384262633e+01 3.383416592737830797e+01
8.318474075565181636e+01 3.381552712207238898e+01
8.330563391922011363e+01 3.379656228045386257e+01
8.342656789022110786e+01 3.377727538117391504e+01
8.354755228538867584e+01 3.375767032588823469e+01
8.366859656530057521e+01 3.373775094096470895e+01
8.378971003709150978e+01 3.371752097915521063e+01
8.391090185709742855e+01 3.369698412123243259e+01
8.403218103343257894e+01 3.367614397759256661e+01
8.415355642850082063e+01 3.365500408982466496e+01
8.427503676144274891e+01 3.363356793224748031e+01
8.439663061052003457e+01 3.361183891341458008e+01
8.451834641543840121e+01 3.358982037758847383e+01
8.464019247961061865e+01 3.356751560618449304e+01
8.476217697236089066e+01 3.354492781918514765e+01
8.488430793107190198e+01 3.352206017652563474e+01
8.500659326327584608e+01 3.349891577945118826e+01
8.512904074869061333e+01 3.347549767184695924e+01
8.525165804120248936e+01 3.345180884154095935e+01
8.537445267079633027e+01 3.342785222158084935e+01
8.549743204543462127e+01 3.340363069148500585e+01
8.562060345288637109e+01 3.337914707846859841e+01
8.574397406250700726e+01 3.335440415864514563e+01
8.586755092697036673e+01 3.332940465820416875e+01
8.599134098395377634e+01 3.330415125456545411e+01
8.611535105777728916e+01 3.327864657751044319e+01
8.623958786099807128e+01 3.325289321029129752e+01
8.636405799596094823e+01 3.322689369071810006e+01
8.648876795630599190e+01 3.320065051222469776e+01
8.661372412843411439e+01 3.317416612491364702e+01
8.673893279293166358e+01 3.314744293658072394e+01
8.686440012595477356e+01 3.312048331371943277e+01
8.699013220057445039e+01 3.309328958250598873e+01
8.711613498808320344e+01 3.306586402976513739e+01
8.724241435926408883e+01 3.303820890391725840e+01
8.736897608562291850e+01 3.301032641590717986e+01
8.749582584058452994e+01 3.298221874011499466e+01
8.762296920065381300e+01 3.295388801524940448e+01
8.775041164654234649e+01 3.292533634522380481e+01
8.787815856426132655e+01 3.289656580001558694e+01
8.800621524618156855e+01 3.286757841650897660e+01
8.813458689206129293e+01 3.283837619932169360e+01
8.826327861004239139e+01 3.280896112161583744e+01
8.839229541761594078e+01 3.277933512589329723e+01
8.852164224255753311e+01 3.274950012477596317e+01
8.865132392383318916e+01 3.271945800177110897e+01
8.878134521247652344e+01 3.268921061202220812e+01
8.891171077243768650e+01 3.265875978304544702e+01
8.904242518140486595e+01 3.262810731545227583e+01
8.917349293159891488e+01 3.259725498365823171e+01
8.930491843054170431e+01 3.256620453657831149e+01
8.943670600179885355e+01 3.253495769830915663e+01
8.956885988569734991e+01 3.250351616879829209e+01
8.970138424001878263e+01 3.247188162450068205e+01
8.983428314066863152e+01 3.244005571902285823e+01
8.996756058232227815e+01 3.240804008375479839e+01
9.010122047904826559e+01 3.237583632848982518e+01
9.023526666490930381e+01 3.234344604203274542e+01
9.036970289454170313e+01 3.231087079279646446e+01
9.050453284371364759e+01 3.227811212938719621e+01
9.063976010986290532e+01 3.224517158117860305e+01
9.077538821261448732e+01 3.221205065887495778e+01
9.091142059427876632e+01 3.217875085506359056e+01
9.104786062033056737e+01 3.214527364475676308e+01
9.118471157986975584e+01 3.211162048592317575e+01
9.132197668606382024e+01 3.207779282000929300e+01
9.145965907657291893e+01 3.204379207245065686e+01
9.159776181395787376e+01 3.200961965317332414e+01
9.173628788607170748e+01 3.197527695708566142e+01
9.187524020643503775e+01 3.194076536456059401e+01
9.201462161459588174e+01 3.190608624190849696e+01
9.215443487647439724e+01 3.187124094184088463e+01
9.229468268469294401e+01 3.183623080392501237e+01
9.243536765889193418e+01 3.180105715502959640e+01
9.257649234603198352e+01 3.176572130976171948e+01
9.271805922068277539e+01 3.173022457089511761e+01
9.286007068529907826e+01 3.169456822978996158e+01
9.300252907048441386e+01 3.165875356680425057e+01
9.314543663524273143e+01 3.162278185169695277e+01
9.328879556721864219e+01 3.158665434402303518e+01
9.343260798292656943e+01 3.155037229352047490e+01
9.357687592796921194e+01 3.151393694048938343e+01
9.372160137724587514e+01 3.147734951616334698e+01
9.386678623515101094e+01 3.144061124307311772e+01
9.401243233576337843e+01 3.140372333540273431e+01
9.415854144302623752e+01 3.136668699933819937e+01
9.430511525091912972e+01 3.132950343340879584e+01
9.445215538362145935e+01 3.129217382882116993e+01
9.459966339566838656e+01 3.125469936978625185e+01
9.474764077209948709e+01 3.121708123383912437e+01
9.489608892860053402e+01 3.117932059215192808e+01
9.504500921163872817e+01 3.114141860983988863e+01
9.519440289859194593e+01 3.110337644626055820e+01
9.534427119787221727e+01 3.106519525530637083e+01
9.549461524904401699e+01 3.102687618569056482e+01
9.564543612293758201e+01 3.098842038122657883e+01
9.579673482175779498e+01 3.094982898110099612e+01
9.594851227918890402e+01 3.091110312014011186e+01
9.610076936049551932e+01 3.087224392907020132e+01
9.625350686262028432e+01 3.083325253477155314e+01
9.640672551427856263e+01 3.079413006052637058e+01
9.656042597605053857e+01 3.075487762626056920e+01
9.671460884047105822e+01 3.071549634877957757e+01
9.686927463211765144e+01 3.067598734199818722e+01
9.702442380769709018e+01 3.063635171716452987e+01
9.718005675613075312e+01 3.059659058307823543e+01
9.733617379863930807e+01 3.055670504630285222e+01
9.749277518882693983e+01 3.051669621137256527e+01
9.764986111276552094e+01 3.047656518099331535e+01
9.780743168907912377e+01 3.043631305623831906e+01
9.796548696902915765e+01 3.039594093673812125e+01
9.812402693660050090e+01 3.035544992086517269e+01
9.828305150858894024e+01 3.031484110591302183e+01
9.844256053469034384e+01 3.027411558827018467e+01
9.860255379759178140e+01 3.023327446358872805e+01
9.876303101306494625e+01 3.019231882694761637e+01
9.892399183006234864e+01 3.015124977301091036e+01
9.908543583081635120e+01 3.011006839618082509e+01
9.924736253094161498e+01 3.006877579074572893e+01
9.940977137954104137e+01 3.002737305102312959e+01
9.957266175931570729e+01 2.998586127149768998e+01
9.973603298667902095e+01 2.994424154695433060e+01
9.989988431187532569e+01 2.990251497260645763e+01
1.000642149191033639e+02 2.986068264421939489e+01
1.002290239266448424e+02 2.981874565822901602e+01
1.003943103869983418e+02 2.977670511185568358e+01
1.005600732870189518e+02 2.973456210321349857e+01
1.007263115480637481e+02 2.969231773141492781e+01
1.008930240261435927e+02 2.964997309667085190e+01
1.010602095120812578e+02 2.960752930038608355e+01
1.012278667316764000e+02 2.956498744525039513e+01
1.013959943458774262e+02 2.952234863532510190e+01
1.015645909509606071e+02 2.947961397612526468e+01
1.017336550787166516e+02 2.943678457469752274e+01
1.019031851966449267e+02 2.939386153969364912e+01
1.020731797081556635e+02 2.935084598143982149e+01
1.022436369527802356e+02 2.930773901200170428e+01
1.024145552063898208e+02 2.926454174524534935e+01
1.025859326814225625e+02 2.922125529689397894e+01
1.027577675271195545e+02 2.917788078458069378e+01
1.029300578297697371e+02 2.913441932789714528e+01
1.031028016129639298e+02 2.909087204843823926e+01
1.032759968378581164e+02 2.904724006984287143e+01
1.034496414034463214e+02 2.900352451783079744e+01
1.036237331468430227e+02 2.895972652023564109e+01
1.037982698435754116e+02 2.891584720703409772e+01
1.039732492078855870e+02 2.887188771037138935e+01
1.041486688930428244e+02 2.882784916458300728e+01
1.043245264916661057e+02 2.878373270621278124e+01
1.045008195360569374e+02 2.873953947402734954e+01
1.046775454985426137e+02 2.869527060902704818e+01
1.048547017918301378e+02 2.865092725445328270e+01
1.050322857693706879e+02 2.860651055579241131e+01
1.052102947257349541e+02 2.856202166077622095e+01
1.053887258969992189e+02 2.851746171937900343e+01
1.055675764611424086e+02 2.847283188381131680e+01
1.057468435384541010e+02 2.842813330851044640e+01
1.059265241919536038e+02 2.838336715012764344e+01
1.061066154278200457e+02 2.833853456751218047e+01
1.062871141958336949e+02 2.829363672169225197e+01
1.064680173898283613e+02 2.824867477585281605e+01
1.066493218481549974e+02 2.820364989531036670e+01
1.068310243541564972e+02 2.815856324748475359e+01
1.070131216366537217e+02 2.811341600186804257e+01
1.071956103704426795e+02 2.806820932999049134e+01
1.073784871768029205e+02 2.802294440538370779e+01
1.075617486240170706e+02 2.797762240354101593e+01
1.077453912279015356e+02 2.793224450187508623e+01
1.079294114523482762e+02 2.788681187967289787e+01
1.081138057098776102e+02 2.784132571804806844e+01
1.082985703622020850e+02 2.779578719989061852e+01
1.084837017208011645e+02 2.775019750981420330e+01
1.086691960475068726e+02 2.770455783410089623e+01
1.088550495551001944e+02 2.765886936064353208e+01
1.090412584079180789e+02 2.761313327888572644e+01
1.092278187224711132e+02 2.756735077975955761e+01
1.094147265680716856e+02 2.752152305562101731e+01
1.096019779674724219e+02 2.747565130018326229e+01
1.097895688975149255e+02 2.742973670844771661e+01
1.099774952897886351e+02 2.738378047663310255e+01
1.101657530312996300e+02 2.733778380210241821e+01
1.103543379651492273e+02 2.729174788328797163e+01
1.105432458912223268e+02 2.724567391961446461e+01
1.107324725668851784e+02 2.719956311142022898e+01
1.109220137076925141e+02 2.715341665987665110e+01
1.111118649881038891e+02 2.710723576690585190e+01
1.113020220422088897e+02 2.706102163509665459e+01
1.114924804644612379e+02 2.701477546761893223e+01
1.116832358104213796e+02 2.696849846813636020e+01
1.118742835975075423e+02 2.692219184071764460e+01
1.120656193057548791e+02 2.687585678974627967e+01
1.122572383785826275e+02 2.682949451982890565e+01
1.124491362235689564e+02 2.678310623570228088e+01
1.126413082132333301e+02 2.673669314213898218e+01
1.128337496858260778e+02 2.669025644385184393e+01
1.130264559461250826e+02 2.664379734539722122e+01
1.132194222662391496e+02 2.659731705107711264e+01
1.134126438864179534e+02 2.655081676484020647e+01
1.136061160158681957e+02 2.650429769018191450e+01
1.137998338335758319e+02 2.645776103004344293e+01
1.139937924891339520e+02 2.641120798670995384e+01
1.141879871035762193e+02 2.636463976170787404e+01
1.143824127702154101e+02 2.631805755570140093e+01
1.145770645554869418e+02 2.627146256838828720e+01
1.147719374997969908e+02 2.622485599839491854e+01
1.149670266183749447e+02 2.617823904317076966e+01
1.151623269021299478e+02 2.613161289888228112e+01
1.153578333185112115e+02 2.608497876030621754e+01
1.155535408123717360e+02 2.603833782072254621e+01
1.157494443068353149e+02 2.599169127180691063e+01
1.159455387041663101e+02 2.594504030352273816e+01
1.161418188866420849e+02 2.589838610401303143e+01
1.163382797174276675e+02 2.585172985949190760e+01
1.165349160414523766e+02 2.580507275413593149e+01
1.167317226862881796e+02 2.575841596997528882e+01
1.169286944630293590e+02 2.571176068678486004e+01
1.171258261671732157e+02 2.566510808197523019e+01
1.173231125795015828e+02 2.561845933048371649e+01
1.175205484669627651e+02 2.557181560466541370e+01
1.177181285835535789e+02 2.552517807418434970e+01
1.179158476712012487e+02 2.547854790590478302e+01
1.181137004606448500e+02 2.543192626378268173e+01
1.183116816723159417e+02 2.538531430875744022e+01
1.185097860172180759e+02 2.533871319864388738e+01
1.187080081978050430e+02 2.529212408802460743e+01
1.189063429088572690e+02 2.524554812814264437e+01
1.191047848383563803e+02 2.519898646679462573e+01
1.193033286683573664e+02 2.515244024822434099e+01
1.195019690758581845e+02 2.510591061301682103e+01
1.197007007336665652e+02 2.505939869799297526e+01
1.198995183112635630e+02 2.501290563610480078e+01
1.200984164756636829e+02 2.496643255633122749e+01
1.202973898922712834e+02 2.491998058357463819e+01
1.204964332257329573e+02 2.487355083855808147e+01
1.206955411407856076e+02 2.482714443772323776e+01
1.208947083030999323e+02 2.478076249312916346e+01
1.210939293801191070e+02 2.473440611235186282e+01
1.212931990418923505e+02 2.468807639838470180e+01
1.214925119619030625e+02 2.464177444953972795e+01
1.216918628178914190e+02 2.459550135934989967e+01
1.218912462926709850e+02 2.454925821647228545e+01
1.220906570749392586e+02 2.450304610459225074e+01
1.222900898600818351e+02 2.445686610232865021e+01
1.224895393509698920e+02 2.441071928314010719e+01
1.226890002587508945e+02 2.436460671523233756e+01
1.228884673036321260e+02 2.431852946146661409e+01
1.230879352156569979e+02 2.427248857926936054e+01
1.232873987354737721e+02 2.422648512054290038e+01
1.234868526150965238e+02 2.418052013157742763e+01
1.236862916186582311e+02 2.413459465296416440e+01
1.238857105231556233e+02 2.408870971950978657e+01
1.240851041191857007e+02 2.404286636015210377e+01
1.242844672116737428e+02 2.399706559787703952e+01
1.244837946205925618e+02 2.395130844963690109e+01
1.246830811816728044e+02 2.390559592627001706e+01
1.248823217471042710e+02 2.385992903242169660e+01
1.250815111862278997e+02 2.381430876646657424e+01
1.252806443862183556e+02 2.376873612043234729e+01
1.254797162527570862e+02 2.372321207992491665e+01
1.256787217106956405e+02 2.367773762405494864e+01
1.258776557047091558e+02 2.363231372536588992e+01
1.260765131999397823e+02 2.358694134976341772e+01
1.262752891826301038e+02 2.354162145644638215e+01
1.264739786607461838e+02 2.349635499783920523e+01
1.266725766645903519e+02 2.345114291952580388e+01
1.268710782474034886e+02 2.340598616018498035e+01
1.270694784859566795e+02 2.336088565152737218e+01
1.272677724811322975e+02 2.331584231823388365e+01
1.274659553584942415e+02 2.327085707789569113e+01
1.276640222688473330e+02 2.322593084095575833e+01
1.278619683887858116e+02 2.318106451065192530e+01
1.280597889212308189e+02 2.313625898296153949e+01
1.282574790959567963e+02 2.309151514654765691e+01
1.284550341701068135e+02 2.304683388270679600e+01
1.286524494286965989e+02 2.300221606531828300e+01
1.288497201851074294e+02 2.295766256079514633e+01
1.290468417815677640e+02 2.291317422803661330e+01
1.292438095896235382e+02 2.286875191838215926e+01
1.294406190105970040e+02 2.282439647556715556e+01
1.296372654760344858e+02 2.278010873568008066e+01
1.298337444481423972e+02 2.273588952712132993e+01
1.300300514202122315e+02 2.269173967056358521e+01
1.302261819170338413e+02 2.264765997891376159e+01
1.304221314952974637e+02 2.260365125727654245e+01
1.306178957439843771e+02 2.255971430291947399e+01
1.308134702847460460e+02 2.251584990523961594e+01
1.310088507722719839e+02 2.247205884573178380e+01
1.312040328946462751e+02 2.242834189795832245e+01
1.313990123736926705e+02 2.238469982752043563e+01
1.315937849653084015e+02 2.234113339203107884e+01
1.317883464597868510e+02 2.229764334108936907e+01
1.319826926821287714e+02 2.225423041625653653e+01
1.321768194923425597e+02 2.221089535103339685e+01
1.323707227857332214e+02 2.216763887083934748e+01
1.325643984931803061e+02 2.212446169299285259e+01
1.327578425814048160e+02 2.208136452669344862e+01
1.329510510532251999e+02 2.203834807300521348e+01
1.331440199478023203e+02 2.199541302484172789e+01
1.333367453408737049e+02 2.195256006695249695e+01
1.335292233449770265e+02 2.190978987591082827e+01
1.337214501096628396e+02 2.186710312010314894e+01
1.339134218216967724e+02 2.182450045971976138e+01
1.341051347052511460e+02 2.178198254674700607e+01
1.342965850220862478e+02 2.173955002496083821e+01
1.344877690717212317e+02 2.169720352992179357e+01
1.346786831915947289e+02 2.165494368897133626e+01
1.348693237572154260e+02 2.161277112122956012e+01
1.350596871823024401e+02 2.157068643759425797e+01
1.352497699189158595e+02 2.152869024074130166e+01
1.354395684575774510e+02 2.148678312512637234e+01
1.356290793273816178e+02 2.144496567698796241e+01
1.358182990960967231e+02 2.140323847435170279e+01
1.360072243702568642e+02 2.136160208703593000e+01
1.361958517952444083e+02 2.132005707665853578e+01
1.363841780553630940e+02 2.127860399664504953e+01
1.365721998739020364e+02 2.123724339223793578e+01
1.367599140131907802e+02 2.119597580050712082e+01
1.369473172746453145e+02 2.115480175036169186e+01
1.371344064988053901e+02 2.111372176256278266e+01
1.373211785653631125e+02 2.107273634973760323e+01
1.375076303931831205e+02 2.103184601639463125e+01
1.376937589403142397e+02 2.099105125893989410e+01
1.378795612039928926e+02 2.095035256569438786e+01
1.380650342206384664e+02 2.090975041691255143e+01
1.382501750658404944e+02 2.086924528480184193e+01
1.384349808543382210e+02 2.082883763354332984e+01
1.386194487399921229e+02 2.078852791931334565e+01
1.388035759157481266e+02 2.074831659030613906e+01
1.389873596135940943e+02 2.070820408675751523e+01
1.391707971045091483e+02 2.066819084096947989e+01
1.393538856984058043e+02 2.062827727733581185e+01
1.395366227440649141e+02 2.058846381236860523e+01
1.397190056290638438e+02 2.054875085472570362e+01
1.399010317796977461e+02 2.050913880523906130e+01
1.400826986608942661e+02 2.046962805694398213e+01
1.402640037761217116e+02 2.043021899510922168e+01
1.404449446672908550e+02 2.039091199726794201e+01
1.406255189146505131e+02 2.035170743324948361e+01
1.408057241366770427e+02 2.031260566521197575e+01
1.409855579899578402e+02 2.027360704767571065e+01
1.411650181690691284e+02 2.023471192755730286e+01
1.413441024064478313e+02 2.019592064420461242e+01
1.415228084722582480e+02 2.015723352943239277e+01
1.417011341742529567e+02 2.011865090755866703e+01
1.418790773576287449e+02 2.008017309544179696e+01
1.420566359048771687e+02 2.004180040251825190e+01
1.422338077356302222e+02 2.000353313084101714e+01
1.424105908065012045e+02 1.996537157511867377e+01
1.425869831109206132e+02 1.992731602275510028e+01
1.427629826789676599e+02 1.988936675388977449e+01
1.429385875771971826e+02 1.985152404143868665e+01
1.431137959084622651e+02 1.981378815113582448e+01
1.432886058117325945e+02 1.977615934157520527e+01
1.434630154619086966e+02 1.973863786425346944e+01
1.436370230696323347e+02 1.970122396361298911e+01
1.438106268810928725e+02 1.966391787708548478e+01
1.439838251778300560e+02 1.962671983513613228e+01
1.441566162765331853e+02 1.958963006130814932e+01
1.443289985288367916e+02 1.955264877226783682e+01
1.445009703211128738e+02 1.951577617785006069e+01
1.446725300742600950e+02 1.947901248110417072e+01
1.448436762434896252e+02 1.944235787834030660e+01
1.450144073181081694e+02 1.940581255917611969e+01
1.451847218212980408e+02 1.936937670658385713e+01
1.453546183098944482e+02 1.933305049693782607e+01
1.455240953741601118e+02 1.929683410006218125e+01
1.456931516375573210e+02 1.926072767927906426e+01
1.458617857565176621e+02 1.922473139145704479e+01
1.460299964202092440e+02 1.918884538705988163e+01
1.461977823503018215e+02 1.915306981019554655e+01
1.463651423007296728e+02 1.911740479866555020e+01
1.465320750574526016e+02 1.908185048401449890e+01
1.466985794382149209e+02 1.904640699157991079e+01
1.468646542923026743e+02 1.901107444054225581e+01
1.470302985002990113e+02 1.897585294397522304e+01
1.471955109738381111e+02 1.894074260889617634e+01
1.473602906553574314e+02 1.890574353631681248e+01
1.475246365178486769e+02 1.887085582129398276e+01
1.476885475646072052e+02 1.883607955298068859e+01
1.478520228289803811e+02 1.880141481467722997e+01
1.480150613741146515e+02 1.876686168388248177e+01
1.481776622927015694e+02 1.873242023234529796e+01
1.483398247067228795e+02 1.869809052611603661e+01
1.485015477671945803e+02 1.866387262559818438e+01
1.486628306539102482e+02 1.862976658560006626e+01
1.488236725751835934e+02 1.859577245538663703e+01
1.489840727675903338e+02 1.856189027873133668e+01
1.491440304957095009e+02 1.852812009396800974e+01
1.493035450518642335e+02 1.849446193404285665e+01
1.494626157558620889e+02 1.846091582656642771e+01
1.496212419547350407e+02 1.842748179386564189e+01
1.497794230224791647e+02 1.839415985303580925e+01
1.499371583597940685e+02 1.836095001599267462e+01
1.500944473938222075e+02 1.832785228952442225e+01
1.502512895778880875e+02 1.829486667534370170e+01
1.504076843912374386e+02 1.826199317013959345e+01
1.505636313387764744e+02 1.822923176562956016e+01
1.507191299508111229e+02 1.819658244861134833e+01
1.508741797827865980e+02 1.816404520101482234e+01
1.510287804150270290e+02 1.813161999995375595e+01
1.511829314524754579e+02 1.809930681777753492e+01
1.513366325244342079e+02 1.806710562212278859e+01
1.514898832843054493e+02 1.803501637596492913e+01
1.516426834093324771e+02 1.800303903766959479e+01
1.517950326003412442e+02 1.797117356104398667e+01
1.519469305814825759e+02 1.793941989538809878e+01
1.520983770999748970e+02 1.790777798554582034e+01
1.522493719258476972e+02 1.787624777195591719e+01
1.523999148516855939e+02 1.784482919070287466e+01
1.525500056923731620e+02 1.781352217356759482e+01
1.526996442848405309e+02 1.778232664807796226e+01
1.528488304878097779e+02 1.775124253755923576e+01
1.529975641815422875e+02 1.772026976118428010e+01
1.531458452675868500e+02 1.768940823402364515e+01
1.532936736685288110e+02 1.765865786709545660e+01
1.534410493277401599e+02 1.762801856741512907e+01
1.535879722091306405e+02 1.759749023804489809e+01
1.537344422968998856e+02 1.756707277814315304e+01
1.538804595952906595e+02 1.753676608301357831e+01
1.540260241283432094e+02 1.750657004415409546e+01
1.541711359396507532e+02 1.747648454930558515e+01
1.543157950921161046e+02 1.744650948250040656e+01
1.544600016677096335e+02 1.741664472411070008e+01
1.546037557672282787e+02 1.738689015089645551e+01
1.547470575100559529e+02 1.735724563605337067e+01
1.548899070339252262e+02 1.732771104926046135e+01
1.550323044946802042e+02 1.729828625672744380e+01
1.551742500660408837e+02 1.726897112124188283e+01
1.553157439393688435e+02 1.723976550221608406e+01
1.554567863234341871e+02 1.721066925573374107e+01
1.555973774441841044e+02 1.718168223459634447e+01
1.557375175445126274e+02 1.715280428836930682e+01
1.558772068840320060e+02 1.712403526342786719e+01
1.560164457388454196e+02 1.709537500300269386e+01
1.561552344013213087e+02 1.706682334722525596e+01
1.562935731798690426e+02 1.703838013317290034e+01
1.564314623987162065e+02 1.701004519491367617e+01
1.565689023976873386e+02 1.698181836355087171e+01
1.567058935319843158e+02 1.695369946726728116e+01
1.568424361719681599e+02 1.692568833136919437e+01
1.569785307029425212e+02 1.689778477833008807e+01
1.571141775249386967e+02 1.686998862783406139e+01
1.572493770525021546e+02 1.684229969681895511e+01
1.573841297144808777e+02 1.681471779951919743e+01
1.575184359538151000e+02 1.678724274750836187e+01
1.576522962273286907e+02 1.675987434974142332e+01
1.577857110055223302e+02 1.673261241259671550e+01
1.579186807723681056e+02 1.670545673991761149e+01
1.580512060251059552e+02 1.667840713305388434e+01
1.581832872740415041e+02 1.665146339090278005e+01
1.583149250423458625e+02 1.662462530994978493e+01
1.584461198658568151e+02 1.659789268430909814e+01
1.585768722928818306e+02 1.657126530576378443e+01
1.587071828840026626e+02 1.654474296380563914e+01
1.588370522118816837e+02 1.651832544567474415e+01
1.589664808610698117e+02 1.649201253639870046e+01
1.590954694278162265e+02 1.646580401883157663e+01
1.592240185198796496e+02 1.643969967369253027e+01
1.593521287563413580e+02 1.641369927960413477e+01
1.594798007674199027e+02 1.638780261313037911e+01
1.596070351942874197e+02 1.636200944881437636e+01
1.597338326888877305e+02 1.633631955921574530e+01
1.598601939137560635e+02 1.631073271494768306e+01
1.599861195418404520e+02 1.628524868471374276e+01
1.601116102563248091e+02 1.625986723534427014e+01
1.602366667504537361e+02 1.623458813183255600e+01
1.603612897273589226e+02 1.620941113737065109e+01
1.604854798998872809e+02 1.618433601338489680e+01
1.606092379904306995e+02 1.615936251957111480e+01
1.607325647307574741e+02 1.613449041392950178e+01
1.608554608618454722e+02 1.610971945279920803e+01
1.609779271337168325e+02 1.608504939089259977e+01
1.610999643052743977e+02 1.606047998132921961e+01
1.612215731441398248e+02 1.603601097566942713e+01
1.613427544264932294e+02 1.601164212394771980e+01
1.614635089369145646e+02 1.598737317470576969e+01
1.615838374682265908e+02 1.596320387502512261e+01
1.617037408213394940e+02 1.593913397055960068e+01
1.618232198050970965e+02 1.591516320556739750e+01
1.619422752361246864e+02 1.589129132294285540e+01
1.620609079386785538e+02 1.586751806424794609e+01
1.621791187444969182e+02 1.584384316974343321e+01
1.622969084926526762e+02 1.582026637841973837e+01
1.624142780294075692e+02 1.579678742802749447e+01
1.625312282080680575e+02 1.577340605510779525e+01
1.626477598888426428e+02 1.575012199502214827e+01
1.627638739387008684e+02 1.572693498198211515e+01
1.628795712312337969e+02 1.570384474907865346e+01
1.629948526465160796e+02 1.568085102831116373e+01
1.631097190709695042e+02 1.565795355061622551e+01
1.632241713972282184e+02 1.563515204589604757e+01
1.633382105240052624e+02 1.561244624304660711e+01
1.634518373559608051e+02 1.558983586998550308e+01
1.635650528035717741e+02 1.556732065367950923e+01
1.636778577830030201e+02 1.554490032017183410e+01
1.637902532159799591e+02 1.552257459460909139e+01
1.639022400296627211e+02 1.550034320126797205e+01
1.640138191565216630e+02 1.547820586358163375e+01
1.641249915342145016e+02 1.545616230416579384e+01
1.642357581054647824e+02 1.543421224484454513e+01
1.643461198179417408e+02 1.541235540667587145e+01
1.644560776241417557e+02 1.539059150997689507e+01
1.645656324812710238e+02 1.536892027434882912e+01
1.646747853511298842e+02 1.534734141870165125e+01
1.647835371999982215e+02 1.532585466127849649e+01
1.648918889985225746e+02 1.530445971967977670e+01
1.649998417216044402e+02 1.528315631088701743e+01
1.651073963482899103e+02 1.526194415128641602e+01
1.652145538616608462e+02 1.524082295669213494e+01
1.653213152487272453e+02 1.521979244236931805e+01
1.654276815003209435e+02 1.519885232305683331e+01
1.655336536109907399e+02 1.517800231298974900e+01
1.656392325788987989e+02 1.515724212592154174e+01
1.657444194057183040e+02 1.513657147514604340e+01
1.658492150965323901e+02 1.511599007351911084e+01
1.659536206597344972e+02 1.509549763348004703e+01
1.660576371069298602e+02 1.507509386707275389e+01
1.661612654528383359e+02 1.505477848596662938e+01
1.662645067151983369e+02 1.503455120147720159e+01
1.663673619146722729e+02 1.501441172458651252e+01
1.664698320747529579e+02 1.499435976596324416e+01
1.665719182216713818e+02 1.497439503598259769e+01
1.666736213843055907e+02 1.495451724474591515e+01
1.667749425940908736e+02 1.493472610210005413e+01
1.668758828849310589e+02 1.491502131765651917e+01
1.669764432931110321e+02 1.489540260081034440e+01
1.670766248572103336e+02 1.487586966075873463e+01
1.671764286180180079e+02 1.485642220651945955e+01
1.672758556184485599e+02 1.483705994694901698e+01
1.673749069034589922e+02 1.481778259076055093e+01
1.674735835199670646e+02 1.479858984654153531e+01
1.675718865167705474e+02 1.477948142277122123e+01
1.676698169444676694e+02 1.476045702783785707e+01
1.677673758553786456e+02 1.474151637005567217e+01
1.678645643034681996e+02 1.472265915768163147e+01
1.679613833442692510e+02 1.470388509893196627e+01
1.680578340348075983e+02 1.468519390199847940e+01
1.681539174335276812e+02 1.466658527506462129e+01
1.682496346002193945e+02 1.464805892632135098e+01
1.683449865959458691e+02 1.462961456398277171e+01
1.684399744829723033e+02 1.461125189630155141e+01
1.685345993246958471e+02 1.459297063158412655e+01
1.686288621855763949e+02 1.457477047820569105e+01
1.687227641310684021e+02 1.455665114462496668e+01
1.688163062275537243e+02 1.453861233939877629e+01
1.689094895422753382e+02 1.452065377119639322e+01
1.690023151432720567e+02 1.450277514881369001e+01
1.690947840993142108e+02 1.448497618118708274e+01
1.691868974798402121e+02 1.446725657740726945e+01
1.692786563548941388e+02 1.444961604673276589e+01
1.693700617950640890e+02 1.443205429860324251e+01
1.694611148714216142e+02 1.441457104265266231e+01
1.695518166554618631e+02 1.439716598872222342e+01
1.696421682190447768e+02 1.437983884687310443e+01
1.697321706343370522e+02 1.436258932739901972e+01
1.698218249737550423e+02 1.434541714083857755e+01
1.699111323099084814e+02 1.432832199798746053e+01
1.700000937155450060e+02 1.431130360991040362e+01
1.700887102634956705e+02 1.429436168795299444e+01
1.701769830266210874e+02 1.427749594375329245e+01
1.702649130777585640e+02 1.426070608925325622e+01
1.703525014896699474e+02 1.424399183670999847e+01
1.704397493349903243e+02 1.422735289870685627e+01
1.705266576861774865e+02 1.421078898816428726e+01
1.706132276154621650e+02 1.419429981835058818e+01
1.706994601947990873e+02 1.417788510289244286e+01
1.707853564958188031e+02 1.416154455578529259e+01
1.708709175897802197e+02 1.414527789140354130e+01
1.709561445475238486e+02 1.412908482451059200e+01
1.710410384394259609e+02 1.411296507026870728e+01
1.711256003353533117e+02 1.409691834424871892e+01
1.712098313046186036e+02 1.408094436243955805e+01
1.712937324159368302e+02 1.406504284125763782e+01
1.713773047373820475e+02 1.404921349755606208e+01
1.714605493363451103e+02 1.403345604863369012e+01
1.715434672794919493e+02 1.401777021224402731e+01
1.716260596327225869e+02 1.400215570660397546e+01
1.717083274611307502e+02 1.398661225040241796e+01
1.717902718289643076e+02 1.397113956280865921e+01
1.718718937995861893e+02 1.395573736348071137e+01
1.719531944354360462e+02 1.394040537257343004e+01
1.720341747979925628e+02 1.392514331074650613e+01
1.721148359477363670e+02 1.390995089917231020e+01
1.721951789441135645e+02 1.389482785954358945e+01
1.722752048454999567e+02 1.387977391408102257e+01
1.723549147091657971e+02 1.386478878554064131e+01
1.724343095912411741e+02 1.384987219722109764e+01
1.725133905466819897e+02 1.383502387297080638e+01
1.725921586292365646e+02 1.382024353719494414e+01
1.726706148914127539e+02 1.380553091486231132e+01
1.727487603844457738e+02 1.379088573151206276e+01
1.728265961582663692e+02 1.377630771326031223e+01
1.729041232614697776e+02 1.376179658680659301e+01
1.729813427412851183e+02 1.374735207944019955e+01
1.730582556435453512e+02 1.373297391904639753e+01
1.731348630126578030e+02 1.371866183411250439e+01
1.732111658915752059e+02 1.370441555373385434e+01
1.732871653217672190e+02 1.369023480761962652e+01
1.733628623431926030e+02 1.367611932609856140e+01
1.734382579942717371e+02 1.366206884012455269e+01
1.735133533118598166e+02 1.364808308128211856e+01
1.735881493312203929e+02 1.363416178179175553e+01
1.736626470859994811e+02 1.362030467451517524e+01
1.737368476082002076e+02 1.360651149296043094e+01
1.738107519281578561e+02 1.359278197128692156e+01
1.738843610745154251e+02 1.357911584431028729e+01
1.739576760741996395e+02 1.356551284750719510e+01
1.740306979523974746e+02 1.355197271702001238e+01
1.741034277325330493e+02 1.353849518966137389e+01
1.741758664362450588e+02 1.352508000291863688e+01
1.742480150833646348e+02 1.351172689495823498e+01
1.743198746918935740e+02 1.349843560462992542e+01
1.743914462779830785e+02 1.348520587147093330e+01
1.744627308559129517e+02 1.347203743570998746e+01
1.745337294380710773e+02 1.345893003827126755e+01
1.746044430349334959e+02 1.344588342077823917e+01
1.746748726550447657e+02 1.343289732555739668e+01
1.747450193049987490e+02 1.341997149564191183e+01
1.748148839894198545e+02 1.340710567477517401e+01
1.748844677109446195e+02 1.339429960741425063e+01
1.749537714702037192e+02 1.338155303873324087e+01
1.750227962658043452e+02 1.336886571462654416e+01
1.750915430943129820e+02 1.335623738171203456e+01
1.751600129502384675e+02 1.334366778733414982e+01
1.752282068260156223e+02 1.333115667956688100e+01
1.752961257119890206e+02 1.331870380721668390e+01
1.753637705963972451e+02 1.330630891982529640e+01
1.754311424653575386e+02 1.329397176767247579e+01
1.754982423028506560e+02 1.328169210177865089e+01
1.755650710907061693e+02 1.326946967390748355e+01
1.756316298085881442e+02 1.325730423656835555e+01
1.756979194339810704e+02 1.324519554301877200e+01
1.757639409421761059e+02 1.323314334726668307e+01
1.758296953062578041e+02 1.322114740407272393e+01
1.758951834970909545e+02 1.320920746895238373e+01
1.759604064833079065e+02 1.319732329817808925e+01
1.760253652312961208e+02 1.318549464878121924e+01
1.760900607051860902e+02 1.317372127855403896e+01
1.761544938668394877e+02 1.316200294605156351e+01
1.762186656758376557e+02 1.315033941059334133e+01
1.762825770894704931e+02 1.313873043226517900e+01
1.763462290627253992e+02 1.312717577192077734e+01
1.764096225482767579e+02 1.311567519118331404e+01
1.764727584964755351e+02 1.310422845244694479e+01
1.765356378553392176e+02 1.309283531887824381e+01
1.765982615705420642e+02 1.308149555441756817e+01
1.766606305854055563e+02 1.307020892378037047e+01
1.767227458408891891e+02 1.305897519245842631e+01
1.767846082755814336e+02 1.304779412672101557e+01
1.768462188256910963e+02 1.303666549361602733e+01
1.769075784250388210e+02 1.302558906097101143e+01
1.769686880050488469e+02 1.301456459739415727e+01
1.770295484947411637e+02 1.300359187227522106e+01
1.770901608207236677e+02 1.299267065578639091e+01
1.771505259071848002e+02 1.298180071888308795e+01
1.772106446758862432e+02 1.297098183330471244e+01
1.772705180461560417e+02 1.296021377157533294e+01
1.773301469348816966e+02 1.294949630700431875e+01
1.773895322565037986e+02 1.293882921368691363e+01
1.774486749230095768e+02 1.292821226650475630e+01
1.775075758439269578e+02 1.291764524112634760e+01
1.775662359263185976e+02 1.290712791400745907e+01
1.776246560747763397e+02 1.289666006239149709e+01
1.776828371914156719e+02 1.288624146430980666e+01
1.777407801758706114e+02 1.287587189858193248e+01
1.777984859252886167e+02 1.286555114481581974e+01
1.778559553343258699e+02 1.285527898340797570e+01
1.779131892951425868e+02 1.284505519554357278e+01
1.779701886973986689e+02 1.283487956319650891e+01
1.780269544282494110e+02 1.282475186912942000e+01
1.780834873723415512e+02 1.281467189689364616e+01
1.781397884118094055e+02 1.280463943082914824e+01
1.781958584262712861e+02 1.279465425606438522e+01
1.782516982928259210e+02 1.278471615851613841e+01
1.783073088860492419e+02 1.277482492488930355e+01
1.783626910779913146e+02 1.276498034267662796e+01
1.784178457381733551e+02 1.275518220015841031e+01
1.784727737335850009e+02 1.274543028640216313e+01
1.785274759286816675e+02 1.273572439126222378e+01
1.785819531853822184e+02 1.272606430537933520e+01
1.786362063630666626e+02 1.271644982018018233e+01
1.786902363185740796e+02 1.270688072787688405e+01
1.787440439062006305e+02 1.269735682146645850e+01
1.787976299776978806e+02 1.268787789473024041e+01
1.788509953822711225e+02 1.267844374223326653e+01
1.789041409665778701e+02 1.266905415932361834e+01
1.789570675747266648e+02 1.265970894213173814e+01
1.790097760482757678e+02 1.265040788756970080e+01
1.790622672262322226e+02 1.264115079333045522e+01
1.791145419450509451e+02 1.263193745788702849e+01
1.791666010386339565e+02 1.262276768049170173e+01
1.792184453383298717e+02 1.261364126117514850e+01
1.792700756729333591e+02 1.260455800074553778e+01
1.793214928686847713e+02 1.259551770078761379e+01
1.793726977492700883e+02 1.258652016366173498e+01
1.794236911358206896e+02 1.257756519250288818e+01
1.794744738469135257e+02 1.256865259121967249e+01
1.795250466985712308e+02 1.255978216449324947e+01
1.795754105042624929e+02 1.255095371777626312e+01
1.796255660749024514e+02 1.254216705729173853e+01
1.796755142188532659e+02 1.253342199003194679e+01
1.797252557419247125e+02 1.252471832375723970e+01
1.797747914473750939e+02 1.251605586699486850e+01
1.798241221359120345e+02 1.250743442903775815e+01
1.798732486056935045e+02 1.249885381994327105e+01
1.799221716523290127e+02 1.249031385053194043e+01
1.799708920688807439e+02 1.248181433238617366e+01
1.800194106458649514e+02 1.247335507784893593e+01
1.800677281712533500e+02 1.246493590002240914e+01
1.801158454304747352e+02 1.245655661276662407e+01
1.801637632064165757e+02 1.244821703069807128e+01
1.802114822794267184e+02 1.243991696918829071e+01
1.802590034273153208e+02 1.243165624436243455e+01
1.803063274253567272e+02 1.242343467309781069e+01
1.803534550462915149e+02 1.241525207302240652e+01
1.804003870603286259e+02 1.240710826251338794e+01
1.804471242351476121e+02 1.239900306069557701e+01
1.804936673359008523e+02 1.239093628743991360e+01
1.805400171252160533e+02 1.238290776336189580e+01
1.805861743631986940e+02 1.237491730981999716e+01
1.806321398074345268e+02 1.236696474891406794e+01
1.806779142129923628e+02 1.235904990348371868e+01
1.807234983324266580e+02 1.235117259710668414e+01
1.807688929157804125e+02 1.234333265409716596e+01
1.808140987105880981e+02 1.233552989950416467e+01
1.808591164618785001e+02 1.232776415910979040e+01
1.809039469121779007e+02 1.232003525942755395e+01
1.809485908015131201e+02 1.231234302770065092e+01
1.809930488674147284e+02 1.230468729190021726e+01
1.810373218449203137e+02 1.229706788072358137e+01
1.810814104665778359e+02 1.228948462359248950e+01
1.811253154624490378e+02 1.228193735065132763e+01
1.811690375601128835e+02 1.227442589276532026e+01
1.812125774846691684e+02 1.226695008151871491e+01
1.812559359587420431e+02 1.225950974921296144e+01
1.812991137024837656e+02 1.225210472886486635e+01
1.813421114335783955e+02 1.224473485420474361e+01
1.813849298672456030e+02 1.223739995967454419e+01
1.814275697162445340e+02 1.223009988042598017e+01
1.814700316908777324e+02 1.222283445231862942e+01
1.815123164989951476e+02 1.221560351191803839e+01
1.815544248459980849e+02 1.220840689649380373e+01
1.815963574348433838e+02 1.220124444401764130e+01
1.816381149660475671e+02 1.219411599316145889e+01
1.816796981376909628e+02 1.218702138329539864e+01
1.817211076454220233e+02 1.217996045448588305e+01
1.817623441824616464e+02 1.217293304749364502e+01
1.818034084396074945e+02 1.216593900377174897e+01
1.818443011052384293e+02 1.215897816546360133e+01
1.818850228653189163e+02 1.215205037540095567e+01
1.819255744034036297e+02 1.214515547710190546e+01
1.819659564006419146e+02 1.213829331476886253e+01
1.820061695357824476e+02 1.213146373328654093e+01
1.820462144851778135e+02 1.212466657821991944e+01
1.820860919227892225e+02 1.211790169581220411e+01
1.821258025201912858e+02 1.211116893298277652e+01
1.821653469465767614e+02 1.210446813732514038e+01
1.822047258687613009e+02 1.209779915710485909e+01
1.822439399511883948e+02 1.209116184125748283e+01
1.822829898559342325e+02 1.208455603938647549e+01
1.823218762427125910e+02 1.207798160176112745e+01
1.823605997688798936e+02 1.207143837931447017e+01
1.823991610894401560e+02 1.206492622364117473e+01
1.824375608570500162e+02 1.205844498699545753e+01
1.824757997220238792e+02 1.205199452228896639e+01
1.825138783323389191e+02 1.204557468308867207e+01
1.825517973336403657e+02 1.203918532361474725e+01
1.825895573692465632e+02 1.203282629873844733e+01
1.826271590801542288e+02 1.202649746397998065e+01
1.826646031050436818e+02 1.202019867550637677e+01
1.827018900802841586e+02 1.201392979012934958e+01
1.827390206399390422e+02 1.200769066530315854e+01
1.827759954157712343e+02 1.200148115912246105e+01
1.828128150372485266e+02 1.199530113032016843e+01
1.828494801315489440e+02 1.198915043826529114e+01
1.828859913235662020e+02 1.198302894296078414e+01
1.829223492359151066e+02 1.197693650504138674e+01
1.829585544889370397e+02 1.197087298577146619e+01
1.829946077007054726e+02 1.196483824704285048e+01
1.830305094870314235e+02 1.195883215137265942e+01
1.830662604614689997e+02 1.195285456190113926e+01
1.831018612353210244e+02 1.194690534238949020e+01
1.831373124176445231e+02 1.194098435721769214e+01
1.831726146152564354e+02 1.193509147138233040e+01
1.832077684327391012e+02 1.192922655049441438e+01
1.832427744724460297e+02 1.192338946077720685e+01
1.832776333345075273e+02 1.191758006906403367e+01
1.833123456168363248e+02 1.191179824279611132e+01
1.833469119151333189e+02 1.190604385002035848e+01
1.833813328228933131e+02 1.190031675938721278e+01
1.834156089314107305e+02 1.189461684014844955e+01
1.834497408297853269e+02 1.188894396215499505e+01
1.834837291049280452e+02 1.188329799585473978e+01
1.835175743415667569e+02 1.187767881229035183e+01
1.835512771222520314e+02 1.187208628309709368e+01
1.835848380273629630e+02 1.186652028050063556e+01
1.836182576351130535e+02 1.186098067731486339e+01
1.836515365215559825e+02 1.185546734693970095e+01
1.836846752605915185e+02 1.184998016335891791e+01
1.837176744239713457e+02 1.184451900113794842e+01
1.837505345813049757e+02 1.183908373542170089e+01
1.837832563000655739e+02 1.183367424193238193e+01
1.838158401455959563e+02 1.182829039696730433e+01
1.838482866811144447e+02 1.182293207739671281e+01
1.838805964677207783e+02 1.181759916066159555e+01
1.839127700644021104e+02 1.181229152477150990e+01
1.839448080280388638e+02 1.180700904830239928e+01
1.839767109134107557e+02 1.180175161039441711e+01
1.840084792732027097e+02 1.179651909074975258e+01
1.840401136580108243e+02 1.179131136963045634e+01
1.840716146163483984e+02 1.178612832785626630e+01
1.841029826946518426e+02 1.178096984680243509e+01
1.841342184372867337e+02 1.177583580839756827e+01
1.841653223865537825e+02 1.177072609512145007e+01
1.841962950826948031e+02 1.176564059000288331e+01
1.842271370638987378e+02 1.176057917661752761e+01
1.842578488663077110e+02 1.175554173908573752e+01
1.842884310240229979e+02 1.175052816207040429e+01
1.843188840691110499e+02 1.174553833077480647e+01
1.843492085316095199e+02 1.174057213094044982e+01
1.843794049395333445e+02 1.173562944884492509e+01
1.844094738188806843e+02 1.173071017129975679e+01
1.844394156936390345e+02 1.172581418564826272e+01
1.844692310857912219e+02 1.172094137976341166e+01
1.844989205153214584e+02 1.171609164204568465e+01
1.845284845002213672e+02 1.171126486142094336e+01
1.845579235564960356e+02 1.170646092733829668e+01
1.845872381981700983e+02 1.170167972976797444e+01
1.846164289372937333e+02 1.169692115919920106e+01
1.846454962839486882e+02 1.169218510663807820e+01
1.846744407462543904e+02 1.168747146360546196e+01
1.847032628303739727e+02 1.168278012213485439e+01
1.847319630405203270e+02 1.167811097477028959e+01
1.847605418789620728e+02 1.167346391456423049e+01
1.847889998460297249e+02 1.166883883507546571e+01
1.848173374401216620e+02 1.166423563036700983e+01
1.848455551577101801e+02 1.165965419500400735e+01
1.848736534933475468e+02 1.165509442405164897e+01
1.849016329396720266e+02 1.165055621307307554e+01
1.849294939874139345e+02 1.164603945812730501e+01
1.849572371254016616e+02 1.164154405576714701e+01
1.849848628405677289e+02 1.163706990303713695e+01
1.850123716179547557e+02 1.163261689747145944e+01
1.850397639407215422e+02 1.162818493709188594e+01
1.850670402901490661e+02 1.162377392040571777e+01
1.850942011456465366e+02 1.161938374640372373e+01
1.851212469847573914e+02 1.161501431455809552e+01
1.851481782831652652e+02 1.161066552482039782e+01
1.851749955147000719e+02 1.160633727761952549e+01
1.852016991513439450e+02 1.160202947385966610e+01
1.852282896632372626e+02 1.159774201491827128e+01
1.852547675186846163e+02 1.159347480264402463e+01
1.852811331841608649e+02 1.158922773935482375e+01
1.853073871243170458e+02 1.158500072783575519e+01
1.853335298019863444e+02 1.158079367133708892e+01
1.853595616781901469e+02 1.157660647357226757e+01
1.853854832121439244e+02 1.157243903871590263e+01
1.854112948612632294e+02 1.156829127140177782e+01
1.854369970811696078e+02 1.156416307672085786e+01
1.854625903256966239e+02 1.156005436021930066e+01
1.854880750468957160e+02 1.155596502789647140e+01
1.855134516950421926e+02 1.155189498620296895e+01
1.855387207186410876e+02 1.154784414203865772e+01
1.855638825644331291e+02 1.154381240275069409e+01
1.855889376774006223e+02 1.153979967613157243e+01
1.856138865007734182e+02 1.153580587041716221e+01
1.856387294760346833e+02 1.153183089428476649e+01
1.856634670429268965e+02 1.152787465685117141e+01
1.856880996394577039e+02 1.152393706767070647e+01
1.857126277019057170e+02 1.152001803673331892e+01
1.857370516648264811e+02 1.151611747446263578e+01
1.857613719610582450e+02 1.151223529171404536e+01
1.857855890217278443e+02 1.150837139977278589e+01
1.858097032762565277e+02 1.150452571035202531e+01
1.858337151523657838e+02 1.150069813559096055e+01
1.858576250760831385e+02 1.149688858805292035e+01
1.858814334717480392e+02 1.149309698072346464e+01
1.859051407620175382e+02 1.148932322700850328e+01
1.859287473678721483e+02 1.148556724073240609e+01
1.859522537086216403e+02 1.148182893613613409e+01
1.859756602019107561e+02 1.147810822787536367e+01
1.859989672637250067e+02 1.147440503101861964e+01
1.860221753083964131e+02 1.147071926104542250e+01
1.860452847486092480e+02 1.146705083384443036e+01
1.860682959954057196e+02 1.146339966571159330e+01
1.860912094581917700e+02 1.145976567334830776e+01
1.861140255447427592e+02 1.145614877385958863e+01
1.861367446612090930e+02 1.145254888475223431e+01
1.861593672121219640e+02 1.144896592393300061e+01
1.861818936003990643e+02 1.144539980970679061e+01
1.862043242273501846e+02 1.144185046077483747e+01
1.862266594926829271e+02 1.143831779623289968e+01
1.862488997945082474e+02 1.143480173556945978e+01
1.862710455293462246e+02 1.143130219866393560e+01
1.862930970921315463e+02 1.142781910578488791e+01
1.863150548762192216e+02 1.142435237758824051e+01
1.863369192733901230e+02 1.142090193511550567e+01
1.863586906738565574e+02 1.141746769979201304e+01
1.863803694662679220e+02 1.141404959342514580e+01
1.864019560377161611e+02 1.141064753820258737e+01
1.864234507737413651e+02 1.140726145669056457e+01
1.864448540583373415e+02 1.140389127183210860e+01
1.864661662739571000e+02 1.140053690694531063e+01
1.864873878015183664e+02 1.139719828572159344e+01
1.865085190204090679e+02 1.139387533222398119e+01
1.865295603084928757e+02 1.139056797088538353e+01
1.865505120421146614e+02 1.138727612650687426e+01
1.865713745961058976e+02 1.138399972425599138e+01
1.865921483437902282e+02 1.138073868966502822e+01
1.866128336569888120e+02 1.137749294862934235e+01
1.866334309060258079e+02 1.137426242740566451e+01
1.866539404597337466e+02 1.137104705261041104e+01
1.866743626854589309e+02 1.136784675121801413e+01
1.866946979490668639e+02 1.136466145055924493e+01
1.867149466149476211e+02 1.136149107831955085e+01
1.867351090460211651e+02 1.135833556253739651e+01
1.867551856037427456e+02 1.135519483160261167e+01
1.867751766481082143e+02 1.135206881425474101e+01
1.867950825376593684e+02 1.134895743958140990e+01
1.868149036294892369e+02 1.134586063701668834e+01
1.868346402792473953e+02 1.134277833633945853e+01
1.868542928411452237e+02 1.133971046767180013e+01
1.868738616679612221e+02 1.133665696147737201e+01
1.868933471110462108e+02 1.133361774855979931e+01
1.869127495203286742e+02 1.133059276006107652e+01
1.869320692443198766e+02 1.132758192745996517e+01
1.869513066301191202e+02 1.132458518257040758e+01
1.869704620234190315e+02 1.132160245753993877e+01
1.869895357685106205e+02 1.131863368484810906e+01
1.870085282082885385e+02 1.131567879730491377e+01
1.870274396842562226e+02 1.131273772804922473e+01
1.870462705365310399e+02 1.130981041054723057e+01
1.870650211038494604e+02 1.130689677859088427e+01
1.870836917235721444e+02 1.130399676629635408e+01
1.871022827316890584e+02 1.130111030810248174e+01
1.871207944628245343e+02 1.129823733876924940e+01
1.871392272502424419e+02 1.129537779337624848e+01
1.871575814258511912e+02 1.129253160732115724e+01
1.871758573202087916e+02 1.128969871631822208e+01
1.871940552625278826e+02 1.128687905639674760e+01
1.872121755806808210e+02 1.128407256389959556e+01
1.872302186012046263e+02 1.128127917548168035e+01
1.872481846493060402e+02 1.127849882810847859e+01
1.872660740488664146e+02 1.127573145905454410e+01
1.872838871224467994e+02 1.127297700590202467e+01
1.873016241912928308e+02 1.127023540653919120e+01
1.873192855753396771e+02 1.126750659915896691e+01
1.873368715932169835e+02 1.126479052225746358e+01
1.873543825622537895e+02 1.126208711463252854e+01
1.873718187984834174e+02 1.125939631538229158e+01
1.873891806166483889e+02 1.125671806390372609e+01
1.874064683302052288e+02 1.125405229989120137e+01
1.874236822513294385e+02 1.125139896333505973e+01
1.874408226909202142e+02 1.124875799452018654e+01
1.874578899586053353e+02 1.124612933402458737e+01
1.874748843627460246e+02 1.124351292271797931e+01
1.874918062104416663e+02 1.124090870176037704e+01
1.875086558075346659e+02 1.123831661260069303e+01
1.875254334586151685e+02 1.123573659697534133e+01
1.875421394670258621e+02 1.123316859690684844e+01
1.875587741348666952e+02 1.123061255470246422e+01
1.875753377629996237e+02 1.122806841295278701e+01
1.875918306510533284e+02 1.122553611453038869e+01
1.876082530974279052e+02 1.122301560258845043e+01
1.876246053992995826e+02 1.122050682055939674e+01
1.876408878526253261e+02 1.121800971215354537e+01
1.876571007521476133e+02 1.121552422135775551e+01
1.876732443913989812e+02 1.121305029243408491e+01
1.876893190627066872e+02 1.121058786991844869e+01
1.877053250571973422e+02 1.120813689861929241e+01
1.877212626648015430e+02 1.120569732361626158e+01
1.877371321742583632e+02 1.120326909025888540e+01
1.877529338731200426e+02 1.120085214416525687e+01
1.877686680477564778e+02 1.119844643122072902e+01
1.877843349833597699e+02 1.119605189757660924e+01
1.877999349639488287e+02 1.119366848964885897e+01
1.878154682723738063e+02 1.119129615411680767e+01
1.878309351903206448e+02 1.118893483792186139e+01
1.878463359983155669e+02 1.118658448826622731e+01
1.878616709757295098e+02 1.118424505261163127e+01
1.878769404007826722e+02 1.118191647867805827e+01
1.878921445505488634e+02 1.117959871444248243e+01
1.879072837009600505e+02 1.117729170813760931e+01
1.879223581268106500e+02 1.117499540825062532e+01
1.879373681017620186e+02 1.117270976352195078e+01
1.879523138983468584e+02 1.117043472294399820e+01
1.879671957879735373e+02 1.116817023575993773e+01
1.879820140409304656e+02 1.116591625146246436e+01
1.879967689263904731e+02 1.116367271979257403e+01
1.880114607124151291e+02 1.116143959073834857e+01
1.880260896659590912e+02 1.115921681453373537e+01
1.880406560528743114e+02 1.115700434165734478e+01
1.880551601379144699e+02 1.115480212283124573e+01
1.880696021847391819e+02 1.115261010901976668e+01
1.880839824559182603e+02 1.115042825142830551e+01
1.880983012129359793e+02 1.114825650150214109e+01
1.881125587161952808e+02 1.114609481092525556e+01
1.881267552250220945e+02 1.114394313161915662e+01
1.881408909976694304e+02 1.114180141574170690e+01
1.881549662913216139e+02 1.113966961568595870e+01
1.881689813620985205e+02 1.113754768407899576e+01
1.881829364650596972e+02 1.113543557378077686e+01
1.881968318542085115e+02 1.113333323788299012e+01
1.882106677824963015e+02 1.113124062970790540e+01
1.882244445018264969e+02 1.112915770280723748e+01
1.882381622630587685e+02 1.112708441096101275e+01
1.882518213160130642e+02 1.112502070817643940e+01
1.882654219094737584e+02 1.112296654868679013e+01
1.882789642911936596e+02 1.112092188695027595e+01
1.882924487078981599e+02 1.111888667764893945e+01
1.883058754052891572e+02 1.111686087568754822e+01
1.883192446280491765e+02 1.111484443619248630e+01
1.883325566198453487e+02 1.111283731451066359e+01
1.883458116233334465e+02 1.111083946620842156e+01
1.883590098801618637e+02 1.110885084707044435e+01
1.883721516309755373e+02 1.110687141309867876e+01
1.883852371154199830e+02 1.110490112051125955e+01
1.883982665721452179e+02 1.110293992574143296e+01
1.884112402388096541e+02 1.110098778543649267e+01
1.884241583520841061e+02 1.109904465645671756e+01
1.884370211476556278e+02 1.109711049587431475e+01
1.884498288602314062e+02 1.109518526097236801e+01
1.884625817235427121e+02 1.109326890924379150e+01
1.884752799703487085e+02 1.109136139839028523e+01
1.884879238324403161e+02 1.108946268632130305e+01
1.885005135406440502e+02 1.108757273115301345e+01
1.885130493248258858e+02 1.108569149120727637e+01
1.885255314138950098e+02 1.108381892501062183e+01
1.885379600358076573e+02 1.108195499129323025e+01
1.885503354175709205e+02 1.108009964898791999e+01
1.885626577852465005e+02 1.107825285722914010e+01
1.885749273639544583e+02 1.107641457535196672e+01
1.885871443778769674e+02 1.107458476289110116e+01
1.885993090502620646e+02 1.107276337957988410e+01
1.886114216034273738e+02 1.107095038534929898e+01
1.886234822587638007e+02 1.106914574032699150e+01
1.886354912367391989e+02 1.106734940483628904e+01
1.886474487569021505e+02 1.106556133939522546e+01
1.886593550378855184e+02 1.106378150471557298e+01
1.886712102974101697e+02 1.106200986170187406e+01
1.886830147522886421e+02 1.106024637145048217e+01
1.886947686184286681e+02 1.105849099524860435e+01
1.887064721108369554e+02 1.105674369457334727e+01
1.887181254436226254e+02 1.105500443109077580e+01
1.887297288300009086e+02 1.105327316665496618e+01
1.887412824822966968e+02 1.105154986330706812e+01
1.887527866119481246e+02 1.104983448327437223e+01
1.887642414295100934e+02 1.104812698896937917e+01
1.887756471446578246e+02 1.104642734298887952e+01
1.887870039661903832e+02 1.104473550811302829e+01
1.887983121020342310e+02 1.104305144730443189e+01
1.888095717592466656e+02 1.104137512370723684e+01
1.888207831440193729e+02 1.103970650064622383e+01
1.888319464616818664e+02 1.103804554162590001e+01
1.888430619167049827e+02 1.103639221032960904e+01
1.888541297127042924e+02 1.103474647061863045e+01
1.888651500524435392e+02 1.103310828653129327e+01
1.888761231378381638e+02 1.103147762228209139e+01
1.888870491699585727e+02 1.102985444226080070e+01
1.888979283490336627e+02 1.102823871103160691e+01
1.889087608744541456e+02 1.102663039333222628e+01
1.889195469447759592e+02 1.102502945407304580e+01
1.889302867577235929e+02 1.102343585833625283e+01
1.889409805101934978e+02 1.102184957137497712e+01
1.889516283982573839e+02 1.102027055861243987e+01
1.889622306171655737e+02 1.101869878564109584e+01
1.889727873613502993e+02 1.101713421822179306e+01
1.889832988244289993e+02 1.101557682228292379e+01
1.889937651992076724e+02 1.101402656391959134e+01
1.890041866776840607e+02 1.101248340939276993e+01
1.890145634510510320e+02 1.101094732512848040e+01
1.890248957096997344e+02 1.100941827771695891e+01
1.890351836432228936e+02 1.100789623391183625e+01
1.890454274404180239e+02 1.100638116062931893e+01
1.890556272892906975e+02 1.100487302494737740e+01
1.890657833770576701e+02 1.100337179410493249e+01
1.890758958901501501e+02 1.100187743550105246e+01
1.890859650142169244e+02 1.100038991669414656e+01
1.890959909341275988e+02 1.099890920540116923e+01
1.891059738339756962e+02 1.099743526949682781e+01
1.891159138970818674e+02 1.099596807701278678e+01
1.891258113059969617e+02 1.099450759613688433e+01
1.891356662425051809e+02 1.099305379521235260e+01
1.891454788876272346e+02 1.099160664273703247e+01
1.891552494216233811e+02 1.099016610736260269e+01
1.891649780239965537e+02 1.098873215789380708e+01
1.891746648734954590e+02 1.098730476328769079e+01
1.891843101481175324e+02 1.098588389265283105e+01
1.891939140251121785e+02 1.098446951524858051e+01
1.892034766809836697e+02 1.098306160048431401e+01
1.892129982914942161e+02 1.098166011791867192e+01
1.892224790316670351e+02 1.098026503725881398e+01
1.892319190757893068e+02 1.097887632835967153e+01
1.892413185974151872e+02 1.097749396122321386e+01
1.892506777693688207e+02 1.097611790599770032e+01
1.892599967637472957e+02 1.097474813297695739e+01
1.892692757519236011e+02 1.097338461259964149e+01
1.892785149045496098e+02 1.097202731544851240e+01
1.892877143915590352e+02 1.097067621224971745e+01
1.892968743821702731e+02 1.096933127387206497e+01
1.893059950448894142e+02 1.096799247132631372e+01
1.893150765475131720e+02 1.096665977576445705e+01
1.893241190571316679e+02 1.096533315847901591e+01
1.893331227401314152e+02 1.096401259090233538e+01
1.893420877621981617e+02 1.096269804460588126e+01
1.893510142883197602e+02 1.096138949129954554e+01
1.893599024827890673e+02 1.096008690283094822e+01
1.893687525092067006e+02 1.095879025118474637e+01
1.893775645304839372e+02 1.095749950848195198e+01
1.893863387088455283e+02 1.095621464697924097e+01
1.893950752058324838e+02 1.095493563906827994e+01
1.894037741823048862e+02 1.095366245727504229e+01
1.894124357984447045e+02 1.095239507425913672e+01
1.894210602137585511e+02 1.095113346281314115e+01
1.894296475870804670e+02 1.094987759586192944e+01
1.894381980765746505e+02 1.094862744646201058e+01
1.894467118397382421e+02 1.094738298780086971e+01
1.894551890334040536e+02 1.094614419319630905e+01
1.894636298137432675e+02 1.094491103609579774e+01
1.894720343362681660e+02 1.094368349007581465e+01
1.894804027558348594e+02 1.094246152884120704e+01
1.894887352266459857e+02 1.094124512622454759e+01
1.894970319022533261e+02 1.094003425618548775e+01
1.895052929355605897e+02 1.093882889281012716e+01
1.895135184788259721e+02 1.093762901031037416e+01
1.895217086836648832e+02 1.093643458302331872e+01
1.895298637010525908e+02 1.093524558541060188e+01
1.895379836813267787e+02 1.093406199205779394e+01
1.895460687741902461e+02 1.093288377767377106e+01
1.895541191287134950e+02 1.093171091709009524e+01
1.895621348933373440e+02 1.093054338526040503e+01
1.895701162158754869e+02 1.092938115725979564e+01
1.895780632435171640e+02 1.092822420828421848e+01
1.895859761228296065e+02 1.092707251364986831e+01
1.895938549997607083e+02 1.092592604879258289e+01
1.896017000196415552e+02 1.092478478926724605e+01
1.896095113271888977e+02 1.092364871074718380e+01
1.896172890665077659e+02 1.092251778902357984e+01
1.896250333810939992e+02 1.092139200000487698e+01
1.896327444138366900e+02 1.092027131971619269e+01
1.896404223070207422e+02 1.091915572429873649e+01
1.896480672023293437e+02 1.091804519000922369e+01
1.896556792408464673e+02 1.091693969321930169e+01
1.896632585630593439e+02 1.091583921041496907e+01
1.896708053088609063e+02 1.091474371819600364e+01
1.896783196175522335e+02 1.091365319327539751e+01
1.896858016278450805e+02 1.091256761247878337e+01
1.896932514778642371e+02 1.091148695274387315e+01
1.897006693051499440e+02 1.091041119111989666e+01
1.897080552466603649e+02 1.090934030476704208e+01
1.897154094387739747e+02 1.090827427095590352e+01
1.897227320172919747e+02 1.090721306706692317e+01
1.897300231174406235e+02 1.090615667058984428e+01
1.897372828738736530e+02 1.090510505912316219e+01
1.897445114206746837e+02 1.090405821037358258e+01
1.897517088913594989e+02 1.090301610215547790e+01
1.897588754188784606e+02 1.090197871239034733e+01
1.897660111356188679e+02 1.090094601910628214e+01
1.897731161734072032e+02 1.089991800043743275e+01
1.897801906635115188e+02 1.089889463462347585e+01
1.897872347366437680e+02 1.089787590000908679e+01
1.897942485229620502e+02 1.089686177504341735e+01
1.898012321520729984e+02 1.089585223827956995e+01
1.898081857530339391e+02 1.089484726837407713e+01
1.898151094543553086e+02 1.089384684408638471e+01
1.898220033840028123e+02 1.089285094427834011e+01
1.898288676693997559e+02 1.089185954791367550e+01
1.898357024374292905e+02 1.089087263405750150e+01
1.898425078144366012e+02 1.088989018187579916e+01
1.898492839262312089e+02 1.088891217063491546e+01
1.898560308980891307e+02 1.088793857970106238e+01
1.898627488547551536e+02 1.088696938853981599e+01
1.898694379204450229e+02 1.088600457671562260e+01
1.898760982188476305e+02 1.088504412389130138e+01
1.898827298731272037e+02 1.088408800982755409e+01
1.898893330059255220e+02 1.088313621438247836e+01
1.898959077393640484e+02 1.088218871751107741e+01
1.899024541950460900e+02 1.088124549926477869e+01
1.899089724940590145e+02 1.088030653979095064e+01
1.899154627569763250e+02 1.087937181933242314e+01
1.899219251038598202e+02 1.087844131822701321e+01
1.899283596542617829e+02 1.087751501690704892e+01
1.899347665272269978e+02 1.087659289589889688e+01
1.899411458412949401e+02 1.087567493582249334e+01
1.899474977145018499e+02 1.087476111739088047e+01
1.899538222643828647e+02 1.087385142140973393e+01
1.899601196079740362e+02 1.087294582877690985e+01
1.899663898618145197e+02 1.087204432048197944e+01
1.899726331419485064e+02 1.087114687760577070e+01
1.899788495639274117e+02 1.087025348131991720e+01
1.899850392428118369e+02 1.086936411288640159e+01
1.899912022931736999e+02 1.086847875365710792e+01
1.899973388290981973e+02 1.086759738507337048e+01
1.900034489641859068e+02 1.086671998866552791e+01
1.900095328115547204e+02 1.086584654605248446e+01
1.900155904838419474e+02 1.086497703894126232e+01
1.900216220932062754e+02 1.086411144912656646e+01
1.900276277513297316e+02 1.086324975849034402e+01
1.900336075694197859e+02 1.086239194900135452e+01
1.900395616582112268e+02 1.086153800271473457e+01
1.900454901279681508e+02 1.086068790177156629e+01
1.900513930884859803e+02 1.085984162839845091e+01
1.900572706490933967e+02 1.085899916490708428e+01
1.900631229186542441e+02 1.085816049369383229e+01
1.900689500055695476e+02 1.085732559723930812e+01
1.900747520177794172e+02 1.085649445810795299e+01
1.900805290627649242e+02 1.085566705894761874e+01
1.900862812475501187e+02 1.085484338248915748e+01
1.900920086787038485e+02 1.085402341154600236e+01
1.900977114623417208e+02 1.085320712901375906e+01
1.901033897041279772e+02 1.085239451786979892e+01
1.901090435092773987e+02 1.085158556117284867e+01
1.901146729825571526e+02 1.085078024206259073e+01
1.901202782282886972e+02 1.084997854375925641e+01
1.901258593503496570e+02 1.084918044956322802e+01
1.901314164521756140e+02 1.084838594285463742e+01
1.901369496367620116e+02 1.084759500709297519e+01
1.901424590066660301e+02 1.084680762581669100e+01
1.901479446640083495e+02 1.084602378264280631e+01
1.901534067104749965e+02 1.084524346126651828e+01
1.901588452473192206e+02 1.084446664546081607e+01
1.901642603753632557e+02 1.084369331907609180e+01
1.901696521950001397e+02 1.084292346603976043e+01
1.901750208061955050e+02 1.084215707035587251e+01
1.901803663084893401e+02 1.084139411610473758e+01
1.901856888009978945e+02 1.084063458744254227e+01
1.901909883824152985e+02 1.083987846860097726e+01
1.901962651510154103e+02 1.083912574388686245e+01
1.902015192046536356e+02 1.083837639768177219e+01
1.902067506407685471e+02 1.083763041444166397e+01
1.902119595563837606e+02 1.083688777869651432e+01
1.902171460481095835e+02 1.083614847504994749e+01
1.902223102121448335e+02 1.083541248817887137e+01
1.902274521442785158e+02 1.083467980283311682e+01
1.902325719398914998e+02 1.083395040383507357e+01
1.902376696939583383e+02 1.083322427607932958e+01
1.902427455010489155e+02 1.083250140453231936e+01
1.902477994553300960e+02 1.083178177423196153e+01
1.902528316505675150e+02 1.083106537028730898e+01
1.902578421801272270e+02 1.083035217787819704e+01
1.902628311369773257e+02 1.082964218225488828e+01
1.902677986136897346e+02 1.082893536873772966e+01
1.902727447024417415e+02 1.082823172271680434e+01
1.902776694950177614e+02 1.082753122965158354e+01
1.902825730828108988e+02 1.082683387507058725e+01
1.902874555568247104e+02 1.082613964457104316e+01
1.902923170076747112e+02 1.082544852381854206e+01
1.902971575255900802e+02 1.082476049854670386e+01
1.903019772004153083e+02 1.082407555455684012e+01
1.903067761216117333e+02 1.082339367771762184e+01
1.903115543782592169e+02 1.082271485396474375e+01
1.903163120590577648e+02 1.082203906930059567e+01
1.903210492523290327e+02 1.082136630979392855e+01
1.903257660460180034e+02 1.082069656157953297e+01
1.903304625276945501e+02 1.082002981085791049e+01
1.903351387845550278e+02 1.081936604389494683e+01
1.903397949034237797e+02 1.081870524702159209e+01
1.903444309707547859e+02 1.081804740663354103e+01
1.903490470726331978e+02 1.081739250919090800e+01
1.903536432947768731e+02 1.081674054121791784e+01
1.903582197225379105e+02 1.081609148930258080e+01
1.903627764409042697e+02 1.081544534009638525e+01
1.903673135345011929e+02 1.081480208031397972e+01
1.903718310875927955e+02 1.081416169673286376e+01
1.903763291840836018e+02 1.081352417619307893e+01
1.903808079075200226e+02 1.081288950559689965e+01
1.903852673410918896e+02 1.081225767190852594e+01
1.903897075676339625e+02 1.081162866215378138e+01
1.903941286696273778e+02 1.081100246341980586e+01
1.903985307292012124e+02 1.081037906285475536e+01
1.904029138281339044e+02 1.080975844766750349e+01
1.904072780478547884e+02 1.080914060512734132e+01
1.904116234694454874e+02 1.080852552256368071e+01
1.904159501736414768e+02 1.080791318736575413e+01
1.904202582408334763e+02 1.080730358698232862e+01
1.904245477510689284e+02 1.080669670892140566e+01
1.904288187840534476e+02 1.080609254074993508e+01
1.904330714191522702e+02 1.080549107009352205e+01
1.904373057353916465e+02 1.080489228463614104e+01
1.904415218114603192e+02 1.080429617211984805e+01
1.904457197257109726e+02 1.080370272034449464e+01
1.904498995561615402e+02 1.080311191716744545e+01
1.904540613804967393e+02 1.080252375050329405e+01
1.904582052760694069e+02 1.080193820832358576e+01
1.904623313199019492e+02 1.080135527865653344e+01
1.904664395886877060e+02 1.080077494958674222e+01
1.904705301587923145e+02 1.080019720925493409e+01
1.904746031062551594e+02 1.079962204585766727e+01
1.904786585067906799e+02 1.079904944764706798e+01
1.904826964357898191e+02 1.079847940293055686e+01
1.904867169683213319e+02 1.079791190007057544e+01
1.904907201791331488e+02 1.079734692748431968e+01
1.904947061426537971e+02 1.079678447364346816e+01
1.904986749329936515e+02 1.079622452707391744e+01
1.905026266239463553e+02 1.079566707635551737e+01
1.905065612889901274e+02 1.079511211012180461e+01
1.905104790012891272e+02 1.079455961705974332e+01
1.905143798336947043e+02 1.079400958590945692e+01
1.905182638587468205e+02 1.079346200546397583e+01
1.905221311486752995e+02 1.079291686456897281e+01
1.905259817754011920e+02 1.079237415212250895e+01
1.905298158105380253e+02 1.079183385707477782e+01
1.905336333253931116e+02 1.079129596842784444e+01
1.905374343909688832e+02 1.079076047523540005e+01
1.905412190779641719e+02 1.079022736660250459e+01
1.905449874567754875e+02 1.078969663168533621e+01
1.905487395974982405e+02 1.078916825969094440e+01
1.905524755699281343e+02 1.078864223987699766e+01
1.905561954435623022e+02 1.078811856155153848e+01
1.905598992876007003e+02 1.078759721407273808e+01
1.905635871709472724e+02 1.078707818684864961e+01
1.905672591622112009e+02 1.078656146933696647e+01
1.905709153297082707e+02 1.078604705104477901e+01
1.905745557414619498e+02 1.078553492152833293e+01
1.905781804652047242e+02 1.078502507039279301e+01
