8.000000000000000000e+01 4.000000000000000000e+01
7.966007037211268482e+01 3.979207445870941484e+01
7.932506243531581447e+01 3.958639424581038924e+01
7.899494909142481447e+01 3.938294407569831890e+01
7.866970292630658435e+01 3.918170845629377652e+01
7.834929621075109196e+01 3.898267169002189547e+01
7.803370090192365183e+01 3.878581787517514812e+01
7.772288864539306985e+01 3.859113090765469423e+01
7.741683077772960075e+01 3.839859448308445167e+01
7.711549832966480267e+01 3.820819209929103266e+01
7.681886202980453504e+01 3.801990705914177227e+01
7.652689230888458383e+01 3.783372247373202413e+01
7.623955930455737473e+01 3.764962126591211700e+01
7.595683286669689949e+01 3.746758617414345593e+01
7.567868256320767273e+01 3.728759975667246351e+01
7.540507768632279806e+01 3.710964439601038833e+01
7.513598725937465872e+01 3.693370230370621243e+01
7.487138004402117986e+01 3.675975552539939173e+01
7.461122454790950087e+01 3.658778594613848156e+01
7.435548903275804378e+01 3.641777529595135121e+01
7.410414152283732392e+01 3.624970515565207307e+01
7.385714981382896838e+01 3.608355696286941594e+01
7.361448148204206632e+01 3.591931201828136011e+01
7.337610389396517974e+01 3.575695149203998113e+01
7.314198421613207302e+01 3.559645643037075047e+01
7.291208942527879344e+01 3.543780776233027296e+01
7.268638631876952161e+01 3.528098630670636737e+01
7.246484152526825540e+01 3.512597277904444582e+01
7.224742151563344805e+01 3.497274779878418371e+01
7.203409261401255037e+01 3.482129189649057821e+01
7.182482100911347800e+01 3.467158552116370629e+01
7.161957276563016705e+01 3.452360904761169991e+01
7.141831383579943804e+01 3.437734278387170406e+01
7.122101007106674331e+01 3.423276697866387508e+01
7.102762723383854393e+01 3.408986182886393124e+01
7.083813100929967277e+01 3.394860748698001629e+01
7.065248701727404068e+01 3.380898406862020522e+01
7.047066082410790955e+01 3.367097165993731522e+01
7.029261795455528272e+01 3.353455032503824640e+01
7.011832390364554612e+01 3.339970011334554556e+01
6.994774414851404742e+01 3.326640106689946919e+01
6.978084416017711078e+01 3.313463322758929763e+01
6.961758941523341093e+01 3.300437664430329221e+01
6.945794540747459678e+01 3.287561137998714855e+01
6.930187765938846667e+01 3.274831751860155293e+01
6.914935173353913456e+01 3.262247517196988156e+01
6.900033324380898136e+01 3.249806448650772239e+01
6.885478786648826599e+01 3.237506564982655988e+01
6.871268135119892406e+01 3.225345889720445314e+01
6.857397953163990678e+01 3.213322451791717072e+01
6.843864833614217957e+01 3.201434286142384167e+01
6.830665379802232451e+01 3.189679434340172648e+01
6.817796206572454309e+01 3.178055945162524765e+01
6.805253941274146712e+01 3.166561875168507356e+01
6.793035224730519417e+01 3.155195289254341873e+01
6.781136712184056137e+01 3.143954261192241617e+01
6.769555074217350921e+01 3.132836874152277318e+01
6.758286997648812644e+01 3.121841221207053252e+01
6.747329186402666323e+01 3.110965405819013085e+01
6.736678362352745353e+01 3.100207542310244690e+01
6.726331266139665388e+01 3.089565756314698319e+01
6.716284657960991922e+01 3.079038185212766265e+01
6.706535318334117335e+01 3.068622978548217262e+01
6.697080048831610100e+01 3.058318298427515813e+01
6.687915672788857080e+01 3.048122319901587574e+01
6.679039035983875294e+01 3.038033231330128103e+01
6.670447007289241981e+01 3.028049234728582562e+01
6.662136479296114544e+01 3.018168546097951577e+01
6.654104368910394385e+01 3.008389395737608041e+01
6.646347617921101403e+01 2.998710028541329464e+01
6.638863193541112651e+01 2.989128704276780724e+01
6.631648088920411510e+01 2.979643697848695538e+01
6.624699323632074766e+01 2.970253299546030235e+01
6.618013944131241999e+01 2.960955815273375791e+01
6.611589024187350105e+01 2.951749566766934763e+01
6.605421665289939881e+01 2.942632891795380701e+01
6.599508997028389956e+01 2.933604144345928333e+01
6.593848177445946135e+01 2.924661694795960543e+01
6.588436393368432675e+01 2.915803930070558891e+01
6.583270860708078942e+01 2.907029253786299350e+01
6.578348824742893441e+01 2.898336086381677035e+01
6.573667560372039986e+01 2.889722865234533700e+01
6.569224372347699159e+01 2.881188044766859946e+01
6.565016595483896822e+01 2.872730096537353006e+01
6.561041594842804159e+01 2.864347509322111307e+01
6.557296765899023683e+01 2.856038789183842397e+01
6.553779534682378483e+01 2.847802459529973262e+01
6.550487357899741880e+01 2.839637061160036424e+01
6.547417723036437565e+01 2.831541152302716569e+01
6.544568148437748789e+01 2.823513308642930753e+01
6.541936183371086599e+01 2.815552123339319124e+01
6.539519408069362782e+01 2.807656207032513507e+01
6.537315433756106131e+01 2.799824187844551560e+01
6.535321902652881931e+01 2.792054711369796394e+01
6.533536487969541895e+01 2.784346440657719413e+01
6.531956893877865866e+01 2.776698056187894181e+01
6.530580855469123946e+01 2.769108255837547361e+01
6.529406138696093365e+01 2.761575754842002794e+01
6.528430540300068685e+01 2.754099285748351278e+01
6.527651887723381208e+01 2.746677598362667538e+01
6.527068039007947675e+01 2.739309459691095938e+01
6.526676882680372671e+01 2.731993653875107242e+01
6.526476337624083612e+01 2.724728982121235532e+01
6.526464352939019875e+01 2.717514262625583754e+01
6.526638907789346433e+01 2.710348330493386371e+01
6.526998011239680864e+01 2.703230037653908724e+01
6.527539702080298412e+01 2.696158252770950625e+01
6.528262048641775550e+01 2.689131861149219560e+01
6.529163148599531041e+01 2.682149764636825751e+01
6.530241128768685144e+01 2.675210881524145989e+01
6.531494144889695974e+01 2.668314146439296763e+01
6.532920381405166665e+01 2.661458510240444753e+01
6.534518051228252489e+01 2.654642939905178878e+01
6.536285395503055895e+01 2.647866418417158840e+01
6.538220683357408802e+01 2.641127944650246917e+01
6.540322211648407347e+01 2.634426533250323743e+01
6.542588304701079949e+01 2.627761214514979571e+01
6.545017314040542544e+01 2.621131034271267524e+01
6.547607618117983463e+01 2.614535053751692217e+01
6.550357622030823279e+01 2.607972349468611384e+01
6.553265757237367950e+01 2.601442013087206107e+01
6.556330481266273580e+01 2.594943151297183448e+01
6.559550277421139697e+01 2.588474885683355708e+01
6.562923654480509583e+01 2.582036352595245177e+01
6.566449146393576086e+01 2.575626703015845109e+01
6.570125311971871440e+01 2.569245102429673722e+01
6.573950734577198318e+01 2.562890730690243046e+01
6.577924021806069277e+01 2.556562781887059899e+01
6.582043805170903283e+01 2.550260464212274769e+01
6.586308739778213805e+01 2.543982999827085223e+01
6.590717504004024363e+01 2.537729624727992217e+01
6.595268799166733231e+01 2.531499588613012008e+01
6.599961349197643301e+01 2.525292154747928919e+01
6.604793900309361732e+01 2.519106599832677418e+01
6.609765220662269769e+01 2.512942213867936658e+01
6.614874100029251736e+01 2.506798300022011361e+01
6.620119349458869351e+01 2.500674174498071523e+01
6.625499800937156181e+01 2.494569166401820226e+01
6.631014307048202738e+01 2.488482617609650660e+01
6.636661740633689988e+01 2.482413882637353097e+01
6.642440994451538927e+01 2.476362328509426192e+01
6.648350980833812685e+01 2.470327334629043037e+01
6.654390631344023177e+01 2.464308292648722087e+01
6.660558896433975917e+01 2.458304606341743792e+01
6.666854745100290813e+01 2.452315691474355219e+01
6.673277164540716910e+01 2.446340975678798912e+01
6.679825159810371815e+01 2.440379898327200081e+01
6.686497753478018069e+01 2.434431910406343746e+01
6.693293985282483050e+01 2.428496474393366711e+01
6.700212911789343195e+01 2.422573064132393483e+01
6.707253606047957817e+01 2.416661164712133214e+01
6.714415157248966182e+01 2.410760272344462152e+01
6.721696670382338823e+01 2.404869894244004414e+01
6.729097265896059810e+01 2.398989548508728120e+01
6.736616079355555087e+01 2.393118764001566490e+01
6.744252261103919466e+01 2.387257080233076678e+01
6.752004975923048846e+01 2.381404047245142763e+01
6.759873402695738775e+01 2.375559225495725713e+01
6.767856734068828928e+01 2.369722185744669929e+01
6.775954176117468819e+01 2.363892508940562109e+01
6.784164948010572971e+01 2.358069786108647037e+01
6.792488281677522366e+01 2.352253618239795330e+01
6.800923421476197461e+01 2.346443616180522085e+01
6.809469623862382548e+01 2.340639400524050018e+01
6.818126157060621040e+01 2.334840601502412483e+01
6.826892300736568586e+01 2.329046858879585713e+01
6.835767345670907957e+01 2.323257821845645665e+01
6.844750593434879704e+01 2.317473148911935610e+01
6.853841356067481172e+01 2.311692507807233454e+01
6.863038955754389292e+01 2.305915575374908144e+01
6.872342724508661149e+01 2.300142037471051282e+01
6.881752003853259225e+01 2.294371588863566913e+01
6.891266144505452473e+01 2.288603933132206691e+01
6.900884506063145807e+01 2.282838782569535141e+01
6.910606456693186317e+01 2.277075858082802995e+01
6.920431372821688853e+01 2.271314889096717238e+01
6.930358638826436390e+01 2.265555613457085116e+01
6.940387646731393545e+01 2.259797777335314350e+01
6.950517795903394358e+01 2.254041135133751084e+01
6.960748492751034178e+01 2.248285449391833524e+01
6.971079150425821069e+01 2.242530490693042111e+01
6.981509188525637910e+01 2.236776037572625953e+01
6.992038032800547853e+01 2.231021876426082429e+01
7.002665114861004270e+01 2.225267801418370794e+01
7.013389871888502114e+01 2.219513614393834899e+01
7.024211746348720453e+01 2.213759124786817623e+01
7.035130185707203054e+01 2.208004149532939309e+01
7.046144642147623927e+01 2.202248512981023509e+01
7.057254572292683292e+01 2.196492046805644449e+01
7.068459436927686568e+01 2.190734589920273834e+01
7.079758700726847565e+01 2.184975988391007817e+01
7.091151831982368492e+01 2.179216095350847127e+01
7.102638302336347920e+01 2.173454770914512935e+01
7.114217586515552227e+01 2.167691882093773970e+01
7.125889162069123017e+01 2.161927302713263188e+01
7.137652509109244647e+01 2.156160913326763051e+01
7.149507110054845782e+01 2.150392601133938086e+01
7.161452449378361962e+01 2.144622259897493066e+01
7.173488013355633086e+01 2.138849789860736550e+01
7.185613289818969918e+01 2.133075097665529540e+01
7.197827767913449293e+01 2.127298096270598293e+01
7.210130937856487776e+01 2.121518704870192806e+01
7.222522290700749181e+01 2.115736848813071802e+01
7.235001318100434275e+01 2.109952459521793955e+01
7.247567512081008090e+01 2.104165474412297954e+01
7.260220364812417415e+01 2.098375836813755768e+01
7.272959368385849643e+01 2.092583495888678158e+01
7.285784014594096902e+01 2.086788406553257857e+01
7.298693794715559591e+01 2.080990529397935873e+01
7.311688199301961788e+01 2.075189830608170993e+01
7.324766717969825436e+01 2.069386281885403989e+01
7.337928839195751607e+01 2.063579860368195540e+01
7.351174050115572811e+01 2.057770548553531142e+01
7.364501836327420392e+01 2.051958334218273095e+01
7.377911681698769542e+01 2.046143210340754592e+01
7.391403068177501723e+01 2.040325175022499593e+01
7.404975475607054136e+01 2.034504231410059205e+01
7.418628381545691752e+01 2.028680387616955016e+01
7.432361261089967286e+01 2.022853656645721188e+01
7.446173586702411740e+01 2.017024056310033231e+01
7.460064828043510943e+01 2.011191609156921700e+01
7.474034451808012136e+01 2.005356342389056934e+01
7.488081921565616028e+01 1.999518287787105209e+01
7.502206697606102637e+01 1.993677481632147774e+01
7.516408236788926445e+01 1.987833964628157446e+01
7.530685992397347661e+01 1.981987781824531680e+01
7.545039413997125166e+01 1.976138982538676814e+01
7.559467947299826562e+01 1.970287620278644170e+01
7.573971034030790861e+01 1.964433752665813415e+01
7.588548111801792118e+01 1.958577441357624949e+01
7.603198613988439547e+01 1.952718751970360955e+01
7.617921969612353905e+01 1.946857754001976204e+01
7.632717603228149983e+01 1.940994520754980357e+01
7.647584934815276370e+01 1.935129129259374992e+01
7.662523379674723856e+01 1.929261660195647110e+01
7.677532348330655054e+01 1.923392197817825533e+01
7.692611246436968031e+01 1.917520829876603017e+01
7.707759474688830892e+01 1.911647647542532269e+01
7.722976428739207222e+01 1.905772745329298345e+01
7.738261499120396536e+01 1.899896221017078801e+01
7.753614071170616739e+01 1.894018175575995144e+01
7.769033524965634285e+01 1.888138713089668386e+01
7.784519235255467606e+01 1.882257940678884367e+01
7.800070571406176612e+01 1.876375968425379881e+01
7.815686897346741091e+01 1.870492909295759176e+01
7.831367571521047921e+01 1.864608879065553637e+01
7.847111946844982810e+01 1.858723996243434584e+01
7.862919370668635111e+01 1.852838381995590566e+01
7.878789184743610008e+01 1.846952160070284066e+01
7.894720725195455202e+01 1.841065456722599691e+01
7.910713322501182176e+01 1.835178400639395235e+01
7.926766301471889165e+01 1.829291122864475128e+01
7.942878981240455971e+01 1.823403756723994817e+01
7.959050675254316332e+01 1.817516437752113845e+01
7.975280691273270861e+01 1.811629303616915010e+01
7.991568331372334910e+01 1.805742494046600299e+01
8.007912891949587220e+01 1.799856150755984174e+01
8.024313663738995217e+01 1.793970417373298787e+01
8.040769931828189954e+01 1.788085439367327112e+01
8.057280975681155155e+01 1.782201363974881403e+01
8.073846069165789174e+01 1.776318340128645445e+01
8.090464480586310003e+01 1.770436518385395530e+01
8.107135472720450764e+01 1.764556050854619329e+01
8.123858302861405889e+01 1.758677091127549730e+01
8.140632222864476830e+01 1.752799794206631034e+01
8.157456479198361876e+01 1.746924316435435642e+01
8.174330313001043180e+01 1.741050815429049337e+01
8.191252960140205630e+01 1.735179450004943291e+01
8.208223651278126454e+01 1.729310380114348789e+01
8.225241611940971609e+01 1.723443766774154184e+01
8.242306062592437854e+01 1.717579771999343308e+01
8.259416218711660918e+01 1.711718558735989149e+01
8.276571290875317288e+01 1.705860290794822376e+01
8.293770484843858526e+01 1.700005132785394935e+01
8.311013001651772925e+01 1.694153250050849735e+01
8.328298037701824796e+01 1.688304808603320595e+01
8.345624784863154844e+01 1.682459975059972379e+01
8.362992430573180513e+01 1.676618916579704788e+01
8.380400157943199702e+01 1.670781800800529737e+01
8.397847145867598329e+01 1.664948795777643653e+01
8.415332569136575103e+01 1.659120069922207108e+01
8.432855598552293941e+01 1.653295791940849213e+01
8.450415401048350361e+01 1.647476130775909198e+01
8.468011139812468002e+01 1.641661255546434006e+01
8.485641974412308741e+01 1.635851335489942571e+01
8.503307060924306882e+01 1.630046539904972391e+01
8.521005552065410882e+01 1.624247038094421569e+01
8.538736597327626043e+01 1.618452999309699081e+01
8.556499343115260103e+01 1.612664592695696086e+01
8.574292932884749519e+01 1.606881987236590703e+01
8.592116507286958438e+01 1.601105351702497970e+01
8.609969204311845203e+01 1.595334854596974594e+01
8.627850159435367061e+01 1.589570664105391451e+01
8.645758505768525026e+01 1.583812948044181645e+01
8.663693374208425269e+01 1.578061873810975690e+01
8.681653893591237647e+01 1.572317608335631611e+01
8.699639190846943393e+01 1.566580318032168329e+01
8.717648391155745458e+01 1.560850168751610845e+01
8.735680618106029272e+01 1.555127325735754873e+01
8.753734993853755952e+01 1.549411953571856770e+01
8.771810639283165756e+01 1.543704216148254815e+01
8.789906674168680922e+01 1.538004276610929466e+01
8.808022217337877180e+01 1.532312297321004912e+01
8.826156386835421586e+01 1.526628439813198312e+01
8.844308300087845964e+01 1.520952864755220091e+01
8.862477074069047944e+01 1.515285731908128142e+01
8.880661825466395953e+01 1.509627200087639309e+01
8.898861670847325911e+01 1.503977427126400457e+01
8.917075726826317350e+01 1.498336569837219301e+01
8.935303110232126755e+01 1.492704783977258032e+01
8.953542938275168694e+01 1.487082224213189008e+01
8.971794328714938160e+01 1.481469044087311815e+01
8.990056400027353334e+01 1.475865395984632933e+01
9.008328271571913604e+01 1.470271431100904991e+01
9.026609063758563423e+01 1.464687299411624366e+01
9.044897898214156839e+01 1.459113149641985707e+01
9.063193897948417543e+01 1.453549129237789117e+01
9.081496187519282159e+01 1.447995384337298042e+01
9.099803893197541527e+01 1.442452059744043069e+01
9.118116143130659168e+01 1.436919298900567554e+01
9.136432067505684529e+01 1.431397243863110980e+01
9.154750798711155824e+01 1.425886035277223129e+01
9.173071471497905804e+01 1.420385812354305344e+01
9.191393223138666713e+01 1.414896712849071214e+01
9.209715193586391990e+01 1.409418873037920328e+01
9.228036525631205222e+01 1.403952427698218308e+01
9.246356365055896731e+01 1.398497510088476226e+01
9.264673860789862658e+01 1.393054251929419429e+01
9.282988165061438224e+01 1.387622783385940650e+01
9.301298433548515732e+01 1.382203233049925295e+01
9.319603825527387642e+01 1.376795727923943424e+01
9.337903504019739387e+01 1.371400393405795803e+01
9.356196635937718042e+01 1.366017353273906743e+01
9.374482392227002947e+01 1.360646729673552890e+01
9.392759948007824278e+01 1.355288643103917501e+01
9.411028482713852839e+01 1.349943212405959336e+01
9.429287180228912746e+01 1.344610554751087150e+01
9.447535229021447378e+01 1.339290785630625713e+01
9.465771822276684588e+01 1.333984018846065034e+01
9.483996158026458545e+01 1.328690366500078923e+01
9.502207439276624257e+01 1.323409938988302592e+01
9.520404874132024986e+01 1.318142844991856144e+01
9.538587675918962816e+01 1.312889191470602945e+01
9.556755063305132580e+01 1.307649083657129729e+01
9.574906260416980786e+01 1.302422625051435823e+01
9.593040496954444052e+01 1.297209917416319591e+01
9.611157008303044336e+01 1.292011060773448961e+01
9.629255035643298299e+01 1.286826153400102690e+01
9.647333826057418094e+01 1.281655291826569965e+01
9.665392632633269443e+01 1.276498570834194801e+01
9.683430714565572828e+01 1.271356083454052666e+01
9.701447337254315073e+01 1.266227920966245435e+01
9.719441772400354296e+01 1.261114172899801922e+01
9.737413298098212522e+01 1.256014927033169926e+01
9.755361198926020450e+01 1.250930269395287375e+01
9.773284766032620041e+01 1.245860284267218177e+01
9.791183297221805049e+01 1.240805054184340861e+01
9.809056097033696631e+01 1.235764659939074406e+01
9.826902476823244115e+01 1.230739180584130210e+01
9.844721754835850902e+01 1.225728693436274952e+01
9.862513256280122675e+01 1.220733274080592423e+01
9.880276313397740751e+01 1.215752996375230488e+01
9.898010265530460572e+01 1.210787932456619131e+01
9.915714459184238194e+01 1.205838152745148584e+01
9.933388248090504646e+01 1.200903725951291889e+01
9.951030993264573965e+01 1.195984719082160552e+01
9.968642063061220426e+01 1.191081197448479934e+01
9.986220833227420712e+01 1.186193224671971436e+01
1.000376668695227949e+02 1.181320862693128682e+01
1.002127901491415543e+02 1.176464171779375256e+01
1.003875721532500904e+02 1.171623210533591575e+01
1.005620069397197938e+02 1.166798035902997732e+01
1.007360886425622510e+02 1.161988703188381855e+01
1.009098114722904000e+02 1.157195266053658855e+01
1.010831697162527405e+02 1.152417776535750882e+01
1.012561577389408285e+02 1.147656285054775616e+01
1.014287699822702535e+02 1.142910840424530505e+01
1.016010009658354960e+02 1.138181489863262996e+01
1.017728452871388356e+02 1.133468279004713786e+01
1.019442976217936945e+02 1.128771251909422269e+01
1.021153527237026424e+02 1.124090451076284047e+01
1.022860054252104760e+02 1.119425917454348252e+01
1.024562506372325998e+02 1.114777690454844183e+01
1.026260833493591065e+02 1.110145807963427877e+01
1.027954986299349400e+02 1.105530306352636671e+01
1.029644916261164127e+02 1.100931220494542373e+01
1.031330575639044582e+02 1.096348583773592367e+01
1.033011917481550483e+02 1.091782428099630131e+01
1.034688895625670852e+02 1.087232783921083978e+01
1.036361464696482102e+02 1.082699680238315132e+01
1.038029580106588412e+02 1.078183144617115552e+01
1.039693198055349086e+02 1.073683203202347336e+01
1.041352275527896154e+02 1.069199880731713570e+01
1.043006770293947199e+02 1.064733200549652103e+01
1.044656640906416669e+02 1.060283184621344432e+01
1.046301846699829809e+02 1.055849853546830630e+01
1.047942347788543742e+02 1.051433226575221802e+01
1.049578105064780118e+02 1.047033321619003132e+01
1.051209080196472030e+02 1.042650155268418466e+01
1.052835235624931443e+02 1.038283742805930032e+01
1.054456534562340124e+02 1.033934098220744779e+01
1.056072940989067916e+02 1.029601234223400397e+01
1.057684419650823884e+02 1.025285162260404093e+01
1.059290936055643328e+02 1.020985892528917560e+01
1.060892456470716212e+02 1.016703433991479777e+01
1.062488947919059541e+02 1.012437794390763734e+01
1.064080378176039119e+02 1.008188980264357859e+01
1.065666715765744925e+02 1.003956996959568571e+01
1.067247929957223676e+02 9.997418486482350986e+00
1.068823990760573110e+02 9.955435383415542461e+00
1.070394868922902134e+02 9.913620679049053308e+00
1.071960535924160780e+02 9.871974380726737053e+00
1.073520963972844697e+02 9.830496484630646847e+00
1.075076126001577421e+02 9.789186975929034418e+00
1.076625995662574695e+02 9.748045828924173151e+00
1.078170547322995816e+02 9.707073007199932491e+00
1.079709756060184702e+02 9.666268463769073449e+00
1.081243597656805235e+02 9.625632141220213711e+00
1.082772048595874850e+02 9.585163971864421484e+00
1.084295086055700494e+02 9.544863877881390124e+00
1.085812687904719951e+02 9.504731771465161572e+00
1.087324832696253196e+02 9.464767554969343522e+00
1.088831499663167222e+02 9.424971121051800793e+00
1.090332668712457860e+02 9.385342352818776490e+00
1.091828320419752885e+02 9.345881123968393211e+00
1.093318436023739224e+02 9.306587298933532537e+00
1.094802997420518267e+02 9.267460733024027064e+00
1.096281987157892956e+02 9.228501272568152558e+00
1.097755388429589942e+02 9.189708755053384692e+00
1.099223185069419770e+02 9.151083009266397283e+00
1.100685361545379664e+02 9.112623855432259390e+00
1.102141902953700736e+02 9.074331105352827720e+00
1.103592795012844050e+02 9.036204562544282837e+00
1.105038024057448496e+02 8.998244022373810935e+00
1.106477577032232773e+02 8.960449272195386783e+00
1.107911441485855732e+02 8.922820091484650717e+00
1.109339605564737781e+02 8.885356251972854835e+00
1.110762058006845763e+02 8.848057517779851722e+00
1.112178788135444591e+02 8.810923645546115068e+00
1.113589785852819034e+02 8.773954384563776188e+00
1.114995041633967929e+02 8.737149476906649781e+00
1.116394546520273252e+02 8.700508657559241854e+00
1.117788292113147008e+02 8.664031654544723793e+00
1.119176270567659515e+02 8.627718189051856612e+00
1.120558474586150055e+02 8.591567975560851167e+00
1.121934897411823471e+02 8.555580721968153668e+00
1.123305532822334811e+02 8.519756129710149395e+00
1.124670375123364607e+02 8.484093893885768622e+00
1.126029419142186896e+02 8.448593703377980546e+00
1.127382660221232697e+02 8.413255240974185867e+00
1.128730094211650368e+02 8.378078183485468955e+00
1.130071717466865948e+02 8.343062201864736238e+00
1.131407526836145365e+02 8.308206961323705286e+00
1.132737519658159755e+02 8.273512121448757028e+00
1.134061693754557041e+02 8.238977336315635114e+00
1.135380047423541185e+02 8.204602254602994194e+00
1.136692579433461106e+02 8.170386519704786465e+00
1.137999289016410955e+02 8.136329769841493587e+00
1.139300175861843485e+02 8.102431638170189743e+00
1.140595240110198887e+02 8.068691752893434099e+00
1.141884482346549987e+02 8.035109737367003291e+00
1.143167903594266051e+02 8.001685210206444410e+00
1.144445505308696198e+02 7.968417785392463593e+00
1.145717289370874425e+02 7.935307072375141324e+00
1.146983258081247783e+02 7.902352676176975343e+00
1.148243414153428574e+02 7.869554197494753822e+00
1.149497760707972560e+02 7.836911232800256144e+00
1.150746301266184304e+02 7.804423374439791949e+00
1.151989039743950940e+02 7.772090210732563342e+00
1.153225980445605359e+02 7.739911326067874242e+00
1.154457128057820512e+02 7.707886301001169116e+00
1.155682487643535978e+02 7.676014712348917080e+00
1.156902064635916787e+02 7.644296133282339589e+00
1.158115864832347626e+02 7.612730133419987055e+00
1.159323894388461440e+02 7.581316278919167040e+00
1.160526159812204270e+02 7.550054132566230258e+00
1.161722667957938029e+02 7.518943253865713494e+00
1.162913426020580516e+02 7.487983199128354528e+00
1.164098441529784935e+02 7.457173521557972862e+00
1.165277722344158491e+02 7.426513771337231340e+00
1.166451276645522626e+02 7.396003495712275999e+00
1.167619112933213472e+02 7.365642239076266584e+00
1.168781240018424938e+02 7.335429543051798618e+00
1.169937667018594567e+02 7.305364946572229456e+00
1.171088403351832170e+02 7.275447985961907449e+00
1.172233458731392943e+02 7.245678195015316625e+00
1.173372843160195202e+02 7.216055105075144027e+00
1.174506566925382458e+02 7.186578245109269680e+00
1.175634640592931817e+02 7.157247141786695188e+00
1.176757075002308426e+02 7.128061319552411845e+00
1.177873881261165678e+02 7.099020300701223363e+00
1.178985070740093306e+02 7.070123605450519655e+00
1.180090655067412229e+02 7.041370752012020340e+00
1.181190646124017007e+02 7.012761256662487952e+00
1.182285056038266902e+02 6.984294633813426856e+00
1.183373897180924388e+02 6.955970396079767859e+00
1.184457182160143276e+02 6.927788054347550961e+00
1.185534923816504858e+02 6.899747117840613342e+00
1.186607135218103650e+02 6.871847094186294136e+00
1.187673829655681885e+02 6.844087489480161324e+00
1.188735020637814301e+02 6.816467808349766067e+00
1.189790721886141540e+02 6.788987554017442250e+00
1.190840947330654416e+02 6.761646228362152122e+00
1.191885711105027212e+02 6.734443331980389580e+00
1.192925027542001146e+02 6.707378364246149083e+00
1.193958911168818275e+02 6.680450823369970870e+00
1.194987376702705006e+02 6.653660206457069570e+00
1.196010439046405907e+02 6.627006009564553324e+00
1.197028113283767965e+02 6.600487727757749390e+00
1.198040414675374166e+02 6.574104855165636252e+00
1.199047358654228361e+02 6.547856885035395536e+00
1.200048960821489175e+02 6.521743309786096177e+00
1.201045236942254633e+02 6.495763621061511728e+00
1.202036202941396112e+02 6.469917309782085901e+00
1.203021874899443020e+02 6.444203866196055230e+00
1.204002269048516212e+02 6.418622779929735067e+00
1.204977401768312006e+02 6.393173540036976021e+00
1.205947289582134943e+02 6.367855635047808605e+00
1.206911949152980696e+02 6.342668553016276078e+00
1.207871397279667178e+02 6.317611781567467943e+00
1.208825650893016075e+02 6.292684807943761172e+00
1.209774727052081715e+02 6.267887119050284284e+00
1.210718642940429959e+02 6.243218201499603381e+00
1.211657415862464831e+02 6.218677541655647012e+00
1.212591063239803333e+02 6.194264625676875191e+00
1.213519602607698999e+02 6.169978939558703246e+00
1.214443051611512487e+02 6.145819969175183139e+00
1.215361428003229918e+02 6.121787200319963596e+00
1.216274749638029249e+02 6.097880118746522804e+00
1.217183034470892409e+02 6.074098210207693249e+00
1.218086300553265460e+02 6.050440960494481324e+00
1.218984566029764238e+02 6.026907855474195941e+00
1.219877849134927175e+02 6.003498381127885253e+00
1.220766168190013019e+02 5.980212023587102799e+00
1.221649541599845321e+02 5.957048269169997745e+00
1.222527987849701248e+02 5.934006604416749653e+00
1.223401525502246017e+02 5.911086516124347767e+00
1.224270173194511386e+02 5.888287491380724603e+00
1.225133949634919617e+02 5.865609017598258923e+00
1.225992873600350350e+02 5.843050582546643668e+00
1.226846963933251828e+02 5.820611674385139267e+00
1.227696239538795311e+02 5.798291781694214109e+00
1.228540719382072552e+02 5.776090393506577492e+00
1.229380422485335913e+02 5.754006999337620165e+00
1.230215367925280816e+02 5.732041089215266894e+00
1.231045574830370271e+02 5.710192153709243712e+00
1.231871062378201032e+02 5.688459683959780300e+00
1.232691849792911114e+02 5.666843171705737703e+00
1.233507956342627665e+02 5.645342109312187162e+00
1.234319401336956332e+02 5.623955989797433830e+00
1.235126204124509570e+02 5.602684306859496921e+00
1.235928384090476300e+02 5.581526554902060511e+00
1.236725960654229510e+02 5.560482229059888759e+00
1.237518953266973796e+02 5.539550825223727770e+00
1.238307381409431542e+02 5.518731840064686978e+00
1.239091264589566777e+02 5.498024771058119597e+00
1.239870622340347950e+02 5.477429116507000373e+00
1.240645474217547246e+02 5.456944375564813932e+00
1.241415839797577974e+02 5.436570048257952870e+00
1.242181738675368194e+02 5.416305635507641547e+00
1.242943190462270877e+02 5.396150639151387374e+00
1.243700214784010001e+02 5.376104561963964024e+00
1.244452831278662899e+02 5.356166907677939903e+00
1.245201059594676991e+02 5.336337181003750096e+00
1.245944919388922045e+02 5.316614887649327770e+00
1.246684430324776685e+02 5.296999534339294158e+00
1.247419612070249286e+02 5.277490628833712449e+00
1.248150484296132134e+02 5.258087679946423343e+00
1.248877066674189678e+02 5.238790197562951612e+00
1.249599378875378903e+02 5.219597692658004995e+00
1.250317440568103535e+02 5.200509677312561863e+00
1.251031271416498925e+02 5.181525664730557423e+00
1.251740891078750195e+02 5.162645169255173805e+00
1.252446319205441370e+02 5.143867706384742888e+00
1.253147575437935188e+02 5.125192792788261009e+00
1.253844679406784621e+02 5.106619946320525294e+00
1.254537650730173652e+02 5.088148686036900514e+00
1.255226509012389329e+02 5.069778532207715571e+00
1.255911273842322231e+02 5.051509006332301155e+00
1.256591964791996929e+02 5.033339631152666804e+00
1.257268601415131570e+02 5.015269930666832465e+00
1.257941203245725461e+02 4.997299430141810994e+00
1.258609789796674789e+02 4.979427656126251378e+00
1.259274380558417050e+02 4.961654136462749776e+00
1.259934994997601905e+02 4.943978400299825715e+00
1.260591652555790034e+02 4.926399978103577659e+00
1.261244372648178143e+02 4.908918401669020604e+00
1.261893174662350816e+02 4.891533204131103041e+00
1.262538077957058391e+02 4.874243919975421058e+00
1.263179101861020399e+02 4.857050085048621568e+00
1.263816265671754451e+02 4.839951236568512449e+00
1.264449588654430414e+02 4.822946913133870694e+00
1.265079090040749321e+02 4.806036654733964575e+00
1.265704789027846005e+02 4.789220002757788919e+00
1.266326704777216889e+02 4.772496500003017061e+00
1.266944856413670522e+02 4.755865690684680125e+00
1.267559263024302112e+02 4.739327120443570074e+00
1.268169943657491103e+02 4.722880336354377206e+00
1.268776917321921189e+02 4.706524886933561191e+00
1.269380202985622930e+02 4.690260322146967198e+00
1.269979819575038817e+02 4.674086193417183566e+00
1.270575785974109380e+02 4.658002053630649009e+00
1.271168121023381730e+02 4.642007457144515570e+00
1.271756843519138727e+02 4.626101959793264662e+00
1.272341972212549024e+02 4.610285118895086853e+00
1.272923525808838150e+02 4.594556493258027174e+00
1.273501522966479058e+02 4.578915643185899498e+00
1.274075982296403708e+02 4.563362130483972656e+00
1.274646922361233408e+02 4.547895518464434517e+00
1.275214361674529329e+02 4.532515371951634897e+00
1.275778318700061646e+02 4.517221257287116210e+00
1.276338811851097290e+02 4.502012742334428275e+00
1.276895859489707306e+02 4.486889396483735304e+00
1.277449479926091271e+02 4.471850790656221264e+00
1.277999691417920332e+02 4.456896497308289185e+00
1.278546512169697991e+02 4.442026090435565955e+00
1.279089960332137963e+02 4.427239145576708168e+00
1.279630054001559643e+02 4.412535239817024113e+00
1.280166811219300484e+02 4.397913951791898590e+00
1.280700249971144160e+02 4.383374861690042756e+00
1.281230388186766902e+02 4.368917551256552123e+00
1.281757243739197634e+02 4.354541603795796689e+00
1.282280834444296147e+02 4.340246604174128997e+00
1.282801178060245491e+02 4.326032138822419881e+00
1.283318292287060842e+02 4.311897795738431682e+00
1.283832194766112309e+02 4.297843164489018264e+00
1.284342903079663074e+02 4.283867836212166935e+00
1.284850434750423460e+02 4.269971403618876060e+00
1.285354807241117214e+02 4.256153460994879012e+00
1.285856037954063140e+02 4.242413604202212696e+00
1.286354144230771226e+02 4.228751430680634193e+00
1.286849143351551561e+02 4.215166539448886418e+00
1.287341052535137180e+02 4.201658531105822547e+00
1.287829888938319414e+02 4.188227007831383020e+00
1.288315669655597731e+02 4.174871573387431312e+00
1.288798411718841237e+02 4.161591833118455597e+00
1.289278132096963247e+02 4.148387393952130964e+00
1.289754847695608362e+02 4.135257864399749295e+00
1.290228575356850911e+02 4.122202854556518581e+00
1.290699331858907044e+02 4.109221976101736118e+00
1.291167133915856482e+02 4.096314842298832026e+00
1.291631998177377909e+02 4.083481067995293756e+00
1.292093941228493748e+02 4.070720269622465359e+00
1.292552979589328288e+02 4.058032065195230409e+00
1.293009129714874632e+02 4.045416074311579457e+00
1.293462407994774424e+02 4.032871918152059365e+00
1.293912830753106107e+02 4.020399219479114272e+00
1.294360414248185407e+02 4.007997602636316437e+00
1.294805174672375472e+02 3.995666693547487380e+00
1.295247128151906395e+02 3.983406119715715121e+00
1.295686290746705254e+02 3.971215510222267042e+00
1.296122678450236094e+02 3.959094495725401952e+00
1.296556307189348729e+02 3.947042708459082228e+00
1.296987192824136912e+02 3.935059782231588699e+00
1.297415351147806746e+02 3.923145352424040944e+00
1.297840797886552764e+02 3.911299055988822104e+00
1.298263548699443106e+02 3.899520531447913996e+00
1.298683619178314359e+02 3.887809418891141622e+00
1.299101024847673784e+02 3.876165359974329316e+00
1.299515781164610360e+02 3.864587997917372508e+00
1.299927903518713777e+02 3.853076977502222444e+00
1.300337407232002249e+02 3.841631945070790977e+00
1.300744307558856860e+02 3.830252548522773637e+00
1.301148619685964718e+02 3.818938437313392331e+00
1.301550358732269501e+02 3.807689262451062540e+00
1.301949539748929396e+02 3.796504676494984576e+00
1.302346177719281854e+02 3.785384333552658465e+00
1.302740287558816021e+02 3.774327889277329540e+00
1.303131884115152275e+02 3.763335000865360769e+00
1.303520982168028297e+02 3.752405327053536244e+00
1.303907596429291971e+02 3.741538528116297613e+00
1.304291741542900809e+02 3.730734265862912125e+00
1.304673432084928208e+02 3.719992203634578942e+00
1.305052682563575388e+02 3.709312006301469733e+00
1.305429507419190429e+02 3.698693340259707085e+00
1.305803921024292436e+02 3.688135873428283862e+00
1.306175937683602228e+02 3.677639275245923489e+00
1.306545571634079010e+02 3.667203216667879850e+00
1.306912837044962430e+02 3.656827370162683888e+00
1.307277748017820045e+02 3.646511409708833362e+00
1.307640318586601040e+02 3.636255010791429765e+00
1.308000562717693924e+02 3.626057850398761051e+00
1.308358494309991329e+02 3.615919607018835968e+00
1.308714127194958508e+02 3.605839960635865094e+00
1.309067475136707515e+02 3.595818592726695240e+00
1.309418551832075366e+02 3.585855186257196348e+00
1.309767370910709019e+02 3.575949425678600413e+00
1.310113945935152628e+02 3.566100996923797339e+00
1.310458290400941337e+02 3.556309587403584604e+00
1.310800417736698193e+02 3.546574886002875626e+00
1.311140341304236472e+02 3.536896583076865497e+00
1.311478074398665399e+02 3.527274370447156304e+00
1.311813630248501568e+02 3.517707941397842486e+00
1.312147022015782341e+02 3.508196990671557547e+00
1.312478262796184652e+02 3.498741214465484806e+00
1.312807365619147788e+02 3.489340310427328617e+00
1.313134343447999299e+02 3.479993977651253179e+00
1.313459209180085168e+02 3.470701916673784915e+00
1.313781975646903106e+02 3.461463829469681563e+00
1.314102655614240405e+02 3.452279419447769726e+00
1.314421261782314048e+02 3.443148391446748668e+00
1.314737806785914813e+02 3.434070451730967033e+00
1.315052303194554781e+02 3.425045307986165355e+00
1.315364763512617685e+02 3.416072669315193266e+00
1.315675200179512672e+02 3.407152246233696058e+00
1.315983625569831474e+02 3.398283750665776815e+00
1.316290051993507575e+02 3.389466895939628799e+00
1.316594491695979059e+02 3.380701396783146961e+00
1.316896956858354599e+02 3.371986969319509253e+00
1.317197459597580860e+02 3.363323331062739285e+00
1.317496011966614162e+02 3.354710200913243234e+00
1.317792625954593291e+02 3.346147299153324095e+00
1.318087313487016559e+02 3.337634347442676397e+00
1.318380086425919444e+02 3.329171068813859158e+00
1.318670956570056205e+02 3.320757187667748411e+00
1.318959935655082631e+02 3.312392429768971525e+00
1.319247035353741921e+02 3.304076522241322422e+00
1.319532267276052835e+02 3.295809193563159489e+00
1.319815642969498697e+02 3.287590173562784823e+00
1.320097173919220381e+02 3.279419193413809275e+00
1.320376871548209579e+02 3.271295985630500613e+00
1.320654747217505189e+02 3.263220284063116150e+00
1.320930812226391140e+02 3.255191823893221592e+00
1.321205077812595903e+02 3.247210341628997021e+00
1.321477555152494574e+02 3.239275575100526439e+00
1.321748255361310953e+02 3.231387263455078873e+00
1.322017189493323883e+02 3.223545147152374835e+00
1.322284368542072741e+02 3.215748967959842108e+00
1.322549803440565768e+02 3.207998468947860449e+00
1.322813505061490105e+02 3.200293394484996945e+00
1.323075484217422115e+02 3.192633490233230731e+00
1.323335751661039978e+02 3.185018503143169255e+00
1.323594318085338273e+02 3.177448181449256115e+00
1.323851194123842276e+02 3.169922274664969120e+00
1.324106390350824825e+02 3.162440533578013913e+00
1.324359917281523451e+02 3.155002710245508268e+00
1.324611785372359236e+02 3.147608557989160616e+00
1.324862005021157358e+02 3.140257831390441456e+00
1.325110586567367363e+02 3.132950286285752117e+00
1.325357540292285421e+02 3.125685679761585511e+00
1.325602876419277152e+02 3.118463770149683789e+00
1.325846605114001875e+02 3.111284317022191548e+00
1.326088736484636854e+02 3.104147081186805490e+00
1.326329280582104104e+02 3.097051824681920973e+00
1.326568247400295490e+02 3.089998310771775447e+00
1.326805646876301523e+02 3.082986303941589679e+00
1.327041488890638163e+02 3.076015569892707635e+00
1.327275783267476470e+02 3.069085875537733266e+00
1.327508539774871394e+02 3.062196988995667724e+00
1.327739768124992565e+02 3.055348679587046590e+00
1.327969477974354788e+02 3.048540717829073099e+00
1.328197678924048546e+02 3.041772875430756251e+00
1.328424380519972772e+02 3.035044925288044926e+00
1.328649592253067055e+02 3.028356641478966438e+00
1.328873323559543280e+02 3.021707799258763760e+00
1.329095583821120385e+02 3.015098175055034524e+00
1.329316382365257141e+02 3.008527546462874014e+00
1.329535728465385773e+02 3.001995692240017721e+00
1.329753631341146729e+02 2.995502392301987005e+00
1.329970100158623438e+02 2.989047427717238747e+00
1.330185144030577078e+02 2.982630580702317680e+00
1.330398772016681335e+02 2.976251634617010922e+00
1.330610993123758021e+02 2.969910373959507854e+00
1.330821816306012693e+02 2.963606584361563989e+00
1.331031250465270546e+02 2.957340052583667944e+00
1.331239304451211751e+02 2.951110566510214639e+00
1.331445987061608207e+02 2.944917915144681153e+00
1.331651307042558585e+02 2.938761888604811467e+00
1.331855273088725653e+02 2.932642278117802537e+00
1.332057893843571321e+02 2.926558876015499244e+00
1.332259177899593681e+02 2.920511475729593798e+00
1.332459133798562902e+02 2.914499871786831786e+00
1.332657770031757138e+02 2.908523859804224898e+00
1.332855095040199274e+02 2.902583236484269857e+00
1.333051117214891974e+02 2.896677799610174908e+00
1.333245844897055008e+02 2.890807348041094293e+00
1.333439286378359725e+02 2.884971681707367619e+00
1.333631449901165524e+02 2.879170601605769875e+00
1.333822343658755187e+02 2.873403909794766786e+00
1.334011975795569924e+02 2.867671409389780379e+00
1.334200354407445559e+02 2.861972904558462094e+00
1.334387487541845871e+02 2.856308200515973006e+00
1.334573383198099066e+02 2.850677103520276034e+00
1.334758049327630829e+02 2.845079420867433040e+00
1.334941493834199093e+02 2.839514960886914796e+00
1.335123724574128232e+02 2.833983532936917182e+00
1.335304749356541834e+02 2.828484947399688476e+00
1.335484575943597179e+02 2.823019015676867305e+00
1.335663212050717163e+02 2.817585550184826815e+00
1.335840665346823357e+02 2.812184364350033494e+00
1.336016943454567922e+02 2.806815272604412659e+00
1.336192053950566105e+02 2.801478090380724595e+00
1.336366004365627020e+02 2.796172634107954025e+00
1.336538802184985002e+02 2.790898721206706679e+00
1.336710454848530105e+02 2.785656170084618299e+00
1.336880969751038890e+02 2.780444800131775640e+00
1.337050354242402932e+02 2.775264431716145008e+00
1.337218615627859322e+02 2.770114886179017244e+00
1.337385761168218608e+02 2.764995985830458913e+00
1.337551798080093874e+02 2.759907553944777714e+00
1.337716733536127833e+02 2.754849414756000314e+00
1.337880574665220479e+02 2.749821393453359075e+00
1.338043328552755895e+02 2.744823316176792538e+00
1.338205002240828208e+02 2.739855010012457903e+00
1.338365602728467536e+02 2.734916302988255055e+00
1.338525136971865095e+02 2.730007024069363464e+00
1.338683611884597440e+02 2.725127003153789751e+00
1.338841034337850999e+02 2.720276071067929902e+00
1.338997411160645186e+02 2.715454059562142586e+00
1.339152749140055221e+02 2.710660801306335355e+00
1.339307055021434394e+02 2.705896129885564161e+00
1.339460335508635183e+02 2.701159879795644869e+00
1.339612597264230942e+02 2.696451886438777201e+00
1.339763846909735889e+02 2.691771986119184668e+00
1.339914091025825087e+02 2.687120016038763382e+00
1.340063336152552722e+02 2.682495814292746861e+00
1.340211588789570953e+02 2.677899219865383262e+00
1.340358855396348474e+02 2.673330072625626830e+00
1.340505142392385949e+02 2.668788213322840441e+00
1.340650456157433439e+02 2.664273483582514590e+00
1.340794803031706124e+02 2.659785725901997022e+00
1.340938189316098601e+02 2.655324783646238807e+00
1.341080621272400037e+02 2.650890501043552394e+00
1.341222105123507333e+02 2.646482723181383445e+00
1.341362647053638000e+02 2.642101296002096866e+00
1.341502253208542470e+02 2.637746066298777059e+00
1.341640929695715272e+02 2.633416881711041491e+00
1.341778682584606202e+02 2.629113590720868032e+00
1.341915517906830075e+02 2.624836042648438283e+00
1.342051441656375630e+02 2.620584087647991556e+00
1.342186459789814990e+02 2.616357576703697063e+00
1.342320578226510577e+02 2.612156361625536327e+00
1.342453802848822306e+02 2.607980295045202901e+00
1.342586139502314211e+02 2.603829230412014972e+00
1.342717593995959646e+02 2.599703021988842178e+00
1.342848172102345927e+02 2.595601524848047514e+00
1.342977879557878680e+02 2.591524594867443021e+00
1.343106722062984772e+02 2.587472088726260555e+00
1.343234705282314394e+02 2.583443863901136339e+00
1.343361834844943985e+02 2.579439778662110161e+00
1.343488116344575474e+02 2.575459692068639228e+00
1.343613555339737218e+02 2.571503463965627567e+00
1.343738157353983524e+02 2.567570954979467857e+00
1.343861927876092750e+02 2.563662026514099246e+00
1.343984872360264831e+02 2.559776540747080720e+00
1.344106996226318529e+02 2.555914360625677340e+00
1.344228304859887544e+02 2.552075349862961584e+00
1.344348803612615768e+02 2.548259372933930234e+00
1.344468497802351692e+02 2.544466295071635464e+00
1.344587392713342524e+02 2.540695982263330599e+00
1.344705493596426322e+02 2.536948301246630955e+00
1.344822805669224692e+02 2.533223119505688459e+00
1.344939334116334066e+02 2.529520305267383140e+00
1.345055084089515844e+02 2.525839727497526610e+00
1.345170060707886250e+02 2.522181255897082863e+00
1.345284269058105053e+02 2.518544760898402401e+00
1.345397714194563719e+02 2.514930113661471900e+00
1.345510401139572707e+02 2.511337186070178529e+00
1.345622334883547637e+02 2.507765850728588042e+00
1.345733520385194879e+02 2.504215980957240184e+00
1.345843962571696295e+02 2.500687450789456090e+00
1.345953666338893697e+02 2.497180134967663001e+00
1.346062636551470746e+02 2.493693908939731418e+00
1.346170878043136554e+02 2.490228648855329574e+00
1.346278395616806165e+02 2.486784231562290781e+00
1.346385194044781883e+02 2.483360534602996328e+00
1.346491278068932900e+02 2.479957436210773469e+00
1.346596652400873779e+02 2.476574815306308075e+00
1.346701321722143234e+02 2.473212551494071931e+00
1.346805290684381475e+02 2.469870525058764699e+00
1.346908563909506142e+02 2.466548616961770524e+00
1.347011145989888519e+02 2.463246708837631083e+00
1.347113041488528609e+02 2.459964682990531060e+00
1.347214254939228226e+02 2.456702422390799612e+00
1.347314790846765220e+02 2.453459810671426933e+00
1.347414653687065424e+02 2.450236732124594141e+00
1.347513847907374327e+02 2.447033071698220041e+00
1.347612377926427882e+02 2.443848714992520321e+00
1.347710248134622475e+02 2.440683548256583624e+00
1.347807462894183743e+02 2.437537458384959166e+00
1.347904026539335121e+02 2.434410332914263897e+00
1.347999943376465239e+02 2.431302060019798539e+00
1.348095217684295051e+02 2.428212528512183610e+00
1.348189853714043238e+02 2.425141627834005664e+00
1.348283855689591064e+02 2.422089248056481736e+00
1.348377227807646932e+02 2.419055279876135778e+00
1.348469974237909526e+02 2.416039614611489750e+00
1.348562099123231235e+02 2.413042144199772032e+00
1.348653606579778454e+02 2.410062761193636938e+00
1.348744500697194155e+02 2.407101358757900211e+00
1.348834785538757046e+02 2.404157830666289186e+00
1.348924465141541305e+02 2.401232071298206705e+00
1.349013543516574885e+02 2.398323975635510585e+00
1.349102024648997542e+02 2.395433439259305075e+00
1.349189912498217723e+02 2.392560358346750515e+00
1.349277210998068881e+02 2.389704629667882774e+00
1.349363924056964379e+02 2.386866150582450885e+00
1.349450055558052384e+02 2.384044819036766683e+00
1.349535609359369630e+02 2.381240533560568640e+00
1.349620589293994328e+02 2.378453193263902143e+00
1.349704999170198505e+02 2.375682697834011314e+00
1.349788842771598922e+02 2.372928947532246369e+00
1.349872123857308566e+02 2.370191843190983860e+00
1.349954846162085289e+02 2.367471286210563797e+00
1.350037013396481882e+02 2.364767178556237415e+00
1.350118629246993578e+02 2.362079422755130498e+00
1.350199697376206132e+02 2.359407921893221349e+00
1.350280221422942475e+02 2.356752579612332088e+00
1.350360205002407952e+02 2.354113300107133711e+00
1.350439651706336122e+02 2.351489988122164032e+00
1.350518565103133142e+02 2.348882548948862059e+00
1.350596948738020728e+02 2.346290888422613907e+00
1.350674806133179686e+02 2.343714912919813820e+00
1.350752140787891733e+02 2.341154529354937619e+00
1.350828956178681040e+02 2.338609645177631702e+00
1.350905255759454349e+02 2.336080168369813581e+00
1.350981042961640810e+02 2.333566007442787971e+00
1.351056321194331531e+02 2.331067071434374860e+00
1.351131093844417137e+02 2.328583269906053133e+00
1.351205364276726186e+02 2.326114512940114842e+00
1.351279135834161025e+02 2.323660711136836365e+00
1.351352411837834495e+02 2.321221775611659766e+00
1.351425195587204939e+02 2.318797617992390148e+00
1.351497490360210634e+02 2.316388150416404557e+00
1.351569299413404224e+02 2.313993285527875088e+00
1.351640625982085453e+02 2.311612936475006208e+00
1.351711473280432756e+02 2.309247016907282291e+00
1.351781844501635987e+02 2.306895440972732469e+00
1.351851742818027162e+02 2.304558123315204377e+00
1.351921171381209774e+02 2.302234979071654752e+00
1.351990133322189251e+02 2.299925923869451605e+00
1.352058631751501139e+02 2.297630873823687914e+00
1.352126669759339279e+02 2.295349745534511321e+00
1.352194250415682859e+02 2.293082456084464482e+00
1.352261376770423169e+02 2.290828923035839182e+00
1.352328051853489512e+02 2.288589064428043329e+00
1.352394278674974260e+02 2.286362798774981275e+00
1.352460060225257621e+02 2.284150045062445233e+00
1.352525399475130712e+02 2.281950722745521354e+00
1.352590299375919471e+02 2.279764751746008233e+00
1.352654762859606308e+02 2.277592052449846527e+00
1.352718792838952311e+02 2.275432545704562770e+00
1.352782392207617761e+02 2.273286152816726080e+00
1.352845563840282637e+02 2.271152795549415515e+00
1.352908310592766270e+02 2.269032396119701200e+00
1.352970635302146150e+02 2.266924877196137889e+00
1.353032540786876154e+02 2.264830161896271843e+00
1.353094029846904505e+02 2.262748173784157490e+00
1.353155105263790006e+02 2.260678836867888730e+00
1.353215769800818862e+02 2.258622075597141787e+00
1.353276026203120068e+02 2.256577814860729614e+00
1.353335877197779666e+02 2.254545979984170057e+00
1.353395325493955852e+02 2.252526496727265126e+00
1.353454373782992093e+02 2.250519291281691370e+00
1.353513024738530532e+02 2.248524290268605341e+00
1.353571281016623118e+02 2.246541420736257066e+00
1.353629145255844719e+02 2.244570610157619495e+00
1.353686620077402836e+02 2.242611786428027276e+00
1.353743708085248443e+02 2.240664877862827087e+00
1.353800411866185698e+02 2.238729813195042606e+00
1.353856733989980796e+02 2.236806521573048823e+00
1.353912677009470542e+02 2.234894932558257885e+00
1.353968243460669783e+02 2.232994976122819164e+00
1.354023435862878841e+02 2.231106582647328196e+00
1.354078256718790101e+02 2.229229682918548949e+00
1.354132708514593730e+02 2.227364208127147194e+00
1.354186793720082562e+02 2.225510089865434971e+00
1.354240514788757253e+02 2.223667260125127054e+00
1.354293874157930020e+02 2.221835651295108516e+00
1.354346874248828385e+02 2.220015196159215165e+00
1.354399517466697489e+02 2.218205827894021986e+00
1.354451806200902695e+02 2.216407480066646229e+00
1.354503742825030770e+02 2.214620086632560714e+00
1.354555329696991350e+02 2.212843581933416903e+00
1.354606569159116702e+02 2.211077900694881748e+00
1.354657463538262050e+02 2.209322978024482964e+00
1.354708015145904199e+02 2.207578749409468077e+00
1.354758226278241011e+02 2.205845150714671909e+00
1.354808099216288610e+02 2.204122118180396495e+00
1.354857636225978865e+02 2.202409588420301656e+00
1.354906839558256593e+02 2.200707498419307573e+00
1.354955711449175624e+02 2.199015785531505340e+00
1.355004254119994584e+02 2.197334387478081741e+00
1.355052469777271824e+02 2.195663242345252453e+00
1.355100360612960344e+02 2.194002288582206361e+00
1.355147928804501021e+02 2.192351464999061861e+00
1.355195176514916682e+02 2.190710710764831592e+00
1.355242105892904760e+02 2.189079965405400507e+00
1.355288719072929382e+02 2.187459168801511478e+00
1.355335018175313451e+02 2.185848261186763786e+00
1.355381005306329598e+02 2.184247183145620497e+00
1.355426682558290565e+02 2.182655875611427820e+00
1.355472052009639867e+02 2.181074279864442911e+00
1.355517115725040753e+02 2.179502337529874101e+00
1.355561875755465735e+02 2.177939990575929130e+00
1.355606334138284126e+02 2.176387181311875363e+00
1.355650492897351285e+02 2.174843852386109333e+00
1.355694354043094449e+02 2.173309946784237390e+00
1.355737919572600845e+02 2.171785407827165226e+00
1.355781191469703515e+02 2.170270179169197622e+00
1.355824171705066874e+02 2.168764204796149286e+00
1.355866862236271970e+02 2.167267429023464587e+00
1.355909265007902036e+02 2.165779796494347487e+00
1.355951381951625478e+02 2.164301252177901702e+00
1.355993214986280861e+02 2.162831741367280181e+00
1.356034766017958759e+02 2.161371209677844352e+00
1.356076036940085316e+02 2.159919603045334036e+00
1.356117029633504671e+02 2.158476867724046233e+00
1.356157745966559673e+02 2.157042950285023242e+00
1.356198187795173453e+02 2.155617797614251430e+00
1.356238356962930709e+02 2.154201356910868892e+00
1.356278255301157003e+02 2.152793575685382876e+00
1.356317884628998911e+02 2.151394401757896091e+00
1.356357246753503034e+02 2.150003783256343670e+00
1.356396343469694727e+02 2.148621668614738134e+00
1.356435176560656259e+02 2.147248006571425893e+00
1.356473747797604688e+02 2.145882746167349975e+00
1.356512058939969165e+02 2.144525836744324288e+00
1.356550111735467112e+02 2.143177227943316776e+00
1.356587907920181522e+02 2.141836869702741009e+00
1.356625449218635993e+02 2.140504712256757092e+00
1.356662737343870333e+02 2.139180706133583687e+00
1.356699773997515024e+02 2.137864802153815358e+00
1.356736560869866821e+02 2.136556951428751461e+00
1.356773099639960947e+02 2.135257105358734808e+00
1.356809391975646406e+02 2.133965215631496548e+00
1.356845439533657611e+02 2.132681234220511701e+00
1.356881243959687993e+02 2.131405113383364025e+00
1.356916806888461053e+02 2.130136805660117982e+00
1.356952129943803129e+02 2.128876263871700480e+00
1.356987214738713874e+02 2.127623441118291936e+00
1.357022062875437030e+02 2.126378290777724889e+00
1.357056675945531765e+02 2.125140766503891498e+00
1.357091055529941173e+02 2.123910822225160366e+00
1.357125203199062753e+02 2.122688412142801351e+00
1.357159120512817196e+02 2.121473490729419265e+00
1.357192809020716595e+02 2.120266012727395122e+00
1.357226270261932655e+02 2.119065933147336711e+00
1.357259505765365475e+02 2.117873207266538049e+00
1.357292517049709204e+02 2.116687790627445498e+00
1.357325305623520251e+02 2.115509639036134537e+00
1.357357872985283223e+02 2.114338708560792313e+00
1.357390220623476864e+02 2.113174955530210397e+00
1.357422350016639996e+02 2.112018336532284657e+00
1.357454262633436599e+02 2.110868808412524000e+00
1.357485959932720618e+02 2.109726328272566676e+00
1.357517443363600478e+02 2.108590853468704562e+00
1.357548714365502462e+02 2.107462341610416345e+00
1.357579774368235519e+02 2.106340750558908237e+00
1.357610624792053216e+02 2.105226038425662693e+00
1.357641267047717122e+02 2.104118163570993794e+00
1.357671702536559337e+02 2.103017084602613718e+00
1.357701932650544450e+02 2.101922760374203669e+00
1.357731958772330358e+02 2.100835149983994565e+00
1.357761782275330233e+02 2.099754212773354833e+00
1.357791404523773622e+02 2.098679908325385757e+00
1.357820826872766418e+02 2.097612196463525702e+00
1.357850050668350548e+02 2.096551037250160565e+00
1.357879077247564226e+02 2.095496390985243096e+00
1.357907907938501069e+02 2.094448218204918000e+00
1.357936544060369215e+02 2.093406479680156806e+00
1.357964986923549588e+02 2.092371136415398958e+00
1.357993237829654163e+02 2.091342149647200443e+00
1.358021298071583658e+02 2.090319480842890432e+00
1.358049168933585236e+02 2.089303091699235004e+00
1.358076851691309344e+02 2.088292944141107998e+00
1.358104347611866558e+02 2.087289000320168508e+00
1.358131657953883575e+02 2.086291222613548602e+00
1.358158783967559486e+02 2.085299573622544589e+00
1.358185726894721768e+02 2.084314016171318062e+00
1.358212487968880851e+02 2.083334513305602265e+00
1.358239068415285544e+02 2.082361028291417782e+00
1.358265469450977037e+02 2.081393524613793566e+00
1.358291692284843748e+02 2.080431965975495956e+00
1.358317738117675049e+02 2.079476316295763905e+00
1.358343608142214123e+02 2.078526539709052212e+00
1.358369303543212254e+02 2.077582600563780968e+00
1.358394825497480838e+02 2.076644463421092546e+00
1.358420175173943960e+02 2.075712093053614815e+00
1.358445353733690979e+02 2.074785454444231902e+00
1.358470362330027967e+02 2.073864512784861613e+00
1.358495202108529440e+02 2.072949233475239073e+00
1.358519874207089515e+02 2.072039582121707468e+00
1.358544379755972216e+02 2.071135524536016348e+00
1.358568719877862918e+02 2.070237026734125685e+00
1.358592895687917803e+02 2.069344054935015720e+00
1.358616908293813879e+02 2.068456575559506128e+00
1.358640758795798718e+02 2.067574555229079181e+00
1.358664448286739344e+02 2.066697960764710906e+00
1.358687977852171684e+02 2.065826759185708461e+00
1.358711348570348605e+02 2.064960917708552834e+00
1.358734561512288224e+02 2.064100403745750878e+00
1.358757617741822514e+02 2.063245184904689999e+00
1.358780518315643917e+02 2.062395228986502627e+00
1.358803264283353656e+02 2.061550503984934668e+00
1.358825856687508349e+02 2.060710978085221967e+00
1.358848296563666338e+02 2.059876619662972086e+00
1.358870584940435151e+02 2.059047397283051861e+00
1.358892722839516694e+02 2.058223279698482955e+00
1.358914711275753859e+02 2.057404235849342289e+00
1.358936551257174870e+02 2.056590234861668698e+00
1.358958243785039883e+02 2.055781246046375799e+00
1.358979789853885336e+02 2.054977238898171521e+00
1.359001190451568561e+02 2.054178183094482968e+00
1.359022446559312129e+02 2.053384048494387937e+00
1.359043559151747900e+02 2.052594805137552214e+00
1.359064529196961075e+02 2.051810423243172199e+00
1.359085357656533972e+02 2.051030873208924632e+00
1.359106045485588083e+02 2.050256125609921654e+00
1.359126593632828417e+02 2.049486151197671635e+00
1.359147003040585275e+02 2.048720920899045783e+00
1.359167274644857173e+02 2.047960405815250962e+00
1.359187409375352615e+02 2.047204577220808730e+00
1.359207408155531596e+02 2.046453406562538380e+00
1.359227271902648226e+02 2.045706865458547519e+00
1.359247001527791383e+02 2.044964925697227542e+00
1.359266597935925347e+02 2.044227559236255765e+00
1.359286062025931301e+02 2.043494738201601102e+00
1.359305394690647404e+02 2.042766434886537308e+00
1.359324596816909434e+02 2.042042621750660647e+00
1.359343669285590295e+02 2.041323271418914675e+00
1.359362612971639805e+02 2.040608356680618130e+00
1.359381428744124491e+02 2.039897850488500808e+00
1.359400117466266522e+02 2.039191725957742563e+00
1.359418679995482364e+02 2.038489956365019840e+00
1.359437117183422288e+02 2.037792515147556660e+00
1.359455429876008168e+02 2.037099375902180931e+00
1.359473618913471569e+02 2.036410512384385640e+00
1.359491685130392398e+02 2.035725898507396714e+00
1.359509629355735569e+02 2.035045508341244869e+00
1.359527452412889375e+02 2.034369316111844128e+00
1.359545155119702429e+02 2.033697296200073446e+00
1.359562738288520052e+02 2.033029423140865433e+00
1.359580202726221501e+02 2.032365671622299974e+00
1.359597549234256917e+02 2.031706016484702282e+00
1.359614778608682286e+02 2.031050432719746723e+00
1.359631891640196670e+02 2.030398895469565090e+00
1.359648889114177166e+02 2.029751380025860641e+00
1.359665771810715000e+02 2.029107861829027026e+00
1.359682540504650206e+02 2.028468316467271215e+00
1.359699195965607146e+02 2.027832719675743967e+00
1.359715738958029476e+02 2.027201047335671635e+00
1.359732170241213964e+02 2.026573275473496860e+00
1.359748490569346018e+02 2.025949380260020138e+00
1.359764700691532653e+02 2.025329338009550284e+00
1.359780801351837454e+02 2.024713125179056661e+00
1.359796793289313257e+02 2.024100718367327190e+00
1.359812677238036542e+02 2.023492094314132572e+00
1.359828453927140401e+02 2.022887229899392736e+00
1.359844124080847223e+02 2.022286102142349939e+00
1.359859688418501946e+02 2.021688688200746320e+00
1.359875147654604746e+02 2.021094965370005880e+00
1.359890502498842864e+02 2.020504911082420474e+00
1.359905753656123295e+02 2.019918502906342006e+00
1.359920901826604620e+02 2.019335718545377745e+00
1.359935947705728836e+02 2.018756535837590960e+00
1.359950891984252905e+02 2.018180932754706003e+00
1.359965735348279452e+02 2.017608887401318718e+00
1.359980478479289161e+02 2.017040378014110402e+00
1.359995122054170906e+02 2.016475382961065321e+00
1.360009666745252161e+02 2.015913880740695330e+00
1.360024113220330264e+02 2.015355849981267156e+00
1.360038462142702542e+02 2.014801269440034126e+00
1.360052714171196442e+02 2.014250118002473222e+00
1.360066869960198801e+02 2.013702374681526130e+00
1.360080930159686829e+02 2.013158018616842959e+00
1.360094895415256531e+02 2.012617029074033947e+00
1.360108766368152260e+02 2.012079385443922064e+00
1.360122543655296568e+02 2.011545067241801377e+00
1.360136227909318620e+02 2.011014054106699867e+00
1.360149819758582623e+02 2.010486325800645346e+00
1.360163319827217094e+02 2.009961862207937600e+00
1.360176728735142717e+02 2.009440643334422294e+00
1.360190047098100763e+02 2.008922649306771113e+00
1.360203275527681228e+02 2.008407860371764997e+00
1.360216414631350403e+02 2.007896256895581377e+00
1.360229465012478727e+02 2.007387819363086301e+00
1.360242427270368069e+02 2.006882528377130104e+00
1.360255302000279016e+02 2.006380364657846638e+00
1.360268089793458159e+02 2.005881309041957827e+00
1.360280791237164806e+02 2.005385342482081334e+00
1.360293406914697698e+02 2.004892446046042220e+00
1.360305937405422014e+02 2.004402600916189492e+00
1.360318383284794947e+02 2.003915788388715313e+00
1.360330745124392990e+02 2.003431989872978214e+00
1.360343023491936663e+02 2.002951186890832069e+00
1.360355218951317511e+02 2.002473361075955971e+00
1.360367332062623404e+02 2.001998494173191645e+00
1.360379363382163831e+02 2.001526568037880871e+00
1.360391313462495475e+02 2.001057564635209118e+00
1.360403182852447515e+02 2.000591466039552291e+00
1.360414972097146347e+02 2.000128254433828356e+00
1.360426681738040884e+02 1.999667912108850087e+00
1.360438312312926712e+02 1.999210421462684240e+00
1.360449864355970817e+02 1.998755765000013396e+00
1.360461338397736029e+02 1.998303925331500919e+00
1.360472734965205461e+02 1.997854885173160788e+00
1.360484054581805822e+02 1.997408627345729881e+00
1.360495297767432135e+02 1.996965134774045136e+00
1.360506465038471049e+02 1.996524390486422940e+00
1.360517556907824428e+02 1.996086377614043617e+00
1.360528573884932371e+02 1.995651079390337923e+00
1.360539516475797370e+02 1.995218479150378643e+00
1.360550385183006767e+02 1.994788560330274407e+00
1.360561180505755488e+02 1.994361306466567951e+00
1.360571902939869915e+02 1.993936701195637262e+00
1.360582552977828925e+02 1.993514728253100499e+00
1.360593131108787759e+02 1.993095371473224686e+00
1.360603637818599907e+02 1.992678614788337077e+00
1.360614073589838995e+02 1.992264442228240506e+00
1.360624438901820952e+02 1.991852837919631636e+00
1.360634734230626464e+02 1.991443786085523637e+00
1.360644960049122290e+02 1.991037271044670653e+00
1.360655116826982294e+02 1.990633277210997365e+00
1.360665205030710183e+02 1.990231789093030557e+00
1.360675225123659970e+02 1.989832791293334235e+00
1.360685177566057007e+02 1.989436268507948524e+00
1.360695062815019298e+02 1.989042205525831220e+00
1.360704881324579105e+02 1.988650587228303790e+00
1.360714633545702270e+02 1.988261398588498263e+00
1.360724319926310386e+02 1.987874624670810331e+00
1.360733940911299840e+02 1.987490250630352895e+00
1.360743496942562842e+02 1.987108261712414947e+00
1.360752988459008179e+02 1.986728643251921778e+00
1.360762415896580251e+02 1.986351380672900291e+00
1.360771779688279821e+02 1.985976459487945212e+00
1.360781080264183061e+02 1.985603865297690618e+00
1.360790318051462009e+02 1.985233583790282808e+00
1.360799493474403619e+02 1.984865600740857161e+00
1.360808606954429649e+02 1.984499902011018113e+00
1.360817658910115142e+02 1.984136473548321566e+00
1.360826649757208600e+02 1.983775301385760859e+00
1.360835579908649891e+02 1.983416371641255393e+00
1.360844449774590430e+02 1.983059670517142381e+00
1.360853259762410516e+02 1.982705184299671908e+00
1.360862010276739511e+02 1.982352899358504228e+00
1.360870701719473175e+02 1.982002802146210607e+00
1.360879334489792427e+02 1.981654879197776831e+00
1.360887908984181820e+02 1.981309117130109376e+00
1.360896425596447727e+02 1.980965502641545584e+00
1.360904884717735968e+02 1.980624022511364934e+00
1.360913286736550276e+02 1.980284663599304551e+00
1.360921632038769360e+02 1.979947412845077137e+00
1.360929921007665655e+02 1.979612257267891584e+00
1.360938154023921811e+02 1.979279183965976907e+00
1.360946331465648598e+02 1.978948180116107736e+00
1.360954453708402241e+02 1.978619232973134467e+00
1.360962521125201761e+02 1.978292329869514310e+00
1.360970534086546024e+02 1.977967458214846541e+00
1.360978492960430231e+02 1.977644605495409103e+00
1.360986398112363247e+02 1.977323759273699633e+00
1.360994249905384663e+02 1.977004907187977167e+00
1.361002048700080422e+02 1.976688036951808725e+00
1.361009794854600727e+02 1.976373136353616555e+00
1.361017488724675104e+02 1.976060193256228947e+00
1.361025130663629739e+02 1.975749195596434360e+00
1.361032721022402825e+02 1.975440131384536668e+00
1.361040260149561618e+02 1.975132988703914183e+00
1.361047748391317498e+02 1.974827755710580890e+00
1.361055186091542168e+02 1.974524420632749910e+00
1.361062573591784144e+02 1.974222971770400514e+00
1.361069911231283243e+02 1.973923397494846466e+00
1.361077199346986788e+02 1.973625686248307920e+00
1.361084438273565240e+02 1.973329826543484877e+00
1.361091628343426692e+02 1.973035806963133965e+00
1.361098769886733351e+02 1.972743616159647884e+00
1.361105863231415753e+02 1.972453242854635969e+00
1.361112908703188111e+02 1.972164675838508741e+00
1.361119906625563374e+02 1.971877903970064017e+00
1.361126857319867725e+02 1.971592916176075683e+00
1.361133761105255928e+02 1.971309701450885354e+00
1.361140618298725258e+02 1.971028248855995590e+00
1.361147429215130558e+02 1.970748547519665772e+00
1.361154194167198455e+02 1.970470586636510868e+00
1.361160913465541853e+02 1.970194355467102421e+00
1.361167587418674145e+02 1.969919843337571086e+00
1.361174216333023139e+02 1.969647039639212283e+00
1.361180800512945837e+02 1.969375933828094283e+00
1.361187340260741792e+02 1.969106515424668080e+00
1.361193835876666753e+02 1.968838774013379922e+00
1.361200287658947161e+02 1.968572699242285839e+00
1.361206695903793502e+02 1.968308280822668843e+00
1.361213060905413670e+02 1.968045508528657894e+00
1.361219382956027175e+02 1.967784372196849763e+00
1.361225662345877652e+02 1.967524861725932217e+00
1.361231899363246782e+02 1.967266967076310324e+00
1.361238094294467658e+02 1.967010678269734747e+00
1.361244247423937566e+02 1.966755985388931594e+00
1.361250359034131066e+02 1.966502878577235602e+00
1.361256429405613062e+02 1.966251348038223989e+00
1.361262458817051879e+02 1.966001384035354294e+00
1.361268447545231766e+02 1.965752976891602444e+00
1.361274395865065685e+02 1.965506116989104601e+00
1.361280304049608390e+02 1.965260794768800112e+00
1.361286172370068073e+02 1.965017000730076902e+00
1.361292001095819444e+02 1.964774725430419089e+00
1.361297790494416518e+02 1.964533959485056158e+00
1.361303540831603698e+02 1.964294693566615235e+00
1.361309252371329137e+02 1.964056918404774255e+00
1.361314925375756104e+02 1.963820624785917790e+00
1.361320560105275774e+02 1.963585803552794884e+00
1.361326156818518314e+02 1.963352445604179097e+00
1.361331715772365669e+02 1.963120541894530113e+00
1.361337237221962653e+02 1.962890083433657340e+00
1.361342721420729163e+02 1.962661061286386177e+00
1.361348168620371268e+02 1.962433466572225615e+00
1.361353579070893431e+02 1.962207290465038056e+00
1.361358953020609874e+02 1.961982524192710686e+00
1.361364290716155381e+02 1.961759159036829958e+00
1.361369592402497517e+02 1.961537186332356075e+00
1.361374858322947148e+02 1.961316597467301692e+00
1.361380088719170089e+02 1.961097383882410394e+00
1.361385283831197910e+02 1.960879537070838730e+00
1.361390443897439297e+02 1.960663048577839351e+00
1.361395569154691145e+02 1.960447910000445493e+00
1.361400659838148783e+02 1.960234112987158772e+00
1.361405716181417063e+02 1.960021649237637442e+00
1.361410738416521440e+02 1.959810510502387748e+00
1.361415726773918493e+02 1.959600688582455730e+00
1.361420681482506438e+02 1.959392175329121910e+00
1.361425602769635361e+02 1.959184962643597538e+00
1.361430490861118301e+02 1.958979042476722388e+00
1.361435345981241198e+02 1.958774406828664771e+00
1.361440168352773128e+02 1.958571047748622895e+00
1.361444958196977097e+02 1.958368957334528426e+00
1.361449715733619996e+02 1.958168127732750952e+00
1.361454441180981974e+02 1.957968551137805768e+00
1.361459134755867808e+02 1.957770219792061672e+00
1.361463796673615434e+02 1.957573125985451634e+00
1.361468427148107310e+02 1.957377262055185030e+00
1.361473026391778944e+02 1.957182620385460980e+00
1.361477594615629698e+02 1.956989193407184136e+00
1.361482132029232162e+02 1.956796973597681566e+00
1.361486638840740966e+02 1.956605953480421878e+00
1.361491115256903868e+02 1.956416125624735658e+00
1.361495561483069991e+02 1.956227482645537474e+00
1.361499977723200061e+02 1.956040017203049874e+00
1.361504364179875495e+02 1.955853722002528938e+00
1.361508721054307500e+02 1.955668589793990941e+00
1.361513048546346738e+02 1.955484613371941904e+00
1.361517346854492132e+02 1.955301785575106921e+00
1.361521616175900817e+02 1.955120099286163260e+00
1.361525856706396098e+02 1.954939547431473024e+00
1.361530068640476827e+02 1.954760122980818693e+00
1.361534252171327068e+02 1.954581818947139560e+00
1.361538407490824056e+02 1.954404628386270604e+00
1.361542534789547858e+02 1.954228544396681810e+00
1.361546634256789048e+02 1.954053560119219712e+00
1.361550706080558371e+02 1.953879668736850261e+00
1.361554750447595268e+02 1.953706863474403921e+00
1.361558767543376121e+02 1.953535137598320537e+00
1.361562757552122775e+02 1.953364484416398206e+00
1.361566720656811640e+02 1.953194897277541031e+00
1.361570657039181356e+02 1.953026369571510656e+00
1.361574566879741894e+02 1.952858894728677797e+00
1.361578450357781946e+02 1.952692466219775547e+00
1.361582307651378017e+02 1.952527077555655133e+00
1.361586138937402382e+02 1.952362722287041441e+00
1.361589944391530764e+02 1.952199394004291433e+00
1.361593724188251429e+02 1.952037086337153449e+00
1.361597478500872000e+02 1.951875792954527622e+00
1.361601207501528279e+02 1.951715507564228957e+00
1.361604911361192194e+02 1.951556223912749743e+00
1.361608590249678912e+02 1.951397935785025517e+00
1.361612244335655362e+02 1.951240637004201250e+00
1.361615873786648194e+02 1.951084321431399093e+00
1.361619478769050602e+02 1.950928982965487890e+00
1.361623059448130562e+02 1.950774615542853141e+00
1.361626615988038509e+02 1.950621213137169629e+00
1.361630148551814727e+02 1.950468769759174492e+00
1.361633657301396738e+02 1.950317279456442288e+00
1.361637142397626974e+02 1.950166736313160509e+00
1.361640604000260453e+02 1.950017134449907097e+00
1.361644042267971315e+02 1.949868468023429502e+00
1.361647457358360782e+02 1.949720731226424197e+00
1.361650849427964260e+02 1.949573918287318852e+00
1.361654218632258448e+02 1.949428023470054283e+00
1.361657565125669009e+02 1.949283041073868628e+00
1.361660889061576540e+02 1.949138965433082626e+00
1.361664190592324815e+02 1.948995790916886239e+00
1.361667469869227318e+02 1.948853511929126592e+00
1.361670727042574356e+02 1.948712122908096811e+00
1.361673962261639588e+02 1.948571618326326638e+00
1.361677175674687135e+02 1.948431992690373704e+00
1.361680367428978684e+02 1.948293240540617033e+00
1.361683537670779742e+02 1.948155356451050535e+00
1.361686686545367024e+02 1.948018335029078507e+00
1.361689814197034707e+02 1.947882170915312683e+00
1.361692920769100965e+02 1.947746858783369506e+00
1.361696006403914794e+02 1.947612393339669179e+00
1.361699071242862829e+02 1.947478769323236047e+00
1.361702115426375030e+02 1.947345981505500090e+00
1.361705139093932075e+02 1.947214024690099299e+00
1.361708142384071607e+02 1.947082893712683616e+00
1.361711125434393637e+02 1.946952583440720197e+00
1.361714088381568502e+02 1.946823088773298682e+00
1.361717031361341697e+02 1.946694404640939569e+00
1.361719954508540980e+02 1.946566526005401920e+00
1.361722857957082340e+02 1.946439447859493299e+00
1.361725741839976251e+02 1.946313165226880360e+00
1.361728606289333356e+02 1.946187673161901222e+00
1.361731451436371572e+02 1.946062966749377621e+00
1.361734277411420635e+02 1.945939041104429723e+00
1.361737084343929496e+02 1.945815891372291162e+00
1.361739872362471715e+02 1.945693512728125629e+00
1.361742641594751433e+02 1.945571900376844132e+00
1.361745392167608770e+02 1.945451049552923806e+00
1.361748124207026649e+02 1.945330955520226945e+00
1.361750837838135624e+02 1.945211613571822706e+00
1.361753533185220419e+02 1.945093019029808135e+00
1.361756210371725331e+02 1.944975167245131420e+00
1.361758869520259623e+02 1.944858053597415815e+00
1.361761510752603783e+02 1.944741673494784884e+00
1.361764134189714639e+02 1.944626022373688201e+00
1.361766739951731324e+02 1.944511095698728376e+00
1.361769328157980112e+02 1.944396888962489856e+00
1.361771898926980953e+02 1.944283397685367509e+00
1.361774452376451734e+02 1.944170617415397206e+00
1.361776988623315106e+02 1.944058543728087063e+00
1.361779507783702456e+02 1.943947172226249132e+00
1.361782009972960452e+02 1.943836498539833535e+00
1.361784495305655298e+02 1.943726518325762154e+00
1.361786963895578708e+02 1.943617227267764314e+00
1.361789415855753020e+02 1.943508621076212473e+00
1.361791851298436598e+02 1.943400695487960128e+00
1.361794270335128374e+02 1.943293446266179503e+00
1.361796673076573541e+02 1.943186869200201228e+00
1.361799059632768376e+02 1.943080960105354027e+00
1.361801430112965363e+02 1.942975714822806399e+00
1.361803784625678588e+02 1.942871129219408299e+00
1.361806123278688290e+02 1.942767199187534377e+00
1.361808446179045688e+02 1.942663920644927877e+00
1.361810753433078389e+02 1.942561289534545654e+00
1.361813045146395211e+02 1.942459301824404072e+00
1.361815321423890737e+02 1.942357953507425794e+00
1.361817582369750426e+02 1.942257240601287238e+00
1.361819828087455164e+02 1.942157159148267809e+00
1.361822058679786664e+02 1.942057705215098906e+00
1.361824274248830875e+02 1.941958874892814269e+00
1.361826474895984234e+02 1.941860664296602312e+00
1.361828660721957647e+02 1.941763069565657140e+00
1.361830831826780468e+02 1.941666086863032659e+00
1.361832988309806467e+02 1.941569712375496248e+00
1.361835130269717524e+02 1.941473942313383549e+00
1.361837257804527894e+02 1.941378772910454353e+00
1.361839371011589606e+02 1.941284200423749606e+00
1.361841469987596440e+02 1.941190221133448190e+00
1.361843554828588481e+02 1.941096831342726370e+00
1.361845625629956658e+02 1.941004027377616348e+00
1.361847682486446445e+02 1.940911805586866157e+00
1.361849725492163543e+02 1.940820162341801103e+00
1.361851754740576723e+02 1.940729094036185431e+00
1.361853770324523509e+02 1.940638597086085104e+00
1.361855772336213306e+02 1.940548667929730575e+00
1.361857760867232230e+02 1.940459303027382010e+00
1.361859736008547657e+02 1.940370498861193616e+00
1.361861697850511632e+02 1.940282251935080193e+00
1.361863646482865420e+02 1.940194558774583244e+00
1.361865581994743764e+02 1.940107415926738854e+00
1.361867504474678583e+02 1.940020819959945797e+00
1.361869414010603805e+02 1.939934767463835197e+00
1.361871310689858205e+02 1.939849255049139742e+00
1.361873194599190811e+02 1.939764279347565124e+00
1.361875065824764022e+02 1.939679837011660579e+00
1.361876924452157880e+02 1.939595924714691888e+00
1.361878770566373476e+02 1.939512539150514581e+00
1.361880604251838065e+02 1.939429677033446930e+00
1.361882425592407628e+02 1.939347335098145164e+00
1.361884234671371416e+02 1.939265510099478673e+00
1.361886031571455646e+02 1.939184198812405668e+00
1.361887816374827480e+02 1.939103398031851055e+00
1.361889589163099004e+02 1.939023104572582756e+00
1.361891350017329785e+02 1.938943315269090695e+00
1.361893099018032274e+02 1.938864026975466004e+00
1.361894836245174645e+02 1.938785236565280456e+00
1.361896561778184207e+02 1.938706940931467226e+00
1.361898275695951384e+02 1.938629136986201651e+00
1.361899978076833690e+02 1.938551821660783991e+00
1.361901668998658863e+02 1.938474991905521527e+00
1.361903348538728551e+02 1.938398644689611983e+00
1.361905016773822013e+02 1.938322777001027841e+00
1.361906673780199526e+02 1.938247385846401105e+00
1.361908319633606084e+02 1.938172468250908720e+00
1.361909954409274519e+02 1.938098021258158443e+00
1.361911578181929485e+02 1.938024041930076491e+00
1.361913191025790297e+02 1.937950527346794516e+00
1.361914793014574911e+02 1.937877474606537698e+00
1.361916384221502767e+02 1.937804880825514386e+00
1.361917964719298766e+02 1.937732743137805302e+00
1.361919534580196114e+02 1.937661058695253402e+00
1.361921093875940016e+02 1.937589824667355520e+00
1.361922642677790520e+02 1.937519038241153346e+00
1.361924181056526209e+02 1.937448696621126398e+00
1.361925709082447611e+02 1.937378797029084110e+00
1.361927226825380046e+02 1.937309336704060136e+00
1.361928734354676749e+02 1.937240312902205774e+00
1.361930231739222279e+02 1.937171722896685822e+00
1.361931719047435934e+02 1.937103563977572884e+00
1.361933196347274588e+02 1.937035833451744571e+00
1.361934663706235540e+02 1.936968528642779352e+00
