8.000000000000000000e+01 4.000000000000000000e+01
7.990725899438054114e+01 3.986589934357080978e+01
7.981751646248771692e+01 3.973328738176878261e+01
7.973073814018512451e+01 3.960213774872477899e+01
7.964688971794846850e+01 3.947242422325830802e+01
7.956593686834214907e+01 3.934412073890711525e+01
7.948784527239698150e+01 3.921720139357540091e+01
7.941258064487860224e+01 3.909164045879730764e+01
7.934010875844082022e+01 3.896741238861359591e+01
7.927039546666183867e+01 3.884449182806054068e+01
7.920340672596555009e+01 3.872285362127129815e+01
7.913910861643334727e+01 3.860247281919092899e+01
7.907746736151523237e+01 3.848332468690733776e+01
7.901844934665219000e+01 3.836538471060117672e+01
7.896202113682416268e+01 3.824862860411870003e+01
7.890814949304073878e+01 3.813303231517226521e+01
7.885680138779378012e+01 3.801857203117383222e+01
7.880794401949307826e+01 3.790522418470755639e+01
7.876154482590807504e+01 3.779296545864801260e+01
7.871757149663996245e+01 3.768177279093113441e+01
7.867599198464995425e+01 3.757162337898545701e+01
7.863677451687055964e+01 3.746249468383154380e+01
7.859988760392757001e+01 3.735436443385788863e+01
7.856530004900133690e+01 3.724721062828181317e+01
7.853298095585626015e+01 3.714101154030414875e+01
7.850289973606810179e+01 3.703574571996668396e+01
7.847502611547879781e+01 3.693139199672146589e+01
7.844933013990878123e+01 3.682792948172121328e+01
7.842578218015663083e+01 3.672533756984010722e+01
7.840435293631607294e+01 3.662359594143428154e+01
7.838501344143990934e+01 3.652268456385137796e+01
7.836773506458037275e+01 3.642258369269843854e+01
7.835248951323494282e+01 3.632327387287737253e+01
7.833924883522642801e+01 3.622473593939724879e+01
7.832798542004535136e+01 3.612695101797236674e+01
7.831867199968245075e+01 3.602990052541516519e+01
7.831128164897829436e+01 3.593356616983272289e+01
7.830578778551659980e+01 3.583792995063553377e+01
7.830216416908696431e+01 3.574297415836704772e+01
7.830038490074221613e+01 3.564868137436225481e+01
7.830042442147488657e+01 3.555503447024351971e+01
7.830225751053639272e+01 3.546201660726148930e+01
7.830585928342203772e+01 3.536961123548883279e+01
7.831120518954402598e+01 3.527780209287433166e+01
7.831827100961402266e+01 3.518657320416456002e+01
7.832703285275592009e+01 3.509590887970024653e+01
7.833746715336896216e+01 3.500579371409413199e+01
7.834955066776028332e+01 3.491621258479694490e+01
7.836326047056554955e+01 3.482715065055784009e+01
7.837857395097539381e+01 3.473859334978553193e+01
7.839546880878467050e+01 3.465052639881593421e+01
7.841392305028101362e+01 3.456293579009211925e+01
7.843391498398817419e+01 3.447580779026200304e+01
7.845542321627924309e+01 3.438912893819904326e+01
7.847842664687399861e+01 3.430288604295098764e+01
7.850290446423407786e+01 3.421706618162149027e+01
7.852883614086894681e+01 3.413165669718927120e+01
7.855620142856508892e+01 3.404664519626913943e+01
7.858498035355023603e+01 3.396201954681918522e+01
7.861515321160386804e+01 3.387776787579813487e+01
7.864670056312458257e+01 3.379387856677667656e+01
7.867960322816460916e+01 3.371034025750643082e+01
7.871384228144083295e+01 3.362714183745005414e+01
7.874939904733165008e+01 3.354427244527573038e+01
7.878625509486811040e+01 3.346172146631919730e+01
7.882439223272750439e+01 3.337947853001629994e+01
7.886379250423703979e+01 3.329753350730887007e+01
7.890443818239495499e+01 3.321587650802654679e+01
7.894631176491573399e+01 3.313449787824715997e+01
7.898939596930586049e+01 3.305338819763795755e+01
7.903367372797626444e+01 3.297253827677997151e+01
7.907912818339688954e+01 3.289193915447764027e+01
7.912574268329882443e+01 3.281158209505568379e+01
7.917350077592885782e+01 3.273145858564511457e+01
7.922238620536114695e+01 3.265156033346013231e+01
7.927238290687014910e+01 3.257187926306761483e+01
7.932347500236892301e+01 3.249240751365072555e+01
7.937564679591645245e+01 3.241313743626815125e+01
7.942888276929741664e+01 3.233406159111029865e+01
7.948316757767750573e+01 3.225517274475379992e+01
7.953848604533720845e+01 3.217646386741547815e+01
7.959482316148668701e+01 3.209792813020698787e+01
7.965216407616419758e+01 3.201955890239111824e+01
7.971049409622014537e+01 3.194134974864079979e+01
7.976979868138876384e+01 3.186329442630173858e+01
7.983006344044923708e+01 3.178538688265954804e+01
7.989127412747767210e+01 3.170762125221218497e+01
7.995341663819137068e+01 3.162999185394849277e+01
8.001647700638662286e+01 3.155249318863350894e+01
8.008044140047083204e+01 3.147511993610125458e+01
8.014529612009003756e+01 3.139786695255561000e+01
8.021102759285226114e+01 3.132072926787988010e+01
8.027762237114737331e+01 3.124370208295558271e+01
8.034506712906373593e+01 3.116678076699098909e+01
8.041334865940183363e+01 3.108996085485990335e+01
8.048245387078500812e+01 3.101323804445113907e+01
8.055236978486726684e+01 3.093660819402913020e+01
8.062308353363785329e+01 3.086006731960607041e+01
8.069458235682247960e+01 3.078361159232598254e+01
8.076685359938055342e+01 3.070723733586109105e+01
8.083988470909812918e+01 3.063094102382081729e+01
8.091366323427573093e+01 3.055471927717377767e+01
8.098817682151042163e+01 3.047856886168306545e+01
8.106341321357126617e+01 3.040248668535513232e+01
8.113936024736725017e+01 3.032646979590259306e+01
8.121600585200658884e+01 3.025051537822119130e+01
8.129333804694641685e+01 3.017462075188124260e+01
8.137134494023160869e+01 3.009878336863380710e+01
8.145001472682145049e+01 3.002300080993185460e+01
8.152933568700291289e+01 2.994727078446668855e+01
8.160929618488903259e+01 2.987159112571986341e+01
8.168988466700096751e+01 2.979595978953086544e+01
8.177108966093226172e+01 2.972037485168078064e+01
8.185289977409352957e+01 2.964483450549220578e+01
8.193530369253622325e+01 2.956933705944561908e+01
8.201829017985346582e+01 2.949388093481249840e+01
8.210184807615642910e+01 2.941846466330535748e+01
8.218596629712440915e+01 2.934308688474497373e+01
8.227063383312670908e+01 2.926774634474504211e+01
8.235583974841452459e+01 2.919244189241447529e+01
8.244157318038094218e+01 2.911717247807757758e+01
8.252782333888704613e+01 2.904193715101234119e+01
8.261457950565225872e+01 2.896673505720708164e+01
8.270183103370682431e+01 2.889156543713565028e+01
8.278956734690457608e+01 2.881642762355145493e+01
8.287777793949379657e+01 2.874132103930050519e+01
8.296645237574422538e+01 2.866624519515372427e+01
8.305558028962812500e+01 2.859119968765875086e+01
8.314515138455341514e+01 2.851618419701144802e+01
8.323515543314660192e+01 2.844119848494736402e+01
8.332558227708369714e+01 2.836624239265335135e+01
8.341642182696682539e+01 2.829131583869956046e+01
8.350766406224454386e+01 2.821641881699205001e+01
8.359929903117375716e+01 2.814155139474619460e+01
8.369131685082125216e+01 2.806671371048115660e+01
8.378370770710262150e+01 2.799190597203556763e+01
8.387646185485675687e+01 2.791712845460467918e+01
8.396956961795360996e+01 2.784238149879916691e+01
8.406302138943345881e+01 2.776766550872576644e+01
8.415680763167551959e+01 2.769298095008997862e+01
8.425091887659399958e+01 2.761832834832098982e+01
8.434534572585958756e+01 2.754370828671902771e+01
8.444007885114450573e+01 2.746912140462530161e+01
8.453510899438914805e+01 2.739456839561471568e+01
8.463042696808855681e+01 2.732005000571152564e+01
8.472602365559673387e+01 2.724556703162808446e+01
8.482189001144712392e+01 2.717112031902683356e+01
8.491801706168735109e+01 2.709671076080569563e+01
8.501439590422664594e+01 2.702233929540700430e+01
8.511101770919410114e+01 2.694800690515008057e+01
8.520787371930613574e+01 2.687371461458759825e+01
8.530495525024160486e+01 2.679946348888586272e+01
8.540225369102293485e+01 2.672525463222907049e+01
8.549976050440166375e+01 2.665108918624768819e+01
8.559746722724705137e+01 2.657696832847100410e+01
8.569536547093618140e+01 2.650289327080395196e+01
8.579344692174416309e+01 2.642886525802826014e+01
8.589170334123313921e+01 2.635488556632800794e+01
8.599012656663867915e+01 2.628095550183960327e+01
8.608870851125243462e+01 2.620707639922625987e+01
8.618744116479965101e+01 2.613324962027698106e+01
8.628631659381052543e+01 2.605947655253006090e+01
8.638532694198420359e+01 2.598575860792114156e+01
8.648446443054439214e+01 2.591209722145579875e+01
8.658372135858543572e+01 2.583849384990666920e+01
8.668309010340809095e+01 2.576494997053506708e+01
8.678256312084384660e+01 2.569146707983708922e+01
8.688213294556706501e+01 2.561804669231415588e+01
8.698179219139399265e+01 2.554469033926792321e+01
8.708153355156798625e+01 2.547139956761953528e+01
8.718134979903011583e+01 2.539817593875311630e+01
8.728123378667444854e+01 2.532502102738343908e+01
8.738117844758744468e+01 2.525193642044766662e+01
8.748117679527081236e+01 2.517892371602107815e+01
8.758122192384725224e+01 2.510598452225665866e+01
8.768130700824868029e+01 2.503312045634844552e+01
8.778142530438633173e+01 2.496033314351848631e+01
8.788157014930243349e+01 2.488762421602729802e+01
8.798173496130300464e+01 2.481499531220764254e+01
8.808191324007148637e+01 2.474244807552149439e+01
8.818209856676290315e+01 2.466998415364003705e+01
8.828228460407825651e+01 2.459760519754649266e+01
8.838246509631905212e+01 2.452531286066162863e+01
8.848263386942156217e+01 2.445310879799174586e+01
8.858278483097096512e+01 2.438099466529894954e+01
8.868291197019502192e+01 2.430897211829350724e+01
8.878300935793738802e+01 2.423704281184809162e+01
8.888307114661034802e+01 2.416520839923366992e+01
8.898309157012717208e+01 2.409347053137685180e+01
8.908306494381398011e+01 2.402183085613842550e+01
8.918298566430118512e+01 2.395029101761289070e+01
8.928284820939467181e+01 2.387885265544872482e+01
8.938264713792678151e+01 2.380751740418913798e+01
8.948237708958723147e+01 2.373628689263307123e+01
8.958203278473418152e+01 2.366516274321619306e+01
8.968160902418553349e+01 2.359414657141161697e+01
8.978110068899090379e+01 2.352323998515008086e+01
8.988050274018421248e+01 2.345244458425934297e+01
8.997981021851738603e+01 2.338176195992249262e+01
9.007901824417533021e+01 2.331119369415490894e+01
9.017812201647251413e+01 2.324074135929961571e+01
9.027711681353144968e+01 2.317040651754071945e+01
9.037599799194343575e+01 2.310019072043466437e+01
9.047476098641188003e+01 2.303009550845900932e+01
9.057340130937856770e+01 2.296012241057846737e+01
9.067191455063327510e+01 2.289027294382787048e+01
9.077029637690705499e+01 2.282054861291182490e+01
9.086854253144967686e+01 2.275095090982070900e+01
9.096664883359153464e+01 2.268148131346278618e+01
9.106461117829050522e+01 2.261214128931206346e+01
9.116242553566418394e+01 2.254293228907168256e+01
9.126008795050782396e+01 2.247385575035247385e+01
9.135759454179860484e+01 2.240491309636643891e+01
9.145494150218648599e+01 2.233610573563483825e+01
9.155212509747219940e+01 2.226743506171058229e+01
9.164914166607279356e+01 2.219890245291466613e+01
9.174598761847525452e+01 2.213050927208632501e+01
9.184265943667848831e+01 2.206225686634662608e+01
9.193915367362437507e+01 2.199414656687522296e+01
9.203546695261807997e+01 2.192617968869996048e+01
9.213159596673834528e+01 2.185835753049905961e+01
9.222753747823800552e+01 2.179068137441559116e+01
9.232328831793527968e+01 2.172315248588395065e+01
9.241884538459633802e+01 2.165577211346805342e+01
9.251420564430949867e+01 2.158854148871098388e+01
9.260936612985157979e+01 2.152146182599579660e+01
9.270432394004684795e+01 2.145453432241721714e+01
9.279907623911890369e+01 2.138776015766395489e+01
9.289362025603614370e+01 2.132114049391136845e+01
9.298795328385102721e+01 2.125467647572420660e+01
9.308207267903371473e+01 2.118836922996916883e+01
9.317597586080044891e+01 2.112221986573701216e+01
9.326966031043708938e+01 2.105622947427396596e+01
9.336312357061822809e+01 2.099039912892217430e+01
9.345636324472231138e+01 2.092472988506893827e+01
9.354937699614315250e+01 2.085922278010448494e+01
9.364216254759814717e+01 2.079387883338804599e+01
9.373471768043377494e+01 2.072869904622196557e+01
9.382704023392851411e+01 2.066368440183363830e+01
9.391912810459375294e+01 2.059883586536501809e+01
9.401097924547293871e+01 2.053415438386947400e+01
9.410259166543933418e+01 2.046964088631575862e+01
9.419396342849279335e+01 2.040529628359887582e+01
9.428509265305579845e+01 2.034112146855761694e+01
9.437597751126915568e+01 2.027711731599855227e+01
9.446661622828762006e+01 2.021328468272626111e+01
9.455700708157584700e+01 2.014962440757959783e+01
9.464714840020486974e+01 2.008613731147378800e+01
9.473703856414944369e+01 2.002282419744812714e+01
9.482667600358657012e+01 1.995968585071913637e+01
9.491605919819548376e+01 1.989672303873892290e+01
9.500518667645921767e+01 1.983393651125858881e+01
9.509405701496829977e+01 1.977132700039649649e+01
9.518266883772653841e+01 1.970889522071119870e+01
9.527102081545929479e+01 1.964664186927885225e+01
9.535911166492449809e+01 1.958456762577496235e+01
9.544694014822651695e+01 1.952267315256024816e+01
9.553450507213322851e+01 1.946095909477050157e+01
9.562180528739635577e+01 1.939942608041023675e+01
9.570883968807545727e+01 1.933807472044999187e+01
9.579560721086555475e+01 1.927690560892713023e+01
9.588210683442878235e+01 1.921591932304996320e+01
9.596833757873007187e+01 1.915511642330506703e+01
9.605429850437718642e+01 1.909449745356763373e+01
9.613998871196507423e+01 1.903406294121472087e+01
9.622540734142498309e+01 1.897381339724125482e+01
9.631055357137816486e+01 1.891374931637865942e+01
9.639542661849452543e+01 1.885387117721595018e+01
9.648002573685627681e+01 1.879417944232320892e+01
9.656435021732677626e+01 1.873467455837728224e+01
9.664839938692450971e+01 1.867535695628957271e+01
9.673217260820256058e+01 1.861622705133583366e+01
9.681566927863346450e+01 1.855728524328782569e+01
9.689888882999970576e+01 1.849853191654673523e+01
9.698183072778982705e+01 1.843996744027823453e+01
9.706449447060028035e+01 1.838159216854907996e+01
9.714687958954318958e+01 1.832340644046515621e+01
9.722898564765992546e+01 1.826541058031083153e+01
9.731081223934069158e+01 1.820760489768957413e+01
9.739235898975015004e+01 1.814998968766568410e+01
9.747362555425912944e+01 1.809256523090708058e+01
9.755461161788248603e+01 1.803533179382905161e+01
9.763531689472316089e+01 1.797828962873886383e+01
9.771574112742243301e+01 1.792143897398115016e+01
9.779588408661649623e+01 1.786478005408401160e+01
9.787574557039928891e+01 1.780831307990573009e+01
9.795532540379169006e+01 1.775203824878203918e+01
9.803462343821708203e+01 1.769595574467384580e+01
9.811363955098319423e+01 1.764006573831536073e+01
9.819237364477046981e+01 1.758436838736255936e+01
9.827082564712669921e+01 1.752886383654189473e+01
9.834899550996817652e+01 1.747355221779920598e+01
9.842688320908716548e+01 1.741843365044876890e+01
9.850448874366583141e+01 1.736350824132240334e+01
9.858181213579655378e+01 1.730877608491859831e+01
9.865885343000866214e+01 1.725423726355159459e+01
9.873561269280152430e+01 1.719989184750035704e+01
9.881209001218401511e+01 1.714573989515740848e+01
9.888828549722039440e+01 1.709178145317745390e+01
9.896419927758245194e+01 1.703801655662575243e+01
9.903983150310799033e+01 1.698444522912618737e+01
9.911518234336564603e+01 1.693106748300899511e+01
9.919025198722593473e+01 1.687788331945810327e+01
9.926504064243849257e+01 1.682489272865804253e+01
9.933954853521564132e+01 1.677209568994037880e+01
9.941377590982202150e+01 1.671949217192965520e+01
9.948772302817036461e+01 1.666708213268876904e+01
9.956139016942346132e+01 1.661486551986378046e+01
9.963477762960208395e+01 1.656284227082809224e+01
9.970788572119896287e+01 1.651101231282600068e+01
9.978071477279877399e+01 1.645937556311555028e+01
9.985326512870399540e+01 1.640793192911070264e+01
9.992553714856670410e+01 1.635668130852273450e+01
9.999753120702619924e+01 1.630562358950091451e+01
1.000692476933523665e+02 1.625475865077235227e+01
1.001406870110948972e+02 1.620408636178106221e+01
1.002118495777380502e+02 1.615360658282617834e+01
1.002827358243611684e+02 1.610331916519931283e+01
1.003533461953047663e+02 1.605322395132102642e+01
1.004236811478420606e+02 1.600332077487642479e+01
1.004937411518560992e+02 1.595360946094980115e+01
1.005635266895222486e+02 1.590408982615837985e+01
1.006330382549960518e+02 1.585476167878507781e+01
1.007022763541063881e+02 1.580562481891031368e+01
1.007712415040539184e+02 1.575667903854283303e+01
1.008399342331147182e+02 1.570792412174953512e+01
1.009083550803490255e+02 1.565935984478428367e+01
1.009765045953150775e+02 1.561098597621571216e+01
1.010443833377879912e+02 1.556280227705397756e+01
1.011119918774835611e+02 1.551480850087648555e+01
1.011793307937870026e+02 1.546700439395255700e+01
1.012464006754864840e+02 1.541938969536703219e+01
1.013132021205115194e+02 1.537196413714280574e+01
1.013797357356760074e+02 1.532472744436229029e+01
1.014460021364259603e+02 1.527767933528778599e+01
1.015120019465918517e+02 1.523081952148077001e+01
1.015777357981454827e+02 1.518414770792008284e+01
1.016432043309613391e+02 1.513766359311902221e+01
1.017084081925823540e+02 1.509136686924132498e+01
1.017733480379900755e+02 1.504525722221604944e+01
1.018380245293790978e+02 1.499933433185133858e+01
1.019024383359357131e+02 1.495359787194707479e+01
1.019665901336208123e+02 1.490804751040642273e+01
1.020304806049568924e+02 1.486268290934624403e+01
1.020941104388190581e+02 1.481750372520640369e+01
1.021574803302301291e+02 1.477250960885796083e+01
1.022205909801596135e+02 1.472770020571022442e+01
1.022834430953266462e+02 1.468307515581671296e+01
1.023460373880067067e+02 1.463863409397997906e+01
1.024083745758421031e+02 1.459437664985532734e+01
1.024704553816562083e+02 1.455030244805340978e+01
1.025322805332713756e+02 1.450641110824171598e+01
1.025938507633303942e+02 1.446270224524495340e+01
1.026551668091215248e+02 1.441917546914430659e+01
1.027162294124070741e+02 1.437583038537560753e+01
1.027770393192553229e+02 1.433266659482639405e+01
1.028375972798759079e+02 1.428968369393186855e+01
1.028979040484585141e+02 1.424688127476977151e+01
1.029579603830148216e+02 1.420425892515415356e+01
1.030177670452237209e+02 1.416181622872806756e+01
1.030773248002796691e+02 1.411955276505517531e+01
1.031366344167441440e+02 1.407746810971028140e+01
1.031956966664002522e+02 1.403556183436878868e+01
1.032545123241102374e+02 1.399383350689509342e+01
1.033130821676760860e+02 1.395228269142991628e+01
1.033714069777029181e+02 1.391090894847657111e+01
1.034294875374653628e+02 1.386971183498619808e+01
1.034873246327766907e+02 1.382869090444193816e+01
1.035449190518607168e+02 1.378784570694207723e+01
1.036022715852264611e+02 1.374717578928216177e+01
1.036593830255454805e+02 1.370668069503607711e+01
1.037162541675317726e+02 1.366635996463612024e+01
1.037728858078243945e+02 1.362621313545205481e+01
1.038292787448724681e+02 1.358623974186915895e+01
1.038854337788227866e+02 1.354643931536528001e+01
1.039413517114098653e+02 1.350681138458689468e+01
1.039970333458483367e+02 1.346735547542418843e+01
1.040524794867277762e+02 1.342807111108515095e+01
1.041076909399098440e+02 1.338895781216871583e+01
1.041626685124276435e+02 1.335001509673692510e+01
1.042174130123873965e+02 1.331124248038614510e+01
1.042719252488723214e+02 1.327263947631733743e+01
1.043262060318485993e+02 1.323420559540538832e+01
1.043802561720735156e+02 1.319594034626750556e+01
1.044340764810056612e+02 1.315784323533069511e+01
1.044876677707171950e+02 1.311991376689831945e+01
1.045410308538081097e+02 1.308215144321574996e+01
1.045941665433224443e+02 1.304455576453511512e+01
1.046470756526664445e+02 1.300712622917916406e+01
1.046997589955286116e+02 1.296986233360423668e+01
1.047522173858016288e+02 1.293276357246236508e+01
1.048044516375061050e+02 1.289582943866250275e+01
1.048564625647160682e+02 1.285905942343089770e+01
1.049082509814863045e+02 1.282245301637060564e+01
1.049598177017813043e+02 1.278600970552016669e+01
1.050111635394060130e+02 1.274972897741144529e+01
1.050622893079381726e+02 1.271361031712663703e+01
1.051131958206622841e+02 1.267765320835446019e+01
1.051638838905052040e+02 1.264185713344553186e+01
1.052143543299733039e+02 1.260622157346694650e+01
1.052646079510910937e+02 1.257074600825604982e+01
1.053146455653414648e+02 1.253542991647343108e+01
1.053644679836072839e+02 1.250027277565513550e+01
1.054140760161145352e+02 1.246527406226410228e+01
1.054634704723768124e+02 1.243043325174083868e+01
1.055126521611412329e+02 1.239574981855334102e+01
1.055616218903357009e+02 1.236122323624626418e+01
1.056103804670175350e+02 1.232685297748935405e+01
1.056589286973233328e+02 1.229263851412514974e+01
1.057072673864202272e+02 1.225857931721595229e+01
1.057553973384582662e+02 1.222467485709008805e+01
1.058033193565241561e+02 1.219092460338745809e+01
1.058510342425961142e+02 1.215732802510438226e+01
1.058985427974999567e+02 1.212388459063776125e+01
1.059458458208663387e+02 1.209059376782854223e+01
1.059929441110891020e+02 1.205745502400451130e+01
1.060398384652847739e+02 1.202446782602241626e+01
1.060865296792531183e+02 1.199163164030942319e+01
1.061330185474387946e+02 1.195894593290392294e+01
1.061793058628940258e+02 1.192641016949568389e+01
1.062253924172423183e+02 1.189402381546536880e+01
1.062712790006431476e+02 1.186178633592341569e+01
1.063169664017577105e+02 1.182969719574829348e+01
1.063624554077155153e+02 1.179775585962414475e+01
1.064077468040820094e+02 1.176596179207780679e+01
1.064528413748271305e+02 1.173431445751523583e+01
1.064977399022947111e+02 1.170281332025733256e+01
1.065424431671727632e+02 1.167145784457518154e+01
1.065869519484647014e+02 1.164024749472469900e+01
1.066312670234613478e+02 1.160918173498071226e+01
1.066753891677138029e+02 1.157826002967046897e+01
1.067193191550071276e+02 1.154748184320658311e+01
1.067630577573347779e+02 1.151684664011942338e+01
1.068066057448738775e+02 1.148635388508895616e+01
1.068499638859612304e+02 1.145600304297605021e+01
1.068931329470700717e+02 1.142579357885323788e+01
1.069361136927875577e+02 1.139572495803495222e+01
1.069789068857929664e+02 1.136579664610724549e+01
1.070215132868366226e+02 1.133600810895698174e+01
1.070639336547194489e+02 1.130635881280053390e+01
1.071061687462732550e+02 1.127684822421196742e+01
1.071482193163416667e+02 1.124747581015073372e+01
1.071900861177616378e+02 1.121824103798886618e+01
1.072317699013456718e+02 1.118914337553770189e+01
1.072732714158645990e+02 1.116018229107411663e+01
1.073145914080310206e+02 1.113135725336629633e+01
1.073557306224832502e+02 1.110266773169903409e+01
1.073966898017698810e+02 1.107411319589857435e+01
1.074374696863349499e+02 1.104569311635699869e+01
1.074780710145035982e+02 1.101740696405616760e+01
1.075184945224682451e+02 1.098925421059121632e+01
1.075587409442754137e+02 1.096123432819361376e+01
1.075988110118128986e+02 1.093334678975379859e+01
1.076387054547975879e+02 1.090559106884338014e+01
1.076784250007636956e+02 1.087796663973692013e+01
1.077179703750514932e+02 1.085047297743331285e+01
1.077573423007965090e+02 1.082310955767674088e+01
1.077965414989191970e+02 1.079587585697723462e+01
1.078355686881150604e+02 1.076877135263083929e+01
1.078744245848451868e+02 1.074179552273937688e+01
1.079131099033272534e+02 1.071494784622983509e+01
1.079516253555269287e+02 1.068822780287335839e+01
1.079899716511496450e+02 1.066163487330387838e+01
1.080281494976328815e+02 1.063516853903636061e+01
1.080661596001387039e+02 1.060882828248468712e+01
1.081040026615468150e+02 1.058261358697918020e+01
1.081416793824478901e+02 1.055652393678376377e+01
1.081791904611372956e+02 1.053055881711278197e+01
1.082165365936092201e+02 1.050471771414745525e+01
1.082537184735510749e+02 1.047900011505201157e+01
1.082907367923382793e+02 1.045340550798946566e+01
1.083275922390293999e+02 1.042793338213706988e+01
1.083642855003615466e+02 1.040258322770143629e+01
1.084008172607461802e+02 1.037735453593333901e+01
1.084371882022651334e+02 1.035224679914218981e+01
1.084733990046670016e+02 1.032725951071019921e+01
1.085094503453638310e+02 1.030239216510623379e+01
1.085453428994280358e+02 1.027764425789935743e+01
1.085810773395896547e+02 1.025301528577207755e+01
1.086166543362338786e+02 1.022850474653329478e+01
1.086520745573988194e+02 1.020411213913094528e+01
1.086873386687735348e+02 1.017983696366437485e+01
1.087224473336963797e+02 1.015567872139640571e+01
1.087574012131535426e+02 1.013163691476513861e+01
1.087922009657778091e+02 1.010771104739547077e+01
1.088268472478476383e+02 1.008390062411033661e+01
1.088613407132864097e+02 1.006020515094168388e+01
1.088956820136619399e+02 1.003662413514118867e+01
1.089298717981861842e+02 1.001315708519069325e+01
1.089639107137151655e+02 9.989803510812405918e+00
1.089977994047491165e+02 9.966562922978825512e+00
1.090315385134328636e+02 9.943434833922434990e+00
1.090651286795563237e+02 9.920418757145133881e+00
1.090985705405552864e+02 9.897514207427429156e+00
1.091318647315123371e+02 9.874720700837396947e+00
1.091650118851579805e+02 9.852037754739393804e+00
1.091980126318719613e+02 9.829464887802542350e+00
1.092308675996846858e+02 9.807001620008987786e+00
1.092635774142789558e+02 9.784647472661927026e+00
1.092961426989917015e+02 9.762401968393408680e+00
1.093285640748160432e+02 9.740264631171928755e+00
1.093608421604033794e+02 9.718234986309795431e+00
1.093929775720656892e+02 9.696312560470286002e+00
1.094249709237780053e+02 9.674496881674597759e+00
1.094568228271809716e+02 9.652787479308583940e+00
1.094885338915836286e+02 9.631183884129297823e+00
1.095201047239662415e+02 9.609685628271320113e+00
1.095515359289833555e+02 9.588292245252906909e+00
1.095828281089669076e+02 9.567003269981929847e+00
1.096139818639295100e+02 9.545818238761627939e+00
1.096449977915678602e+02 9.524736689296176451e+00
1.096758764872662510e+02 9.503758160696060386e+00
1.097066185441002091e+02 9.482882193483275657e+00
1.097372245528402601e+02 9.462108329596340184e+00
1.097676951019557663e+02 9.441436112395132696e+00
1.097980307776189477e+02 9.420865086665559218e+00
1.098282321637089325e+02 9.400394798624040149e+00
1.098582998418159349e+02 9.380024795921839242e+00
1.098882343912455610e+02 9.359754627649211400e+00
1.099180363890231860e+02 9.339583844339399477e+00
1.099477064098984016e+02 9.319511997972464101e+00
1.099772450263496211e+02 9.299538641978953635e+00
1.100066528085887114e+02 9.279663331243419577e+00
1.100359303245657543e+02 9.259885622107777436e+00
1.100650781399738634e+02 9.240205072374514828e+00
1.100940968182540871e+02 9.220621241309752136e+00
1.101229869206003826e+02 9.201133689646157521e+00
1.101517490059647315e+02 9.181741979585714475e+00
1.101803836310622131e+02 9.162445674802349060e+00
1.102088913503762626e+02 9.143244340444413254e+00
1.102372727161639290e+02 9.124137543137042172e+00
1.102655282784612183e+02 9.105124850984360307e+00
1.102936585850884939e+02 9.086205833571565194e+00
1.103216641816560042e+02 9.067380061966879623e+00
1.103495456115693685e+02 9.048647108723367083e+00
1.103773034160351898e+02 9.030006547880629952e+00
1.104049381340666969e+02 9.011457954966376249e+00
1.104324503024894710e+02 8.993000906997869137e+00
1.104598404559472016e+02 8.974634982483252088e+00
1.104871091269075123e+02 8.956359761422755028e+00
1.105142568456677878e+02 8.938174825309785021e+00
1.105412841403611139e+02 8.920079757131903264e+00
1.105681915369622459e+02 8.902074141371688398e+00
1.105949795592935914e+02 8.884157564007487906e+00
1.106216487290312500e+02 8.866329612514062930e+00
1.106481995657111241e+02 8.848589875863121179e+00
1.106746325867350436e+02 8.830937944523750360e+00
1.107009483073769047e+02 8.813373410462746804e+00
1.107271472407889235e+02 8.795895867144835734e+00
1.107532298980078167e+02 8.778504909532799161e+00
1.107791967879611121e+02 8.761200134087504310e+00
1.108050484174734578e+02 8.743981138767832562e+00
1.108307852912729317e+02 8.726847523030510700e+00
1.108564079119974366e+02 8.709798887829860448e+00
1.108819167802010952e+02 8.692834835617441414e+00
1.109073123943606305e+02 8.675954970341615891e+00
1.109325952508818744e+02 8.659158897447017722e+00
1.109577658441062056e+02 8.642446223873937683e+00
1.109828246663170717e+02 8.625816558057623595e+00
1.110077722077464841e+02 8.609269509927495179e+00
1.110326089565815835e+02 8.592804690906275411e+00
1.110573353989712047e+02 8.576421713909043731e+00
1.110819520190324283e+02 8.560120193342211081e+00
1.111064592988572173e+02 8.543899745102409682e+00
1.111308577185190245e+02 8.527759986575317086e+00
1.111551477560794154e+02 8.511700536634391412e+00
1.111793298875947471e+02 8.495721015639547957e+00
1.112034045871227903e+02 8.479821045435752325e+00
1.112273723267294514e+02 8.464000249351546046e+00
1.112512335764954372e+02 8.448258252197502927e+00
1.112749888045229483e+02 8.432594680264616116e+00
1.112986384769424291e+02 8.417009161322617672e+00
1.113221830579192613e+02 8.401501324618235955e+00
1.113456230096604855e+02 8.386070800873381970e+00
1.113689587924215942e+02 8.370717222283278858e+00
1.113921908645132106e+02 8.355440222514520343e+00
1.114153196823078957e+02 8.340239436703081211e+00
1.114383457002468845e+02 8.325114501452254956e+00
1.114612693708468640e+02 8.310065054830543474e+00
1.114840911447067242e+02 8.295090736369477469e+00
1.115068114705143500e+02 8.280191187061394231e+00
1.115294307950533863e+02 8.265366049357151468e+00
1.115519495632100302e+02 8.250614967163784286e+00
1.115743682179798100e+02 8.235937585842119546e+00
1.115966872004743635e+02 8.221333552204329820e+00
1.116189069499282169e+02 8.206802514511439384e+00
1.116410279037055631e+02 8.192344122470778700e+00
1.116630504973070543e+02 8.177958027233394489e+00
1.116849751643765956e+02 8.163643881391404733e+00
1.117068023367080940e+02 8.149401338975316378e+00
1.117285324442522665e+02 8.135230055451286191e+00
1.117501659151233753e+02 8.121129687718344314e+00
1.117717031756060493e+02 8.107099894105573412e+00
1.117931446501620059e+02 8.093140334369241629e+00
1.118144907614368293e+02 8.079250669689894693e+00
1.118357419302667495e+02 8.065430562669410719e+00
1.118568985756853493e+02 8.051679677328008822e+00
1.118779611149303577e+02 8.037997679101218651e+00
1.118989299634503425e+02 8.024384234836819729e+00
1.119198055349114895e+02 8.010839012791732827e+00
1.119405882412043098e+02 7.997361682628878476e+00
1.119612784924503472e+02 7.983951915414005285e+00
1.119818766970089143e+02 7.970609383612472065e+00
1.120023832614837573e+02 7.957333761086004209e+00
1.120227985907297779e+02 7.944124723089415419e+00
1.120431230878597262e+02 7.930981946267292138e+00
1.120633571542508662e+02 7.917905108650652224e+00
1.120835011895516118e+02 7.904893889653568095e+00
1.121035555916882345e+02 7.891947970069759677e+00
1.121235207568714713e+02 7.879067032069161591e+00
1.121433970796031616e+02 7.866250759194457487e+00
1.121631849526828972e+02 7.853498836357586832e+00
1.121828847672146168e+02 7.840810949836225063e+00
1.122024969126131850e+02 7.828186787270238867e+00
1.122220217766110153e+02 7.815626037658110370e+00
1.122414597452646348e+02 7.803128391353340909e+00
1.122608112029612357e+02 7.790693540060826372e+00
1.122800765324252268e+02 7.778321176833212114e+00
1.122992561147248125e+02 7.766010996067221228e+00
1.123183503292784451e+02 7.753762693499960612e+00
1.123373595538614040e+02 7.741575966205206605e+00
1.123562841646122479e+02 7.729450512589669309e+00
1.123751245360393227e+02 7.717386032389231154e+00
1.123938810410271998e+02 7.705382226665172141e+00
1.124125540508431698e+02 7.693438797800370210e+00
1.124311439351436661e+02 7.681555449495485632e+00
1.124496510619806742e+02 7.669731886765123186e+00
1.124680757978081687e+02 7.657967815933981015e+00
1.124864185074884801e+02 7.646262944632977288e+00
1.125046795542987041e+02 7.634616981795365298e+00
1.125228592999370250e+02 7.623029637652826374e+00
1.125409581045291105e+02 7.611500623731551229e+00
1.125589763266343937e+02 7.600029652848304451e+00
1.125769143232524385e+02 7.588616439106475653e+00
1.125947724498292217e+02 7.577260697892112873e+00
1.126125510602633852e+02 7.565962145869946198e+00
1.126302505069125317e+02 7.554720500979396292e+00
1.126478711405994915e+02 7.543535482430569594e+00
1.126654133106185043e+02 7.532406810700241095e+00
1.126828773647414863e+02 7.521334207527829108e+00
1.127002636492242118e+02 7.510317395911353167e+00
1.127175725088124665e+02 7.499356100103383937e+00
1.127348042867482576e+02 7.488450045606983352e+00
1.127519593247759389e+02 7.477598959171631421e+00
1.127690379631483211e+02 7.466802568789147720e+00
1.127860405406328113e+02 7.456060603689601329e+00
1.128029673945175091e+02 7.445372794337211886e+00
1.128198188606172607e+02 7.434738872426241763e+00
1.128365952732797410e+02 7.424158570876883800e+00
1.128532969653914648e+02 7.413631623831137496e+00
1.128699242683838264e+02 7.403157766648678972e+00
1.128864775122391109e+02 7.392736735902726508e+00
1.129029570254964625e+02 7.382368269375896297e+00
1.129193631352578677e+02 7.372052106056056431e+00
1.129356961671940809e+02 7.361787986132171113e+00
1.129519564455505787e+02 7.351575650990140431e+00
1.129681442931534718e+02 7.341414843208638352e+00
1.129842600314153600e+02 7.331305306554943613e+00
1.130003039803412719e+02 7.321246785980764393e+00
1.130162764585344490e+02 7.311239027618064767e+00
1.130321777832022150e+02 7.301281778774883158e+00
1.130480082701618301e+02 7.291374787931148127e+00
1.130637682338462184e+02 7.281517804734491506e+00
1.130794579873097945e+02 7.271710579996062407e+00
1.130950778422342182e+02 7.261952865686333247e+00
1.131106281089341365e+02 7.252244414930906657e+00
1.131261090963628817e+02 7.242584982006323280e+00
1.131415211121182125e+02 7.232974322335863349e+00
1.131568644624479845e+02 7.223412192485350047e+00
1.131721394522557915e+02 7.213898350158951978e+00
1.131873463851066361e+02 7.204432554194985627e+00
1.132024855632325711e+02 7.195014564561715176e+00
1.132175572875382699e+02 7.185644142353155850e+00
1.132325618576066546e+02 7.176321049784872841e+00
1.132474995717044237e+02 7.167045050189788213e+00
1.132623707267876370e+02 7.157815908013979822e+00
1.132771756185072292e+02 7.148633388812489997e+00
1.132919145412145241e+02 7.139497259245127125e+00
1.133065877879667340e+02 7.130407287072276112e+00
1.133211956505324025e+02 7.121363241150707069e+00
1.133357384193969040e+02 7.112364891429385771e+00
1.133502163837678580e+02 7.103412008945287681e+00
1.133646298315805154e+02 7.094504365819216396e+00
1.133789790495032008e+02 7.085641735251619444e+00
1.133932643229426560e+02 7.076823891518411180e+00
1.134074859360493974e+02 7.068050609966800124e+00
1.134216441717230879e+02 7.059321667011115409e+00
1.134357393116178230e+02 7.050636840128639449e+00
1.134497716361474176e+02 7.041995907855444159e+00
1.134637414244907063e+02 7.033398649782232503e+00
1.134776489545968303e+02 7.024844846550180044e+00
1.134914945031904097e+02 7.016334279846785371e+00
1.135052783457768300e+02 7.007866732401724974e+00
1.135190007566474151e+02 6.999441987982709001e+00
1.135326620088845999e+02 6.991059831391345902e+00
1.135462623743671031e+02 6.982720048459008844e+00
1.135598021237750856e+02 6.974422426042712786e+00
1.135732815265952809e+02 6.966166752020989783e+00
1.135867008511260536e+02 6.957952815289776716e+00
1.136000603644825304e+02 6.949780405758304802e+00
1.136133603326016583e+02 6.941649314344996213e+00
1.136266010202472359e+02 6.933559332973367795e+00
1.136397826910149718e+02 6.925510254567938340e+00
1.136529056073374733e+02 6.917501873050146521e+00
1.136659700304892482e+02 6.909533983334271490e+00
1.136789762205916645e+02 6.901606381323363237e+00
1.136919244366179100e+02 6.893718863905177408e+00
1.137048149363979377e+02 6.885871228948118095e+00
1.137176479766233541e+02 6.878063275297189527e+00
1.137304238128523508e+02 6.870294802769952192e+00
1.137431426995145500e+02 6.862565612152486949e+00
1.137558048899158933e+02 6.854875505195370700e+00
1.137684106362434449e+02 6.847224284609652933e+00
1.137809601895702372e+02 6.839611754062847382e+00
1.137934537998600746e+02 6.832037718174924557e+00
1.138058917159723080e+02 6.824501982514317611e+00
1.138182741856666098e+02 6.817004353593935306e+00
1.138306014556077059e+02 6.809544638867182087e+00
1.138428737713701082e+02 6.802122646723986144e+00
1.138550913774428182e+02 6.794738186486837250e+00
1.138672545172340591e+02 6.787391068406834371e+00
1.138793634330758806e+02 6.780081103659738595e+00
1.138914183662288480e+02 6.772808104342038504e+00
1.139034195568866892e+02 6.765571883467021763e+00
1.139153672441808993e+02 6.758372254960858250e+00
1.139272616661853306e+02 6.751209033658689407e+00
1.139391030599207824e+02 6.744082035300728251e+00
1.139508916613595630e+02 6.736991076528370037e+00
1.139626277054300232e+02 6.729935974880310035e+00
1.139743114260211030e+02 6.722916548788671953e+00
1.139859430559868230e+02 6.715932617575147034e+00
1.139975228271507746e+02 6.708984001447140244e+00
1.140090509703106108e+02 6.702070521493928013e+00
1.140205277152424514e+02 6.695191999682823969e+00
1.140319532907053883e+02 6.688348258855357997e+00
1.140433279244458333e+02 6.681539122723462398e+00
1.140546518432019809e+02 6.674764415865668710e+00
1.140659252727081423e+02 6.668023963723313408e+00
1.140771484376991367e+02 6.661317592596756931e+00
1.140883215619146398e+02 6.654645129641611589e+00
1.140994448681034754e+02 6.648006402864977460e+00
1.141105185780279925e+02 6.641401241121692500e+00
1.141215429124682998e+02 6.634829474110587988e+00
1.141325180912265580e+02 6.628290932370761723e+00
1.141434443331312707e+02 6.621785447277854786e+00
1.141543218560414914e+02 6.615312851040341613e+00
1.141651508768510581e+02 6.608872976695833401e+00
1.141759316114927856e+02 6.602465658107386837e+00
1.141866642749427001e+02 6.596090729959827925e+00
1.141973490812241607e+02 6.589748027756085591e+00
1.142079862434120514e+02 6.583437387813534158e+00
1.142185759736369022e+02 6.577158647260349156e+00
1.142291184830890103e+02 6.570911644031873777e+00
1.142396139820225613e+02 6.564696216866994227e+00
1.142500626797596794e+02 6.558512205304530163e+00
1.142604647846945483e+02 6.552359449679629577e+00
1.142708205042974470e+02 6.546237791120183225e+00
1.142811300451187435e+02 6.540147071543243484e+00
1.142913936127929873e+02 6.534087133651457435e+00
1.143016114120428739e+02 6.528057820929511479e+00
1.143117836466832244e+02 6.522058977640583954e+00
1.143219105196249643e+02 6.516090448822812853e+00
1.143319922328791165e+02 6.510152080285774190e+00
1.143420289875606670e+02 6.504243718606970148e+00
1.143520209838925439e+02 6.498365211128328767e+00
1.143619684212095109e+02 6.492516405952716951e+00
1.143718714979620330e+02 6.486697151940462369e+00
1.143817304117201701e+02 6.480907298705889552e+00
1.143915453591774281e+02 6.475146696613864883e+00
1.144013165361546100e+02 6.469415196776354904e+00
1.144110441376036107e+02 6.463712651048994395e+00
1.144207283576112673e+02 6.458038912027669554e+00
1.144303693894031113e+02 6.452393833045107385e+00
1.144399674253471630e+02 6.446777268167481978e+00
1.144495226569576971e+02 6.441189072191029652e+00
1.144590352748989801e+02 6.435629100638674771e+00
1.144685054689890080e+02 6.430097209756669763e+00
1.144779334282032011e+02 6.424593256511244910e+00
1.144873193406781269e+02 6.419117098585272352e+00
1.144966633937151528e+02 6.413668594374937193e+00
1.145059657737841405e+02 6.408247602986425484e+00
1.145152266665270844e+02 6.402853984232619311e+00
1.145244462567617489e+02 6.397487598629806982e+00
1.145336247284852931e+02 6.392148307394405649e+00
1.145427622648778510e+02 6.386835972439689257e+00
1.145518590483061701e+02 6.381550456372536928e+00
1.145609152603271355e+02 6.376291622490186661e+00
1.145699310816913652e+02 6.371059334777003258e+00
1.145789066923467345e+02 6.365853457901258672e+00
1.145878422714419145e+02 6.360673857211923021e+00
1.145967379973298961e+02 6.355520398735467147e+00
1.146055940475714436e+02 6.350392949172677604e+00
1.146144105989386475e+02 6.345291375895482311e+00
1.146231878274183487e+02 6.340215546943790415e+00
1.146319259082156066e+02 6.335165331022341029e+00
1.146406250157571378e+02 6.330140597497567079e+00
1.146492853236947553e+02 6.325141216394465360e+00
1.146579070049087363e+02 6.320167058393486137e+00
1.146664902315112613e+02 6.315217994827427184e+00
1.146750351748498105e+02 6.310293897678342923e+00
1.146835420055104748e+02 6.305394639574467774e+00
1.146920108933213385e+02 6.300520093787144837e+00
1.147004420073558464e+02 6.295670134227772330e+00
1.147088355159360731e+02 6.290844635444759803e+00
1.147171915866360905e+02 6.286043472620493233e+00
1.147255103862852081e+02 6.281266521568317884e+00
1.147337920809712983e+02 6.276513658729526490e+00
1.147420368360440506e+02 6.271784761170363431e+00
1.147502448161182116e+02 6.267079706579037790e+00
1.147584161850768538e+02 6.262398373262751505e+00
1.147665511060745729e+02 6.257740640144735522e+00
1.147746497415407276e+02 6.253106386761299262e+00
1.147827122531826234e+02 6.248495493258894307e+00
1.147907388019886952e+02 6.243907840391182518e+00
1.147987295482316767e+02 6.239343309516125480e+00
1.148066846514717554e+02 6.234801782593076602e+00
1.148146042705597552e+02 6.230283142179890099e+00
1.148224885636402064e+02 6.225787271430041514e+00
1.148303376881545148e+02 6.221314054089756240e+00
1.148381518008440452e+02 6.216863374495152250e+00
1.148459310577531909e+02 6.212435117569395260e+00
1.148536756142324720e+02 6.208029168819862775e+00
1.148613856249416187e+02 6.203645414335322350e+00
1.148690612438525847e+02 6.199283740783117835e+00
1.148767026242526157e+02 6.194944035406371619e+00
1.148843099187472347e+02 6.190626186021193078e+00
1.148918832792632969e+02 6.186330081013904802e+00
1.148994228570519596e+02 6.182055609338273250e+00
1.149069288026916809e+02 6.177802660512757171e+00
1.149144012660911756e+02 6.173571124617761363e+00
1.149218403964924136e+02 6.169360892292909071e+00
1.149292463424735047e+02 6.165171854734317058e+00
1.149366192519516972e+02 6.161003903691889327e+00
1.149439592721862482e+02 6.156856931466619720e+00
1.149512665497813657e+02 6.152730830907903403e+00
1.149585412306890930e+02 6.148625495410862563e+00
1.149657834602121937e+02 6.144540818913682756e+00
1.149729933830070081e+02 6.140476695894959036e+00
1.149801711430863378e+02 6.136433021371054508e+00
1.149873168838222597e+02 6.132409690893472209e+00
1.149944307479490107e+02 6.128406600546231431e+00
1.150015128775657445e+02 6.124423646943262689e+00
1.150085634141393882e+02 6.120460727225809805e+00
1.150155824985074418e+02 6.116517739059843528e+00
1.150225702708807205e+02 6.112594580633486707e+00
1.150295268708461549e+02 6.108691150654450119e+00
1.150364524373695616e+02 6.104807348347478957e+00
1.150433471087983861e+02 6.100943073451811749e+00
1.150502110228644170e+02 6.097098226218648165e+00
1.150570443166865289e+02 6.093272707408630140e+00
1.150638471267734104e+02 6.089466418289330107e+00
1.150706195890262507e+02 6.085679260632755216e+00
1.150773618387414103e+02 6.081911136712857768e+00
1.150840740106131221e+02 6.078161949303059863e+00
1.150907562387361622e+02 6.074431601673786041e+00
1.150974086566084935e+02 6.070719997590008354e+00
1.151040313971338946e+02 6.067027041308802104e+00
1.151106245926246316e+02 6.063352637576911341e+00
1.151171883748040301e+02 6.059696691628325027e+00
1.151237228748091042e+02 6.056059109181867406e+00
1.151302282231931855e+02 6.052439796438792818e+00
1.151367045499284529e+02 6.048838660080394725e+00
1.151431519844085472e+02 6.045255607265626274e+00
1.151495706554511145e+02 6.041690545628729758e+00
1.151559606913003648e+02 6.038143383276874943e+00
1.151623222196296155e+02 6.034614028787811613e+00
1.151686553675438347e+02 6.031102391207530111e+00
1.151749602615821146e+02 6.027608380047932535e+00
1.151812370277202291e+02 6.024131905284514588e+00
1.151874857913731063e+02 6.020672877354057206e+00
1.151937066773973299e+02 6.017231207152331507e+00
1.151998998100935836e+02 6.013806806031808172e+00
1.152060653132091517e+02 6.010399585799383715e+00
1.152122033099403353e+02 6.007009458714110295e+00
1.152183139229349536e+02 6.003636337484943297e+00
1.152243972742947022e+02 6.000280135268490689e+00
1.152304534855776268e+02 5.996940765666780138e+00
1.152364826778005238e+02 5.993618142725030573e+00
1.152424849714413142e+02 5.990312180929438846e+00
1.152484604864414877e+02 5.987022795204970826e+00
1.152544093422084188e+02 5.983749900913166719e+00
1.152603316576177690e+02 5.980493413849954365e+00
1.152662275510158594e+02 5.977253250243474980e+00
1.152720971402220016e+02 5.974029326751915114e+00
1.152779405425307999e+02 5.970821560461351041e+00
1.152837578747145528e+02 5.967629868883602029e+00
1.152895492530255268e+02 5.964454169954094276e+00
1.152953147931982585e+02 5.961294382029732830e+00
1.153010546104518568e+02 5.958150423886786839e+00
1.153067688194923051e+02 5.955022214718780127e+00
1.153124575345147349e+02 5.951909674134393313e+00
1.153181208692056714e+02 5.948812722155378374e+00
1.153237589367453211e+02 5.945731279214476750e+00
1.153293718498097888e+02 5.942665266153354331e+00
1.153349597205733374e+02 5.939614604220538219e+00
1.153405226607106187e+02 5.936579215069371251e+00
1.153460607813988616e+02 5.933559020755967417e+00
1.153515741933201184e+02 5.930553943737185030e+00
1.153570630066634237e+02 5.927563906868603461e+00
1.153625273311270121e+02 5.924588833402510524e+00
1.153679672759204777e+02 5.921628646985902300e+00
1.153733829497669774e+02 5.918683271658487399e+00
1.153787744609053618e+02 5.915752631850705434e+00
1.153841419170923075e+02 5.912836652381749936e+00
1.153894854256045051e+02 5.909935258457604590e+00
1.153948050932407483e+02 5.907048375669087470e+00
1.154001010263240943e+02 5.904175929989901483e+00
1.154053733307039522e+02 5.901317847774699921e+00
1.154106221117581867e+02 5.898474055757154666e+00
1.154158474743952212e+02 5.895644481048038621e+00
1.154210495230561122e+02 5.892829051133312568e+00
1.154262283617166389e+02 5.890027693872227132e+00
1.154313840938893492e+02 5.887240337495425635e+00
1.154365168226256628e+02 5.884466910603064704e+00
1.154416266505178470e+02 5.881707342162936669e+00
1.154467136797011335e+02 5.878961561508603495e+00
1.154517780118556942e+02 5.876229498337541379e+00
1.154568197482086731e+02 5.873511082709290676e+00
1.154618389895362327e+02 5.870806245043617366e+00
1.154668358361655152e+02 5.868114916118681634e+00
1.154718103879766460e+02 5.865437027069216214e+00
1.154767627444047520e+02 5.862772509384712727e+00
1.154816930044419081e+02 5.860121294907616019e+00
1.154866012666390986e+02 5.857483315831530035e+00
1.154914876291082066e+02 5.854858504699429034e+00
1.154963521895239467e+02 5.852246794401877672e+00
1.155011950451258258e+02 5.849648118175260869e+00
1.155060162927200338e+02 5.847062409600021660e+00
1.155108160286814325e+02 5.844489602598909705e+00
1.155155943489554176e+02 5.841929631435232473e+00
1.155203513490598510e+02 5.839382430711121508e+00
1.155250871240869657e+02 5.836847935365801376e+00
1.155298017687052550e+02 5.834326080673870152e+00
1.155344953771613632e+02 5.831816802243589670e+00
1.155391680432819186e+02 5.829320036015178452e+00
1.155438198604754518e+02 5.826835718259118835e+00
1.155484509217342435e+02 5.824363785574468544e+00
1.155530613196361429e+02 5.821904174887182037e+00
1.155576511463464584e+02 5.819456823448438065e+00
1.155622204936197619e+02 5.817021668832978776e+00
1.155667694528017080e+02 5.814598648937454151e+00
1.155712981148308813e+02 5.812187701978774435e+00
1.155758065702405730e+02 5.809788766492471446e+00
1.155802949091606138e+02 5.807401781331068769e+00
1.155847632213191361e+02 5.805026685662456387e+00
1.155892115960444073e+02 5.802663418968278641e+00
1.155936401222665637e+02 5.800311921042325736e+00
1.155980488885193864e+02 5.797972131988932354e+00
1.156024379829420781e+02 5.795643992221388707e+00
1.156068074932810248e+02 5.793327442460356025e+00
1.156111575068915300e+02 5.791022423732289148e+00
1.156154881107395482e+02 5.788728877367868897e+00
1.156197993914034186e+02 5.786446745000442426e+00
1.156240914350756128e+02 5.784175968564468917e+00
1.156283643275644266e+02 5.781916490293973254e+00
1.156326181542956846e+02 5.779668252721009480e+00
1.156368530003144599e+02 5.777431198674129575e+00
1.156410689502867655e+02 5.775205271276861119e+00
1.156452660885012165e+02 5.772990413946192056e+00
1.156494444988707500e+02 5.770786570391060799e+00
1.156536042649342733e+02 5.768593684610857864e+00
1.156577454698582983e+02 5.766411700893931958e+00
1.156618681964386610e+02 5.764240563816103169e+00
1.156659725271021273e+02 5.762080218239185925e+00
1.156700585439080413e+02 5.759930609309517280e+00
1.156741263285499741e+02 5.757791682456492310e+00
1.156781759623573294e+02 5.755663383391107502e+00
1.156822075262969776e+02 5.753545658104511240e+00
1.156862211009748762e+02 5.751438452866562301e+00
1.156902167666376471e+02 5.749341714224393662e+00
1.156941946031742248e+02 5.747255389000983428e+00
1.156981546901174056e+02 5.745179424293736403e+00
1.157020971066454251e+02 5.743113767473067455e+00
1.157060219315835923e+02 5.741058366180995520e+00
1.157099292434057958e+02 5.739013168329743841e+00
1.157138191202360957e+02 5.736978122100345523e+00
1.157176916398503010e+02 5.734953175941259751e+00
1.157215468796774758e+02 5.732938278566989787e+00
1.157253849168015307e+02 5.730933378956712509e+00
1.157292058279627156e+02 5.728938426352911506e+00
1.157330096895591680e+02 5.726953370260018161e+00
1.157367965776484340e+02 5.724978160443061626e+00
1.157405665679489886e+02 5.723012746926321448e+00
1.157443197358417564e+02 5.721057079991989092e+00
1.157480561563715753e+02 5.719111110178837443e+00
1.157517759042487171e+02 5.717174788280893871e+00
1.157554790538503937e+02 5.715248065346123063e+00
1.157591656792222210e+02 5.713330892675113404e+00
1.157628358540796683e+02 5.711423221819772245e+00
1.157664896518095929e+02 5.709525004582028274e+00
1.157701271454716334e+02 5.707636193012536552e+00
1.157737484077997152e+02 5.705756739409394207e+00
1.157773535112034864e+02 5.703886596316860569e+00
1.157809425277697528e+02 5.702025716524083521e+00
1.157845155292639134e+02 5.700174053063832957e+00
1.157880725871314098e+02 5.698331559211241348e+00
1.157916137724991330e+02 5.696498188482548741e+00
1.157951391561768446e+02 5.694673894633854871e+00
1.157986488086586121e+02 5.692858631659879265e+00
1.158021428001241730e+02 5.691052353792723117e+00
