4.144306285278627489e-02 6.558573922894677111e+00
4.192461992985999086e-02 6.506716379713717302e+00
4.240825117358097696e-02 6.455271418821937779e+00
4.289397029543905171e-02 6.404234732917361228e+00
4.338179108685227825e-02 6.353602071391114769e+00
4.387172741992413638e-02 6.303369240433714715e+00
4.436379324812525504e-02 6.253532103115071905e+00
4.485800260689696423e-02 6.204086579437080751e+00
4.535436961417424473e-02 6.155028646357689759e+00
4.585290847082578586e-02 6.106354337785490749e+00
4.635363346100894455e-02 6.058059744543930591e+00
4.685655895243753116e-02 6.010141014304354989e+00
4.736169939656072886e-02 5.962594351487210176e+00
4.786906932865124531e-02 5.915416017130818993e+00
4.837868336780126732e-02 5.868602328727264172e+00
4.889055621682491387e-02 5.822149660025016438e+00
4.940470266206582750e-02 5.776054440798080059e+00
4.992113757310910616e-02 5.730313156581496870e+00
5.043987590239661090e-02 5.684922348373209644e+00
5.096093268474496951e-02 5.639878612302369199e+00
5.148432303676592908e-02 5.595178599264286845e+00
5.201006215618869666e-02 5.550819014522345718e+00
5.253816532108405990e-02 5.506796617277292860e+00
5.306864788899054441e-02 5.463108220204430765e+00
5.360152529594258003e-02 5.419750688959340756e+00
5.413681305540132827e-02 5.376720941652848751e+00
5.467452675708854570e-02 5.334015948296059406e+00
5.521468206572420490e-02 5.291632730216353053e+00
5.575729471966895529e-02 5.249568359445333954e+00
5.630238052947211802e-02 5.207819958079801026e+00
5.684995537632669266e-02 5.166384697616863697e+00
5.740003521043248597e-02 5.125259798264421462e+00
5.795263604926884082e-02 5.084442528228258595e+00
5.850777397577860972e-02 5.043930202977075616e+00
5.906546513646492025e-02 5.003720184486827094e+00
5.962572573940260606e-02 4.963809880465761992e+00
6.018857205216614908e-02 4.924196743561624956e+00
6.075402039967616602e-02 4.884878270552462709e+00
6.132208716196640985e-02 4.845852001522556129e+00
6.189278877187357614e-02 4.807115519024968364e+00
6.246614171265193333e-02 4.768666447232217998e+00
6.304216251551532368e-02 4.730502451076623593e+00
6.362086775710854014e-02 4.692621235381809974e+00
6.420227405691079914e-02 4.655020543986898574e+00
6.478639807457348132e-02 4.617698158864874891e+00
6.537325650719459647e-02 4.580651899236612756e+00
6.596286608653274819e-02 4.543879620681994247e+00
6.655524357616270092e-02 4.507379214249571220e+00
6.715040576857522758e-02 4.471148605566135359e+00
6.774836948222390243e-02 4.435185753947572529e+00
6.834915155852103186e-02 4.399488651512306170e+00
6.895276885878547091e-02 4.364055322298592721e+00
6.955923826114474018e-02 4.328883821386915187e+00
7.016857665739391348e-02 4.293972234028625934e+00
7.078080094981364923e-02 4.259318674781974678e+00
7.139592804794996084e-02 4.224921286656600827e+00
7.201397486535793258e-02 4.190778240267478694e+00
7.263495831631183730e-02 4.156887732999309470e+00
7.325889531248391817e-02 4.123247988182226820e+00
7.388580275959415189e-02 4.089857254279691823e+00
7.451569755403314455e-02 4.056713804089342013e+00
7.514859657946047766e-02 4.023815933957521906e+00
7.578451670338037793e-02 3.991161963008185598e+00
7.642347477369702824e-02 3.958750232386753609e+00
7.706548761525143509e-02 3.926579104519497321e+00
7.771057202634185090e-02 3.894646962388939926e+00
7.835874477522947190e-02 3.862952208825720213e+00
7.901002259663160443e-02 3.831493265817301985e+00
7.966442218820377064e-02 3.800268573833865737e+00
8.032196020701262706e-02 3.769276591171664581e+00
8.098265326600137537e-02 3.738515793314080238e+00
8.164651793044921946e-02 3.707984672310555840e+00
8.231357071442645112e-02 3.677681736173557425e+00
8.298382807724673238e-02 3.647605508293640941e+00
8.365730641991783734e-02 3.617754526872690501e+00
8.433402208159239410e-02 3.588127344375331429e+00
8.501399133601997282e-02 3.558722526998490565e+00
8.569723038800163006e-02 3.529538654159040778e+00
8.638375536984826963e-02 3.500574317999434637e+00
8.707358233784402712e-02 3.471828122911187364e+00
8.776672726871563579e-02 3.443298685076057186e+00
8.846320605610893950e-02 3.414984632024732125e+00
8.916303450707366296e-02 3.386884602212802964e+00
8.986622833855729964e-02 3.358997244613790123e+00
9.057280317390904723e-02 3.331321218328956668e+00
9.128277453939483144e-02 3.303855192213636993e+00
9.199615786072407042e-02 3.276597844519765435e+00
9.271296845958922062e-02 3.249547862554304611e+00
9.343322155021867303e-02 3.222703942353233764e+00
9.415693223594388817e-02 3.196064788370755583e+00
9.488411550578153275e-02 3.169629113183369373e+00
9.561478623103106256e-02 3.143395637208439730e+00
9.634895916188862541e-02 3.117363088436894358e+00
9.708664892407793678e-02 3.091530202179669562e+00
9.782787001549846095e-02 3.065895720827513049e+00
9.857263680289186925e-02 3.040458393623762134e+00
9.932096351852690019e-02 3.015216976449698993e+00
1.000728642569035653e-01 2.990170231622093056e+00
1.008283529714768950e-01 2.965316927702531302e+00
1.015874434714009178e-01 2.940655839318144338e+00
1.023501494182933041e-01 2.916185746993335215e+00
1.031164843230210765e-01 2.891905436992115330e+00
1.038864615425079407e-01 2.867813701170662366e+00
1.046600942765635450e-01 2.843909336839715696e+00
1.054373955647353311e-01 2.820191146636420676e+00
1.062183782831831597e-01 2.796657938405257671e+00
1.070030551415771941e-01 2.773308525087675225e+00
1.077914386800194607e-01 2.750141724620063233e+00
1.085835412659896387e-01 2.727156359839715272e+00
1.093793750913150953e-01 2.704351258398419056e+00
1.101789521691659973e-01 2.681725252683338390e+00
1.109822843310754731e-01 2.659277179744841568e+00
1.117893832239855723e-01 2.637005881230953364e+00
1.126002603073191222e-01 2.614910203328107308e+00
1.134149268500780072e-01 2.592988996707882965e+00
1.142333939279681909e-01 2.571241116479424882e+00
1.150556724205519105e-01 2.549665422147248339e+00
1.158817730084273495e-01 2.528260777574139695e+00
1.167117061704361219e-01 2.507026050948874207e+00
1.175454821808992467e-01 2.485960114758482664e+00
1.183831111068815167e-01 2.465061845764799031e+00
1.192246028054850249e-01 2.444330124985040431e+00
1.200699669211720555e-01 2.423763837676173427e+00
1.209192128831178409e-01 2.403361873322826803e+00
1.217723499025933770e-01 2.383123125628527017e+00
1.226293869703789369e-01 2.363046492510032959e+00
1.234903328542084483e-01 2.343130876094561721e+00
1.243551960962452907e-01 2.323375182719698451e+00
1.252239850105898444e-01 2.303778322935799761e+00
1.260967076808192366e-01 2.284339211510695300e+00
1.269733719575595332e-01 2.265056767436517848e+00
1.278539854560910571e-01 2.245929913938479849e+00
1.287385555539870552e-01 2.226957578485439626e+00
1.296270893887860876e-01 2.208138692802093850e+00
1.305195938556987512e-01 2.189472192882648383e+00
1.314160756053489587e-01 2.170957019005823163e+00
1.323165410415503840e-01 2.152592115751055246e+00
1.332209963191182678e-01 2.134376432015768099e+00
1.341294473417172228e-01 2.116308921033582813e+00
1.350418997597453985e-01 2.098388540393355761e+00
1.359583589682552551e-01 2.080614252058928582e+00
1.368788301049118916e-01 2.062985022389482115e+00
1.378033180479886766e-01 2.045499822160399273e+00
1.387318274144009878e-01 2.028157626584539130e+00
1.396643625577787262e-01 2.010957415333828102e+00
1.406009275665774383e-01 1.993898172561089588e+00
1.415415262622290726e-01 1.976978886922029055e+00
1.424861621973323444e-01 1.960198551597297723e+00
1.434348386538835396e-01 1.943556164314568013e+00
1.443875586415477585e-01 1.927050727370549277e+00
1.453443248959715439e-01 1.910681247652885384e+00
1.463051398771367806e-01 1.894446736661874464e+00
1.472700057677567287e-01 1.878346210531954830e+00
1.482389244717143006e-01 1.862378690052908903e+00
1.492118976125433594e-01 1.846543200690735409e+00
1.501889265319528710e-01 1.830838772608148535e+00
1.511700122883952169e-01 1.815264440684660086e+00
1.521551556556779150e-01 1.799819244536209339e+00
1.531443571216203614e-01 1.784502228534306401e+00
1.541376168867550356e-01 1.769312441824655524e+00
1.551349348630741420e-01 1.754248938345230435e+00
1.561363106728217709e-01 1.739310776843774553e+00
1.571417436473321327e-01 1.724497020894701693e+00
1.581512328259141731e-01 1.709806738915378155e+00
1.591647769547828439e-01 1.695239004181762432e+00
1.601823744860376986e-01 1.680792894843388341e+00
1.612040235766886431e-01 1.666467493937675126e+00
1.622297220877298440e-01 1.652261889403550565e+00
1.632594675832614306e-01 1.638175174094376185e+00
1.642932573296600751e-01 1.624206445790162823e+00
1.653310882947978677e-01 1.610354807209071870e+00
1.663729571473108182e-01 1.596619366018190433e+00
1.674188602559163741e-01 1.582999234843577518e+00
1.684687936887806492e-01 1.569493531279578358e+00
1.695227532129360282e-01 1.556101377897400662e+00
1.705807342937483706e-01 1.542821902252955013e+00
1.716427320944352297e-01 1.529654236893953856e+00
1.727087414756345030e-01 1.516597519366276625e+00
1.737787569950241251e-01 1.503650892219594137e+00
1.748527729069930814e-01 1.490813503012262231e+00
1.759307831623634633e-01 1.478084504315483549e+00
1.770127814081644824e-01 1.465463053716742570e+00
1.780987609874579991e-01 1.452948313822519433e+00
1.791887149392160372e-01 1.440539452260288122e+00
1.802826359982504789e-01 1.428235641679803658e+00
1.813805165951947740e-01 1.416036059753686738e+00
1.824823488565382457e-01 1.403939889177313383e+00
1.835881246047125215e-01 1.391946317668015576e+00
1.846978353582309218e-01 1.380054537963604222e+00
1.858114723318800288e-01 1.368263747820219534e+00
1.869290264369643517e-01 1.356573150009521722e+00
1.880504882816035062e-01 1.344981952315229101e+00
1.891758481710821838e-01 1.333489367529014480e+00
1.903050961082530246e-01 1.322094613445768729e+00
1.914382217939923081e-01 1.310796912858245511e+00
1.925752146277081023e-01 1.299595493551091829e+00
1.937160637079017589e-01 1.288489588294283283e+00
1.948607578327815615e-01 1.277478434835965571e+00
1.960092855009294144e-01 1.266561275894722449e+00
1.971616349120198786e-01 1.255737359151276378e+00
1.983177939675918600e-01 1.245005937239632265e+00
1.994777502718724504e-01 1.234366267737682321e+00
2.006414911326534489e-01 1.223817613157275552e+00
2.018090035622193690e-01 1.213359240933769456e+00
2.029802742783280156e-01 1.202990423415073007e+00
2.041552897052423265e-01 1.192710437850193816e+00
2.053340359748141164e-01 1.182518566377298797e+00
2.065164989276190854e-01 1.172414096011304752e+00
2.077026641141429542e-01 1.162396318631005565e+00
2.088925167960184737e-01 1.152464530965750855e+00
2.100860419473130625e-01 1.142618034581686093e+00
2.112832242558669027e-01 1.132856135867567726e+00
2.124840481246810242e-01 1.123178146020161527e+00
2.136884976733551267e-01 1.113583381029239261e+00
2.148965567395749454e-01 1.104071161662182554e+00
2.161082088806484669e-01 1.094640813448206851e+00
2.173234373750911608e-01 1.085291666662214105e+00
2.185422252242593677e-01 1.076023056308288428e+00
2.197645551540317599e-01 1.066834322102843791e+00
2.209904096165383192e-01 1.057724808457435106e+00
2.222197707919363885e-01 1.048693864461242686e+00
2.234526205902334917e-01 1.039740843863241171e+00
2.246889406531564493e-01 1.030865105054064701e+00
2.259287123560661803e-01 1.022066011047575884e+00
2.271719168099178010e-01 1.013342929462150765e+00
2.284185348632655488e-01 1.004695232501689128e+00
2.296685471043120874e-01 9.961222969363606738e-01
2.309219338630013052e-01 9.876235040830954048e-01
2.321786752131546894e-01 9.791982397858294274e-01
2.334387509746500000e-01 9.708458943955138309e-01
2.347021407156423267e-01 9.625658627498985265e-01
2.359688237548265288e-01 9.543575441530968151e-01
2.372387791637405874e-01 9.462203423549426784e-01
2.385119857691093137e-01 9.381536655301474514e-01
2.397884221552276929e-01 9.301569262572660923e-01
2.410680666663833627e-01 9.222295414974807093e-01
2.423508974093174506e-01 9.143709325732093385e-01
2.436368922557232419e-01 9.065805251465491876e-01
2.449260288447818179e-01 8.988577491975621170e-01
2.462182845857341928e-01 8.912020390024086858e-01
2.475136366604892002e-01 8.836128331113417556e-01
2.488120620262663507e-01 8.760895743265630919e-01
2.501135374182729132e-01 8.686317096799542892e-01
2.514180393524150237e-01 8.612386904106861252e-01
2.527255441280408244e-01 8.539099719427155621e-01
2.540360278307167707e-01 8.466450138621766097e-01
2.553494663350344696e-01 8.394432798946717122e-01
2.566658353074486310e-01 8.323042378824695442e-01
2.579851102091446635e-01 8.252273597616185397e-01
2.593072662989354682e-01 8.182121215389783764e-01
2.606322786361864319e-01 8.112580032691798504e-01
2.619601220837681765e-01 8.043644890315153617e-01
2.632907713110359538e-01 7.975310669067693370e-01
2.646242007968346299e-01 7.907572289539916977e-01
2.659603848325295949e-01 7.840424711872215902e-01
2.672992975250611525e-01 7.773862935521665962e-01
2.686409128000229463e-01 7.707881999028426412e-01
2.699852044047630906e-01 7.642476979781790414e-01
2.713321459115068390e-01 7.577642993785960179e-01
2.726817107205007362e-01 7.513375195425572306e-01
2.740338720631765868e-01 7.449668777231034378e-01
2.753886030053350753e-01 7.386518969643725008e-01
2.767458764503479829e-01 7.323921040781086189e-01
2.781056651423778892e-01 7.261870296201672348e-01
2.794679416696148055e-01 7.200362078670187183e-01
2.808326784675291843e-01 7.139391767922549370e-01
2.821998478221396378e-01 7.078954780431052640e-01
2.835694218732951466e-01 7.019046569169615779e-01
2.849413726179712003e-01 6.959662623379209156e-01
2.863156719135778738e-01 6.900798468333464442e-01
2.876922914812802823e-01 6.842449665104514134e-01
2.890712029093298052e-01 6.784611810329103099e-01
2.904523776564054693e-01 6.727280535974997644e-01
2.918357870549646571e-01 6.670451509107726551e-01
2.932214023146021420e-01 6.614120431657701804e-01
2.946091945254168398e-01 6.558283040187722346e-01
2.959991346613854435e-01 6.502935105660920811e-01
2.973911935837417198e-01 6.448072433209174337e-01
2.987853420443613017e-01 6.393690861901989431e-01
3.001815506891504226e-01 6.339786264515925307e-01
3.015797900614383131e-01 6.286354547304543461e-01
3.029800306053722081e-01 6.233391649768946774e-01
3.043822426693142957e-01 6.180893544428907038e-01
3.057863965092394998e-01 6.128856236594611984e-01
3.071924622921335946e-01 6.077275764139069558e-01
3.086004100993910426e-01 6.026148197271171680e-01
3.100102099302107228e-01 5.975469638309460763e-01
3.114218317049903262e-01 5.925236221456595676e-01
3.128352452687176433e-01 5.875444112574563782e-01
3.142504203943574659e-01 5.826089508960649033e-01
3.156673267862349919e-01 5.777168639124162786e-01
3.170859340834135121e-01 5.728677762563977316e-01
3.185062118630660466e-01 5.680613169546868679e-01
3.199281296438405420e-01 5.632971180886685580e-01
3.213516568892174075e-01 5.585748147724364232e-01
3.227767630108589469e-01 5.538940451308805857e-01
3.242034173719497980e-01 5.492544502778629045e-01
3.256315892905278786e-01 5.446556742944815843e-01
3.270612480428050639e-01 5.400973642074258230e-01
3.284923628664763728e-01 5.355791699674231632e-01
3.299249029640183850e-01 5.311007444277796585e-01
3.313588375059741131e-01 5.266617433230146306e-01
3.327941356342259405e-01 5.222618252475906830e-01
3.342307664652540145e-01 5.179006516347418598e-01
3.356686990933808734e-01 5.135778867353980592e-01
3.371079025940006413e-01 5.092931975972095904e-01
3.385483460267930678e-01 5.050462540436716496e-01
3.399899984389209706e-01 5.008367286533492724e-01
3.414328288682109691e-01 4.966642967392043695e-01
3.428768063463168980e-01 4.925286363280255153e-01
3.443218999018651805e-01 4.884294281399612081e-01
3.457680785635815490e-01 4.843663555681573807e-01
3.472153113633986155e-01 4.803391046584998825e-01
3.486635673395439006e-01 4.763473640894628214e-01
3.501128155396074915e-01 4.723908251520630430e-01
3.515630250235891041e-01 4.684691817299216354e-01
3.530141648669235521e-01 4.645821302794330143e-01
3.544662041634850103e-01 4.607293698100419777e-01
3.559191120285682963e-01 4.569106018646291734e-01
3.573728576018481706e-01 4.531255305000059241e-01
3.588274100503145991e-01 4.493738622675179650e-01
3.602827385711852570e-01 4.456553061937594817e-01
3.617388123947931078e-01 4.419695737613971165e-01
3.631956007874498904e-01 4.383163788901042746e-01
3.646530730542844601e-01 4.346954379176066752e-01
3.661111985420558157e-01 4.311064695808384251e-01
3.675699466419403705e-01 4.275491949972099470e-01
3.690292867922929654e-01 4.240233376459869308e-01
3.704891884813814595e-01 4.205286233497815274e-01
3.719496212500942867e-01 4.170647802561547879e-01
3.734105546946209775e-01 4.136315388193313458e-01
3.748719584691048157e-01 4.102286317820265649e-01
3.763338022882676825e-01 4.068557941573852088e-01
3.777960559300069798e-01 4.035127632110327434e-01
3.792586892379635755e-01 4.001992784432387706e-01
3.807216721240611612e-01 3.969150815711927627e-01
3.821849745710164670e-01 3.936599165113920940e-01
3.836485666348202206e-01 3.904335293621423175e-01
3.851124184471882983e-01 3.872356683861695181e-01
3.865765002179832877e-01 3.840660839933446313e-01
3.880407822376055749e-01 3.809245287235203392e-01
3.895052348793547337e-01 3.778107572294793770e-01
3.909698286017595503e-01 3.747245262599946392e-01
3.924345339508782393e-01 3.716655946430012514e-01
3.938993215625671285e-01 3.686337232688796095e-01
3.953641621647185356e-01 3.656286750738503843e-01
3.968290265794673921e-01 3.626502150234801047e-01
3.982938857253664477e-01 3.596981100962977074e-01
3.997587106195299445e-01 3.567721292675219424e-01
4.012234723797457048e-01 3.538720434928991909e-01
4.026881422265553567e-01 3.509976256926511939e-01
4.041526914853028618e-01 3.481486507355331383e-01
4.056170915881506800e-01 3.453248954230009327e-01
4.070813140760643489e-01 3.425261384734880621e-01
4.085453306007646446e-01 3.397521605067915784e-01
4.100091129266474899e-01 3.370027440285666698e-01
4.114726329326718335e-01 3.342776734149294771e-01
4.129358626142148880e-01 3.315767348971682682e-01
4.143987740848953938e-01 3.288997165465624151e-01
4.158613395783642974e-01 3.262464082593080072e-01
4.173235314500629012e-01 3.236166017415515461e-01
4.187853221789488711e-01 3.210100904945292766e-01
4.202466843691898268e-01 3.184266697998133777e-01
4.217075907518243461e-01 3.158661367046636803e-01
4.231680141863906064e-01 3.133282900074849109e-01
4.246279276625231081e-01 3.108129302433889074e-01
4.260873043015163675e-01 3.083198596698613625e-01
4.275461173578570806e-01 3.058488822525333162e-01
4.290043402207234235e-01 3.033998036510553442e-01
4.304619464154528785e-01 3.009724312050759409e-01
4.319189096049771970e-01 2.985665739203224311e-01
4.333752035912262213e-01 2.961820424547843000e-01
4.348308023164990099e-01 2.938186491049983862e-01
4.362856798648037104e-01 2.914762077924358263e-01
4.377398104631654574e-01 2.891545340499896977e-01
4.391931684829025184e-01 2.868534450085633014e-01
4.406457284408712427e-01 2.845727593837588665e-01
4.420974650006796458e-01 2.823122974626650628e-01
4.435483529738692976e-01 2.800718810907444345e-01
4.449983673210667345e-01 2.778513336588188110e-01
4.464474831531031751e-01 2.756504800901531937e-01
4.478956757321040927e-01 2.734691468276370108e-01
4.493429204725478687e-01 2.713071618210626257e-01
4.507891929422937483e-01 2.691643545145004923e-01
4.522344688635795973e-01 2.670405558337698437e-01
4.536787241139897398e-01 2.649355981740058041e-01
4.551219347273922078e-01 2.628493153873211474e-01
4.565640768948468486e-01 2.607815427705621469e-01
4.580051269654834556e-01 2.587321170531592385e-01
4.594450614473503669e-01 2.567008763850705533e-01
4.608838570082341435e-01 2.546876603248187654e-01
4.623214904764500477e-01 2.526923098276203095e-01
4.637579388416038229e-01 2.507146672336061366e-01
4.651931792553244960e-01 2.487545762561345353e-01
4.666271890319694249e-01 2.468118819701942412e-01
4.680599456493005350e-01 2.448864308008980861e-01
4.694914267491331339e-01 2.429780705120663242e-01
4.709216101379565811e-01 2.410866501948992213e-01
4.723504737875279802e-01 2.392120202567385723e-01
4.737779958354379484e-01 2.373540324099170096e-01
4.752041545856501847e-01 2.355125396606952692e-01
4.766289285090133943e-01 2.336873962982863040e-01
4.780522962437475654e-01 2.318784578839662158e-01
4.794742365959032693e-01 2.300855812402708422e-01
4.808947285397954796e-01 2.283086244402783294e-01
4.823137512184112463e-01 2.265474467969761374e-01
4.837312839437920009e-01 2.248019088527128118e-01
4.851473061973908263e-01 2.230718723687333538e-01
4.865617976304043024e-01 2.213572003147981082e-01
4.879747380640799825e-01 2.196577568588844176e-01
4.893861074899993890e-01 2.179734073569704889e-01
4.907958860703367510e-01 2.163040183429008334e-01
4.922040541380936496e-01 2.146494575183332254e-01
4.936105921973104049e-01 2.130095937427659292e-01
4.950154809232538700e-01 2.113842970236453622e-01
4.964187011625820212e-01 2.097734385065530838e-01
4.978202339334861781e-01 2.081768904654719421e-01
4.992200604258099084e-01 2.065945262931307425e-01
5.006181620011466160e-01 2.050262204914268804e-01
5.020145201929143708e-01 2.034718486619263855e-01
5.034091167064096428e-01 2.019312874964409033e-01
5.048019334188387219e-01 2.004044147676811161e-01
5.061929523793293750e-01 1.988911093199860480e-01
5.075821558089204100e-01 1.973912510601275594e-01
5.089695261005311444e-01 1.959047209481899199e-01
5.103550458189106687e-01 1.944314009885234618e-01
5.117386977005672355e-01 1.929711742207720904e-01
5.131204646536771108e-01 1.915239247109740972e-01
5.145003297579753276e-01 1.900895375427357203e-01
5.158782762646259012e-01 1.886678988084768693e-01
5.172542875960743913e-01 1.872588956007485705e-01
5.186283473458805915e-01 1.858624160036218553e-01
5.200004392785347873e-01 1.844783490841469253e-01
5.213705473292534753e-01 1.831065848838829280e-01
5.227386556037599830e-01 1.817470144104971208e-01
5.241047483780453264e-01 1.803995296294334805e-01
5.254688100981139698e-01 1.790640234556497290e-01
5.268308253797108209e-01 1.777403897454227777e-01
5.281907790080330178e-01 1.764285232882216725e-01
5.295486559374247282e-01 1.751283197986479856e-01
5.309044412910558508e-01 1.738396759084424870e-01
5.322581203605853961e-01 1.725624891585586240e-01
5.336096786058088792e-01 1.712966579913010878e-01
5.349591016542907251e-01 1.700420817425301045e-01
5.363063753009821300e-01 1.687986606339302309e-01
5.376514855078230459e-01 1.675662957653434038e-01
5.389944184033316210e-01 1.663448891071661051e-01
5.403351602821772071e-01 1.651343434928093101e-01
5.416736976047418217e-01 1.639345626112217458e-01
5.430100169966662893e-01 1.627454509994753218e-01
5.443441052483843912e-01 1.615669140354124012e-01
5.456759493146423612e-01 1.603988579303546880e-01
5.470055363140070570e-01 1.592411897218728445e-01
5.483328535283614746e-01 1.580938172666168928e-01
5.496578884023863854e-01 1.569566492332063745e-01
5.509806285430324246e-01 1.558295950951803233e-01
5.523010617189783034e-01 1.547125651240062183e-01
5.536191758600783608e-01 1.536054703821477518e-01
5.549349590567993484e-01 1.525082227161906334e-01
5.562483995596454456e-01 1.514207347500264311e-01
5.575594857785726166e-01 1.503429198780934506e-01
5.588682062823927543e-01 1.492746922586748459e-01
5.601745497981676092e-01 1.482159668072529357e-01
5.614785052105923935e-01 1.471666591899194743e-01
5.627800615613697266e-01 1.461266858168418226e-01
5.640792080485741433e-01 1.450959638357840198e-01
5.653759340260071653e-01 1.440744111256825333e-01
5.666702290025436017e-01 1.430619462902765482e-01
5.679620826414684132e-01 1.420584886517919088e-01
5.692514847598058036e-01 1.410639582446785723e-01
5.705384253276390982e-01 1.400782758094011038e-01
5.718228944674230707e-01 1.391013627862816571e-01
5.731048824532883890e-01 1.381331413093954963e-01
5.743843797103376225e-01 1.371735342005178382e-01
5.756613768139345888e-01 1.362224649631222917e-01
5.769358644889861498e-01 1.352798577764304788e-01
5.782078336092167925e-01 1.343456374895117822e-01
5.794772751964365476e-01 1.334197296154335244e-01
5.807441804198024693e-01 1.325020603254608853e-01
5.820085405950731205e-01 1.315925564433062245e-01
5.832703471838575071e-01 1.306911454394270589e-01
5.845295917928574614e-01 1.297977554253732513e-01
5.857862661731046972e-01 1.289123151481816054e-01
5.870403622191919801e-01 1.280347539848189498e-01
5.882918719684988584e-01 1.271650019366722950e-01
5.895407876004121750e-01 1.263029896240860928e-01
5.907871014355419170e-01 1.254486482809460679e-01
5.920308059349315144e-01 1.246019097493096389e-01
5.932718936992643632e-01 1.237627064740818711e-01
5.945103574680652425e-01 1.229309714977372403e-01
5.957461901188972897e-01 1.221066384550865275e-01
5.969793846665560899e-01 1.212896415680883300e-01
5.982099342622579918e-01 1.204799156407053429e-01
5.994378321928263142e-01 1.196773960538044385e-01
6.006630718798732227e-01 1.188820187601006134e-01
6.018856468789780534e-01 1.180937202791443180e-01
6.031055508788625286e-01 1.173124376923517093e-01
6.043227777005637513e-01 1.165381086380777031e-01
6.055373212966023155e-01 1.157706713067311877e-01
6.067491757501501937e-01 1.150100644359323410e-01
6.079583352741938507e-01 1.142562273057115274e-01
6.091647942106961366e-01 1.135090997337495355e-01
6.103685470297552929e-01 1.127686220706586168e-01
6.115695883287625145e-01 1.120347351953043247e-01
6.127679128315566270e-01 1.113073805101675168e-01
6.139635153875778739e-01 1.105864999367463936e-01
6.151563909710191513e-01 1.098720359109980199e-01
6.163465346799763545e-01 1.091639313788193011e-01
6.175339417355968363e-01 1.084621297915668303e-01
6.187186074812270897e-01 1.077665751016154416e-01
6.199005273815585415e-01 1.070772117579549959e-01
6.210796970217735691e-01 1.063939847018253310e-01
6.222561121066892964e-01 1.057168393623887370e-01
6.234297684599011680e-01 1.050457216524399856e-01
6.246006620229264117e-01 1.043805779641533427e-01
6.257687888543467247e-01 1.037213551648662746e-01
6.269341451289497380e-01 1.030680005928998055e-01
6.280967271368713689e-01 1.024204620534149013e-01
6.292565312827381740e-01 1.017786878143047136e-01
6.304135540848079255e-01 1.011426266021224346e-01
6.315677921741128520e-01 1.005122275980443874e-01
6.327192422936006588e-01 9.988744043386810212e-02
6.338679012972775473e-01 9.926821518804504474e-02
6.350137661493510111e-01 9.865450238174772180e-02
6.361568339233732994e-01 9.804625297497097935e-02
6.372971018013853239e-01 9.744341836266695589e-02
6.384345670730611211e-01 9.684595037091373038e-02
6.395692271348543123e-01 9.625380125311712443e-02
6.407010794891441208e-01 9.566692368624546416e-02
6.418301217433831640e-01 9.508527076709713532e-02
6.429563516092458020e-01 9.450879600860043195e-02
6.440797669017788163e-01 9.393745333614568482e-02
6.452003655385520897e-01 9.337119708394912843e-02
6.463181455388117280e-01 9.280998199144846472e-02
6.474331050226336259e-01 9.225376319972981853e-02
6.485452422100800307e-01 9.170249624798562649e-02
6.496545554203562167e-01 9.115613707000343180e-02
6.507610430709698246e-01 9.061464199068529346e-02
6.518647036768924208e-01 9.007796772259731022e-02
6.529655358497211681e-01 8.954607136254943978e-02
6.540635382968447153e-01 8.901891038820489155e-02
6.551587098206095305e-01 8.849644265471909299e-02
6.562510493174888992e-01 8.797862639140811847e-02
6.573405557772543650e-01 8.746542019844590066e-02
6.584272282821487243e-01 8.695678304359043265e-02
6.595110660060622410e-01 8.645267425893841950e-02
6.605920682137103039e-01 8.595305353770824053e-02
6.616702342598143050e-01 8.545788093105104177e-02
6.627455635882848473e-01 8.496711684488957028e-02
6.638180557314070640e-01 8.448072203678469450e-02
6.648877103090291563e-01 8.399865761282918064e-02
6.659545270277534845e-01 8.352088502456865571e-02
6.670185056801301027e-01 8.304736606594947945e-02
6.680796461438536227e-01 8.257806287029320624e-02
6.691379483809620776e-01 8.211293790729756736e-02
6.701934124370403367e-01 8.165195398006359906e-02
6.712460384404239644e-01 8.119507422214879144e-02
6.722958266014089634e-01 8.074226209464603621e-02
6.733427772114620735e-01 8.029348138328801232e-02
6.743868906424358434e-01 7.984869619557702358e-02
6.754281673457860347e-01 7.940787095793989947e-02
6.764666078517928005e-01 7.897097041290773722e-02
6.775022127687840845e-01 7.853795961632042966e-02
6.785349827823637936e-01 7.810880393455557624e-02
6.795649186546417475e-01 7.768346904178173584e-02
6.805920212234680688e-01 7.726192091723564637e-02
6.816162914016709040e-01 7.684412584252341138e-02
6.826377301762963645e-01 7.643005039894516794e-02
6.836563386078540194e-01 7.601966146484338827e-02
6.846721178295639421e-01 7.561292621297424632e-02
6.856850690466081977e-01 7.520981210790217419e-02
6.866951935353859948e-01 7.481028690341710863e-02
6.877024926427719453e-01 7.441431863997456653e-02
6.887069677853785432e-01 7.402187564215798043e-02
6.897086204488216410e-01 7.363292651616346052e-02
6.907074521869903672e-01 7.324744014730651120e-02
6.917034646213195970e-01 7.286538569755067474e-02
6.926966594400677524e-01 7.248673260305790733e-02
6.936870383975969334e-01 7.211145057176029938e-02
6.946746033136573795e-01 7.173950958095332009e-02
6.956593560726761494e-01 7.137087987491007313e-02
6.966412986230487991e-01 7.100553196251650767e-02
6.976204329764355005e-01 7.064343661492744619e-02
6.985967612070607125e-01 7.028456486324316521e-02
6.995702854510169599e-01 6.992888799620641804e-02
7.005410079055724992e-01 6.957637755791967749e-02
7.015089308284828684e-01 6.922700534558245966e-02
7.024740565373055468e-01 6.888074340724853473e-02
7.034363874087204982e-01 6.853756403960280241e-02
7.043959258778523802e-01 6.819743978575780463e-02
7.053526744375989699e-01 6.786034343306954209e-02
7.063066356379610333e-01 6.752624801097259488e-02
7.072578120853790784e-01 6.719512678883415857e-02
7.082062064420715508e-01 6.686695327382700949e-02
7.091518214253784702e-01 6.654170120882128836e-02
7.100946598071086191e-01 6.621934457029472754e-02
7.110347244128913946e-01 6.589985756626125235e-02
7.119720181215315469e-01 6.558321463421788733e-02
7.129065438643688024e-01 6.526939043910973126e-02
7.138383046246414843e-01 6.495835987131284850e-02
7.147673034368539069e-01 6.465009804463482668e-02
7.156935433861479900e-01 6.434458029433313964e-02
7.166170276076790913e-01 6.404178217515078819e-02
7.175377592859953912e-01 6.374167945936932977e-02
7.184557416544220532e-01 6.344424813487900550e-02
7.193709779944487126e-01 6.314946440326602017e-02
7.202834716351219635e-01 6.285730467791644793e-02
7.211932259524407307e-01 6.256774558213708259e-02
7.221002443687570826e-01 6.228076394729267079e-02
7.230045303521800415e-01 6.199633681095970128e-02
7.239060874159833903e-01 6.171444141509637576e-02
7.248049191180189199e-01 6.143505520422878896e-02
7.257010290601322300e-01 6.115815582365306813e-02
7.265944208875836363e-01 6.088372111765336797e-02
7.274850982884719652e-01 6.061172912773562377e-02
7.283730649931641210e-01 6.034215809087681986e-02
7.292583247737269847e-01 6.007498643778979436e-02
7.301408814433644201e-01 5.981019279120327464e-02
7.310207388558581654e-01 5.954775596415713690e-02
7.318979009050124995e-01 5.928765495831270910e-02
7.327723715241032387e-01 5.902986896227798569e-02
7.336441546853302853e-01 5.877437734994759438e-02
7.345132543992749508e-01 5.852115967885750114e-02
7.353796747143609425e-01 5.827019568855414805e-02
7.362434197163185701e-01 5.802146529897807964e-02
7.371044935276546139e-01 5.777494860886175920e-02
7.379629003071247473e-01 5.753062589414163069e-02
7.388186442492103989e-01 5.728847760638412084e-02
7.396717295836002792e-01 5.704848437122560234e-02
7.405221605746745706e-01 5.681062698682613071e-02
7.413699415209938914e-01 5.657488642233683696e-02
7.422150767547921468e-01 5.634124381638085793e-02
7.430575706414737081e-01 5.610968047554770743e-02
7.438974275791133683e-01 5.588017787290094907e-02
7.447346519979610724e-01 5.565271764649906000e-02
7.455692483599505316e-01 5.542728159792936760e-02
7.464012211582117251e-01 5.520385169085498256e-02
7.472305749165866207e-01 5.498241004957449274e-02
7.480573141891497801e-01 5.476293895759451469e-02
7.488814435597319630e-01 5.454542085621475606e-02
7.497029676414481703e-01 5.432983834312568594e-02
7.505218910762292417e-01 5.411617417101853567e-02
7.513382185343568942e-01 5.390441124620762997e-02
7.521519547140037565e-01 5.369453262726492371e-02
7.529631043407754021e-01 5.348652152366657753e-02
7.537716721672579334e-01 5.328036129445153785e-02
7.545776629725685636e-01 5.307603544689198927e-02
7.553810815619089736e-01 5.287352763517555454e-02
7.561819327661244428e-01 5.267282165909916575e-02
7.569802214412650887e-01 5.247390146277450956e-02
7.577759524681514369e-01 5.227675113334488699e-02
7.585691307519432103e-01 5.208135489971353616e-02
7.593597612217126702e-01 5.188769713128305733e-02
7.601478488300209557e-01 5.169576233670615528e-02
7.609333985524974198e-01 5.150553516264734510e-02
7.617164153874245169e-01 5.131700039255564227e-02
7.624969043553241344e-01 5.113014294544815375e-02
7.632748704985493626e-01 5.094494787470441044e-02
7.640503188808780433e-01 5.076140036687139256e-02
7.648232545871113119e-01 5.057948574047913676e-02
7.655936827226752506e-01 5.039918944486683483e-02
7.663616084132256479e-01 5.022049705901932698e-02
7.671270368042567567e-01 5.004339429041392701e-02
7.678899730607136043e-01 4.986786697387744771e-02
7.686504223666068558e-01 4.969390107045332239e-02
7.694083899246325631e-01 4.952148266627885709e-02
7.701638809557941334e-01 4.935059797147231531e-02
7.709169006990280737e-01 4.918123331902996692e-02
7.716674544108338418e-01 4.901337516373285852e-02
7.724155473649056969e-01 4.884701008106329123e-02
7.731611848517693231e-01 4.868212476613088813e-02
7.739043721784207852e-01 4.851870603260823034e-02
7.746451146679692590e-01 4.835674081167586763e-02
7.753834176592829808e-01 4.819621615097671730e-02
7.761192865066386393e-01 4.803711921357971260e-02
7.768527265793735426e-01 4.787943727695270768e-02
7.775837432615421152e-01 4.772315773194436839e-02
7.783123419515738384e-01 4.756826808177523624e-02
7.790385280619364083e-01 4.741475594103761182e-02
7.797623070188007821e-01 4.726260903470441699e-02
7.804836842617098869e-01 4.711181519714673777e-02
7.812026652432499940e-01 4.696236237116022116e-02
7.819192554287263119e-01 4.681423860699996525e-02
7.826334602958404663e-01 4.666743206142406897e-02
7.833452853343718658e-01 4.652193099674563348e-02
7.840547360458617332e-01 4.637772377989318046e-02
7.847618179433005769e-01 4.623479888147939698e-02
7.854665365508185504e-01 4.609314487487817941e-02
7.861688974033788080e-01 4.595275043530981651e-02
7.868689060464734153e-01 4.581360433893432588e-02
7.875665680358234777e-01 4.567569546195283936e-02
7.882618889370808235e-01 4.553901277971694056e-02
7.889548743255337948e-01 4.540354536584593342e-02
7.896455297858151479e-01 4.526928239135194487e-02
7.903338609116132840e-01 4.513621312377276429e-02
7.910198733053861453e-01 4.500432692631239906e-02
7.917035725780786626e-01 4.487361325698931841e-02
7.923849643488416472e-01 4.474406166779212879e-02
7.930640542447551233e-01 4.461566180384288899e-02
7.937408479005537698e-01 4.448840340256776660e-02
7.944153509583544714e-01 4.436227629287505664e-02
7.950875690673882001e-01 4.423727039434056929e-02
7.957575078837332283e-01 4.411337571640017163e-02
7.964251730700521170e-01 4.399058235754957358e-02
7.970905702953302585e-01 4.386888050455117066e-02
7.977537052346184154e-01 4.374826043164790901e-02
7.984145835687778137e-01 4.362871249978425570e-02
7.990732109842262343e-01 4.351022715583392070e-02
7.997295931726892126e-01 4.339279493183457320e-02
8.003837358309519034e-01 4.327640644422929561e-02
8.010356446606146097e-01 4.316105239311478214e-02
8.016853253678506430e-01 4.304672356149624041e-02
8.023327836631667376e-01 4.293341081454888492e-02
8.029780252611659064e-01 4.282110509888599481e-02
8.036210558803131843e-01 4.270979744183351495e-02
8.042618812427032582e-01 4.259947895071104773e-02
8.049005070738315393e-01 4.249014081211927030e-02
8.055369391023669001e-01 4.238177429123368006e-02
8.061711830599272988e-01 4.227437073110461296e-02
8.068032446808575120e-01 4.216792155196346509e-02
8.074331297020096443e-01 4.206241825053512462e-02
8.080608438625263013e-01 4.195785239935648225e-02
8.086863929036250953e-01 4.185421564610097150e-02
8.093097825683871482e-01 4.175149971290922218e-02
8.099310186015459267e-01 4.164969639572551480e-02
8.105501067492805189e-01 4.154879756364026483e-02
8.111670527590095769e-01 4.144879515823825938e-02
8.117818623791887012e-01 4.134968119295275718e-02
8.123945413591094900e-01 4.125144775242527845e-02
8.130050954487009207e-01 4.115408699187114022e-02
8.136135303983331735e-01 4.105759113645057051e-02
8.142198519586235639e-01 4.096195248064545685e-02
8.148240658802448078e-01 4.086716338764165291e-02
8.154261779137357280e-01 4.077321628871671821e-02
8.160261938093132938e-01 4.068010368263316051e-02
8.166241193166875467e-01 4.058781813503704178e-02
8.172199601848787465e-01 4.049635227786196195e-02
8.178137221620365160e-01 4.040569880873829539e-02
8.184054109952604295e-01 4.031585049040773555e-02
8.189950324304237084e-01 4.022680015014302307e-02
8.195825922119986950e-01 4.013854067917281554e-02
8.201680960828838796e-01 4.005106503211171287e-02
8.207515497842339247e-01 3.996436622639534114e-02
8.213329590552903570e-01 3.987843734172043936e-02
8.219123296332161432e-01 3.979327151948993530e-02
8.224896672529301567e-01 3.970886196226298959e-02
8.230649776469456391e-01 3.962520193320990397e-02
8.236382665452089968e-01 3.954228475557186595e-02
8.242095396749415936e-01 3.946010381212555068e-02
8.247788027604829875e-01 3.937865254465243436e-02
8.253460615231366093e-01 3.929792445341285384e-02
8.259113216810162195e-01 3.921791309662475689e-02
8.264745889488956943e-01 3.913861208994705992e-02
8.270358690380595901e-01 3.906001510596762011e-02
8.275951676561562609e-01 3.898211587369579401e-02
8.281524905070525300e-01 3.890490817805946494e-02
8.287078432906898051e-01 3.882838585940655285e-02
8.292612317029427471e-01 3.875254281301100667e-02
8.298126614354791597e-01 3.867737298858311967e-02
8.303621381756223219e-01 3.860287038978429258e-02
8.309096676062139863e-01 3.852902907374601560e-02
8.314552554054804867e-01 3.845584315059322883e-02
8.319989072468990665e-01 3.838330678297186688e-02
8.325406287990674281e-01 3.831141418558060840e-02
8.330804257255741696e-01 3.824015962470681679e-02
8.336183036848709982e-01 3.816953741776662329e-02
8.341542683301463867e-01 3.809954193284905560e-02
8.346883253092014510e-01 3.803016758826428811e-02
8.352204802643273807e-01 3.796140885209584731e-02
8.357507388321839814e-01 3.789326024175685564e-02
8.362791066436803256e-01 3.782571632355021668e-02
8.368055893238567355e-01 3.775877171223268602e-02
8.373301924917688766e-01 3.769242107058286273e-02
8.378529217603726265e-01 3.762665910897301791e-02
8.383737827364109441e-01 3.756148058494469810e-02
8.388927810203024027e-01 3.749688030278817280e-02
8.394099222060312782e-01 3.743285311312555957e-02
8.399252118810384138e-01 3.736939391249774478e-02
8.404386556261150831e-01 3.730649764295487780e-02
8.409502590152962975e-01 3.724415929165058453e-02
8.414600276157578884e-01 3.718237389043980989e-02
8.419679669877131456e-01 3.712113651548016452e-02
8.424740826843116759e-01 3.706044228683690045e-02
8.429783802515404822e-01 3.700028636809133548e-02
8.434808652281244878e-01 3.694066396595285795e-02
8.439815431454307237e-01 3.688157032987427614e-02
8.444804195273722947e-01 3.682300075167067172e-02
8.449774998903146761e-01 3.676495056514163251e-02
8.454727897429823447e-01 3.670741514569683672e-02
8.459662945863681838e-01 3.665038990998496782e-02
8.464580199136435557e-01 3.659387031552596009e-02
8.469479712100687063e-01 3.653785186034649857e-02
8.474361539529065013e-01 3.648233008261879406e-02
8.479225736113359391e-01 3.642730056030251545e-02
8.484072356463674414e-01 3.637275891078999013e-02
8.488901455107595861e-01 3.631870079055452699e-02
8.493713086489367292e-01 3.626512189480182724e-02
8.498507304969086240e-01 3.621201795712460786e-02
8.503284164821903746e-01 3.615938474916020884e-02
8.508043720237240537e-01 3.610721808025128127e-02
8.512786025318017646e-01 3.605551379710952159e-02
8.517511134079900348e-01 3.600426778348235490e-02
8.522219100450540985e-01 3.595347595982264360e-02
8.526909978268855106e-01 3.590313428296128956e-02
8.531583821284289826e-01 3.585323874578278530e-02
8.536240683156117726e-01 3.580378537690363100e-02
8.540880617452732970e-01 3.575477024035365881e-02
8.545503677650964081e-01 3.570618943526014666e-02
8.550109917135398918e-01 3.565803909553477702e-02
8.554699389197715220e-01 3.561031538956337811e-02
8.559272147036027789e-01 3.556301451989844764e-02
8.563828243754245673e-01 3.551613272295436191e-02
8.568367732361439337e-01 3.546966626870538819e-02
8.572890665771214502e-01 3.542361146038629227e-02
8.577397096801108178e-01 3.537796463419569382e-02
8.581887078171982486e-01 3.533272215900203073e-02
8.586360662507438457e-01 3.528788043605212560e-02
8.590817902333234279e-01 3.524343589868240284e-02
8.595258850076716861e-01 3.519938501203261072e-02
8.599683558066263389e-01 3.515572427276216633e-02
8.604092078530730658e-01 3.511245020876897771e-02
8.608484463598918834e-01 3.506955937891079872e-02
8.612860765299041876e-01 3.502704837272904020e-02
8.617221035558206843e-01 3.498491381017510005e-02
8.621565326201905410e-01 3.494315234133903852e-02
8.625893688953516492e-01 3.490176064618077945e-02
8.630206175433809968e-01 3.486073543426363580e-02
8.634502837160475952e-01 3.482007344449020853e-02
8.638783725547641845e-01 3.477977144484072775e-02
8.643048891905418252e-01 3.473982623211356591e-02
8.647298387439442680e-01 3.470023463166826277e-02
8.651532263250437671e-01 3.466099349717065292e-02
8.655750570333771154e-01 3.462209971034039407e-02
8.659953359579037890e-01 3.458355018070070896e-02
8.664140681769634256e-01 3.454534184533031987e-02
8.668312587582356343e-01 3.450747166861765913e-02
8.672469127586992510e-01 3.446993664201722374e-02
8.676610352245939239e-01 3.443273378380810879e-02
8.680736311913813674e-01 3.439586013885474053e-02
8.684847056837080581e-01 3.435931277836964948e-02
8.688942637153682647e-01 3.432308879967847781e-02
8.693023102892687426e-01 3.428718532598696439e-02
8.697088503973933182e-01 3.425159950615008081e-02
8.701138890207685828e-01 3.421632851444322831e-02
8.705174311294308076e-01 3.418136955033542618e-02
8.709194816823930818e-01 3.414671983826456092e-02
8.713200456276133377e-01 3.411237662741463395e-02
8.717191279019634864e-01 3.407833719149497287e-02
8.721167334311986652e-01 3.404459882852144820e-02
8.725128671299281491e-01 3.401115886059962595e-02
8.729075339015860413e-01 3.397801463370982156e-02
8.733007386384031845e-01 3.394516351749413130e-02
8.736924862213800713e-01 3.391260290504531649e-02
8.740827815202599771e-01 3.388033021269758194e-02
8.744716293935027585e-01 3.384834287981922790e-02
8.748590346882598734e-01 3.381663836860715477e-02
8.752450022403497343e-01 3.378521416388317877e-02
8.756295368742335050e-01 3.375406777289217952e-02
8.760126434029926745e-01 3.372319672510204480e-02
8.763943266283055200e-01 3.369259857200543329e-02
8.767745913404257907e-01 3.366227088692321651e-02
8.771534423181617246e-01 3.363221126480977347e-02
8.775308843288547322e-01 3.360241732205997145e-02
8.779069221283603008e-01 3.357288669631784683e-02
8.782815604610281213e-01 3.354361704628707613e-02
8.786548040596835474e-01 3.351460605154301525e-02
8.790266576456098324e-01 3.348585141234653589e-02
8.793971259285304765e-01 3.345735084945945098e-02
8.797662136065923510e-01 3.342910210396159848e-02
8.801339253663497120e-01 3.340110293706958361e-02
8.805002658827485451e-01 3.337335112995707537e-02
8.808652398191113564e-01 3.334584448357680309e-02
8.812288518271229609e-01 3.331858081848403097e-02
8.815911065468164942e-01 3.329155797466170491e-02
8.819520086065602005e-01 3.326477381134709810e-02
8.823115626230445541e-01 3.323822620686001789e-02
8.826697732012701580e-01 3.321191305843253921e-02
8.830266449345361979e-01 3.318583228204031316e-02
8.833821824044293392e-01 3.315998181223525632e-02
8.837363901808131805e-01 3.313435960197988472e-02
8.840892728218179286e-01 3.310896362248299390e-02
8.844408348738314052e-01 3.308379186303690711e-02
8.847910808714898323e-01 3.305884233085608359e-02
8.851400153376693947e-01 3.303411305091724648e-02
8.854876427834780239e-01 3.300960206580090539e-02
8.858339677082487373e-01 3.298530743553424599e-02
8.861789945995317552e-01 3.296122723743552529e-02
8.865227279330886168e-01 3.293735956595975761e-02
8.868651721728856296e-01 3.291370253254582295e-02
8.872063317710893182e-01 3.289025426546494241e-02
8.875462111680606503e-01 3.286701290967047884e-02
8.878848147923503742e-01 3.284397662664910456e-02
8.882221470606956881e-01 3.282114359427328043e-02
8.885582123780155772e-01 3.279851200665506727e-02
8.888930151374084820e-01 3.277608007400120704e-02
8.892265597201490790e-01 3.275384602246954324e-02
8.895588504956859488e-01 3.273180809402669728e-02
8.898898918216401333e-01 3.270996454630700767e-02
8.902196880438032478e-01 3.268831365247274606e-02
8.905482434961364824e-01 3.266685370107556829e-02
8.908755625007702683e-01 3.264558299591920065e-02
8.912016493680037232e-01 3.262449985592337509e-02
8.915265083963053172e-01 3.260360261498891632e-02
8.918501438723128727e-01 3.258288962186413340e-02
8.921725600708354520e-01 3.256235924001230075e-02
8.924937612548538013e-01 3.254200984748038816e-02
8.928137516755226821e-01 3.252183983676894263e-02
8.931325355721730919e-01 3.250184761470310824e-02
8.934501171723147062e-01 3.248203160230483943e-02
8.937665006916384325e-01 3.246239023466621770e-02
8.940816903340205180e-01 3.244292196082393387e-02
8.943956902915255469e-01 3.242362524363484599e-02
8.947085047444107708e-01 3.240449855965269604e-02
8.950201378611303271e-01 3.238554039900587433e-02
8.953305937983403462e-01 3.236674926527634277e-02
8.956398767009031703e-01 3.234812367537955730e-02
8.959479907018940148e-01 3.232966215944552135e-02
8.962549399226055202e-01 3.231136326070090797e-02
8.965607284725547466e-01 3.229322553535216717e-02
8.968653604494889464e-01 3.227524755246972965e-02
8.971688399393928925e-01 3.225742789387326531e-02
8.974711710164954281e-01 3.223976515401787146e-02
8.977723577432772384e-01 3.222225793988140602e-02
8.980724041704781779e-01 3.220490487085270193e-02
8.983713143371057086e-01 3.218770457862086404e-02
8.986690922704426709e-01 3.217065570706553052e-02
8.989657419860564991e-01 3.215375691214807791e-02
8.992612674878075474e-01 3.213700686180386012e-02
8.995556727678588604e-01 3.212040423583535642e-02
8.998489618066851659e-01 3.210394772580629774e-02
9.001411385730826442e-01 3.208763603493675065e-02
9.004322070241795872e-01 3.207146787799908250e-02
9.007221711054458346e-01 3.205544198121491883e-02
9.010110347507039874e-01 3.203955708215300291e-02
9.012988018821403990e-01 3.202381192962792250e-02
9.015854764103155006e-01 3.200820528359981515e-02
9.018710622341760130e-01 3.199273591507491299e-02
9.021555632410662717e-01 3.197740260600697576e-02
9.024389833067399946e-01 3.196220414919963976e-02
9.027213262953726058e-01 3.194713934820962026e-02
9.030025960595738921e-01 3.193220701725076049e-02
9.032827964403998822e-01 3.191740598109895494e-02
9.035619312673666137e-01 3.190273507499793298e-02
9.038400043584627896e-01 3.188819314456585452e-02
9.041170195201628790e-01 3.187377904570274506e-02
9.043929805474415495e-01 3.185949164449878440e-02
9.046678912237862136e-01 3.184532981714339323e-02
9.049417553212126819e-01 3.183129244983511769e-02
9.052145766002777094e-01 3.181737843869234666e-02
9.054863588100948713e-01 3.180358668966479230e-02
9.057571056883483296e-01 3.178991611844581705e-02
9.060268209613082657e-01 3.177636565038546856e-02
9.062955083438454240e-01 3.176293422040435410e-02
9.065631715394473211e-01 3.174962077290824358e-02
9.068298142402326789e-01 3.173642426170345671e-02
9.070954401269678558e-01 3.172334364991302030e-02
9.073600528690828337e-01 3.171037790989348487e-02
9.076236561246865397e-01 3.169752602315262929e-02
9.078862535405837209e-01 3.168478698026778312e-02
9.081478487522914866e-01 3.167215978080490518e-02
9.084084453840558515e-01 3.165964343323843244e-02
9.086680470488681660e-01 3.164723695487176719e-02
9.089266573484826583e-01 3.163493937175854143e-02
9.091842798734334208e-01 3.162274971862455430e-02
9.094409182030515071e-01 3.161066703879038958e-02
9.096965759054832512e-01 3.159869038409476166e-02
9.099512565377068096e-01 3.158681881481852777e-02
9.102049636455508130e-01 3.157505139960936624e-02
9.104577007637124630e-01 3.156338721540714182e-02
9.107094714157752957e-01 3.155182534736993005e-02
9.109602791142273892e-01 3.154036488880072875e-02
9.112101273604806817e-01 3.152900494107477303e-02
9.114590196448884019e-01 3.151774461356753043e-02
9.117069594467648308e-01 3.150658302358334828e-02
9.119539502344040649e-01 3.149551929628472552e-02
9.121999954650986675e-01 3.148455256462219520e-02
9.124450985851592089e-01 3.147368196926487310e-02
9.126892630299334730e-01 3.146290665853160307e-02
9.129324922238262197e-01 3.145222578832269217e-02
9.131747895803183912e-01 3.144163852205232590e-02
9.134161585019873186e-01 3.143114403058152456e-02
9.136566023805262615e-01 3.142074149215170337e-02
9.138961245967645031e-01 3.141043009231885702e-02
9.141347285206875561e-01 3.140020902388830637e-02
9.143724175114573693e-01 3.139007748685004179e-02
9.146091949174326441e-01 3.138003468831462167e-02
9.148450640761895958e-01 3.137007984244968850e-02
9.150800283145420488e-01 3.136021217041697756e-02
9.153140909485627530e-01 3.135043090030997098e-02
9.155472552836038114e-01 3.134073526709206525e-02
9.157795246143176637e-01 3.133112451253525221e-02
9.160109022246786248e-01 3.132159788515946619e-02
9.162413913880030902e-01 3.131215464017230582e-02
9.164709953669717413e-01 3.130279403940947058e-02
9.166997174136501947e-01 3.129351535127557205e-02
9.169275607695112074e-01 3.128431785068559040e-02
9.171545286654553264e-01 3.127520081900678900e-02
9.173806243218332046e-01 3.126616354400116315e-02
9.176058509484672499e-01 3.125720531976842326e-02
9.178302117446731634e-01 3.124832544668943585e-02
9.180537098992822553e-01 3.123952323137024756e-02
9.182763485906629830e-01 3.123079798658651152e-02
9.184981309867435995e-01 3.122214903122851049e-02
9.187190602450338028e-01 3.121357569024658940e-02
9.189391395126473849e-01 3.120507729459711874e-02
9.191583719263243246e-01 3.119665318118893318e-02
9.193767606124534364e-01 3.118830269283024564e-02
9.195943086870945749e-01 3.118002517817601571e-02
9.198110192560013942e-01 3.117181999167582818e-02
9.200268954146442191e-01 3.116368649352220521e-02
9.202419402482322486e-01 3.115562404959939385e-02
9.204561568317365383e-01 3.114763203143259759e-02
9.206695482299130928e-01 3.113970981613767286e-02
9.208821174973255141e-01 3.113185678637128001e-02
9.210938676783679835e-01 3.112407233028146453e-02
9.213048018072883538e-01 3.111635584145868230e-02
9.215149229082114646e-01 3.110870671888726902e-02
9.217242339951620123e-01 3.110112436689734319e-02
9.219327380720878651e-01 3.109360819511712559e-02
9.221404381328835997e-01 3.108615761842569922e-02
9.223473371614130389e-01 3.107877205690618219e-02
9.225534381315338983e-01 3.107145093579932738e-02
9.227587440071201019e-01 3.106419368545752097e-02
9.229632577420858741e-01 3.105699974129920438e-02
9.231669822804087211e-01 3.104986854376369856e-02
9.233699205561540779e-01 3.104279953826644470e-02
9.235720754934976240e-01 3.103579217515461258e-02
9.237734500067503740e-01 3.102884590966313930e-02
9.239740470003806605e-01 3.102196020187113212e-02
9.241738693690397799e-01 3.101513451665869822e-02
9.243729199975843080e-01 3.100836832366410389e-02
9.245712017611008582e-01 3.100166109724137101e-02
9.247687175249295066e-01 3.099501231641823076e-02
9.249654701446879956e-01 3.098842146485442789e-02
9.251614624662951591e-01 3.098188803080045503e-02
9.253566973259957917e-01 3.097541150705658552e-02
9.255511775503838523e-01 3.096899139093232597e-02
9.257449059564270000e-01 3.096262718420621576e-02
9.259378853514904639e-01 3.095631839308596311e-02
9.261301185333612462e-01 3.095006452816897666e-02
9.263216082902723247e-01 3.094386510440321619e-02
9.265123574009265228e-01 3.093771964104840080e-02
9.267023686345210454e-01 3.093162766163758126e-02
9.268916447507716816e-01 3.092558869393902121e-02
9.270801884999367859e-01 3.091960226991846347e-02
9.272680026228418138e-01 3.091366792570167735e-02
9.274550898509033026e-01 3.090778520153740841e-02
9.276414529061536296e-01 3.090195364176059195e-02
9.278270945012648818e-01 3.089617279475593420e-02
9.280120173395733918e-01 3.089044221292181619e-02
9.281962241151043846e-01 3.088476145263449948e-02
9.283797175125958479e-01 3.087913007421267189e-02
9.285625002075230672e-01 3.087354764188230891e-02
9.287445748661231626e-01 3.086801372374183006e-02
9.289259441454195132e-01 3.086252789172758831e-02
9.291066106932461821e-01 3.085708972157964747e-02
9.292865771482721193e-01 3.085169879280788563e-02
9.294658461400260308e-01 3.084635468865838323e-02
9.296444202889203590e-01 3.084105699608011980e-02
9.298223022062761522e-01 3.083580530569197953e-02
9.299994944943470454e-01 3.083059921175001009e-02
9.301759997463445728e-01 3.082543831211503535e-02
9.303518205464617052e-01 3.082032220822050403e-02
9.305269594698979407e-01 3.081525050504065055e-02
9.307014190828833966e-01 3.081022281105893004e-02
9.308752019427040114e-01 3.080523873823675166e-02
9.310483105977250817e-01 3.080029790198246520e-02
9.312207475874161311e-01 3.079539992112064958e-02
9.313925154423760011e-01 3.079054441786165802e-02
9.315636166843563881e-01 3.078573101777144425e-02
9.317340538262870453e-01 3.078095934974165587e-02
9.319038293722996524e-01 3.077622904595999839e-02
9.320729458177530180e-01 3.077153974188083854e-02
9.322414056492569490e-01 3.076689107619612340e-02
9.324092113446967867e-01 3.076228269080649724e-02
9.325763653732583869e-01 3.075771423079272024e-02
9.327428701954519896e-01 3.075318534438733348e-02
9.329087282631370881e-01 3.074869568294654951e-02
9.330739420195464096e-01 3.074424490092243778e-02
9.332385138993106732e-01 3.073983265583532173e-02
9.334024463284833484e-01 3.073545860824643608e-02
9.335657417245639689e-01 3.073112242173083736e-02
9.337284024965238904e-01 3.072682376285054695e-02
9.338904310448297164e-01 3.072256230112791961e-02
9.340518297614679444e-01 3.071833770901927912e-02
9.342126010299693917e-01 3.071414966188876564e-02
9.343727472254337307e-01 3.070999783798243274e-02
9.345322707145533592e-01 3.070588191840255970e-02
9.346911738556379357e-01 3.070180158708220308e-02
9.348494589986389158e-01 3.069775653075998076e-02
9.350071284851733111e-01 3.069374643895507113e-02
9.351641846485486687e-01 3.068977100394242041e-02
9.353206298137864971e-01 3.068582992072822063e-02
9.354764662976473577e-01 3.068192288702555059e-02
9.356316964086541788e-01 3.067804960323026672e-02
9.357863224471172359e-01 3.067420977239709856e-02
9.359403467051577996e-01 3.067040310021596633e-02
9.360937714667324494e-01 3.066662929498849277e-02
9.362465990076572764e-01 3.066288806760474744e-02
9.363988315956319752e-01 3.065917913152017490e-02
9.365504714902636030e-01 3.065550220273274840e-02
9.367015209430914480e-01 3.065185699976030742e-02
9.368519821976100115e-01 3.064824324361813124e-02
9.370018574892936547e-01 3.064466065779666501e-02
9.371511490456204685e-01 3.064110896823948882e-02
9.372998590860963652e-01 3.063758790332145668e-02
9.374479898222787266e-01 3.063409719382704025e-02
9.375955434578004954e-01 3.063063657292886682e-02
9.377425221883938233e-01 3.062720577616644124e-02
9.378889282019143847e-01 3.062380454142506550e-02
9.380347636783646914e-01 3.062043260891494575e-02
9.381800307899182956e-01 3.061708972115048319e-02
9.383247317009432154e-01 3.061377562292974183e-02
9.384688685680259157e-01 3.061049006131412800e-02
9.386124435399949562e-01 3.060723278560820507e-02
9.387554587579444165e-01 3.060400354733973025e-02
9.388979163552580998e-01 3.060080210023986488e-02
9.390398184576326246e-01 3.059762820022351656e-02
9.391811671831010733e-01 3.059448160536992409e-02
9.393219646420569724e-01 3.059136207590335693e-02
9.394622129372772745e-01 3.058826937417403677e-02
9.396019141639458949e-01 3.058520326463917346e-02
9.397410704096776923e-01 3.058216351384423007e-02
9.398796837545414506e-01 3.057914989040430923e-02
9.400177562710833046e-01 3.057616216498572348e-02
9.401552900243499433e-01 3.057320011028773904e-02
9.402922870719122583e-01 3.057026350102446180e-02
9.404287494638885470e-01 3.056735211390690030e-02
9.405646792429676051e-01 3.056446572762518479e-02
9.407000784444318198e-01 3.056160412283094249e-02
9.408349490961808170e-01 3.055876708211982887e-02
9.409692932187542214e-01 3.055595439001422900e-02
9.411031128253547484e-01 3.055316583294608035e-02
9.412364099218712976e-01 3.055040119923989675e-02
9.413691865069023779e-01 3.054766027909589649e-02
9.415014445717783120e-01 3.054494286457332466e-02
9.416331861005848847e-01 3.054224874957386926e-02
9.417644130701857685e-01 3.053957772982528532e-02
9.418951274502459503e-01 3.053692960286513020e-02
9.420253312032539350e-01 3.053430416802464450e-02
9.421550262845448387e-01 3.053170122641278919e-02
9.422842146423230369e-01 3.052912058090042138e-02
9.424128982176851466e-01 3.052656203610460556e-02
9.425410789446424520e-01 3.052402539837307041e-02
9.426687587501434429e-01 3.052151047576879758e-02
9.427959395540966847e-01 3.051901707805476996e-02
9.429226232693932452e-01 3.051654501667881367e-02
9.430488118019287880e-01 3.051409410475861700e-02
9.431745070506269979e-01 3.051166415706686383e-02
9.432997109074610087e-01 3.050925499001650582e-02
9.434244252574762735e-01 3.050686642164615603e-02
9.435486519788129911e-01 3.050449827160562136e-02
9.436723929427280888e-01 3.050215036114156328e-02
9.437956500136173155e-01 3.049982251308329048e-02
9.439184250490383343e-01 3.049751455182865903e-02
9.440407198997319282e-01 3.049522630333012518e-02
9.441625364096446482e-01 3.049295759508090925e-02
9.442838764159503517e-01 3.049070825610127738e-02
9.444047417490731844e-01 3.048847811692495524e-02
9.445251342327084521e-01 3.048626700958566305e-02
9.446450556838453805e-01 3.048407476760375476e-02
9.447645079127888756e-01 3.048190122597300294e-02
9.448834927231808400e-01 3.047974622114748774e-02
9.450020119120228212e-01 3.047760959102858644e-02
9.451200672696967731e-01 3.047549117495210874e-02
9.452376605799879261e-01 3.047339081367553965e-02
9.453547936201052160e-01 3.047130834936536206e-02
9.454714681607043758e-01 3.046924362558455640e-02
9.455876859659078093e-01 3.046719648728014526e-02
9.457034487933275724e-01 3.046516678077089771e-02
9.458187583940861343e-01 3.046315435373511682e-02
9.459336165128378049e-01 3.046115905519854519e-02
9.460480248877906062e-01 3.045918073552238495e-02
9.461619852507271444e-01 3.045721924639139752e-02
9.462754993270261483e-01 3.045527444080215612e-02
9.463885688356834525e-01 3.045334617305135022e-02
9.465011954893334245e-01 3.045143429872424271e-02
9.466133809942703925e-01 3.044953867468318601e-02
9.467251270504690730e-01 3.044765915905628048e-02
9.468364353516063314e-01 3.044579561122609870e-02
9.469473075850817212e-01 3.044394789181854855e-02
9.470577454320385780e-01 3.044211586269179523e-02
9.471677505673850028e-01 3.044029938692530135e-02
9.472773246598147345e-01 3.043849832880897791e-02
9.473864693718279106e-01 3.043671255383241167e-02
9.474951863597516066e-01 3.043494192867418971e-02
9.476034772737613743e-01 3.043318632119133837e-02
9.477113437579006705e-01 3.043144560040882823e-02
9.478187874501029508e-01 3.042971963650919348e-02
9.479258099822107653e-01 3.042800830082224156e-02
9.480324129799972965e-01 3.042631146581485299e-02
9.481385980631866772e-01 3.042462900508085058e-02
9.482443668454738628e-01 3.042296079333100742e-02
9.483497209345456147e-01 3.042130670638309650e-02
9.484546619321009286e-01 3.041966662115204792e-02
9.485591914338706854e-01 3.041804041564019623e-02
9.486633110296384119e-01 3.041642796892762152e-02
9.487670223032600436e-01 3.041482916116254598e-02
9.488703268326845741e-01 3.041324387355186232e-02
9.489732261899735954e-01 3.041167198835169685e-02
9.490757219413219481e-01 3.041011338885810794e-02
9.491778156470769279e-01 3.040856795939781212e-02
9.492795088617589361e-01 3.040703558531904563e-02
9.493808031340810194e-01 3.040551615298246746e-02
9.494817000069686319e-01 3.040400954975217701e-02
9.495822010175798411e-01 3.040251566398676983e-02
9.496823076973244238e-01 3.040103438503051828e-02
9.497820215718840720e-01 3.039956560320460771e-02
9.498813441612319330e-01 3.039810920979844205e-02
9.499802769796517055e-01 3.039666509706104996e-02
9.500788215357581779e-01 3.039523315819254307e-02
9.501769793325156588e-01 3.039381328733567825e-02
9.502747518672578497e-01 3.039240537956747548e-02
9.503721406317074960e-01 3.039100933089090156e-02
9.504691471119951496e-01 3.038962503822665792e-02
9.505657727886790420e-01 3.038825239940501702e-02
9.506620191367638473e-01 3.038689131315774547e-02
9.507578876257199996e-01 3.038554167911008269e-02
9.508533797195031223e-01 3.038420339777282014e-02
9.509484968765724577e-01 3.038287637053440834e-02
9.510432405499106290e-01 3.038156049965317837e-02
9.511376121870419587e-01 3.038025568824959805e-02
9.512316132300520088e-01 3.037896184029862875e-02
9.513252451156057887e-01 3.037767886062212042e-02
9.514185092749672945e-01 3.037640665488128625e-02
9.515114071340176061e-01 3.037514512956926774e-02
9.516039401132743158e-01 3.037389419200370311e-02
9.516961096279094035e-01 3.037265375031945186e-02
9.517879170877683315e-01 3.037142371346129507e-02
9.518793638973888083e-01 3.037020399117676406e-02
9.519704514560187736e-01 3.036899449400899328e-02
9.520611811576352723e-01 3.036779513328967742e-02
9.521515543909626622e-01 3.036660582113203874e-02
9.522415725394910435e-01 3.036542647042390908e-02
9.523312369814949108e-01 3.036425699482083254e-02
9.524205490900504723e-01 3.036309730873926541e-02
9.525095102330549679e-01 3.036194732734980029e-02
9.525981217732442108e-01 3.036080696657047703e-02
9.526863850682107948e-01 3.035967614306015264e-02
9.527743014704221913e-01 3.035855477421190579e-02
9.528618723272388458e-01 3.035744277814653863e-02
9.529490989809319412e-01 3.035634007370609233e-02
9.530359827687014951e-01 3.035524658044745638e-02
9.531225250226941226e-01 3.035416221863601605e-02
9.532087270700209114e-01 3.035308690923937611e-02
9.532945902327751853e-01 3.035202057392110200e-02
9.533801158280499344e-01 3.035096313503456156e-02
9.534653051679559121e-01 3.034991451561679099e-02
9.535501595596388436e-01 3.034887463938243032e-02
9.536346803052972998e-01 3.034784343071769697e-02
9.537188687022001288e-01 3.034682081467444947e-02
9.538027260427035525e-01 3.034580671696425480e-02
9.538862536142691528e-01 3.034480106395253188e-02
9.539694526994807466e-01 3.034380378265277151e-02
9.540523245760619275e-01 3.034281480072076320e-02
9.541348705168932742e-01 3.034183404644889837e-02
9.542170917900295590e-01 3.034086144876053243e-02
9.542989896587167342e-01 3.033989693720436781e-02
9.543805653814093626e-01 3.033894044194891323e-02
9.544618202117873818e-01 3.033799189377698463e-02
9.545427553987732017e-01 3.033705122408025812e-02
9.546233721865486910e-01 3.033611836485385072e-02
9.547036718145720524e-01 3.033519324869098782e-02
9.547836555175946982e-01 3.033427580877767760e-02
9.548633245256777924e-01 3.033336597888745823e-02
9.549426800642095703e-01 3.033246369337619722e-02
9.550217233539213257e-01 3.033156888717690111e-02
9.551004556109046195e-01 3.033068149579462233e-02
9.551788780466279327e-01 3.032980145530135563e-02
9.552569918679525429e-01 3.032892870233103513e-02
9.553347982771495106e-01 3.032806317407453836e-02
9.554122984719162215e-01 3.032720480827474571e-02
9.554894936453927068e-01 3.032635354322163815e-02
9.555663849861778525e-01 3.032550931774745731e-02
9.556429736783457196e-01 3.032467207122189340e-02
9.557192609014618645e-01 3.032384174354730774e-02
9.557952478305995481e-01 3.032301827515402823e-02
9.558709356363559451e-01 3.032220160699564820e-02
9.559463254848680203e-01 3.032139168054439476e-02
9.560214185378289597e-01 3.032058843778652826e-02
9.560962159525038251e-01 3.031979182121778693e-02
9.561707188817457626e-01 3.031900177383887313e-02
9.562449284740116573e-01 3.031821823915096040e-02
9.563188458733782316e-01 3.031744116115128035e-02
9.563924722195576988e-01 3.031667048432869563e-02
9.564658086479138621e-01 3.031590615365937005e-02
9.565388562894769908e-01 3.031514811460243181e-02
9.566116162709604742e-01 3.031439631309569213e-02
9.566840897147760314e-01 3.031365069555141609e-02
9.567562777390490325e-01 3.031291120885210369e-02
9.568281814576345967e-01 3.031217780034632311e-02
9.568998019801321364e-01 3.031145041784457858e-02
9.569711404119021214e-01 3.031072900961523375e-02
9.570421978540798458e-01 3.031001352438042820e-02
9.571129754035924142e-01 3.030930391131208060e-02
9.571834741531726198e-01 3.030860012002787804e-02
9.572536951913751535e-01 3.030790210058735210e-02
9.573236396025911477e-01 3.030720980348794100e-02
9.573933084670636084e-01 3.030652317966112119e-02
9.574627028609025148e-01 3.030584218046856668e-02
9.575318238560998063e-01 3.030516675769831872e-02
9.576006725205443715e-01 3.030449686356103886e-02
9.576692499180369245e-01 3.030383245068623069e-02
9.577375571083048822e-01 3.030317347211855528e-02
9.578055951470175744e-01 3.030251988131413624e-02
9.578733650858005655e-01 3.030187163213693066e-02
9.579408679722506426e-01 3.030122867885510704e-02
9.580081048499505814e-01 3.030059097613746824e-02
9.580750767584835792e-01 3.029995847904989534e-02
9.581417847334481319e-01 3.029933114305185388e-02
9.582082298064725778e-01 3.029870892399287585e-02
9.582744130052293086e-01 3.029809177810913190e-02
9.583403353534494240e-01 3.029747966202000001e-02
9.584059978709376093e-01 3.029687253272466893e-02
9.584714015735856796e-01 3.029627034759877630e-02
9.585365474733873459e-01 3.029567306439107446e-02
9.586014365784529812e-01 3.029508064122013802e-02
9.586660698930228319e-01 3.029449303657106782e-02
9.587304484174820063e-01 3.029391020929227130e-02
9.587945731483743517e-01 3.029333211859223246e-02
9.588584450784165547e-01 3.029275872403632344e-02
9.589220651965123521e-01 3.029218998554365772e-02
9.589854344877661863e-01 3.029162586338393984e-02
9.590485539334977494e-01 3.029106631817438458e-02
9.591114245112550840e-01 3.029051131087662566e-02
9.591740471948295710e-01 3.028996080279366954e-02
9.592364229542686971e-01 3.028941475556689092e-02
9.592985527558901548e-01 3.028887313117301430e-02
9.593604375622962754e-01 3.028833589192116149e-02
9.594220783323864632e-01 3.028780300044990950e-02
9.594834760213721836e-01 3.028727441972437623e-02
9.595446315807893978e-01 3.028675011303331999e-02
9.596055459585128844e-01 3.028623004398629456e-02
9.596662200987695623e-01 3.028571417651080427e-02
9.597266549421518134e-01 3.028520247484948677e-02
9.597868514256310268e-01 3.028469490355732707e-02
9.598468104825709224e-01 3.028419142749890283e-02
9.599065330427410947e-01 3.028369201184563653e-02
9.599660200323298920e-01 3.028319662207308582e-02
9.600252723739581828e-01 3.028270522395825823e-02
9.600842909866921238e-01 3.028221778357694308e-02
9.601430767860564819e-01 3.028173426730105741e-02
9.602016306840478466e-01 3.028125464179605431e-02
9.602599535891476190e-01 3.028077887401829649e-02
9.603180464063350019e-01 3.028030693121251324e-02
9.603759100371002111e-01 3.027983878090922606e-02
9.604335453794569100e-01 3.027937439092224722e-02
9.604909533279556433e-01 3.027891372934615397e-02
9.605481347736962716e-01 3.027845676455381135e-02
9.606050906043414050e-01 3.027800346519393324e-02
9.606618217041285046e-01 3.027755380018861200e-02
9.607183289538827609e-01 3.027710773873092467e-02
9.607746132310303055e-01 3.027666525028253550e-02
9.608306754096098690e-01 3.027622630457131245e-02
9.608865163602864357e-01 3.027579087158898882e-02
9.609421369503631238e-01 3.027535892158882483e-02
9.609975380437937309e-01 3.027493042508329346e-02
9.610527205011958340e-01 3.027450535284179761e-02
9.611076851798621146e-01 3.027408367588839758e-02
9.611624329337740136e-01 3.027366536549955592e-02
9.612169646136130563e-01 3.027325039320192396e-02
9.612712810667737307e-01 3.027283873077011092e-02
9.613253831373753666e-01 3.027243035022451206e-02
9.613792716662747928e-01 3.027202522382912292e-02
9.614329474910781048e-01 3.027162332408941253e-02
9.614864114461530997e-01 3.027122462375015505e-02
9.615396643626411555e-01 3.027082909579334458e-02
9.615927070684694433e-01 3.027043671343609618e-02
9.616455403883629183e-01 3.027004745012856421e-02
9.616981651438560874e-01 3.026966127955188143e-02
9.617505821533053334e-01 3.026927817561613984e-02
9.618027922319002387e-01 3.026889811245833672e-02
9.618547961916762423e-01 3.026852106444040402e-02
9.619065948415255196e-01 3.026814700614721340e-02
9.619581889872095282e-01 3.026777591238458825e-02
9.620095794313702209e-01 3.026740775817738857e-02
9.620607669735421474e-01 3.026704251876755070e-02
9.621117524101636675e-01 3.026668016961218954e-02
9.621625365345888303e-01 3.026632068638167999e-02
9.622131201370989206e-01 3.026596404495780074e-02
9.622635040049141164e-01 3.026561022143184343e-02
9.623136889222045909e-01 3.026525919210278429e-02
9.623636756701021699e-01 3.026491093347545222e-02
9.624134650267118785e-01 3.026456542225869004e-02
9.624630577671231535e-01 3.026422263536358154e-02
9.625124546634212797e-01 3.026388254990166130e-02
9.625616564846983803e-01 3.026354514318312788e-02
9.626106639970650747e-01 3.026321039271511956e-02
9.626594779636614696e-01 3.026287827619996221e-02
9.627080991446682612e-01 3.026254877153345194e-02
9.627565282973182814e-01 3.026222185680314813e-02
9.628047661759069342e-01 3.026189751028668731e-02
9.628528135318038528e-01 3.026157571045009695e-02
9.629006711134635577e-01 3.026125643594614750e-02
9.629483396664364481e-01 3.026093966561270096e-02
9.629958199333800151e-01 3.026062537847108019e-02
9.630431126540696107e-01 3.026031355372445567e-02
9.630902185654092174e-01 3.026000417075621826e-02
9.631371384014423276e-01 3.025969720912844579e-02
9.631838728933626026e-01 3.025939264858026195e-02
9.632304227695248633e-01 3.025909046902633404e-02
9.632767887554558595e-01 3.025879065055529088e-02
9.633229715738644838e-01 3.025849317342819977e-02
9.633689719446529853e-01 3.025819801807705378e-02
9.634147905849270721e-01 3.025790516510326253e-02
9.634604282090069027e-01 3.025761459527615341e-02
9.635058855284373003e-01 3.025732628953150399e-02
9.635511632519984104e-01 3.025704022897006754e-02
9.635962620857158045e-01 3.025675639485613314e-02
9.636411827328718038e-01 3.025647476861606511e-02
9.636859258940148054e-01 3.025619533183688745e-02
9.637304922669697183e-01 3.025591806626487870e-02
9.637748825468495095e-01 3.025564295380415644e-02
9.638190974260637534e-01 3.025536997651529642e-02
9.638631375943301771e-01 3.025509911661394130e-02
9.639070037386839873e-01 3.025483035646945457e-02
9.639506965434887498e-01 3.025456367860356044e-02
9.639942166904458265e-01 3.025429906568899777e-02
9.640375648586053670e-01 3.025403650054819815e-02
9.640807417243750788e-01 3.025377596615197104e-02
9.641237479615314410e-01 3.025351744561818532e-02
9.641665842412291410e-01 3.025326092221049257e-02
9.642092512320109554e-01 3.025300637933702949e-02
9.642517495998179644e-01 3.025275380054916544e-02
9.642940800079989883e-01 3.025250316954021176e-02
9.643362431173211347e-01 3.025225447014421448e-02
9.643782395859785694e-01 3.025200768633468790e-02
9.644200700696033968e-01 3.025176280222338990e-02
9.644617352212747630e-01 3.025151980205912153e-02
9.645032356915284044e-01 3.025127867022650921e-02
9.645445721283669727e-01 3.025103939124481472e-02
9.645857451772689162e-01 3.025080194976675907e-02
9.646267554811985834e-01 3.025056633057733244e-02
9.646676036806157706e-01 3.025033251859264583e-02
9.647082904134849368e-01 3.025010049885877572e-02
9.647488163152848628e-01 3.024987025655062611e-02
9.647891820190180878e-01 3.024964177697078357e-02
9.648293881552206797e-01 3.024941504554840704e-02
9.648694353519708944e-01 3.024919004783811760e-02
9.649093242348991684e-01 3.024896676951888130e-02
9.649490554271973330e-01 3.024874519639293713e-02
9.649886295496274968e-01 3.024852531438470063e-02
9.650280472205319260e-01 3.024830710953969187e-02
9.650673090558418155e-01 3.024809056802347726e-02
9.651064156690865037e-01 3.024787567612061828e-02
9.651453676714027985e-01 3.024766242023361335e-02
9.651841656715440809e-01 3.024745078688187427e-02
9.652228102758896311e-01 3.024724076270069936e-02
9.652613020884529549e-01 3.024703233444025335e-02
9.652996417108913318e-01 3.024682548896455436e-02
9.653378297425150301e-01 3.024662021325048508e-02
9.653758667802958549e-01 3.024641649438679705e-02
9.654137534188761416e-01 3.024621431957312187e-02
9.654514902505777485e-01 3.024601367611902403e-02
9.654890778654108274e-01 3.024581455144299477e-02
9.655265168510829277e-01 3.024561693307153964e-02
9.655638077930074337e-01 3.024542080863820009e-02
9.656009512743122247e-01 3.024522616588263060e-02
9.656379478758492230e-01 3.024503299264966541e-02
9.656747981762021649e-01 3.024484127688838869e-02
9.657115027516957051e-01 3.024465100665123946e-02
9.657480621764042983e-01 3.024446217009308172e-02
9.657844770221598596e-01 3.024427475547031632e-02
9.658207478585617567e-01 3.024408875113999626e-02
9.658568752529840262e-01 3.024390414555894191e-02
9.658928597705848107e-01 3.024372092728286679e-02
9.659287019743144631e-01 3.024353908496549975e-02
9.659644024249236516e-01 3.024335860735775233e-02
9.659999616809727963e-01 3.024317948330683056e-02
9.660353802988393968e-01 3.024300170175542660e-02
9.660706588327268030e-01 3.024282525174086869e-02
9.661057978346729858e-01 3.024265012239427813e-02
9.661407978545578645e-01 3.024247630293977127e-02
9.661756594401125220e-01 3.024230378269363029e-02
9.662103831369269757e-01 3.024213255106350876e-02
9.662449694884585050e-01 3.024196259754760932e-02
9.662794190360396440e-01 3.024179391173391351e-02
9.663137323188867311e-01 3.024162648329939071e-02
9.663479098741075690e-01 3.024146030200921056e-02
9.663819522367097514e-01 3.024129535771597974e-02
9.664158599396088789e-01 3.024113164035897861e-02
9.664496335136364413e-01 3.024096913996338412e-02
9.664832734875473674e-01 3.024080784663954469e-02
9.665167803880290176e-01 3.024064775058222035e-02
9.665501547397079563e-01 3.024048884206984381e-02
9.665833970651589446e-01 3.024033111146378835e-02
9.666165078849119352e-01 3.024017454920765666e-02
9.666494877174605094e-01 3.024001914582654174e-02
9.666823370792696490e-01 3.023986489192632618e-02
9.667150564847832861e-01 3.023971177819297085e-02
9.667476464464318520e-01 3.023955979539182451e-02
9.667801074746408263e-01 3.023940893436691604e-02
9.668124400778377314e-01 3.023925918604027097e-02
9.668446447624602369e-01 3.023911054141124183e-02
9.668767220329633760e-01 3.023896299155581432e-02
9.669086723918276505e-01 3.023881652762595504e-02
9.669404963395663577e-01 3.023867114084892449e-02
9.669721943747331405e-01 3.023852682252664917e-02
9.670037669939297587e-01 3.023838356403504846e-02
9.670352146918133052e-01 3.023824135682338932e-02
