6.708848916751518343e-02 1.440817405322451839e+00
6.767457242125010652e-02 1.434775678626065254e+00
6.826259050370253600e-02 1.428757428527570816e+00
6.885256901185807243e-02 1.422761998716526755e+00
6.944453410978272678e-02 1.416788742086726893e+00
7.003851253899863460e-02 1.410837020800677966e+00
7.063453162879243519e-02 1.404906206352656506e+00
7.123261930645372053e-02 1.398995679630277600e+00
7.183280410744161126e-02 1.393104830974498665e+00
7.243511518547716965e-02 1.387233060237996529e+00
7.303958232255930438e-02 1.381379776841846763e+00
7.364623593890221032e-02 1.375544399830449960e+00
7.425510710279203952e-02 1.369726357924644367e+00
7.486622754036056926e-02 1.363925089572951110e+00
7.547962964527379914e-02 1.358140043000900299e+00
7.609534648833310433e-02 1.352370676258391136e+00
7.671341182698677985e-02 1.346616457265042532e+00
7.733386011474954747e-02 1.340876863853489365e+00
7.795672651052769353e-02 1.335151383810591952e+00
7.858204688784738157e-02 1.329439514916518794e+00
7.920985784398361373e-02 1.323740764981674367e+00
7.984019670898712118e-02 1.318054651881442885e+00
8.047310155460653258e-02 1.312380703588721165e+00
8.110861120310283723e-02 1.306718458204218170e+00
8.174676523595324207e-02 1.301067463984503680e+00
8.238760400244124482e-02 1.295427279367784124e+00
8.303116862812948140e-02 1.289797472997396888e+00
8.367750102321210026e-02 1.284177623743003371e+00
8.432664389074273625e-02 1.278567320719478317e+00
8.497864073473426760e-02 1.272966163303482112e+00
8.563353586812649798e-02 1.267373761147711608e+00
8.629137442061693419e-02 1.261789734192826140e+00
8.695220234635063494e-02 1.256213712677045846e+00
8.761606643146385709e-02 1.250645337143421187e+00
8.828301430147668383e-02 1.245084258444773884e+00
8.895309442852904203e-02 1.239530137746312155e+00
8.962635613845462701e-02 1.233982646525921822e+00
9.030284961768637875e-02 1.228441466572137486e+00
9.098262591998762527e-02 1.222906289979798222e+00
9.166573697300180179e-02 1.217376819143393130e+00
9.235223558461390370e-02 1.211852766748100718e+00
9.304217544911629056e-02 1.206333855758529472e+00
9.373561115317088910e-02 1.200819819405164246e+00
9.443259818155980145e-02 1.195310401168525383e+00
9.513319292271556205e-02 1.189805354761042100e+00
9.583745267402203616e-02 1.184304444106653253e+00
9.654543564687671775e-02 1.178807443318129256e+00
9.725720097150411525e-02 1.173314136672128916e+00
9.797280870151041376e-02 1.167824318581988985e+00
9.869231981816807553e-02 1.162337793568248179e+00
9.941579623441942903e-02 1.156854376226912340e+00
1.001433007985873536e-01 1.151373891195453414e+00
1.008748972977808328e-01 1.145896173116548011e+00
1.016106504609825267e-01 1.140421066599548228e+00
1.023506259618051639e-01 1.134948426179684278e+00
1.030948904209030154e-01 1.129478116274991395e+00
1.038435114080239474e-01 1.124010011140957443e+00
1.045965574436875101e-01 1.118543994822879029e+00
1.053540980004734479e-01 1.113079961105919002e+00
1.061162035039049240e-01 1.107617813462856038e+00
1.068829453329099843e-01 1.102157464999505398e+00
1.076543958198443451e-01 1.096698838397807796e+00
1.084306282500580171e-01 1.091241865856559023e+00
1.092117168609878924e-01 1.085786489029770374e+00
1.099977368407574763e-01 1.080332658962637193e+00
1.107887643262654154e-01 1.074880336025095806e+00
1.115848764007423832e-01 1.069429489842943948e+00
1.123861510907571970e-01 1.063980099226507381e+00
1.131926673626511282e-01 1.058532152096821166e+00
1.140045051183795760e-01 1.053085645409302495e+00
1.148217451907398434e-01 1.047640585074890884e+00
1.156444693379629074e-01 1.042196985878622417e+00
1.164727602376470494e-01 1.036754871395613842e+00
1.173067014800108221e-01 1.031314273904425205e+00
1.181463775604418565e-01 1.025875234297773497e+00
1.189918738713186264e-01 1.020437801990563553e+00
1.198432766930811605e-01 1.015002034825211785e+00
1.207006731845266662e-01 1.009567998974227887e+00
1.215641513723059175e-01 1.004135768840028309e+00
1.224338001395959691e-01 9.987054269519516358e-01
1.233097092139242984e-01 9.932770638604481173e-01
1.241919691541197579e-01 9.878507780284150330e-01
1.250806713363652733e-01 9.824266757196549182e-01
1.259759079393274195e-01 9.770048708844294438e-01
1.268777719283378513e-01 9.715854850420897471e-01
1.277863570386016390e-01 9.661686471607590088e-01
1.287017577574075811e-01 9.607544935340533998e-01
1.296240693053160031e-01 9.553431676548231888e-01
1.305533876162993934e-01 9.499348200859020208e-01
1.314898093168118121e-01 9.445296083278560406e-01
1.324334317037631492e-01 9.391276966837255324e-01
1.333843527213748048e-01 9.337292561207567454e-01
1.343426709368938654e-01 9.283344641291273458e-01
1.353084855151433785e-01 9.229435045776683832e-01
1.362818961918868810e-01 9.175565675665946497e-01
1.372630032459863370e-01 9.121738492772590856e-01
1.382519074703330297e-01 9.067955518189485531e-01
1.392487101415318673e-01 9.014218830727486198e-01
1.402535129883214216e-01 8.960530565325057761e-01
1.412664181587110490e-01 8.906892911429241666e-01
1.422875281858203000e-01 8.853308111348379139e-01
1.433169459524043787e-01 8.799778458577069973e-01
1.443547746540525534e-01 8.746306296093901977e-01
1.454011177610474437e-01 8.692894014632561728e-01
1.464560789788735273e-01 8.639544050926973862e-01
1.475197622073667891e-01 8.586258885931211671e-01
1.485922714984969362e-01 8.533041043014969462e-01
1.496737110127774051e-01 8.479893086135461555e-01
1.507641849742988316e-01 8.426817617986670506e-01
1.518637976243839838e-01 8.373817278126944874e-01
1.529726531738650475e-01 8.320894741086009017e-01
1.540908557539850954e-01 8.268052714452511776e-01
1.552185093659284032e-01 8.215293936943305342e-01
1.563557178289871064e-01 8.162621176455731042e-01
1.575025847273731627e-01 8.110037228104213236e-01
1.586592133556876671e-01 8.057544912242569080e-01
1.598257066630623113e-01 8.005147072473465242e-01
1.610021671959898371e-01 7.952846573646545902e-01
1.621886970398639660e-01 7.900646299846783016e-01
1.633853977592510109e-01 7.848549152374679760e-01
1.645923703369194246e-01 7.796558047719982509e-01
1.658097151116554313e-01 7.744675915530642163e-01
1.670375317148968253e-01 7.692905696578766772e-01
1.682759190062192434e-01 7.641250340725401768e-01
1.695249750077128525e-01 7.589712804885953013e-01
1.707847968372901981e-01 7.538296050998166686e-01
1.720554806409694271e-01 7.487003043994552298e-01
1.733371215241799601e-01 7.435836749781200572e-01
1.746298134821408499e-01 7.384800133224966867e-01
1.759336493293656711e-01 7.333896156150966350e-01
1.772487206283503425e-01 7.283127775352417066e-01
1.785751176175037480e-01 7.232497940614794896e-01
1.799129291383846363e-01 7.182009592756319893e-01
1.812622425623099942e-01 7.131665661686776847e-01
1.826231437164049232e-01 7.081469064486646259e-01
1.839957168091655160e-01 7.031422703508555250e-01
1.853800443556099520e-01 6.981529464502989057e-01
1.867762071020959980e-01 6.931792214770217120e-01
1.881842839508847121e-01 6.882213801340345549e-01
1.896043518845349773e-01 6.832797049183376714e-01
1.910364858902131868e-01 6.783544759451130002e-01
1.924807588840077577e-01 6.734459707752804558e-01
1.939372416353380979e-01 6.685544642465969245e-01
1.954060026915512283e-01 6.636802283084655141e-01
1.968871083028008451e-01 6.588235318606218138e-01
1.983806223473051356e-01 6.539846405958543718e-01
1.998866062570820168e-01 6.491638168469121561e-01
2.014051189442614131e-01 6.443613194377449949e-01
2.029362167280755469e-01 6.395774035392135515e-01
2.044799532626298544e-01 6.348123205294007310e-01
2.060363794655573344e-01 6.300663178586464186e-01
2.076055434476603290e-01 6.253396389194196825e-01
2.091874904436440141e-01 6.206325229211360206e-01
2.107822627440462115e-01 6.159452047700141319e-01
2.123898996284679652e-01 6.112779149540636947e-01
2.140104373002096882e-01 6.066308794332814225e-01
2.156439088224161582e-01 6.020043195351257870e-01
2.172903440558341948e-01 5.973984518553324685e-01
2.189497695982849934e-01 5.928134881641202725e-01
2.206222087259520070e-01 5.882496353178305881e-01
2.223076813365847670e-01 5.837070951760324755e-01
2.240062038947155110e-01 5.791860645241168060e-01
2.257177893789855394e-01 5.746867350013916687e-01
2.274424472316746160e-01 5.702092930346861488e-01
2.291801833105249486e-01 5.657539197774543727e-01
2.309309998429484867e-01 5.613207910543674961e-01
2.326948953827031041e-01 5.569100773113708769e-01
2.344718647691205193e-01 5.525219435711730132e-01
2.362618990889653603e-01 5.481565493941283895e-01
2.380649856410004817e-01 5.438140488444628273e-01
2.398811079033311422e-01 5.394945904617861610e-01
2.417102455035954056e-01 5.351983172378286246e-01
2.435523741920648799e-01 5.309253665983260095e-01
2.454074658177147483e-01 5.266758703899774297e-01
2.472754883073181587e-01 5.224499548723871012e-01
2.491564056476148481e-01 5.182477407148998738e-01
2.510501778705997444e-01 5.140693429982294838e-01
2.529567610419711232e-01 5.099148712207761669e-01
2.548761072527741534e-01 5.057844293095233867e-01
2.568081646142694185e-01 5.016781156353985471e-01
2.587528772560513390e-01 4.975960230329774525e-01
2.607101853274357839e-01 4.935382388244089480e-01
2.626800250021308347e-01 4.895048448474320635e-01
2.646623284861987502e-01 4.854959174873529348e-01
2.666570240293129612e-01 4.815115277128482751e-01
2.686640359393063782e-01 4.775517411154577285e-01
2.706832846000041259e-01 4.736166179526246633e-01
2.727146864923258862e-01 4.697062131941449614e-01
2.747581542186399717e-01 4.658205765718801405e-01
2.768135965303435975e-01 4.619597526325900372e-01
2.788809183586405949e-01 4.581237807937402762e-01
2.809600208484803185e-01 4.543126954021391439e-01
2.830508013956184454e-01 4.505265257952565383e-01
2.851531536867534800e-01 4.467652963650809439e-01
2.872669677426894497e-01 4.430290266243677166e-01
2.893921299644689471e-01 4.393177312751351260e-01
2.915285231824165657e-01 4.356314202792634926e-01
2.936760267080293363e-01 4.319700989310568673e-01
2.958345163886441087e-01 4.283337679316246982e-01
2.980038646648098810e-01 4.247224234649465413e-01
3.001839406302875823e-01 4.211360572754817566e-01
3.023746100945973736e-01 4.175746567471905202e-01
3.045757356480277567e-01 4.140382049838335354e-01
3.067871767290204499e-01 4.105266808904218245e-01
3.090087896938386036e-01 4.070400592556894237e-01
3.112404278884260411e-01 4.035783108354658588e-01
3.134819417223596028e-01 4.001414024368278866e-01
3.157331787447967275e-01 3.967292970029129284e-01
3.179939837223166865e-01 3.933419536982809550e-01
3.202641987185516625e-01 3.899793279947141866e-01
3.225436631755042027e-01 3.866413717573471964e-01
3.248322139964427979e-01 3.833280333310251087e-01
3.271296856302693956e-01 3.800392576267893063e-01
3.294359101572492676e-01 3.767749862083952794e-01
3.317507173759939310e-01 3.735351573787701884e-01
3.340739348915868767e-01 3.703197062663218242e-01
3.364053882047423616e-01 3.671285649110135885e-01
3.387449008018861285e-01 3.639616623501257808e-01
3.410922942460477558e-01 3.608189247036244218e-01
3.434473882684553336e-01 3.577002752590653922e-01
3.458100008607224995e-01 3.546056345559633338e-01
3.481799483675195872e-01 3.515349204695596974e-01
3.505570455796213625e-01 3.484880482939267665e-01
3.529411058272242663e-01 3.454649308243490924e-01
3.553319410734296913e-01 3.424654784389272733e-01
3.577293620077884317e-01 3.394895991793510093e-01
3.601331781398049992e-01 3.365371988307942486e-01
3.625431978923026044e-01 3.336081810008855175e-01
3.649592286945503861e-01 3.307024471977128566e-01
3.673810770750575716e-01 3.278198969068235602e-01
3.698085487539414795e-01 3.249604276671831937e-01
3.722414487347785461e-01 3.221239351460606359e-01
3.746795813958497812e-01 3.193103132128101707e-01
3.771227505806961644e-01 3.165194540115220390e-01
3.795707596879000501e-01 3.137512480325183040e-01
3.820234117600136980e-01 3.110055841826716572e-01
3.844805095715574383e-01 3.082823498545274044e-01
3.869418557160140271e-01 3.055814309942132545e-01
3.894072526917476962e-01 3.029027121681200363e-01
3.918765029867815608e-01 3.002460766283438498e-01
3.943494091623668263e-01 2.976114063768768858e-01
3.968257739352845648e-01 2.949985822285405845e-01
3.993054002588206641e-01 2.924074838726545833e-01
4.017880914023596040e-01 2.898379899334365128e-01
4.042736510295451002e-01 2.872899780291310878e-01
4.067618832749597124e-01 2.847633248298671593e-01
4.092525928192782270e-01 2.822579061142435064e-01
4.117455849628522402e-01 2.797735968246461424e-01
4.142406656976883594e-01 2.773102711213001337e-01
4.167376417777836628e-01 2.748678024350618143e-01
4.192363207877862208e-01 2.724460635189570046e-01
4.217365112099518143e-01 2.700449264984735587e-01
4.242380224893699814e-01 2.676642629206157920e-01
4.267406650974365778e-01 2.653039438017317786e-01
4.292442505935527564e-01 2.629638396741231787e-01
4.317485916850322125e-01 2.606438206314492523e-01
4.342535022852030413e-01 2.583437563729382713e-01
4.367587975696918812e-01 2.560635162464179881e-01
4.392642940308807420e-01 2.538029692901805912e-01
4.417698095305316874e-01 2.515619842736954159e-01
4.442751633505726550e-01 2.493404297371848988e-01
4.467801762420458012e-01 2.471381740300798713e-01
4.492846704722167073e-01 2.449550853483690172e-01
4.517884698698492740e-01 2.427910317708604493e-01
4.542913998686503030e-01 2.406458812943712833e-01
4.567932875488923128e-01 2.385195018678625545e-01
4.592939616772226397e-01 2.364117614255375199e-01
4.617932527446719226e-01 2.343225279189203591e-01
4.642909930028731313e-01 2.322516693479338423e-01
4.667870164985077897e-01 2.301990537909936740e-01
4.692811591059951604e-01 2.281645494341379421e-01
4.717732585584425431e-01 2.261480245992101568e-01
4.742631544768767804e-01 2.241493477711138937e-01
4.767506883977774002e-01 2.221683876241583033e-01
4.792357037989351531e-01 2.202050130475119161e-01
4.817180461236575395e-01 2.182590931697842573e-01
4.841975628033476919e-01 2.163304973827531175e-01
4.866741032784822063e-01 2.144190953642557962e-01
4.891475190180141763e-01 2.125247571002631397e-01
4.916176635372297987e-01 2.106473529061541616e-01
4.940843924140864152e-01 2.087867534472093167e-01
4.965475633040624115e-01 2.069428297583406906e-01
4.990070359535478395e-01 2.051154532630766747e-01
5.014626722118069591e-01 2.033044957918186957e-01
5.039143360415437867e-01 2.015098295993876520e-01
5.063618935281025690e-01 1.997313273818772106e-01
5.088052128873342683e-01 1.979688622928310049e-01
5.112441644721628098e-01 1.962223079587607222e-01
5.136786207778823998e-01 1.944915384940215097e-01
5.161084564462196100e-01 1.927764285150611323e-01
5.185335482681937558e-01 1.910768531540592008e-01
5.209537751858065446e-01 1.893926880719722927e-01
5.233690182925979650e-01 1.877238094710006744e-01
5.257791608330969479e-01 1.860700941064916680e-01
5.281840882012049931e-01 1.844314192982955403e-01
5.305836879375415149e-01 1.828076629415882892e-01
5.329778497257866565e-01 1.811987035171758464e-01
5.353664653880544355e-01 1.796044201012946262e-01
5.377494288793258637e-01 1.780246923749220778e-01
5.401266362809792332e-01 1.764594006326109799e-01
5.424979857934455474e-01 1.749084257908615214e-01
5.448633777280227353e-01 1.733716493960440475e-01
5.472227144978808466e-01 1.718489536318855704e-01
5.495759006082877596e-01 1.703402213265327592e-01
5.519228426460870418e-01 1.688453359592043124e-01
5.542634492684592740e-01 1.673641816664441506e-01
5.565976311909945906e-01 1.658966432479879738e-01
5.589253011751079692e-01 1.644426061722547849e-01
5.612463740148253555e-01 1.630019565814745663e-01
5.635607665229694918e-01 1.615745812964635431e-01
5.658683975167734248e-01 1.601603678210575255e-01
5.681691878029487830e-01 1.587592043462147939e-01
5.704630601622370234e-01 1.573709797537976574e-01
5.727499393334689604e-01 1.559955836200443424e-01
5.750297519971587779e-01 1.546329062187397352e-01
5.773024267586592817e-01 1.532828385240955771e-01
5.795678941309004850e-01 1.519452722133490530e-01
5.818260865167385054e-01 1.506200996690893468e-01
5.840769381909372004e-01 1.493072139813204913e-01
5.863203852818059669e-01 1.480065089492701713e-01
5.885563657525155756e-01 1.467178790829519464e-01
5.907848193821155780e-01 1.454412196044901073e-01
5.930056877462730469e-01 1.441764264492146341e-01
5.952189141977543008e-01 1.429233962665343305e-01
5.974244438466703722e-01 1.416820264205959079e-01
5.996222235405046508e-01 1.404522149907361239e-01
6.018122018439429066e-01 1.392338607717346077e-01
6.039943290185236791e-01 1.380268632738742840e-01
6.061685570021272396e-01 1.368311227228160287e-01
6.083348393883210026e-01 1.356465400592947179e-01
6.104931314055771496e-01 1.344730169386425533e-01
6.126433898963798974e-01 1.333104557301466597e-01
6.147855732962382858e-01 1.321587595162464213e-01
6.169196416126180305e-01 1.310178320915770245e-01
6.190455564038102043e-01 1.298875779618647308e-01
6.211632807577481818e-01 1.287679023426795133e-01
6.232727792707873915e-01 1.276587111580508027e-01
6.253740180264629744e-01 1.265599110389512838e-01
6.274669645742348978e-01 1.254714093216540427e-01
6.295515879082352884e-01 1.243931140459682422e-01
6.316278584460285339e-01 1.233249339533579736e-01
6.336957480073964755e-01 1.222667784849490180e-01
6.357552297931579055e-01 1.212185577794283042e-01
6.378062783640345845e-01 1.201801826708401716e-01
6.398488696195727687e-01 1.191515646862841560e-01
6.418829807771302409e-01 1.181326160435181571e-01
6.439085903509370601e-01 1.171232496484711366e-01
6.459256781312404661e-01 1.161233790926693848e-01
6.479342251635398231e-01 1.151329186505800906e-01
6.499342137279227050e-01 1.141517832768759039e-01
6.519256273185066730e-01 1.131798886036240875e-01
6.539084506229954075e-01 1.122171509374038229e-01
6.558826695023562969e-01 1.112634872563548899e-01
6.578482709706245934e-01 1.103188152071611222e-01
6.598052431748424596e-01 1.093830531019717306e-01
6.617535753751360161e-01 1.084561199152636463e-01
6.636932579249379405e-01 1.075379352806476313e-01
6.656242822513607216e-01 1.066284194876213898e-01
6.675466408357227932e-01 1.057274934782720943e-01
6.694603271942369815e-01 1.048350788439313119e-01
6.713653358588601572e-01 1.039510978217848547e-01
6.732616623583118631e-01 1.030754732914398730e-01
6.751493031992648053e-01 1.022081287714520365e-01
6.770282558477089818e-01 1.013489884158148141e-01
6.788985187104957797e-01 1.004979770104133391e-01
6.807600911170615943e-01 9.965501996944498009e-02
6.826129733013363010e-01 9.882004333180889610e-02
6.844571663838385778e-01 9.799297375746637839e-02
6.862926723539588547e-01 9.717373852377429733e-02
6.881194940524342218e-01 9.636226552179345817e-02
6.899376351540155161e-01 9.555848325257354503e-02
6.917471001503291417e-01 9.476232082341691509e-02
6.935478943329349555e-01 9.397370794412247819e-02
6.953400237765811065e-01 9.319257492321172953e-02
6.971234953226578268e-01 9.241885266413842059e-02
6.988983165628502858e-01 9.165247266148340843e-02
7.006644958229920617e-01 9.089336699713623791e-02
7.024220421471192299e-01 9.014146833646506651e-02
7.041709652817261800e-01 8.939670992447602826e-02
7.059112756602234917e-01 8.865902558196378513e-02
7.076429843875970960e-01 8.792834970165429309e-02
7.093661032252708276e-01 8.720461724434115658e-02
7.110806445761702621e-01 8.648776373501684822e-02
7.127866214699887237e-01 8.577772525899994560e-02
7.144840475486560205e-01 8.507443845805945370e-02
7.161729370520073523e-01 8.437784052653744815e-02
7.178533048036539466e-01 8.368786920747091351e-02
7.195251661970545332e-01 8.300446278871406736e-02
7.211885371817857715e-01 8.232756009906185002e-02
7.228434342500124066e-01 8.165710050437580136e-02
7.244898744231553778e-01 8.099302390371292126e-02
7.261278752387569924e-01 8.033527072545881831e-02
7.277574547375438296e-01 7.968378192346549371e-02
7.293786314506826018e-01 7.903849897319503714e-02
7.309914243872329687e-01 7.839936386786965083e-02
7.325958530217904219e-01 7.776631911462900115e-02
7.341919372823241252e-01 7.713930773069543889e-02
7.357796975382019378e-01 7.651827323954787929e-02
7.373591545884073950e-01 7.590315966710504958e-02
7.389303296499423190e-01 7.529391153791852032e-02
7.404932443464165015e-01 7.469047387137649208e-02
7.420479206968226826e-01 7.409279217791847616e-02
7.435943811044931628e-01 7.350081245526188245e-02
7.451326483462393790e-01 7.291448118464068096e-02
7.466627455616713371e-01 7.233374532705690030e-02
7.481846962426940140e-01 7.175855231954535174e-02
7.496985242231826163e-01 7.118885007145195343e-02
7.512042536688305905e-01 7.062458696072637654e-02
7.527019090671723811e-01 7.006571183022912430e-02
7.541915152177768311e-01 6.951217398405375170e-02
7.556730972226105569e-01 6.896392318386426745e-02
7.571466804765688563e-01 6.842090964524853713e-02
7.586122906581734826e-01 6.788308403408763181e-02
7.600699537204331779e-01 6.735039746294163576e-02
7.615196958818682971e-01 6.682280148745234349e-02
7.629615436176945265e-01 6.630024810276285985e-02
7.643955236511656981e-01 6.578268973995474167e-02
7.658216629450740331e-01 6.527007926250268099e-02
7.672399886934041513e-01 6.476236996274703506e-02
7.686505283131406241e-01 6.425951555838470275e-02
7.700533094362268516e-01 6.376147018897813934e-02
7.714483599016730420e-01 6.326818841248317560e-02
7.728357077478107406e-01 6.277962520179544703e-02
7.742153812046937977e-01 6.229573594131605080e-02
7.755874086866425543e-01 6.181647642353612498e-02
7.769518187849290269e-01 6.134180284564103025e-02
7.783086402606028686e-01 6.087167180613384243e-02
7.796579020374544422e-01 6.040604030147860709e-02
7.809996331951138959e-01 5.994486572276341158e-02
7.823338629622847984e-01 5.948810585238326065e-02
7.836606207101093347e-01 5.903571886074316516e-02
7.849799359456648418e-01 5.858766330298122160e-02
7.862918383055874649e-01 5.814389811571207822e-02
7.875963575498241553e-01 5.770438261379065570e-02
7.888935235555079029e-01 5.726907648709633064e-02
7.901833663109575356e-01 5.683793979733760965e-02
7.914659159097970909e-01 5.641093297487741881e-02
7.927412025451963107e-01 5.598801681557893234e-02
7.940092565042273787e-01 5.556915247767216237e-02
7.952701081623385626e-01 5.515430147864122667e-02
7.965237879779411001e-01 5.474342569213239834e-02
7.977703264871092159e-01 5.433648734488293053e-02
7.990097542983901624e-01 5.393344901367076033e-02
8.002421020877235058e-01 5.353427362228491831e-02
8.014674005934677714e-01 5.313892443851694208e-02
8.026856806115323373e-01 5.274736507117306489e-02
8.038969729906131345e-01 5.235955946710722786e-02
8.051013086275310426e-01 5.197547190827502689e-02
8.062987184626703163e-01 5.159506700880849006e-02
8.074892334755162659e-01 5.121830971211161626e-02
8.086728846802903048e-01 5.084516528797683454e-02
8.098497031216805864e-01 5.047559932972213448e-02
8.110197198706670108e-01 5.010957775134909642e-02
8.121829660204386014e-01 4.974706678472152338e-02
8.133394726824028087e-01 4.938803297676485488e-02
8.144892709822831867e-01 4.903244318668621010e-02
8.156323920563055552e-01 4.868026458321503963e-02
8.167688670474719803e-01 4.833146464186434399e-02
8.178987271019179106e-01 4.798601114221243830e-02
8.190220033653542453e-01 4.764387216520512419e-02
8.201387269795916701e-01 4.730501609047831069e-02
8.212489290791452623e-01 4.696941159370100760e-02
8.223526407879188094e-01 4.663702764393849037e-02
8.234498932159675100e-01 4.630783350103583051e-02
8.245407174563366137e-01 4.598179871302148641e-02
8.256251445819764445e-01 4.565889311353096142e-02
8.267032056427304765e-01 4.533908681925053613e-02
8.277749316623970177e-01 4.502235022738086678e-02
8.288403536358615042e-01 4.470865401312048432e-02
8.298995025262995151e-01 4.439796912716905547e-02
8.309524092624489544e-01 4.409026679325028092e-02
8.319991047359486247e-01 4.378551850565448600e-02
8.330396197987453011e-01 4.348369602680069584e-02
8.340739852605639770e-01 4.318477138481809779e-02
8.351022318864435023e-01 4.288871687114694659e-02
8.361243903943347267e-01 4.259550503815863476e-02
8.371404914527602603e-01 4.230510869679494912e-02
8.381505656785355196e-01 4.201750091422644384e-02
8.391546436345477256e-01 4.173265501152969431e-02
8.401527558275951879e-01 4.145054456138354271e-02
8.411449327062828774e-01 4.117114338578398147e-02
8.421312046589737310e-01 4.089442555377787586e-02
8.431116020117964682e-01 4.062036537921510232e-02
8.440861550267065860e-01 4.034893741851931087e-02
8.450548938996004233e-01 4.008011646847695758e-02
8.460178487584821827e-01 3.981387756404468348e-02
8.469750496616813562e-01 3.955019597617480398e-02
8.479265265961201115e-01 3.928904720965891578e-02
8.488723094756307486e-01 3.903040700098944077e-02
8.498124281393205637e-01 3.877425131623900290e-02
8.507469123499844521e-01 3.852055634895761027e-02
8.516757917925635857e-01 3.826929851808742733e-02
8.525990960726502754e-01 3.802045446589507466e-02
8.535168547150363549e-01 3.777400105592142177e-02
8.544290971623065278e-01 3.752991537094862301e-02
8.553358527734732375e-01 3.728817471098438280e-02
8.562371508226549466e-01 3.704875659126336679e-02
8.571330204977949396e-01 3.681163874026550931e-02
8.580234908994200937e-01 3.657679909775128635e-02
8.589085910394398393e-01 3.634421581281371827e-02
8.597883498399843116e-01 3.611386724194701886e-02
8.606627961322791398e-01 3.588573194713183534e-02
8.615319586555587605e-01 3.565978869393685025e-02
8.623958660560160361e-01 3.543601644963682157e-02
8.632545468857869553e-01 3.521439438134672806e-02
8.641080296019713058e-01 3.499490185417205440e-02
8.649563425656862092e-01 3.477751842937513993e-02
8.657995140411556267e-01 3.456222386255726475e-02
8.666375721948303967e-01 3.434899810185665370e-02
8.674705450945419116e-01 3.413782128616206502e-02
8.682984607086871032e-01 3.392867374334190833e-02
8.691213469054442919e-01 3.372153598848887796e-02
8.699392314520190128e-01 3.351638872217983095e-02
8.707521420139203716e-01 3.331321282875093770e-02
8.715601061542653794e-01 3.311198937458793151e-02
8.723631513331127074e-01 3.291269960643132542e-02
8.731613049068235322e-01 3.271532494969654759e-02
8.739545941274498020e-01 3.251984700680886353e-02
8.747430461421493719e-01 3.232624755555290469e-02
8.755266879926273393e-01 3.213450854743683804e-02
8.763055466146024708e-01 3.194461210607092011e-02
8.770796488372990529e-01 3.175654052556043522e-02
8.778490213829627242e-01 3.157027626891284466e-02
8.786136908664006206e-01 3.138580196645906345e-02
8.793736837945450580e-01 3.120310041428876399e-02
8.801290265660394185e-01 3.102215457269958537e-02
8.808797454708476860e-01 3.084294756466015100e-02
8.816258666898839635e-01 3.066546267428677322e-02
8.823674162946655297e-01 3.048968334533375124e-02
8.831044202469849891e-01 3.031559317969718600e-02
8.838369043986048501e-01 3.014317593593212469e-02
8.845648944909698663e-01 2.997241552778300358e-02
8.852884161549412489e-01 2.980329602272729916e-02
8.860074949105476438e-01 2.963580164053217225e-02
8.867221561667577578e-01 2.946991675182415032e-02
8.874324252212677511e-01 2.930562587667161906e-02
8.881383272603098344e-01 2.914291368318010569e-02
8.888398873584759663e-01 2.898176498610020163e-02
8.895371304785596456e-01 2.882216474544805132e-02
8.902300814714148025e-01 2.866409806513826874e-02
8.909187650758291221e-01 2.850755019162927104e-02
8.916032059184161307e-01 2.835250651258078639e-02
8.922834285135194943e-01 2.819895255552357094e-02
8.929594572631357474e-01 2.804687398654116814e-02
8.936313164568492340e-01 2.789625660896362033e-02
8.942990302717828133e-01 2.774708636207304582e-02
8.949626227725626659e-01 2.759934931982096704e-02
8.956221179112965336e-01 2.745303168955732023e-02
8.962775395275655033e-01 2.730811981077103240e-02
8.969289113484285592e-01 2.716460015384204729e-02
8.975762569884406794e-01 2.702245931880477292e-02
8.982195999496832561e-01 2.688168403412276655e-02
8.988589636218058398e-01 2.674226115547464686e-02
8.994943712820809845e-01 2.660417766455108746e-02
9.001258460954696394e-01 2.646742066786280517e-02
9.007534111146989764e-01 2.633197739555948047e-02
9.013770892803498747e-01 2.619783520025947485e-02
9.019969034209561753e-01 2.606498155589030696e-02
9.026128762531144822e-01 2.593340405653971406e-02
9.032250303816026227e-01 2.580309041531733336e-02
9.038333882995105428e-01 2.567402846322678137e-02
9.044379723883785305e-01 2.554620614804813464e-02
9.050388049183465400e-01 2.541961153323066963e-02
9.056359080483112889e-01 2.529423279679583400e-02
9.062293038260939015e-01 2.517005823025027927e-02
9.068190141886151023e-01 2.504707623750893411e-02
9.074050609620785135e-01 2.492527533382803834e-02
9.079874658621640560e-01 2.480464414474797125e-02
9.085662504942270123e-01 2.468517140504588800e-02
9.091414363535070819e-01 2.456684595769801846e-02
9.097130448253433199e-01 2.444965675285156945e-02
9.102810971853974031e-01 2.433359284680612633e-02
9.108456145998840014e-01 2.421864340100451582e-02
9.114066181258072552e-01 2.410479768103297726e-02
9.119641287112058015e-01 2.399204505563062861e-02
9.125181671954025742e-01 2.388037499570813335e-02
9.130687543092613767e-01 2.376977707337543655e-02
9.136159106754510040e-01 2.366024096097854579e-02
9.141596568087139163e-01 2.355175643014527712e-02
9.147000131161406866e-01 2.344431335083986198e-02
9.152369998974516641e-01 2.333790169042631799e-02
9.157706373452824122e-01 2.323251151274058346e-02
9.163009455454754759e-01 2.312813297717126321e-02
9.168279444773772546e-01 2.302475633774892991e-02
9.173516540141392062e-01 2.292237194224394994e-02
9.178720939230248232e-01 2.282097023127266366e-02
9.183892838657206070e-01 2.272054173741196517e-02
9.189032433986520365e-01 2.262107708432211164e-02
9.194139919733035349e-01 2.252256698587771361e-02
9.199215489365430987e-01 2.242500224530688535e-02
9.204259335309507017e-01 2.232837375433839935e-02
9.209271648951511402e-01 2.223267249235684473e-02
9.214252620641499858e-01 2.213788952556566825e-02
9.219202439696735363e-01 2.204401600615806672e-02
9.224121294405133176e-01 2.195104317149562667e-02
9.229009372028722513e-01 2.185896234329467655e-02
9.233866858807154854e-01 2.176776492682024750e-02
9.238693939961239998e-01 2.167744241008759398e-02
9.243490799696512106e-01 2.158798636307121543e-02
9.248257621206827928e-01 2.149938843692129550e-02
9.252994586677990574e-01 2.141164036318747577e-02
9.257701877291401038e-01 2.132473395304995342e-02
9.262379673227743027e-01 2.123866109655778156e-02
9.267028153670680002e-01 2.115341376187433731e-02
9.271647496810585531e-01 2.106898399452986070e-02
9.276237879848299173e-01 2.098536391668107126e-02
9.280799478998893459e-01 2.090254572637769565e-02
9.285332469495474195e-01 2.082052169683594120e-02
9.289837025592991848e-01 2.073928417571880081e-02
9.294313320572078485e-01 2.065882558442310932e-02
9.298761526742901351e-01 2.057913841737336533e-02
9.303181815449027559e-01 2.050021524132216930e-02
9.307574357071318749e-01 2.042204869465727782e-02
9.311939321031827976e-01 2.034463148671518742e-02
9.316276875797717683e-01 2.026795639710120972e-02
9.320587188885196550e-01 2.019201627501593724e-02
9.324870426863455242e-01 2.011680403858808613e-02
9.329126755358636558e-01 2.004231267421366022e-02
9.333356339057790052e-01 1.996853523590130797e-02
9.337559341712863281e-01 1.989546484462391060e-02
9.341735926144687507e-01 1.982309468767629382e-02
9.345886254246977831e-01 1.975141801803899366e-02
9.350010486990344427e-01 1.968042815374806617e-02
9.354108784426304890e-01 1.961011847727082633e-02
9.358181305691314344e-01 1.954048243488755790e-02
9.362228209010794444e-01 1.947151353607899302e-02
9.366249651703169032e-01 1.940320535291967241e-02
9.370245790183912016e-01 1.933555151947700945e-02
9.374216779969588575e-01 1.926854573121605796e-02
9.378162775681916363e-01 1.920218174440992132e-02
9.382083931051814485e-01 1.913645337555576129e-02
9.385980398923469137e-01 1.907135450079633712e-02
9.389852331258391471e-01 1.900687905534703681e-02
9.393699879139486564e-01 1.894302103292834841e-02
9.397523192775115719e-01 1.887977448520370208e-02
9.401322421503165438e-01 1.881713352122267938e-02
9.405097713795117498e-01 1.875509230686948567e-02
9.408849217260115694e-01 1.869364506431666836e-02
9.412577078649033702e-01 1.863278607148404278e-02
9.416281443858544042e-01 1.857250966150271812e-02
9.419962457935180389e-01 1.851281022218428593e-02
9.423620265079404312e-01 1.845368219549498728e-02
9.427255008649670920e-01 1.839512007703492102e-02
9.430866831166483388e-01 1.833711841552220639e-02
9.434455874316450830e-01 1.827967181228203411e-02
9.438022278956347266e-01 1.822277492074060590e-02
9.441566185117153953e-01 1.816642244592386532e-02
9.445087732008109471e-01 1.811060914396103033e-02
9.448587058020750939e-01 1.805532982159283387e-02
9.452064300732950786e-01 1.800057933568444471e-02
9.455519596912944635e-01 1.794635259274306519e-02
9.458953082523365863e-01 1.789264454844008770e-02
9.462364892725253496e-01 1.783945020713782748e-02
9.465755161882080104e-01 1.778676462142075518e-02
9.469124023563747494e-01 1.773458289163121898e-02
9.472471610550594612e-01 1.768290016540957285e-02
9.475798054837387685e-01 1.763171163723871795e-02
9.479103487637311476e-01 1.758101254799296007e-02
9.482388039385943879e-01 1.753079818449121419e-02
9.485651839745226077e-01 1.748106387905442455e-02
9.488895017607430482e-01 1.743180500906725203e-02
9.492117701099110905e-01 1.738301699654392837e-02
9.495320017585050509e-01 1.733469530769826683e-02
9.498502093672196445e-01 1.728683545251778059e-02
9.501664055213590032e-01 1.723943298434183966e-02
9.504806027312285854e-01 1.719248349944392865e-02
9.507928134325257519e-01 1.714598263661781807e-02
9.511030499867298982e-01 1.709992607676776369e-02
9.514113246814913660e-01 1.705430954250256384e-02
9.517176497310187999e-01 1.700912879773354078e-02
9.520220372764671701e-01 1.696437964727636263e-02
9.523244993863224650e-01 1.692005793645664710e-02
9.526250480567864942e-01 1.687615955071938845e-02
9.529236952121613591e-01 1.683268041524205866e-02
9.532204527052311471e-01 1.678961649455148336e-02
9.535153323176431828e-01 1.674696379214432942e-02
9.538083457602890558e-01 1.670471835011124936e-02
9.540995046736826524e-01 1.666287624876463397e-02
9.543888206283391851e-01 1.662143360626991764e-02
9.546763051251511145e-01 1.658038657828041218e-02
9.549619695957635157e-01 1.653973135757566201e-02
9.552458254029488893e-01 1.649946417370323423e-02
9.555278838409797526e-01 1.645958129262397804e-02
9.558081561360010081e-01 1.642007901636063916e-02
9.560866534463997590e-01 1.638095368264989860e-02
9.563633868631749024e-01 1.634220166459770043e-02
9.566383674103051682e-01 1.630381937033790682e-02
9.569116060451158257e-01 1.626580324269423852e-02
9.571831136586438360e-01 1.622814975884543168e-02
9.574529010760020054e-01 1.619085542999361416e-02
9.577209790567419168e-01 1.615391680103589120e-02
9.579873582952151967e-01 1.611733045023905006e-02
9.582520494209338935e-01 1.608109298891740452e-02
9.585150629989285243e-01 1.604520106111371677e-02
9.587764095301062328e-01 1.600965134328321410e-02
9.590360994516062831e-01 1.597444054398060309e-02
9.592941431371546646e-01 1.593956540355011622e-02
9.595505508974179198e-01 1.590502269381851436e-02
9.598053329803543088e-01 1.587080921779106257e-02
9.600584995715648606e-01 1.583692180935040647e-02
9.603100607946420952e-01 1.580335733295836279e-02
9.605600267115179669e-01 1.577011268336053762e-02
9.608084073228095878e-01 1.573718478529383819e-02
9.610552125681649516e-01 1.570457059319674969e-02
9.613004523266054369e-01 1.567226709092241557e-02
9.615441364168683114e-01 1.564027129145448280e-02
9.617862745977475702e-01 1.560858023662567082e-02
9.620268765684326651e-01 1.557719099683904998e-02
9.622659519688460117e-01 1.554610067079198986e-02
9.625035103799797209e-01 1.551530638520278761e-02
9.627395613242301087e-01 1.548480529453990368e-02
9.629741142657314290e-01 1.545459458075380474e-02
9.632071786106871647e-01 1.542467145301140881e-02
9.634387637077014288e-01 1.539503314743305602e-02
9.636688788481069246e-01 1.536567692683203125e-02
9.638975332662932383e-01 1.533660008045658295e-02
9.641247361400325788e-01 1.530779992373443657e-02
9.643504965908046289e-01 1.527927379801975391e-02
9.645748236841196199e-01 1.525101907034254536e-02
9.647977264298398525e-01 1.522303313316047783e-02
9.650192137825004401e-01 1.519531340411308350e-02
9.652392946416276098e-01 1.516785732577833647e-02
9.654579778520560041e-01 1.514066236543156960e-02
9.656752722042448722e-01 1.511372601480671062e-02
9.658911864345923748e-01 1.508704578985983411e-02
9.661057292257481111e-01 1.506061923053497210e-02
9.663189092069248698e-01 1.503444390053219372e-02
9.665307349542089366e-01 1.500851738707791559e-02
9.667412149908677366e-01 1.498283730069742761e-02
9.669503577876575884e-01 1.495740127498960785e-02
9.671581717631289044e-01 1.493220696640381630e-02
9.673646652839308357e-01 1.490725205401893620e-02
9.675698466651130314e-01 1.488253423932453696e-02
9.677737241704278404e-01 1.485805124600415514e-02
9.679763060126289620e-01 1.483380081972067444e-02
9.681776003537707620e-01 1.480978072790376139e-02
9.683776153055041469e-01 1.478598875953934452e-02
9.685763589293724385e-01 1.476242272496115435e-02
9.687738392371053608e-01 1.473908045564424271e-02
9.689700641909111400e-01 1.471595980400050400e-02
9.691650417037676046e-01 1.469305864317618088e-02
9.693587796397116207e-01 1.467037486685130940e-02
9.695512858141274171e-01 1.464790638904110189e-02
9.697425679940330223e-01 1.462565114389925876e-02
9.699326338983658147e-01 1.460360708552315215e-02
9.701214911982655176e-01 1.458177218776092118e-02
9.703091475173571956e-01 1.456014444402040954e-02
9.704956104320322519e-01 1.453872186707995048e-02
9.706808874717274271e-01 1.451750248890098204e-02
9.708649861192027997e-01 1.449648436044246799e-02
9.710479138108187858e-01 1.447566555147711612e-02
9.712296779368111421e-01 1.445504415040935881e-02
9.714102858415645247e-01 1.443461826409510665e-02
9.715897448238853817e-01 1.441438601766323498e-02
9.717680621372721816e-01 1.439434555433879298e-02
9.719452449901853086e-01 1.437449503526791982e-02
9.721213005463154033e-01 1.435483263934445898e-02
9.722962359248497055e-01 1.433535656303824325e-02
9.724700582007376193e-01 1.431606502022503280e-02
9.726427744049541690e-01 1.429695624201810476e-02
9.728143915247634554e-01 1.427802847660147173e-02
9.729849165039788916e-01 1.425927998906469617e-02
9.731543562432234395e-01 1.424070906123931814e-02
9.733227176001880698e-01 1.422231399153685467e-02
9.734900073898882233e-01 1.420409309478837256e-02
9.736562323849202727e-01 1.418604470208559634e-02
9.738213993157149861e-01 1.416816716062357408e-02
9.739855148707913246e-01 1.415045883354484023e-02
9.741485856970070190e-01 1.413291809978509811e-02
9.743106183998094805e-01 1.411554335392039769e-02
9.744716195434843797e-01 1.409833300601578444e-02
9.746315956514033374e-01 1.408128548147540710e-02
9.747905532062701717e-01 1.406439922089408080e-02
9.749484986503653694e-01 1.404767267991029016e-02
9.751054383857895580e-01 1.403110432906059905e-02
9.752613787747064222e-01 1.401469265363548995e-02
9.754163261395825124e-01 1.399843615353657013e-02
9.755702867634279407e-01 1.398233334313518129e-02
9.757232668900337469e-01 1.396638275113236578e-02
9.758752727242090419e-01 1.395058292042019102e-02
9.760263104320167082e-01 1.393493240794441666e-02
9.761763861410077681e-01 1.391942978456848536e-02
9.763255059404543079e-01 1.390407363493883185e-02
9.764736758815816264e-01 1.388886255735148796e-02
9.766209019777978284e-01 1.387379516361999729e-02
9.767671902049237520e-01 1.385887007894458754e-02
9.769125465014208975e-01 1.384408594178261620e-02
9.770569767686174689e-01 1.382944140372027383e-02
9.772004868709346370e-01 1.381493512934552255e-02
9.773430826361094725e-01 1.380056579612226261e-02
9.774847698554191000e-01 1.378633209426573247e-02
9.776255542839014101e-01 1.377223272661908492e-02
9.777654416405761051e-01 1.375826640853118621e-02
9.779044376086628576e-01 1.374443186773558964e-02
9.780425478358005797e-01 1.373072784423066614e-02
9.781797779342626953e-01 1.371715309016091969e-02
9.783161334811739662e-01 1.370370636969942858e-02
9.784516200187238777e-01 1.369038645893144029e-02
9.785862430543794677e-01 1.367719214573908347e-02
9.787200080610980457e-01 1.366412222968720232e-02
9.788529204775368031e-01 1.365117552191029079e-02
9.789849857082633111e-01 1.363835084500053009e-02
9.791162091239629106e-01 1.362564703289689816e-02
9.792465960616461018e-01 1.361306293077535999e-02
9.793761518248542686e-01 1.360059739494012473e-02
9.795048816838647365e-01 1.358824929271594539e-02
9.796327908758937220e-01 1.357601750234146802e-02
9.797598846052995025e-01 1.356390091286361656e-02
9.798861680437825905e-01 1.355189842403299073e-02
9.800116463305865722e-01 1.354000894620028747e-02
9.801363245726967266e-01 1.352823140021371801e-02
9.802602078450379786e-01 1.351656471731741901e-02
9.803833011906709638e-01 1.350500783905085773e-02
9.805056096209883165e-01 1.349355971714918945e-02
9.806271381159085143e-01 1.348221931344460896e-02
9.807478916240689459e-01 1.347098559976862842e-02
9.808678750630184240e-01 1.345985755785532832e-02
9.809870933194082543e-01 1.344883417924551926e-02
9.811055512491818620e-01 1.343791446519185945e-02
9.812232536777633074e-01 1.342709742656486398e-02
9.813402054002456909e-01 1.341638208375985075e-02
9.814564111815773373e-01 1.340576746660476770e-02
9.815718757567476471e-01 1.339525261426891684e-02
9.816866038309705056e-01 1.338483657517258035e-02
9.818006000798693567e-01 1.337451840689748810e-02
9.819138691496578364e-01 1.336429717609819399e-02
9.820264156573220715e-01 1.335417195841426957e-02
9.821382441908007577e-01 1.334414183838338042e-02
9.822493593091633501e-01 1.333420590935519186e-02
9.823597655427895869e-01 1.332436327340610037e-02
9.824694673935452371e-01 1.331461304125480978e-02
9.825784693349587373e-01 1.330495433217871240e-02
9.826867758123961627e-01 1.329538627393108373e-02
9.827943912432348661e-01 1.328590800265908208e-02
9.829013200170363396e-01 1.327651866282253922e-02
9.830075664957187431e-01 1.326721740711353341e-02
9.831131350137267688e-01 1.325800339637675691e-02
9.832180298782022820e-01 1.324887579953064332e-02
9.833222553691530754e-01 1.323983379348925987e-02
9.834258157396205124e-01 1.323087656308495619e-02
9.835287152158462831e-01 1.322200330099177097e-02
9.836309579974387152e-01 1.321321320764957258e-02
9.837325482575371982e-01 1.320450549118893854e-02
9.838334901429768298e-01 1.319587936735675850e-02
9.839337877744505079e-01 1.318733405944256393e-02
9.840334452466713566e-01 1.317886879820557265e-02
9.841324666285335976e-01 1.317048282180243238e-02
9.842308559632730880e-01 1.316217537571567030e-02
9.843286172686258606e-01 1.315394571268284005e-02
9.844257545369862195e-01 1.314579309262635040e-02
9.845222717355647246e-01 1.313771678258396358e-02
9.846181728065438454e-01 1.312971605663999786e-02
9.847134616672332807e-01 1.312179019585715638e-02
9.848081422102246130e-01 1.311393848820905511e-02
9.849022183035450739e-01 1.310616022851337700e-02
9.849956937908095345e-01 1.309845471836569054e-02
9.850885724913726049e-01 1.309082126607389977e-02
9.851808582004792925e-01 1.308325918659333786e-02
9.852725546894149922e-01 1.307576780146248001e-02
9.853636657056541459e-01 1.306834643873929294e-02
9.854541949730084571e-01 1.306099443293819162e-02
9.855441461917745505e-01 1.305371112496760307e-02
9.856335230388794111e-01 1.304649586206815294e-02
9.857223291680263788e-01 1.303934799775142810e-02
9.858105682098395883e-01 1.303226689173935665e-02
9.858982437720078540e-01 1.302525190990415360e-02
9.859853594394271115e-01 1.301830242420887185e-02
9.860719187743424152e-01 1.301141781264849966e-02
9.861579253164894920e-01 1.300459745919166007e-02
9.862433825832342960e-01 1.299784075372285679e-02
9.863282940697132295e-01 1.299114709198528721e-02
9.864126632489710333e-01 1.298451587552420204e-02
9.864964935720988981e-01 1.297794651163082513e-02
9.865797884683711327e-01 1.297143841328680935e-02
9.866625513453813889e-01 1.296499099910923027e-02
9.867447855891778863e-01 1.295860369329612273e-02
9.868264945643978603e-01 1.295227592557253275e-02
9.869076816144011222e-01 1.294600713113710187e-02
9.869883500614029526e-01 1.293979675060916157e-02
9.870685032066058850e-01 1.293364422997634634e-02
9.871481443303313785e-01 1.292754902054272029e-02
9.872272766921496023e-01 1.292151057887738763e-02
9.873059035310096654e-01 1.291552836676362025e-02
9.873840280653679580e-01 1.290960185114847086e-02
9.874616534933164935e-01 1.290373050409287896e-02
9.875387829927103622e-01 1.289791380272224328e-02
9.876154197212936303e-01 1.289215122917750783e-02
9.876915668168255724e-01 1.288644227056668333e-02
9.877672273972053496e-01 1.288078641891686471e-02
9.878424045605964654e-01 1.287518317112671014e-02
9.879171013855502226e-01 1.286963202891936234e-02
9.879913209311280697e-01 1.286413249879585739e-02
9.880650662370239479e-01 1.285868409198895855e-02
9.881383403236850826e-01 1.285328632441744799e-02
9.882111461924332207e-01 1.284793871664086096e-02
9.882834868255833127e-01 1.284264079381466396e-02
9.883553651865631950e-01 1.283739208564586148e-02
9.884267842200317178e-01 1.283219212634902594e-02
9.884977468519965393e-01 1.282704045460277172e-02
9.885682559899303667e-01 1.282193661350663864e-02
9.886383145228877511e-01 1.281688015053839176e-02
9.887079253216201069e-01 1.281187061751175131e-02
9.887770912386900646e-01 1.280690757053450438e-02
9.888458151085863790e-01 1.280199056996705713e-02
9.889140997478369499e-01 1.279711918038135485e-02
9.889819479551205106e-01 1.279229297052023213e-02
9.890493625113798704e-01 1.278751151325712571e-02
9.891163461799324930e-01 1.278277438555620350e-02
9.891829017065809637e-01 1.277808116843286851e-02
9.892490318197230126e-01 1.277343144691464767e-02
9.893147392304607601e-01 1.276882481000245553e-02
9.893800266327095194e-01 1.276426085063223949e-02
9.894448967033048215e-01 1.275973916563699975e-02
9.895093521021105509e-01 1.275525935570916668e-02
9.895733954721248615e-01 1.275082102536334930e-02
9.896370294395866463e-01 1.274642378289944644e-02
9.897002566140800095e-01 1.274206724036610998e-02
9.897630795886397381e-01 1.273775101352457237e-02
9.898255009398541082e-01 1.273347472181280728e-02
9.898875232279695791e-01 1.272923798831006315e-02
9.899491489969927116e-01 1.272504043970171077e-02
9.900103807747918649e-01 1.272088170624445860e-02
9.900712210731993368e-01 1.271676142173188036e-02
9.901316723881116166e-01 1.271267922346031032e-02
9.901917371995897499e-01 1.270863475219502318e-02
9.902514179719593690e-01 1.270462765213678513e-02
9.903107171539085041e-01 1.270065757088870671e-02
9.903696371785872810e-01 1.269672415942342016e-02
9.904281804637040665e-01 1.269282707205057585e-02
9.904863494116243894e-01 1.268896596638465629e-02
9.905441464094658643e-01 1.268514050331309533e-02
9.906015738291950035e-01 1.268135034696471833e-02
9.906586340277222513e-01 1.267759516467847208e-02
9.907153293469967981e-01 1.267387462697247384e-02
9.907716621141007263e-01 1.267018840751334835e-02
9.908276346413426028e-01 1.266653618308586672e-02
9.908832492263504044e-01 1.266291763356288541e-02
9.909385081521641103e-01 1.265933244187556449e-02
9.909934136873272958e-01 1.265578029398387733e-02
9.910479680859786145e-01 1.265226087884742390e-02
9.911021735879420591e-01 1.264877388839649210e-02
9.911560324188181115e-01 1.264531901750344002e-02
9.912095467900723378e-01 1.264189596395431936e-02
9.912627188991247618e-01 1.263850442842079889e-02
9.913155509294386825e-01 1.263514411443234821e-02
9.913680450506079378e-01 1.263181472834869201e-02
9.914202034184451673e-01 1.262851597933253682e-02
9.914720281750675213e-01 1.262524757932255957e-02
9.915235214489841464e-01 1.262200924300664259e-02
9.915746853551815621e-01 1.261880068779540169e-02
9.916255219952084810e-01 1.261562163379593808e-02
9.916760334572607416e-01 1.261247180378585742e-02
9.917262218162660181e-01 1.260935092318754558e-02
9.917760891339666429e-01 1.260625872004268906e-02
9.918256374590035396e-01 1.260319492498703647e-02
9.918748688269983793e-01 1.260015927122541159e-02
9.919237852606357375e-01 1.259715149450697097e-02
9.919723887697448061e-01 1.259417133310069062e-02
9.920206813513805510e-01 1.259121852777110064e-02
9.920686649899043141e-01 1.258829282175425064e-02
9.921163416570636384e-01 1.258539396073390590e-02
9.921637133120723151e-01 1.258252169281797936e-02
9.922107819016888763e-01 1.257967576851518228e-02
9.922575493602959762e-01 1.257685594071192119e-02
9.923040176099777732e-01 1.257406196464938737e-02
9.923501885605982009e-01 1.257129359790089794e-02
9.923960641098775737e-01 1.256855060034944502e-02
9.924416461434695247e-01 1.256583273416545486e-02
9.924869365350373895e-01 1.256313976378477248e-02
9.925319371463294793e-01 1.256047145588685791e-02
9.925766498272544647e-01 1.255782757937318542e-02
9.926210764159567601e-01 1.255520790534587344e-02
9.926652187388899096e-01 1.255261220708648630e-02
9.927090786108908604e-01 1.255004026003507696e-02
9.927526578352537934e-01 1.254749184176940681e-02
9.927959582038019537e-01 1.254496673198439091e-02
9.928389814969614813e-01 1.254246471247171327e-02
9.928817294838320207e-01 1.253998556709965718e-02
9.929242039222597738e-01 1.253752908179313862e-02
9.929664065589073330e-01 1.253509504451391469e-02
9.930083391293250683e-01 1.253268324524099003e-02
9.930500033580214048e-01 1.253029347595121905e-02
9.930914009585324331e-01 1.252792553060008696e-02
9.931325336334908549e-01 1.252557920510268680e-02
9.931734030746958153e-01 1.252325429731487166e-02
9.932140109631808489e-01 1.252095060701458908e-02
9.932543589692819364e-01 1.251866793588341312e-02
9.932944487527053390e-01 1.251640608748822228e-02
9.933342819625947673e-01 1.251416486726309590e-02
9.933738602375982163e-01 1.251194408249134242e-02
9.934131852059343570e-01 1.250974354228774274e-02
9.934522584854585947e-01 1.250756305758093240e-02
9.934910816837281278e-01 1.250540244109597798e-02
9.935296563980680062e-01 1.250326150733710624e-02
9.935679842156349695e-01 1.250114007257060837e-02
9.936060667134823943e-01 1.249903795480790392e-02
9.936439054586241326e-01 1.249695497378878334e-02
9.936815020080976835e-01 1.249489095096478590e-02
9.937188579090278084e-01 1.249284570948276316e-02
9.937559746986890374e-01 1.249081907416860031e-02
