2.921852274378553993e+00 6.919784984242956238e-02
2.910052415714882823e+00 6.916469084948402568e-02
2.898324723677045078e+00 6.913558726110430319e-02
2.886668736716589301e+00 6.911056727030441549e-02
2.875083996052000934e+00 6.908965928293905878e-02
2.863570045636854910e+00 6.907289191394783145e-02
2.852126432127924271e+00 6.906029398349475268e-02
2.840752704853211519e+00 6.905189451300351722e-02
2.829448415779904025e+00 6.904772272108873621e-02
2.818213119482221973e+00 6.904780801938356638e-02
2.807046373109152615e+00 6.905218000826444935e-02
2.795947736352048629e+00 6.906086847247329408e-02
2.784916771412071945e+00 6.907390337663821267e-02
2.773953042967467919e+00 6.909131486069340633e-02
2.763056118140646333e+00 6.911313323519936713e-02
2.752225566465057227e+00 6.913938897656435323e-02
2.741460959851831358e+00 6.917011272216853912e-02
2.730761872556175085e+00 6.920533526539202063e-02
2.720127881143489912e+00 6.924508755054835374e-02
2.709558564455200713e+00 6.928940066772505679e-02
2.699053503574267765e+00 6.933830584753300497e-02
2.688612281790359049e+00 6.939183445576654896e-02
2.678234484564660622e+00 6.945001798797646730e-02
2.667919699494298857e+00 6.951288806395776454e-02
2.657667516276351449e+00 6.958047642215513251e-02
2.647477526671417447e+00 6.965281491398793434e-02
2.637349324466724543e+00 6.972993549809811120e-02
2.627282505438742088e+00 6.981187023452327389e-02
2.617276667315270977e+00 6.989865127879832385e-02
2.607331409736986849e+00 6.999031087598883705e-02
2.597446334218397102e+00 7.008688135465930558e-02
2.587621044108189494e+00 7.018839512078016429e-02
2.577855144548933275e+00 7.029488465157707200e-02
2.568148242436107065e+00 7.040638248932662435e-02
2.558499946376410428e+00 7.052292123510246757e-02
2.548909866645331146e+00 7.064453354247628158e-02
2.539377615143930456e+00 7.077125211117821224e-02
2.529902805354806716e+00 7.090310968072149889e-02
2.520485052297200657e+00 7.104013902399620994e-02
2.511123972481205335e+00 7.118237294083749889e-02
2.501819183861033302e+00 7.132984425157376518e-02
2.492570305787307650e+00 7.148258579056022965e-02
2.483376958958329439e+00 7.164063039970423874e-02
2.474238765370273985e+00 7.180401092198798740e-02
2.465155348266280466e+00 7.197276019499559974e-02
2.456126332084378916e+00 7.214691104445072889e-02
2.447151342404207952e+00 7.232649627777217038e-02
2.438230005892483288e+00 7.251154867765415013e-02
2.429361950247151736e+00 7.270210099567916973e-02
2.420546804140193853e+00 7.289818594597104184e-02
2.411784197159009491e+00 7.309983619889610928e-02
2.403073759746342741e+00 7.330708437482098827e-02
2.394415123138684542e+00 7.351996303793567611e-02
2.385807919303095659e+00 7.373850469015062747e-02
2.377251780872396747e+00 7.396274176507726394e-02
2.368746341078662443e+00 7.419270662210152023e-02
2.360291233684960854e+00 7.442843154056005828e-02
2.351886092915275839e+00 7.466994871402969636e-02
2.343530553382549453e+00 7.491729024474022558e-02
2.335224250014781955e+00 7.517048813812185482e-02
2.326966817979122748e+00 7.542957429749821974e-02
2.318757892603888315e+00 7.569458051893675210e-02
2.310597109298439200e+00 7.596553848626816374e-02
2.302484103470849419e+00 7.624247976628750756e-02
2.294418510443298143e+00 7.652543580414936097e-02
2.286399965365117914e+00 7.681443791897023254e-02
2.278428103123428361e+00 7.710951729965172252e-02
2.270502558251285219e+00 7.741070500093794049e-02
2.262622964833277628e+00 7.771803193972189050e-02
2.254788956408496858e+00 7.803152889161485417e-02
2.247000165870818744e+00 7.835122648779425936e-02
2.239256225366418107e+00 7.867715521214520280e-02
2.231556766188454333e+00 7.900934539871147522e-02
2.223901418668856600e+00 7.934782722947247846e-02
2.216289812067142595e+00 7.969263073246249385e-02
2.208721574456206760e+00 8.004378578024956559e-02
2.201196332605013239e+00 8.040132208879133269e-02
2.193713711858128690e+00 8.076526921668600312e-02
2.186273336012042101e+00 8.113565656483652522e-02
2.178874827188208574e+00 8.151251337654692730e-02
2.171517805702768644e+00 8.189586873807012946e-02
2.164201889932890310e+00 8.228575157962653153e-02
2.156926696179689795e+00 8.268219067691379154e-02
2.149691838527690635e+00 8.308521465312812548e-02
2.142496928700785119e+00 8.349485198151787579e-02
2.135341575914668333e+00 8.391113098849091456e-02
2.128225386725723034e+00 8.433407985729726719e-02
2.121147964876341607e+00 8.476372663230927196e-02
2.114108911136673541e+00 8.520009922392157709e-02
2.107107823142802872e+00 8.564322541409363776e-02
2.100144295231368918e+00 8.609313286255824982e-02
2.093217918270647182e+00 8.654984911371896295e-02
2.086328279488129933e+00 8.701340160426070114e-02
2.079474962294650009e+00 8.748381767149723820e-02
2.072657546105105997e+00 8.796112456247981437e-02
2.065875606155870070e+00 8.844534944389145781e-02
2.059128713318964188e+00 8.893651941275161621e-02
2.052416433913115679e+00 8.943466150795574554e-02
2.045738329511818776e+00 8.993980272267483589e-02
2.039093956748551761e+00 9.045197001763959077e-02
2.032482867119316694e+00 9.097119033533446197e-02
2.025904606782693129e+00 9.149749061512577053e-02
2.019358716357625649e+00 9.203089780934922692e-02
2.012844730719186348e+00 9.257143890038066480e-02
2.006362178792583162e+00 9.311914091871462129e-02
1.999910583345715365e+00 9.367403096207418955e-02
1.993489460780609068e+00 9.423613621557570819e-02
1.987098320924096662e+00 9.480548397297076935e-02
1.980736666818144309e+00 9.538210165898797221e-02
1.974403994510261384e+00 9.596601685279516902e-02
1.968099792844472784e+00 9.655725731260313138e-02
1.961823543253368607e+00 9.715585100142964947e-02
1.955574719551797624e+00 9.776182611404209133e-02
1.949352787732805181e+00 9.837521110509558908e-02
1.943157205766472329e+00 9.899603471848170133e-02
1.936987423402357633e+00 9.962432601790136011e-02
1.930842881976292169e+00 1.002601144186738985e-01
1.924723014222336825e+00 1.009034297207914571e-01
1.918627244090758355e+00 1.015543021432266518e-01
1.912554986572941429e+00 1.022127623594977636e-01
1.906505647534206593e+00 1.028788415344940310e-01
1.900478623555569957e+00 1.035525713625599781e-01
1.894473301785530195e+00 1.042339841068345430e-01
1.888489059803040604e+00 1.049231126398375569e-01
1.882525265492871469e+00 1.056199904852919147e-01
1.876581276934644604e+00 1.063246518611658531e-01
1.870656442306871670e+00 1.070371317239153935e-01
1.864750099807392703e+00 1.077574658139019009e-01
1.858861577591678582e+00 1.084856907019550870e-01
1.852990193730503332e+00 1.092218438370458761e-01
1.847135256188573216e+00 1.099659635950279296e-01
1.841296062825730884e+00 1.107180893284005208e-01
1.835471901422422558e+00 1.114782614170385239e-01
1.829662049731154427e+00 1.122465213198286932e-01
1.823865775555715052e+00 1.130229116271438405e-01
1.818082336859973891e+00 1.138074761140785429e-01
1.812310981908103580e+00 1.146002597943621554e-01
1.806550949438099352e+00 1.154013089748562593e-01
1.800801468870484978e+00 1.162106713105342110e-01
1.795061760554108377e+00 1.170283958598316576e-01
1.789331036050924695e+00 1.178545331402467006e-01
1.783608498461662695e+00 1.186891351840582420e-01
1.777893342794237608e+00 1.195322555940205728e-01
1.772184756376748771e+00 1.203839495988811292e-01
1.766481919316842175e+00 1.212442741085574538e-01
1.760784005009158992e+00 1.221132877687975959e-01
1.755090180692506996e+00 1.229910510151361325e-01
1.749399608058298528e+00 1.238776261259467854e-01
1.743711443911675651e+00 1.247730772743793348e-01
1.738024840886610800e+00 1.256774705789571456e-01
1.732338948216113339e+00 1.265908741525983705e-01
1.726652912558498620e+00 1.275133581498123780e-01
1.720965878880468702e+00 1.284449948118100704e-01
1.715276991397539419e+00 1.293858585092542146e-01
1.709585394572097794e+00 1.303360257823654444e-01
1.703890234169107121e+00 1.312955753780860879e-01
1.698190658369189476e+00 1.322645882839946496e-01
1.692485818938491482e+00 1.332431477586518975e-01
1.686774872454407603e+00 1.342313393580506775e-01
1.681056981585879573e+00 1.352292509578315038e-01
1.675331316426600603e+00 1.362369727709192846e-01
1.669597055879060488e+00 1.372545973602277425e-01
1.663853389086951573e+00 1.382822196460745945e-01
1.658099516913015048e+00 1.393199369079438643e-01
1.652334653458973568e+00 1.403678487802310915e-01
1.646558027623729048e+00 1.414260572416045081e-01
1.640768884695546381e+00 1.424946665976174753e-01
1.634966487973486648e+00 1.435737834562092197e-01
1.629150120412873548e+00 1.446635166957365992e-01
1.623319086289133351e+00 1.457639774251875686e-01
1.617472712873892160e+00 1.468752789362357258e-01
1.611610352116786382e+00 1.479975366468093967e-01
1.605731382326029077e+00 1.491308680358630900e-01
1.599835209840390515e+00 1.502753925690580861e-01
1.593921270684904634e+00 1.514312316150798199e-01
1.587989032202290707e+00 1.525985083523444530e-01
1.582037994651818158e+00 1.537773476658745309e-01
1.576067692767123551e+00 1.549678760341536010e-01
1.570077697264318450e+00 1.561702214058047489e-01
1.564067616291635154e+00 1.573845130659735359e-01
1.558037096811810684e+00 1.586108814923372079e-01
1.551985825908452910e+00 1.598494582007033704e-01
1.545913532007735292e+00 1.611003755802091209e-01
1.539819986006953023e+00 1.623637667181781763e-01
1.533705002301740894e+00 1.636397652147454640e-01
1.527568439704097836e+00 1.649285049874117393e-01
1.521410202243787868e+00 1.662301200657447797e-01
1.515230239846200089e+00 1.675447443765014921e-01
1.509028548880332554e+00 1.688725115195017501e-01
1.502805172571223924e+00 1.702135545346440682e-01
1.496560201271899926e+00 1.715680056605111969e-01
1.490293772590688404e+00 1.729359960850730404e-01
1.484006071370623792e+00 1.743176556890514428e-01
1.477697329518567582e+00 1.757131127825694306e-01
1.471367825682629915e+00 1.771224938357607581e-01
1.465017884777456425e+00 1.785459232040703947e-01
1.458647877357966971e+00 1.799835228490256345e-01
1.452258218843142989e+00 1.814354120553044736e-01
1.445849368592496242e+00 1.829017071449712262e-01
1.439421828838862716e+00 1.843825211897884009e-01
1.432976143482149967e+00 1.858779637225468628e-01
1.426512896749640102e+00 1.873881404483866142e-01
1.420032711729348529e+00 1.889131529571026480e-01
1.413536248783810789e+00 1.904530984374482872e-01
1.407024203852449418e+00 1.920080693944601347e-01
1.400497306651402818e+00 1.935781533708322288e-01
1.393956318780325665e+00 1.951634326733676095e-01
1.387402031746217457e+00 1.967639841055247862e-01
1.380835264914789695e+00 1.983798787070639447e-01
1.374256863400229678e+00 2.000111815017749373e-01
1.367667695904471126e+00 2.016579512542418240e-01
1.361068652517224642e+00 2.033202402365646422e-01
1.354460642488069411e+00 2.049980940059190904e-01
1.347844591981846474e+00 2.066915511937892913e-01
1.341221441828435834e+00 2.084006433076573128e-01
1.334592145277760267e+00 2.101253945458786410e-01
1.327957665770506557e+00 2.118658216264116267e-01
1.321318974734650986e+00 2.136219336300056171e-01
1.314677049417372734e+00 2.153937318583861171e-01
1.308032870761387745e+00 2.171812097079040549e-01
1.301387421334116112e+00 2.189843525590466355e-01
1.294741683317436776e+00 2.208031376821320835e-01
1.288096636565082109e+00 2.226375341594380164e-01
1.281453256733994905e+00 2.244875028239381731e-01
1.274812513495223287e+00 2.263529962147485808e-01
1.268175368829171479e+00 2.282339585493110556e-01
1.261542775409260519e+00 2.301303257122702395e-01
1.254915675077305393e+00 2.320420252609313172e-01
1.248294997413172069e+00 2.339689764471166999e-01
1.241681658400559440e+00 2.359110902551777023e-01
1.235076559190068091e+00 2.378682694558530153e-01
1.228480584960050859e+00 2.398404086756109055e-01
1.221894603875125940e+00 2.418273944810552800e-01
1.215319466141654203e+00 2.438291054779273825e-01
1.208756003158943049e+00 2.458454124241883643e-01
1.202205026764455731e+00 2.478761783566260923e-01
1.195667328570859667e+00 2.499212587303928645e-01
1.189143679392354880e+00 2.519805015708476148e-01
1.182634828757379575e+00 2.540537476370480774e-01
1.176141504504493396e+00 2.561408305962145637e-01
1.169664412457984470e+00 2.582415772084668548e-01
1.163204236179546713e+00 2.603558075211221401e-01
1.156761636792204451e+00 2.624833350718285829e-01
1.150337252872547955e+00 2.646239670998040139e-01
1.143931700407253782e+00 2.667775047644445063e-01
1.137545572809820271e+00 2.689437433705689773e-01
1.131179440993432594e+00 2.711224725995682316e-01
1.124833853495889047e+00 2.733134767457359726e-01
1.118509336652560249e+00 2.755165349570662947e-01
1.112206394813422650e+00 2.777314214798172753e-01
1.105925510600293871e+00 2.799579059061535480e-01
1.099667145200502461e+00 2.821957534241988919e-01
1.093431738693349864e+00 2.844447250698490248e-01
1.087219710405852080e+00 2.867045779797152694e-01
1.081031459294400365e+00 2.889750656445928545e-01
1.074867364349127996e+00 2.912559381628717081e-01
1.068727785017932863e+00 2.935469424933315197e-01
1.062613061647268209e+00 2.958478227067906086e-01
1.056523515936985680e+00 2.981583202361021701e-01
1.050459451406672073e+00 3.004781741240217796e-01
1.044421153871099461e+00 3.028071212684944058e-01
1.038408891922565580e+00 3.051448966649393246e-01
1.032422917418067909e+00 3.074912336451379735e-01
1.026463465969412070e+00 3.098458641123576496e-01
1.020530757434510605e+00 3.122085187723706023e-01
1.014624996408274082e+00 3.145789273600582137e-01
1.008746372711646133e+00 3.169568188613119952e-01
1.002895061877462135e+00 3.193419217299734436e-01
9.970712256319524958e-01 3.217339640995791061e-01
9.912750123708256034e-01 3.241326739897000819e-01
9.855065576289920859e-01 3.265377795066933264e-01
9.797659845430943815e-01 3.289490090387021115e-01
9.740534043061174208e-01 3.313660914447667527e-01
9.683689166134455961e-01 3.337887562379295292e-01
9.627126100998281144e-01 3.362167337622361529e-01
9.570845627667954325e-01 3.386497553635583468e-01
9.514848424001473015e-01 3.410875535541795789e-01
9.459135069772063309e-01 3.435298621711045941e-01
9.403706050635955993e-01 3.459764165280699300e-01
9.348561761993582353e-01 3.484269535612494195e-01
9.293702512742946231e-01 3.508812119686631759e-01
9.239128528924390737e-01 3.533389323433128726e-01
9.184839957256468734e-01 3.557998573000797360e-01
9.130836868562989261e-01 3.582637315964333213e-01
9.077119261091716185e-01 3.607303022470115250e-01
9.023687063725497337e-01 3.631993186321418876e-01
8.970540139086877751e-01 3.656705326003850676e-01
8.917678286537545906e-01 3.681436985651890259e-01
8.865101245074130665e-01 3.706185735957514549e-01
8.812808696122100827e-01 3.730949175021952557e-01
8.760800266229660238e-01 3.755724929151683655e-01
8.709075529663666826e-01 3.780510653599845061e-01
8.657634010909752709e-01 3.805304033254277574e-01
8.606475187078872491e-01 3.830102783273480749e-01
8.555598490222625641e-01 3.854904649671775374e-01
8.505003309559731051e-01 3.879707409855029376e-01
8.454688993616080728e-01 3.904508873108306632e-01
8.404654852280852850e-01 3.929306881036834787e-01
8.354900158781133346e-01 3.954099307961708165e-01
8.305424151577567304e-01 3.978884061271737438e-01
8.256226036183483830e-01 4.003659081732894309e-01
8.207304986909996769e-01 4.028422343756770108e-01
8.158660148539504942e-01 4.053171855629503217e-01
8.110290637930017699e-01 4.077905659702596997e-01
8.062195545552719445e-01 4.102621832547065917e-01
8.014373936965071277e-01 4.127318485072323795e-01
7.966824854221810082e-01 4.151993762611225769e-01
7.919547317226068861e-01 4.176645844972654009e-01
7.872540325022845398e-01 4.201272946463026625e-01
7.825802857036979754e-01 4.225873315878085346e-01
7.779333874257726711e-01 4.250445236466294241e-01
7.733132320372005930e-01 4.274987025865177315e-01
7.687197122848282715e-01 4.299497036011864504e-01
7.641527193973048915e-01 4.323973653029127284e-01
7.596121431841762472e-01 4.348415297088131792e-01
7.550978721306060848e-01 4.372820422249123484e-01
7.506097934879035760e-01 4.397187516281219621e-01
7.461477933600235701e-01 4.421515100462466430e-01
7.417117567862062666e-01 4.445801729361281707e-01
7.373015678199164036e-01 4.470045990600364783e-01
7.329171096042322864e-01 4.494246504604146875e-01
7.285582644438342026e-01 4.518401924330807118e-01
7.242249138737355540e-01 4.542510934989839044e-01
7.199169387248914864e-01 4.566572253746154497e-01
7.156342191868193536e-01 4.590584629411640916e-01
7.113766348673568052e-01 4.614546842125089587e-01
7.071440648496789549e-01 4.638457703021354184e-01
7.029363877466938693e-01 4.662316053890591672e-01
6.987534817529272857e-01 4.686120766828389961e-01
6.945952246940055863e-01 4.709870743877562771e-01
6.904614940738406093e-01 4.733564916662363342e-01
6.863521671196156637e-01 4.757202246015839742e-01
6.822671208246692265e-01 4.780781721601015111e-01
6.782062319893668034e-01 4.804302361526569531e-01
6.741693772600492185e-01 4.827763211957648015e-01
6.701564331661415963e-01 4.851163346722400238e-01
6.661672761555035294e-01 4.874501866914847659e-01
6.622017826280974795e-01 4.897777900494617032e-01
6.582598289680489101e-01 4.920990601884078219e-01
6.543412915741710911e-01 4.944139151563388679e-01
6.504460468890179703e-01 4.967222755663923128e-01
6.465739714265352767e-01 4.990240645560546917e-01
6.427249417983669222e-01 5.013192077463166640e-01
6.388988347388800948e-01 5.036076332007966005e-01
6.350955271289620008e-01 5.058892713848719414e-01
6.313148960186460990e-01 5.081640551248558513e-01
6.275568186486175648e-01 5.104319195672518683e-01
6.238211724706473893e-01 5.126928021381221834e-01
6.201078351670041844e-01 5.149466425025989169e-01
6.164166846688875490e-01 5.171933825245674798e-01
6.127475991739272931e-01 5.194329662265499969e-01
6.091004571627895992e-01 5.216653397498146605e-01
6.054751374149288656e-01 5.238904513147343289e-01
6.018715190235255363e-01 5.261082511814177964e-01
5.982894814096427760e-01 5.283186916106333841e-01
5.947289043356395188e-01 5.305217268250459473e-01
5.911896679178709757e-01 5.327173129707843957e-01
5.876716526387094630e-01 5.349054080793570476e-01
5.841747393579145298e-01 5.370859720299294704e-01
5.806988093233822479e-01 5.392589665119807973e-01
5.772437441813006442e-01 5.414243549883490658e-01
5.738094259857376978e-01 5.435821026586808991e-01
5.703957372076872145e-01 5.457321764232927475e-01
5.670025607435965620e-01 5.478745448474570123e-01
5.636297799233986883e-01 5.500091781261189361e-01
5.602772785180714088e-01 5.521360480490552503e-01
5.569449407467440549e-01 5.542551279664788000e-01
5.536326512833720237e-01 5.563663927550971389e-01
5.503402952629979916e-01 5.584698187846306450e-01
5.470677582876180001e-01 5.605653838847933779e-01
5.438149264316712861e-01 5.626530673127425608e-01
5.405816862471680695e-01 5.647328497209980203e-01
5.373679247684736149e-01 5.668047131258360238e-01
5.341735295167627795e-01 5.688686408761585156e-01
5.309983885041592577e-01 5.709246176228386371e-01
5.278423902375747323e-01 5.729726292885454209e-01
5.247054237222598116e-01 5.750126630380453241e-01
5.215873784650808531e-01 5.770447072489838236e-01
5.184881444775336634e-01 5.790687514831422966e-01
5.154076122785063996e-01 5.810847864581734079e-01
5.123456728968032170e-01 5.830928040198108953e-01
5.093022178734381011e-01 5.850927971145530870e-01
5.062771392637099854e-01 5.870847597628165992e-01
5.032703296390693692e-01 5.890686870325609892e-01
5.002816820887834304e-01 5.910445750133774823e-01
4.973110902214122331e-01 5.930124207910416612e-01
4.943584481661010832e-01 5.949722224225251210e-01
4.914236505736986893e-01 5.969239789114644257e-01
4.885065926177097340e-01 5.988676901840805922e-01
4.856071699950876286e-01 6.008033570655486599e-01
4.827252789268755007e-01 6.027309812568095726e-01
4.798608161587025189e-01 6.046505653118237067e-01
4.770136789611412187e-01 6.065621126152568321e-01
4.741837651299331546e-01 6.084656273605991705e-01
4.713709729860875441e-01 6.103611145287084483e-01
4.685752013758602286e-01 6.122485798667738344e-01
4.657963496706167272e-01 6.141280298676957683e-01
4.630343177665862120e-01 6.159994717498755712e-01
4.602890060845103437e-01 6.178629134374107323e-01
4.575603155691921331e-01 6.197183635406900981e-01
4.548481476889495445e-01 6.215658313373826349e-01
4.521524044349781724e-01 6.234053267538161025e-01
4.494729883206270427e-01 6.252368603467387542e-01
4.468098023805920360e-01 6.270604432854589572e-01
4.441627501700300407e-01 6.288760873343574032e-01
4.415317357635983875e-01 6.306838048357660265e-01
4.389166637544227867e-01 6.324836086932080770e-01
4.363174392529967083e-01 6.342755123549937979e-01
4.337339678860162029e-01 6.360595297981662677e-01
4.311661557951529389e-01 6.378356755127913003e-01
4.286139096357684530e-01 6.396039644865864071e-01
4.260771365755723350e-01 6.413644121898829376e-01
4.235557442932275651e-01 6.431170345609157346e-01
4.210496409769049486e-01 6.448618479914346446e-01
4.185587353227900875e-01 6.465988693126329956e-01
4.160829365335440011e-01 6.483281157813872708e-01
4.136221543167213355e-01 6.500496050668014281e-01
4.111762988831469401e-01 6.517633552370530881e-01
4.087452809452537528e-01 6.534693847465326000e-01
4.063290117153837144e-01 6.551677124232730964e-01
4.039274029040537672e-01 6.568583574566645433e-01
4.015403667181890457e-01 6.585413393854461228e-01
3.991678158593244263e-01 6.602166780859727302e-01
3.968096635217769896e-01 6.618843937607507000e-01
3.944658233907900602e-01 6.635445069272362106e-01
3.921362096406516007e-01 6.651970384068933706e-01
3.898207369327872929e-01 6.668420093145043248e-01
3.875193204138304703e-01 6.684794410477303828e-01
3.852318757136703464e-01 6.701093552769146200e-01
3.829583189434794255e-01 6.717317739351253980e-01
3.806985666937218737e-01 6.733467192084333641e-01
3.784525360321431275e-01 6.749542135264183784e-01
3.762201445017437362e-01 6.765542795529020381e-01
3.740013101187364408e-01 6.781469401769001371e-01
3.717959513704890973e-01 6.797322185037921738e-01
3.696039872134540549e-01 6.813101378467011360e-01
3.674253370710844346e-01 6.828807217180833389e-01
3.652599208317393042e-01 6.844439938215186592e-01
3.631076588465774746e-01 6.859999780437017192e-01
3.609684719274422471e-01 6.875486984466271378e-01
3.588422813447362247e-01 6.890901792599660736e-01
3.567290088252886848e-01 6.906244448736287289e-01
3.546285765502150134e-01 6.921515198305113747e-01
3.525409071527694227e-01 6.936714288194207878e-01
3.504659237161924512e-01 6.951841966681747698e-01
3.484035497715519680e-01 6.966898483368745287e-01
3.463537092955804586e-01 6.981884089113435943e-01
3.443163267085080359e-01 6.996799035967329328e-01
3.422913268718919544e-01 7.011643577112848247e-01
3.402786350864432374e-01 7.026417966802556148e-01
3.382781770898513618e-01 7.041122460299911179e-01
3.362898790546068328e-01 7.055757313821531262e-01
3.343136675858227602e-01 7.070322784480932432e-01
3.323494697190554348e-01 7.084819130233700468e-01
3.303972129181250716e-01 7.099246609824073628e-01
3.284568250729361649e-01 7.113605482732910934e-01
3.265282344972989526e-01 7.127896009126988286e-01
3.246113699267514918e-01 7.142118449809629066e-01
3.227061605163834557e-01 7.156273066172615938e-01
3.208125358386614279e-01 7.170360120149352756e-01
3.189304258812565851e-01 7.184379874169272151e-01
3.170597610448746551e-01 7.198332591113433265e-01
3.152004721410889831e-01 7.212218534271300774e-01
3.133524903901762637e-01 7.226037967298670761e-01
3.115157474189562126e-01 7.239791154176724586e-01
3.096901752586347367e-01 7.253478359172168544e-01
3.078757063426510454e-01 7.267099846798461549e-01
3.060722735045290355e-01 7.280655881778079763e-01
3.042798099757336172e-01 7.294146729005807073e-01
3.024982493835309816e-01 7.307572653513030314e-01
3.007275257488548070e-01 7.320933920433008169e-01
2.989675734841767962e-01 7.334230794967092626e-01
2.972183273913834856e-01 7.347463542351893029e-01
2.954797226596579396e-01 7.360632427827341617e-01
2.937516948633678848e-01 7.373737716605652803e-01
2.920341799599592836e-01 7.386779673841152860e-01
2.903271142878565692e-01 7.399758564600962263e-01
2.886304345643690428e-01 7.412674653836494043e-01
2.869440778836035988e-01 7.425528206355781480e-01
2.852679817143844998e-01 7.438319486796578506e-01
2.836020838981795356e-01 7.451048759600246152e-01
2.819463226470333983e-01 7.463716288986383951e-01
2.803006365415081635e-01 7.476322338928206301e-01
2.786649645286305987e-01 7.488867173128626042e-01
2.770392459198472435e-01 7.501351054997055234e-01
2.754234203889864840e-01 7.513774247626876512e-01
2.738174279702285663e-01 7.526137013773590567e-01
2.722212090560829356e-01 7.538439615833619767e-01
2.706347043953733489e-01 7.550682315823742385e-01
2.690578550912309796e-01 7.562865375361151887e-01
2.674906025990949621e-01 7.574989055644123503e-01
2.659328887247217055e-01 7.587053617433276997e-01
2.643846556222012034e-01 7.599059321033410086e-01
2.628458457919825020e-01 7.611006426275901404e-01
2.613164020789065511e-01 7.622895192501664141e-01
2.597962676702477713e-01 7.634725878544639244e-01
2.582853860937638357e-01 7.646498742715805985e-01
2.567837012157535015e-01 7.658214042787707676e-01
2.552911572391233230e-01 7.669872035979484748e-01
2.538076987014625807e-01 7.681472978942380792e-01
2.523332704731265919e-01 7.693017127745732653e-01
2.508678177553287370e-01 7.704504737863422381e-01
2.494112860782410901e-01 7.715936064160782148e-01
2.479636212991035427e-01 7.727311360881936597e-01
2.465247696003415867e-01 7.738630881637581505e-01
2.450946774876927303e-01 7.749894879393174341e-01
2.436732917883418226e-01 7.761103606457538939e-01
2.422605596490649271e-01 7.772257314471873180e-01
2.408564285343817168e-01 7.783356254399133034e-01
2.394608462247172775e-01 7.794400676513811854e-01
2.380737608145718498e-01 7.805390830392077151e-01
2.366951207107000910e-01 7.816326964902274854e-01
2.353248746302987193e-01 7.827209328195785520e-01
2.339629715992029846e-01 7.838038167698214709e-01
2.326093609500921588e-01 7.848813730100934194e-01
2.312639923207038262e-01 7.859536261352930708e-01
2.299268156520566653e-01 7.870206006652987751e-01
2.285977811866825027e-01 7.880823210442167159e-01
2.272768394668669145e-01 7.891388116396597097e-01
2.259639413328987378e-01 7.901900967420549815e-01
2.246590379213285193e-01 7.912362005639818063e-01
2.233620806632355682e-01 7.922771472395351289e-01
2.220730212825038907e-01 7.933129608237182717e-01
2.207918117941070624e-01 7.943436652918614005e-01
2.195184045024017594e-01 7.953692845390654131e-01
2.182527519994302556e-01 7.963898423796715864e-01
2.169948071632313291e-01 7.974053625467560913e-01
2.157445231561604393e-01 7.984158686916472680e-01
2.145018534232182028e-01 7.994213843834675481e-01
2.132667516903879179e-01 8.004219331086969147e-01
2.120391719629816651e-01 8.014175382707589002e-01
2.108190685239950679e-01 8.024082231896284556e-01
2.096063959324710457e-01 8.033940111014603591e-01
2.084011090218716999e-01 8.043749251582378301e-01
2.072031628984594420e-01 8.053509884274414610e-01
2.060125129396863930e-01 8.063222238917375773e-01
2.048291147925924149e-01 8.072886544486845839e-01
2.036529243722118576e-01 8.082503029104586290e-01
2.024838978599888262e-01 8.092071920035969201e-01
2.013219917022009975e-01 8.101593443687576945e-01
2.001671626083918742e-01 8.111067825604979520e-01
1.990193675498116987e-01 8.120495290470670646e-01
1.978785637578665824e-01 8.129876062102169287e-01
1.967447087225764890e-01 8.139210363450272157e-01
1.956177601910411845e-01 8.148498416597459437e-01
1.944976761659148179e-01 8.157740442756448163e-01
1.933844149038890237e-01 8.166936662268891034e-01
1.922779349141838512e-01 8.176087294604208466e-01
1.911781949570477146e-01 8.185192558358567183e-01
1.900851540422648367e-01 8.194252671253979825e-01
1.889987714276716579e-01 8.203267850137534456e-01
1.879190066176810725e-01 8.212238310980761735e-01
1.868458193618148244e-01 8.221164268879103121e-01
1.857791696532443138e-01 8.230045938051513410e-01
1.847190177273393963e-01 8.238883531840169860e-01
1.836653240602252324e-01 8.247677262710293444e-01
1.826180493673473237e-01 8.256427342250082235e-01
1.815771546020444327e-01 8.265133981170745825e-01
1.805426009541297727e-01 8.273797389306647432e-01
1.795143498484798317e-01 8.282417775615531497e-01
1.784923629436314385e-01 8.290995348178870072e-01
1.774766021303865460e-01 8.299530314202281378e-01
1.764670295304249792e-01 8.308022880016050493e-01
1.754636074949249835e-01 8.316473251075741091e-01
1.744662986031916274e-01 8.324881631962879336e-01
1.734750656612930042e-01 8.333248226385736590e-01
1.724898717007039839e-01 8.341573237180183176e-01
1.715106799769580137e-01 8.349856866310622072e-01
1.705374539683062463e-01 8.358099314871002550e-01
1.695701573743845225e-01 8.366300783085900417e-01
1.686087541148879598e-01 8.374461470311680422e-01
1.676532083282530339e-01 8.382581575037713062e-01
1.667034843703471270e-01 8.390661294887676869e-01
1.657595468131657646e-01 8.398700826620906223e-01
1.648213604435373181e-01 8.406700366133819102e-01
1.638888902618348409e-01 8.414660108461395893e-01
1.629621014806958146e-01 8.422580247778721496e-01
1.620409595237486677e-01 8.430460977402584044e-01
1.611254300243472048e-01 8.438302489793126915e-01
1.602154788243118633e-01 8.446104976555560695e-01
1.593110719726784918e-01 8.453868628441919553e-01
1.584121757244543460e-01 8.461593635352870901e-01
1.575187565393811606e-01 8.469280186339579464e-01
1.566307810807053835e-01 8.476928469605605754e-01
1.557482162139557091e-01 8.484538672508865620e-01
1.548710290057275230e-01 8.492110981563618655e-01
1.539991867224743960e-01 8.499645582442515446e-01
1.531326568293067403e-01 8.507142659978664812e-01
1.522714069887972921e-01 8.514602398167763209e-01
1.514154050597935897e-01 8.522024980170245234e-01
1.505646190962375286e-01 8.529410588313481867e-01
1.497190173459913842e-01 8.536759404094008685e-01
1.488785682496711893e-01 8.544071608179790722e-01
1.480432404394865786e-01 8.551347380412515076e-01
1.472130027380874340e-01 8.558586899809929038e-01
1.463878241574173844e-01 8.565790344568189330e-01
1.455676738975739404e-01 8.572957892064261287e-01
1.447525213456753723e-01 8.580089718858328052e-01
1.439423360747340563e-01 8.587186000696241939e-01
1.431370878425366477e-01 8.594246912511993575e-01
1.423367465905305829e-01 8.601272628430207678e-01
1.415412824427173255e-01 8.608263321768665488e-01
1.407506657045518583e-01 8.615219165040847171e-01
1.399648668618490299e-01 8.622140329958498661e-01
1.391838565796958416e-01 8.629026987434220697e-01
1.384076057013706451e-01 8.635879307584075626e-01
1.376360852472681418e-01 8.642697459730215304e-01
1.368692664138312087e-01 8.649481612403527864e-01
1.361071205724888045e-01 8.656231933346300034e-01
1.353496192686000354e-01 8.662948589514900544e-01
1.345967342204045514e-01 8.669631747082474638e-01
1.338484373179792963e-01 8.676281571441663010e-01
1.331047006222010332e-01 8.682898227207320740e-01
1.323654963637154736e-01 8.689481878219265099e-01
1.316307969419119595e-01 8.696032687545024453e-01
1.309005749239047500e-01 8.702550817482611611e-01
1.301748030435198877e-01 8.709036429563300485e-01
1.294534542002883371e-01 8.715489684554413863e-01
1.287365014584449796e-01 8.721910742462125610e-01
1.280239180459335491e-01 8.728299762534270645e-01
1.273156773534174224e-01 8.734656903263164907e-01
1.266117529332963232e-01 8.740982322388435311e-01
1.259121184987289366e-01 8.747276176899853040e-01
1.252167479226611035e-01 8.753538623040181266e-01
1.245256152368599822e-01 8.759769816308021761e-01
1.238386946309538994e-01 8.765969911460678166e-01
1.231559604514777806e-01 8.772139062517012587e-01
1.224773872009244230e-01 8.778277422760319970e-01
1.218029495368013609e-01 8.784385144741199136e-01
1.211326222706932132e-01 8.790462380280432697e-01
1.204663803673297895e-01 8.796509280471868086e-01
1.198041989436596788e-01 8.802525995685299698e-01
1.191460532679292084e-01 8.808512675569367678e-01
1.184919187587671757e-01 8.814469469054437845e-01
1.178417709842747435e-01 8.820396524355503809e-01
1.171955856611209407e-01 8.826293988975079108e-01
1.165533386536435068e-01 8.832162009706092665e-01
1.159150059729550514e-01 8.838000732634793133e-01
1.152805637760545981e-01 8.843810303143638807e-01
1.146499883649444440e-01 8.849590865914205295e-01
1.140232561857521948e-01 8.855342564930077653e-01
1.134003438278581993e-01 8.861065543479754725e-01
1.127812280230279934e-01 8.866759944159545714e-01
1.121658856445501007e-01 8.872425908876464540e-01
1.115542937063789541e-01 8.878063578851127513e-01
1.109464293622827724e-01 8.883673094620649913e-01
1.103422699049967926e-01 8.889254596041535894e-01
1.097417927653814018e-01 8.894808222292566180e-01
1.091449755115853348e-01 8.900334111877692411e-01
1.085517958482138251e-01 8.905832402628912625e-01
1.079622316155019052e-01 8.911303231709160055e-01
1.073762607884924530e-01 8.916746735615183050e-01
1.067938614762193317e-01 8.922163050180415000e-01
1.062150119208952054e-01 8.927552310577847594e-01
1.056396904971045186e-01 8.932914651322899635e-01
1.050678757110010131e-01 8.938250206276276977e-01
1.044995461995102820e-01 8.943559108646832456e-01
1.039346807295370018e-01 8.948841490994426939e-01
1.033732581971768816e-01 8.954097485232767051e-01
1.028152576269333873e-01 8.959327222632255117e-01
1.022606581709392115e-01 8.964530833822831335e-01
1.017094391081823229e-01 8.969708448796801514e-01
1.011615798437367764e-01 8.974860196911667032e-01
1.006170599079979355e-01 8.979986206892952572e-01
1.000758589559225531e-01 8.985086606837016099e-01
9.953795676627318068e-02 8.990161524213856614e-01
9.900333324086731113e-02 8.995211085869928569e-01
9.847196840383085070e-02 9.000235418030932966e-01
9.794384240085619864e-02 9.005234646304605128e-01
9.741893549846476763e-02 9.010208895683508024e-01
9.689722808327387582e-02 9.015158290547801156e-01
9.637870066126814905e-02 9.020082954668020569e-01
9.586333385707518362e-02 9.024983011207831085e-01
9.535110841324569153e-02 9.029858582726790761e-01
9.484200518953785075e-02 9.034709791183102023e-01
9.433600516220605470e-02 9.039536757936342815e-01
9.383308942329389446e-02 9.044339603750214396e-01
9.333323917993141539e-02 9.049118448795254732e-01
9.283643575363660638e-02 9.053873412651566310e-01
9.234266057962106644e-02 9.058604614311521752e-01
9.185189520609989000e-02 9.063312172182469428e-01
9.136412129360567402e-02 9.067996204089427970e-01
9.087932061430667452e-02 9.072656827277775227e-01
9.039747505132909866e-02 9.077294158415917247e-01
8.991856659808339369e-02 9.081908313597971683e-01
8.944257735759467143e-02 9.086499408346422335e-01
8.896948954183719893e-02 9.091067557614772587e-01
8.849928547107277499e-02 9.095612875790188845e-01
8.803194757319317276e-02 9.100135476696145087e-01
8.756745838306663476e-02 9.104635473595040773e-01
8.710580054188807320e-02 9.109112979190823189e-01
8.664695679653348914e-02 9.113568105631598693e-01
8.619090999891798610e-02 9.118000964512236184e-01
8.573764310535790523e-02 9.122411666876953928e-01
8.528713917593661042e-02 9.126800323221906375e-01
8.483938137387429801e-02 9.131167043497759872e-01
8.439435296490141458e-02 9.135511937112255065e-01
8.395203731663597457e-02 9.139835112932764849e-01
8.351241789796462478e-02 9.144136679288842329e-01
8.307547827842738652e-02 9.148416743974756571e-01
8.264120212760621420e-02 9.152675414252027242e-01
8.220957321451712041e-02 9.156912796851933711e-01
8.178057540700607586e-02 9.161128997978039701e-01
8.135419267114850361e-02 9.165324123308677962e-01
8.093040907065242318e-02 9.169498277999459379e-01
8.050920876626520284e-02 9.173651566685740999e-01
8.009057601518382308e-02 9.177784093485107375e-01
7.967449517046888696e-02 9.181895961999831934e-01
7.926095068046189185e-02 9.185987275319329459e-01
7.884992708820634522e-02 9.190058136022605240e-01
7.844140903087207239e-02 9.194108646180685351e-01
7.803538123918322966e-02 9.198138907359048044e-01
7.763182853684970353e-02 9.202149020620030706e-01
7.723073584000185454e-02 9.206139086525250148e-01
7.683208815662882774e-02 9.210109205137988475e-01
7.643587058602020756e-02 9.214059476025585615e-01
7.604206831821094803e-02 9.217989998261817419e-01
7.565066663342984166e-02 9.221900870429264874e-01
7.526165090155116644e-02 9.225792190621671107e-01
7.487500658154973288e-02 9.229664056446292841e-01
7.449071922095922005e-02 9.233516565026240741e-01
7.410877445533375907e-02 9.237349813002808663e-01
7.372915800771277783e-02 9.241163896537791800e-01
7.335185568808914869e-02 9.244958911315804828e-01
7.297685339288044470e-02 9.248734952546577848e-01
7.260413710440349888e-02 9.252492114967248993e-01
7.223369289035207197e-02 9.256230492844653712e-01
7.186550690327771218e-02 9.259950179977587403e-01
7.149956538007379292e-02 9.263651269699076929e-01
7.113585464146256199e-02 9.267333854878629928e-01
7.077436109148547982e-02 9.270998027924481910e-01
7.041507121699640270e-02 9.274643880785830019e-01
7.005797158715811046e-02 9.278271504955057924e-01
6.970304885294159591e-02 9.281880991469952935e-01
6.935028974662865719e-02 9.285472430915910902e-01
6.899968108131730726e-02 9.289045913428135570e-01
6.865120975043025042e-02 9.292601528693820168e-01
6.830486272722637031e-02 9.296139365954332323e-01
6.796062706431510447e-02 9.299659514007374561e-01
6.761848989317381653e-02 9.303162061209154787e-01
6.727843842366811045e-02 9.306647095476524578e-01
6.694045994357493423e-02 9.310114704289121912e-01
6.660454181810870899e-02 9.313564974691508347e-01
6.627067148945030295e-02 9.316997993295279556e-01
6.593883647627875322e-02 9.320413846281186965e-01
6.560902437330598524e-02 9.323812619401234958e-01
6.528122285081419673e-02 9.327194397980776985e-01
6.495541965419622532e-02 9.330559266920595007e-01
6.463160260349846975e-02 9.333907310698983384e-01
6.430975959296683642e-02 9.337238613373799456e-01
6.398987859059522554e-02 9.340553258584536334e-01
6.367194763767690391e-02 9.343851329554357932e-01
6.335595484835847280e-02 9.347132909092140673e-01
6.304188840919665304e-02 9.350398079594505196e-01
6.272973657871772080e-02 9.353646923047829187e-01
6.241948768697957312e-02 9.356879521030261326e-01
6.211113013513647196e-02 9.360095954713725241e-01
6.180465239500648744e-02 9.363296304865902364e-01
6.150004300864144596e-02 9.366480651852229222e-01
6.119729058789963316e-02 9.369649075637855873e-01
6.089638381402093931e-02 9.372801655789622099e-01
6.059731143720469004e-02 9.375938471478009184e-01
6.030006227619002374e-02 9.379059601479083907e-01
6.000462521783873904e-02 9.382165124176442550e-01
5.971098921672077231e-02 9.385255117563137128e-01
5.941914329470211753e-02 9.388329659243596081e-01
5.912907654053529971e-02 9.391388826435531634e-01
5.884077810945230469e-02 9.394432695971850489e-01
5.855423722275995141e-02 9.397461344302543429e-01
5.826944316743778995e-02 9.400474847496563813e-01
5.798638529573840739e-02 9.403473281243716064e-01
5.770505302479010667e-02 9.406456720856514186e-01
5.742543583620207670e-02 9.409425241272046936e-01
5.714752327567194923e-02 9.412378917053817462e-01
5.687130495259567348e-02 9.415317822393600711e-01
5.659677053967980542e-02 9.418242031113260859e-01
5.632390977255618408e-02 9.421151616666584294e-01
5.605271244939886988e-02 9.424046652141093716e-01
5.578316843054348384e-02 9.426927210259854473e-01
5.551526763810877424e-02 9.429793363383276450e-01
5.524900005562059097e-02 9.432645183510898201e-01
5.498435572763801793e-02 9.435482742283176627e-01
5.472132475938190632e-02 9.438306110983253339e-01
5.445989731636553810e-02 9.441115360538724355e-01
5.420006362402761402e-02 9.443910561523393143e-01
5.394181396736747597e-02 9.446691784159026994e-01
5.368513869058248039e-02 9.449459098317086747e-01
5.343002819670759213e-02 9.452212573520465400e-01
5.317647294725725421e-02 9.454952278945208954e-01
5.292446346186930467e-02 9.457678283422238374e-01
5.267399031795113457e-02 9.460390655439043783e-01
5.242504415032798321e-02 9.463089463141398650e-01
5.217761565089334974e-02 9.465774774335045105e-01
5.193169556826155581e-02 9.468446656487369273e-01
5.168727470742241759e-02 9.471105176729088804e-01
5.144434392939794404e-02 9.473750401855914882e-01
5.120289415090126944e-02 9.476382398330210899e-01
5.096291634399748027e-02 9.479001232282640022e-01
5.072440153576666250e-02 9.481606969513818317e-01
5.048734080796887791e-02 9.484199675495941229e-01
5.025172529671125682e-02 9.486779415374414492e-01
5.001754619211704750e-02 9.489346253969475065e-01
4.978479473799674732e-02 9.491900255777802053e-01
4.955346223152115592e-02 9.494441484974119883e-01
4.932354002289649625e-02 9.496970005412797011e-01
4.909501951504141593e-02 9.499485880629434664e-01
4.886789216326605650e-02 9.501989173842443348e-01
4.864214947495299618e-02 9.504479947954627139e-01
4.841778300924014233e-02 9.506958265554736887e-01
4.819478437670559473e-02 9.509424188919037846e-01
4.797314523905437528e-02 9.511877780012857331e-01
4.775285730880707291e-02 9.514319100492126813e-01
4.753391234899041751e-02 9.516748211704922911e-01
4.731630217282969258e-02 9.519165174692990616e-01
4.710001864344300765e-02 9.521570050193267631e-01
4.688505367353749953e-02 9.523962898639393160e-01
4.667139922510730315e-02 9.526343780163226693e-01
4.645904730913340275e-02 9.528712754596331269e-01
4.624798998528526633e-02 9.531069881471476712e-01
4.603821936162437456e-02 9.533415220024119563e-01
4.582972759430945647e-02 9.535748829193881893e-01
4.562250688730357800e-02 9.538070767626022350e-01
4.541654949208299291e-02 9.540381093672896107e-01
4.521184770734776315e-02 9.542679865395415906e-01
4.500839387873414171e-02 9.544967140564497576e-01
4.480618039852871798e-02 9.547242976662498881e-01
4.460519970538426304e-02 9.549507430884663917e-01
4.440544428403733757e-02 9.551760560140539758e-01
4.420690666502761351e-02 9.554002421055405314e-01
4.400957942441889592e-02 9.556233069971682426e-01
4.381345518352182389e-02 9.558452562950343623e-01
4.361852660861829933e-02 9.560660955772311009e-01
4.342478641068756029e-02 9.562858303939848481e-01
4.323222734513389870e-02 9.565044662677956167e-01
4.304084221151611989e-02 9.567220086935739332e-01
4.285062385327852857e-02 9.569384631387787277e-01
4.266156515748366351e-02 9.571538350435540021e-01
4.247365905454658641e-02 9.573681298208647217e-01
4.228689851797079458e-02 9.575813528566319288e-01
4.210127656408579194e-02 9.577935095098674134e-01
4.191678625178616585e-02 9.580046051128079387e-01
4.173342068227235691e-02 9.582146449710484681e-01
4.155117299879291376e-02 9.584236343636747257e-01
4.137003638638837161e-02 9.586315785433950909e-01
4.119000407163666416e-02 9.588384827366723817e-01
4.101106932240008995e-02 9.590443521438540841e-01
4.083322544757383987e-02 9.592491919393026922e-01
4.065646579683599576e-02 9.594530072715253821e-01
4.048078376039913190e-02 9.596558032633020208e-01
4.030617276876333893e-02 9.598575850118145070e-01
4.013262629247084379e-02 9.600583575887733367e-01
3.996013784186203122e-02 9.602581260405449459e-01
3.978870096683301966e-02 9.604568953882776094e-01
3.961830925659468733e-02 9.606546706280281178e-01
3.944895633943313468e-02 9.608514567308854559e-01
3.928063588247166643e-02 9.610472586430960362e-01
3.911334159143416839e-02 9.612420812861877106e-01
3.894706721040994135e-02 9.614359295570922281e-01
3.878180652161997838e-02 9.616288083282683585e-01
3.861755334518465060e-02 9.618207224478242390e-01
3.845430153889281555e-02 9.620116767396377222e-01
3.829204499797229933e-02 9.622016760034782790e-01
3.813077765486184295e-02 9.623907250151262360e-01
3.797049347898436011e-02 9.625788285264934574e-01
3.781118647652162434e-02 9.627659912657412500e-01
3.765285069019031622e-02 9.629522179373996016e-01
3.749548019901940976e-02 9.631375132224845315e-01
3.733906911812897439e-02 9.633218817786156629e-01
3.718361159851022585e-02 9.635053282401329078e-01
3.702910182680701351e-02 9.636878572182124847e-01
3.687553402509860523e-02 9.638694733009821602e-01
3.672290245068374204e-02 9.640501810536370453e-01
3.657120139586607366e-02 9.642299850185530596e-01
3.642042518774088466e-02 9.644088897154010631e-01
3.627056818798310434e-02 9.645868996412605423e-01
3.612162479263662102e-02 9.647640192707320761e-01
3.597358943190484548e-02 9.649402530560490243e-01
3.582645656994259964e-02 9.651156054271896600e-01
3.568022070464924034e-02 9.652900807919880810e-01
3.553487636746305300e-02 9.654636835362447878e-01
3.539041812315688040e-02 9.656364180238363737e-01
3.524684056963502815e-02 9.658082885968253262e-01
3.510413833773137066e-02 9.659792995755683842e-01
3.496230609100869913e-02 9.661494552588252294e-01
3.482133852555931164e-02 9.663187599238661774e-01
3.468123036980678975e-02 9.664872178265793146e-01
3.454197638430898248e-02 9.666548332015775236e-01
3.440357136156221851e-02 9.668216102623042874e-01
3.426601012580667016e-02 9.669875532011396047e-01
3.412928753283293870e-02 9.671526661895047949e-01
3.399339846978978452e-02 9.673169533779679696e-01
3.385833785499306470e-02 9.674804188963469498e-01
3.372410063773579464e-02 9.676430668538138491e-01
3.359068179809941018e-02 9.678049013389974364e-01
3.345807634676611908e-02 9.679659264200862756e-01
3.332627932483244598e-02 9.681261461449303107e-01
3.319528580362390846e-02 9.682855645411423406e-01
3.306509088451080325e-02 9.684441856161998263e-01
3.293568969872508190e-02 9.686020133575445890e-01
3.280707740717844767e-02 9.687590517326833961e-01
3.267924920028144470e-02 9.689153046892868826e-01
3.255220029776369206e-02 9.690707761552894706e-01
3.242592594849525584e-02 9.692254700389870692e-01
3.230042143030902035e-02 9.693793902291356623e-01
3.217568204982423213e-02 9.695325405950485642e-01
3.205170314227104300e-02 9.696849249866940079e-01
3.192848007131617732e-02 9.698365472347912908e-01
3.180600822888961926e-02 9.699874111509068086e-01
3.168428303501239635e-02 9.701375205275504232e-01
3.156329993762537617e-02 9.702868791382697200e-01
3.144305441241911081e-02 9.704354907377453765e-01
3.132354196266472907e-02 9.705833590618849760e-01
3.120475811904587990e-02 9.707304878279172655e-01
3.108669843949163694e-02 9.708768807344851925e-01
3.096935850901048198e-02 9.710225414617382755e-01
3.085273393952527032e-02 9.711674736714256406e-01
3.073682036970920226e-02 9.713116810069877261e-01
3.062161346482280069e-02 9.714551670936478756e-01
3.050710891655187759e-02 9.715979355385028216e-01
3.039330244284649263e-02 9.717399899306140565e-01
3.028018978776086598e-02 9.718813338410969838e-01
3.016776672129433193e-02 9.720219708232111788e-01
3.005602903923316332e-02 9.721619044124496511e-01
2.994497256299345420e-02 9.723011381266272180e-01
2.983459313946490790e-02 9.724396754659692110e-01
2.972488664085557591e-02 9.725775199131989623e-01
2.961584896453756457e-02 9.727146749336255116e-01
2.950747603289366125e-02 9.728511439752305368e-01
2.939976379316491806e-02 9.729869304687549514e-01
2.929270821729912724e-02 9.731220378277851690e-01
2.918630530180026800e-02 9.732564694488381463e-01
2.908055106757882410e-02 9.733902287114479801e-01
2.897544155980304181e-02 9.735233189782493968e-01
2.887097284775108283e-02 9.736557435950629058e-01
2.876714102466408282e-02 9.737875058909786219e-01
2.866394220760009465e-02 9.739186091784401977e-01
2.856137253728894057e-02 9.740490567533276467e-01
2.845942817798792143e-02 9.741788518950397213e-01
2.835810531733844175e-02 9.743079978665774021e-01
2.825740016622345710e-02 9.744364979146248329e-01
2.815730895862584432e-02 9.745643552696312550e-01
2.805782795148760445e-02 9.746915731458920540e-01
2.795895342456991561e-02 9.748181547416296944e-01
2.786068168031406028e-02 9.749441032390736561e-01
2.776300904370319206e-02 9.750694218045407036e-01
2.766593186212493866e-02 9.751941135885140444e-01
2.756944650523484794e-02 9.753181817257231545e-01
2.747354936482065621e-02 9.754416293352216050e-01
2.737823685466740306e-02 9.755644595204661096e-01
2.728350541042335459e-02 9.756866753693939076e-01
2.718935148946672459e-02 9.758082799545009234e-01
2.709577157077325965e-02 9.759292763329185938e-01
2.700276215478456671e-02 9.760496675464906957e-01
2.691031976327730099e-02 9.761694566218493962e-01
2.681844093923310690e-02 9.762886465704925243e-01
2.672712224670937761e-02 9.764072403888574003e-01
2.663636027071079881e-02 9.765252410583974418e-01
2.654615161706164184e-02 9.766426515456569923e-01
2.645649291227890332e-02 9.767594748023449291e-01
2.636738080344614571e-02 9.768757137654097145e-01
2.627881195808814963e-02 9.769913713571127811e-01
2.619078306404631906e-02 9.771064504851023624e-01
2.610329082935483602e-02 9.772209540424853236e-01
2.601633198211758535e-02 9.773348849079018796e-01
2.592990327038582204e-02 9.774482459455958727e-01
2.584400146203657753e-02 9.775610400054878246e-01
2.575862334465182923e-02 9.776732699232464352e-01
2.567376572539836407e-02 9.777849385203595256e-01
2.558942543090841903e-02 9.778960486042054256e-01
2.550559930716102264e-02 9.780066029681226958e-01
2.542228421936408231e-02 9.781166043914812924e-01
2.533947705183714483e-02 9.782260556397514017e-01
2.525717470789492353e-02 9.783349594645741609e-01
2.517537410973150550e-02 9.784433186038291597e-01
2.509407219830526656e-02 9.785511357817044953e-01
2.501326593322450442e-02 9.786584137087650515e-01
2.493295229263374144e-02 9.787651550820201107e-01
2.485312827310074899e-02 9.788713625849915223e-01
2.477379088950423108e-02 9.789770388877809815e-01
2.469493717492221921e-02 9.790821866471370871e-01
2.461656418052112633e-02 9.791868085065223992e-01
2.453866897544549827e-02 9.792909070961791640e-01
2.446124864670841392e-02 9.793944850331961494e-01
2.438430029908255844e-02 9.794975449215740371e-01
2.430782105499198348e-02 9.796000893522908148e-01
2.423180805440449184e-02 9.797021209033675015e-01
2.415625845472470917e-02 9.798036421399316520e-01
2.408116943068777660e-02 9.799046556142830822e-01
2.400653817425371997e-02 9.800051638659572628e-01
2.393236189450244703e-02 9.801051694217896015e-01
2.385863781752938992e-02 9.802046747959785034e-01
2.378536318634177915e-02 9.803036824901488755e-01
2.371253526075553508e-02 9.804021949934146329e-01
2.364015131729284638e-02 9.805002147824418701e-01
2.356820864908028279e-02 9.805977443215103673e-01
2.349670456574761215e-02 9.806947860625760960e-01
2.342563639332717260e-02 9.807913424453322815e-01
2.335500147415390387e-02 9.808874158972713531e-01
2.328479716676595465e-02 9.809830088337453402e-01
2.321502084580591777e-02 9.810781236580271569e-01
2.314566990192264487e-02 9.811727627613703318e-01
2.307674174167369252e-02 9.812669285230699590e-01
2.300823378742831646e-02 9.813606233105214294e-01
2.294014347727111464e-02 9.814538494792808265e-01
2.287246826490619417e-02 9.815466093731236574e-01
2.280520561956197664e-02 9.816389053241036944e-01
2.273835302589655508e-02 9.817307396526122609e-01
2.267190798390363027e-02 9.818221146674358524e-01
2.260586800881902309e-02 9.819130326658140895e-01
2.254023063102776614e-02 9.820034959334978941e-01
2.247499339597173670e-02 9.820935067448069988e-01
2.241015386405788984e-02 9.821830673626865682e-01
2.234570961056701194e-02 9.822721800387642643e-01
2.228165822556305020e-02 9.823608470134074233e-01
2.221799731380299722e-02 9.824490705157783443e-01
2.215472449464732027e-02 9.825368527638913552e-01
2.209183740197093529e-02 9.826241959646675461e-01
2.202933368407471518e-02 9.827111023139911694e-01
2.196721100359755666e-02 9.827975739967640401e-01
2.190546703742897103e-02 9.828836131869609360e-01
2.184409947662220575e-02 9.829692220476844433e-01
2.178310602630790377e-02 9.830544027312183575e-01
2.172248440560827290e-02 9.831391573790829730e-01
2.166223234755180332e-02 9.832234881220879297e-01
2.160234759898848125e-02 9.833073970803865027e-01
2.154282792050554382e-02 9.833908863635284492e-01
2.148367108634370928e-02 9.834739580705129658e-01
2.142487488431396581e-02 9.835566142898417574e-01
2.136643711571481474e-02 9.836388570995715508e-01
2.130835559525007944e-02 9.837206885673658308e-01
2.125062815094715465e-02 9.838021107505474649e-01
2.119325262407579721e-02 9.838831256961498850e-01
2.113622686906738504e-02 9.839637354409691561e-01
2.107954875343468967e-02 9.840439420116140479e-01
2.102321615769211366e-02 9.841237474245582151e-01
2.096722697527644841e-02 9.842031536861902685e-01
2.091157911246806222e-02 9.842821627928642902e-01
2.085627048831263999e-02 9.843607767309497936e-01
2.080129903454332185e-02 9.844389974768820162e-01
2.074666269550338657e-02 9.845168269972116581e-01
2.069235942806934778e-02 9.845942672486538427e-01
2.063838720157457063e-02 9.846713201781375213e-01
2.058474399773331173e-02 9.847479877228548784e-01
2.053142781056524133e-02 9.848242718103089599e-01
2.047843664632042690e-02 9.849001743583631896e-01
2.042576852340478172e-02 9.849756972752888862e-01
2.037342147230592967e-02 9.850508424598135582e-01
2.032139353551957323e-02 9.851256118011688656e-01
2.026968276747627765e-02 9.852000071791374713e-01
2.021828723446870285e-02 9.852740304641005586e-01
2.016720501457930359e-02 9.853476835170852377e-01
2.011643419760843210e-02 9.854209681898105089e-01
2.006597288500290566e-02 9.854938863247346692e-01
2.001581918978501129e-02 9.855664397551011646e-01
1.996597123648193028e-02 9.856386303049848863e-01
1.991642716105558944e-02 9.857104597893374676e-01
1.986718511083295988e-02 9.857819300140336916e-01
1.981824324443676524e-02 9.858530427759162329e-01
1.976959973171661319e-02 9.859237998628415101e-01
1.972125275368054320e-02 9.859942030537237612e-01
1.967320050242701845e-02 9.860642541185806742e-01
1.962544118107728899e-02 9.861339548185770187e-01
1.957797300370820240e-02 9.862033069060696100e-01
1.953079419528540306e-02 9.862723121246508295e-01
1.948390299159695818e-02 9.863409722091929233e-01
1.943729763918736891e-02 9.864092888858913000e-01
1.939097639529198738e-02 9.864772638723080522e-01
1.934493752777184661e-02 9.865448988774149219e-01
1.929917931504888245e-02 9.866121956016364880e-01
1.925370004604153376e-02 9.866791557368929100e-01
1.920849802010075533e-02 9.867457809666424495e-01
1.916357154694641254e-02 9.868120729659235479e-01
1.911891894660406807e-02 9.868780334013972366e-01
1.907453854934214668e-02 9.869436639313888815e-01
1.903042869560949216e-02 9.870089662059300384e-01
1.898658773597329541e-02 9.870739418667993093e-01
1.894301403105739731e-02 9.871385925475647527e-01
1.889970595148100091e-02 9.872029198736239630e-01
1.885666187779769937e-02 9.872669254622452595e-01
1.881388020043493411e-02 9.873306109226080984e-01
1.877135931963378607e-02 9.873939778558441516e-01
1.872909764538914154e-02 9.874570278550771629e-01
1.868709359739022594e-02 9.875197625054628059e-01
1.864534560496150864e-02 9.875821833842286512e-01
1.860385210700394448e-02 9.876442920607141351e-01
1.856261155193659682e-02 9.877060900964094170e-01
1.852162239763860060e-02 9.877675790449954585e-01
1.848088311139150022e-02 9.878287604523823262e-01
1.844039216982190296e-02 9.878896358567482716e-01
1.840014805884452112e-02 9.879502067885786998e-01
1.836014927360553328e-02 9.880104747707040280e-01
1.832039431842630642e-02 9.880704413183385437e-01
1.828088170674746146e-02 9.881301079391183739e-01
1.824160996107326155e-02 9.881894761331391219e-01
1.820257761291635759e-02 9.882485473929939479e-01
1.816378320274287042e-02 9.883073232038104283e-01
1.812522527991778862e-02 9.883658050432889697e-01
1.808690240265073759e-02 9.884239943817392238e-01
1.804881313794202274e-02 9.884818926821167251e-01
1.801095606152906120e-02 9.885395014000607494e-01
1.797332975783309458e-02 9.885968219839296189e-01
1.793593281990625912e-02 9.886538558748382277e-01
1.789876384937894374e-02 9.887106045066933468e-01
1.786182145640750896e-02 9.887670693062308169e-01
1.782510425962229375e-02 9.888232516930501870e-01
1.778861088607595203e-02 9.888791530796510187e-01
1.775233997119210136e-02 9.889347748714684139e-01
1.771629015871429083e-02 9.889901184669082079e-01
1.768046010065527085e-02 9.890451852573823865e-01
1.764484845724656817e-02 9.890999766273432803e-01
1.760945389688839402e-02 9.891544939543193138e-01
1.757427509609981939e-02 9.892087386089493117e-01
1.753931073946929722e-02 9.892627119550168047e-01
1.750455951960543446e-02 9.893164153494842239e-01
1.747002013708812487e-02 9.893698501425275404e-01
1.743569130041992127e-02 9.894230176775696828e-01
1.740157172597775470e-02 9.894759192913142876e-01
1.736766013796489996e-02 9.895285563137798945e-01
1.733395526836327763e-02 9.895809300683325871e-01
1.730045585688601284e-02 9.896330418717200761e-01
1.726716065093031327e-02 9.896848930341038963e-01
1.723406840553061078e-02 9.897364848590934905e-01
1.720117788331198758e-02 9.897878186437777392e-01
1.716848785444391456e-02 9.898388956787583792e-01
1.713599709659423959e-02 9.898897172481821993e-01
1.710370439488347397e-02 9.899402846297734593e-01
1.707160854183934970e-02 9.899905990948656420e-01
1.703970833735166807e-02 9.900406619084340942e-01
1.700800258862739459e-02 9.900904743291270016e-01
1.697649011014605927e-02 9.901400376092974742e-01
1.694516972361541016e-02 9.901893529950355211e-01
1.691404025792734439e-02 9.902384217261980259e-01
1.688310054911411340e-02 9.902872450364411661e-01
1.685234944030476398e-02 9.903358241532512762e-01
1.682178578168189512e-02 9.903841602979748249e-01
1.679140843043863338e-02 9.904322546858502774e-01
1.676121625073589971e-02 9.904801085260374061e-01
1.673120811365992264e-02 9.905277230216491535e-01
1.670138289718000810e-02 9.905750993697807205e-01
1.667173948610658693e-02 9.906222387615400971e-01
1.664227677204948436e-02 9.906691423820779274e-01
1.661299365337648437e-02 9.907158114106171531e-01
1.658388903517210577e-02 9.907622470204831000e-01
1.655496182919666270e-02 9.908084503791325659e-01
1.652621095384555414e-02 9.908544226481834638e-01
1.649763533410881708e-02 9.909001649834435765e-01
1.646923390153090527e-02 9.909456785349401997e-01
1.644100559417073851e-02 9.909909644469485634e-01
1.641294935656197745e-02 9.910360238580210313e-01
1.638506413967354483e-02 9.910808579010151886e-01
1.635734890087039289e-02 9.911254677031229310e-01
1.632980260387449992e-02 9.911698543858983301e-01
1.630242421872611647e-02 9.912140190652859451e-01
1.627521272174523720e-02 9.912579628516487995e-01
1.624816709549331550e-02 9.913016868497970258e-01
1.622128632873520368e-02 9.913451921590143989e-01
1.619456941640133943e-02 9.913884798730867587e-01
1.616801535955013705e-02 9.914315510803294318e-01
1.614162316533064231e-02 9.914744068636146546e-01
1.611539184694538163e-02 9.915170483003984403e-01
1.608932042361346446e-02 9.915594764627481128e-01
1.606340792053388353e-02 9.916016924173687297e-01
1.603765336884908216e-02 9.916436972256306159e-01
1.601205580560867772e-02 9.916854919435951210e-01
1.598661427373347654e-02 9.917270776220421524e-01
1.596132782197966227e-02 9.917684553064958219e-01
1.593619550490321668e-02 9.918096260372512019e-01
1.591121638282456605e-02 9.918505908494003043e-01
1.588638952179341132e-02 9.918913507728580603e-01
1.586171399355382899e-02 9.919319068323881883e-01
1.583718887550951762e-02 9.919722600476290619e-01
1.581281325068931154e-02 9.920124114331192455e-01
1.578858620771288537e-02 9.920523619983233621e-01
1.576450684075663897e-02 9.920921127476568513e-01
1.574057424951985293e-02 9.921316646805116157e-01
1.571678753919097948e-02 9.921710187912812229e-01
1.569314582041420394e-02 9.922101760693857742e-01
1.566964820925615884e-02 9.922491374992962188e-01
1.564629382717287048e-02 9.922879040605605550e-01
1.562308180097689639e-02 9.923264767278268117e-01
1.560001126280467082e-02 9.923648564708685837e-01
1.557708135008403251e-02 9.924030442546090125e-01
1.555429120550197268e-02 9.924410410391452109e-01
1.553163997697256000e-02 9.924788477797722441e-01
1.550912681760507721e-02 9.925164654270074438e-01
1.548675088567233980e-02 9.925538949266138333e-01
1.546451134457921608e-02 9.925911372196246640e-01
1.544240736283132923e-02 9.926281932423657306e-01
1.542043811400396411e-02 9.926650639264806841e-01
1.539860277671115107e-02 9.927017501989527926e-01
1.537690053457494571e-02 9.927382529821295876e-01
1.535533057619489772e-02 9.927745731937449580e-01
1.533389209511768804e-02 9.928107117469429088e-01
1.531258428980698284e-02 9.928466695503003203e-01
1.529140636361343841e-02 9.928824475078501521e-01
1.527035752474491248e-02 9.929180465191029814e-01
1.524943698623684903e-02 9.929534674790712057e-01
1.522864396592283134e-02 9.929887112782904701e-01
1.520797768640534155e-02 9.930237788028423163e-01
1.518743737502667272e-02 9.930586709343767193e-01
1.516702226384003885e-02 9.930933885501339597e-01
1.514673158958083736e-02 9.931279325229666055e-01
1.512656459363810948e-02 9.931623037213620497e-01
1.510652052202617057e-02 9.931965030094632718e-01
1.508659862535639655e-02 9.932305312470917080e-01
1.506679815880919947e-02 9.932643892897681237e-01
1.504711838210617131e-02 9.932980779887347067e-01
1.502755855948239086e-02 9.933315981909754955e-01
1.500811795965890753e-02 9.933649507392386946e-01
1.498879585581538304e-02 9.933981364720577689e-01
1.496959152556291348e-02 9.934311562237717608e-01
1.495050425091700753e-02 9.934640108245467172e-01
1.493153331827072085e-02 9.934967011003967841e-01
1.491267801836798461e-02 9.935292278732047455e-01
1.489393764627705737e-02 9.935615919607426738e-01
1.487531150136417110e-02 9.935937941766924686e-01
1.485679888726731783e-02 9.936258353306662849e-01
1.483839911187021313e-02 9.936577162282270725e-01
1.482011148727639324e-02 9.936894376709091148e-01
1.480193532978349609e-02 9.937210004562367915e-01
1.478386995985769316e-02 9.937524053777465616e-01
1.476591470210825846e-02 9.937836532250057253e-01
1.474806888526231444e-02 9.938147447836320758e-01
1.473033184213972703e-02 9.938456808353147709e-01
1.471270290962814475e-02 9.938764621578328740e-01
1.469518142865820429e-02 9.939070895250755600e-01
1.467776674417886965e-02 9.939375637070612113e-01
1.466045820513293269e-02 9.939678854699569577e-01
1.464325516443266799e-02 9.939980555760981051e-01
1.462615697893562480e-02 9.940280747840065656e-01
1.460916300942057336e-02 9.940579438484111741e-01
1.459227262056359345e-02 9.940876635202654521e-01
1.457548518091431218e-02 9.941172345467672589e-01
1.455880006287228745e-02 9.941466576713771097e-01
1.454221664266352847e-02 9.941759336338371611e-01
1.452573430031717586e-02 9.942050631701897512e-01
1.450935241964229801e-02 9.942340470127957186e-01
1.449307038820485394e-02 9.942628858903531652e-01
1.447688759730478107e-02 9.942915805279153307e-01
1.446080344195323393e-02 9.943201316469093554e-01
1.444481732084994946e-02 9.943485399651537104e-01
1.442892863636075461e-02 9.943768061968769612e-01
1.441313679449522656e-02 9.944049310527355301e-01
1.439744120488445703e-02 9.944329152398311278e-01
1.438184128075898488e-02 9.944607594617291824e-01
1.436633643892683797e-02 9.944884644184759370e-01
1.435092609975173288e-02 9.945160308066163246e-01
1.433560968713138394e-02 9.945434593192117312e-01
1.432038662847595969e-02 9.945707506458567604e-01
1.430525635468666602e-02 9.945979054726974411e-01
1.429021830013445932e-02 9.946249244824477698e-01
1.427527190263888981e-02 9.946518083544068078e-01
1.426041660344707675e-02 9.946785577644766674e-01
1.424565184721280492e-02 9.947051733851783872e-01
1.423097708197575660e-02 9.947316558856695856e-01
1.421639175914086832e-02 9.947580059317610024e-01
1.420189533345780561e-02 9.947842241859333745e-01
1.418748726300057654e-02 9.948103113073538672e-01
1.417316700914725280e-02 9.948362679518928386e-01
1.415893403655983304e-02 9.948620947721403818e-01
1.414478781316421546e-02 9.948877924174222009e-01
1.413072781013029362e-02 9.949133615338170422e-01
1.411675350185218406e-02 9.949388027641716814e-01
1.410286436592856144e-02 9.949641167481181325e-01
1.408905988314311866e-02 9.949893041220885248e-01
1.407533953744515356e-02 9.950143655193326442e-01
1.406170281593025623e-02 9.950393015699326993e-01
1.404814920882113682e-02 9.950641129008191976e-01
1.403467820944854887e-02 9.950888001357875989e-01
1.402128931423234776e-02 9.951133638955129701e-01
1.400798202266263955e-02 9.951378047975660834e-01
1.399475583728108236e-02 9.951621234564292928e-01
1.398161026366226412e-02 9.951863204835111887e-01
1.396854481039521562e-02 9.952103964871623631e-01
1.395555898906502244e-02 9.952343520726906201e-01
1.394265231423457395e-02 9.952581878423767403e-01
1.392982430342639202e-02 9.952819043954888034e-01
1.391707447710458824e-02 9.953055023282977309e-01
1.390440235865693028e-02 9.953289822340919413e-01
1.389180747437701591e-02 9.953523447031927818e-01
1.387928935344655279e-02 9.953755903229691837e-01
1.386684752791774930e-02 9.953987196778515401e-01
1.385448153269580769e-02 9.954217333493482478e-01
1.384219090552154564e-02 9.954446319160583645e-01
1.382997518695408025e-02 9.954674159536874845e-01
1.381783392035366813e-02 9.954900860350617275e-01
1.380576665186460973e-02 9.955126427301420611e-01
1.379377293039827854e-02 9.955350866060390658e-01
1.378185230761625781e-02 9.955574182270264805e-01
1.377000433791355713e-02 9.955796381545560791e-01
1.375822857840195909e-02 9.956017469472713266e-01
1.374652458889344397e-02 9.956237451610217004e-01
1.373489193188372898e-02 9.956456333488764576e-01
1.372333017253591324e-02 9.956674120611386236e-01
1.371183887866419919e-02 9.956890818453590919e-01
1.370041762071773535e-02 9.957106432463499468e-01
1.368906597176455277e-02 9.957320968061983413e-01
1.367778350747559345e-02 9.957534430642803747e-01
1.366656980610883761e-02 9.957746825572740823e-01
1.365542444849353679e-02 9.957958158191734244e-01
1.364434701801452848e-02 9.958168433813017195e-01
1.363333710059665659e-02 9.958377657723244125e-01
1.362239428468928204e-02 9.958585835182632851e-01
1.361151816125089585e-02 9.958792971425087792e-01
1.360070832373381881e-02 9.958999071658338753e-01
1.358996436806898453e-02 9.959204141064068594e-01
1.357928589265084557e-02 9.959408184798038688e-01
1.356867249832233863e-02 9.959611207990228809e-01
1.355812378835995549e-02 9.959813215744960369e-01
1.354763936845891636e-02 9.960014213141025197e-01
1.353721884671840563e-02 9.960214205231809892e-01
1.352686183362693077e-02 9.960413197045429046e-01
1.351656794204774206e-02 9.960611193584849588e-01
1.350633678720435799e-02 9.960808199828010689e-01
1.349616798666617226e-02 9.961004220727961433e-01
1.348606116033415452e-02 9.961199261212971834e-01
1.347601593042662381e-02 9.961393326186664954e-01
1.346603192146513320e-02 9.961586420528139030e-01
1.345610876026040979e-02 9.961778549092087376e-01
1.344624607589841800e-02 9.961969716708926059e-01
1.343644349972646090e-02 9.962159928184904922e-01
1.342670066533941872e-02 9.962349188302239700e-01
1.341701720856602713e-02 9.962537501819227481e-01
1.340739276745525448e-02 9.962724873470364395e-01
1.339782698226278136e-02 9.962911307966468843e-01
1.338831949543753223e-02 9.963096809994795855e-01
1.337886995160830067e-02 9.963281384219154768e-01
1.336947799757047181e-02 9.963465035280034687e-01
1.336014328227279856e-02 9.963647767794712173e-01
1.335086545680428012e-02 9.963829586357366708e-01
1.334164417438110477e-02 9.964010495539206147e-01
1.333247909033368796e-02 9.964190499888568864e-01
1.332336986209377468e-02 9.964369603931048092e-01
1.331431614918163024e-02 9.964547812169599617e-01
1.330531761319330916e-02 9.964725129084659461e-01
1.329637391778798819e-02 9.964901559134253795e-01
1.328748472867539651e-02 9.965077106754111069e-01
1.327864971360331360e-02 9.965251776357774149e-01
1.326986854234513472e-02 9.965425572336714666e-01
1.326114088668752487e-02 9.965598499060432935e-01
1.325246642041814395e-02 9.965770560876581197e-01
1.324384481931344636e-02 9.965941762111064639e-01
1.323527576112654841e-02 9.966112107068150205e-01
1.322675892557518586e-02 9.966281600030579835e-01
1.321829399432973215e-02 9.966450245259673713e-01
1.320988065100128436e-02 9.966618046995436853e-01
1.320151858112984106e-02 9.966785009456671229e-01
1.319320747217253738e-02 9.966951136841074588e-01
1.318494701349195476e-02 9.967116433325350355e-01
1.317673689634450349e-02 9.967280903065315334e-01
1.316857681386887288e-02 9.967444550195997399e-01
1.316046646107455788e-02 9.967607378831744303e-01
1.315240553483045666e-02 9.967769393066321371e-01
1.314439373385352383e-02 9.967930596973025859e-01
1.313643075869750515e-02 9.968090994604776878e-01
1.312851631174174333e-02 9.968250589994224198e-01
1.312065009718004285e-02 9.968409387153847057e-01
1.311283182100960593e-02 9.968567390076057411e-01
1.310506119102004124e-02 9.968724602733297635e-01
1.309733791678242831e-02 9.968881029078142664e-01
1.308966170963845981e-02 9.969036673043397689e-01
1.308203228268964811e-02 9.969191538542199194e-01
1.307444935078659262e-02 9.969345629468108205e-01
1.306691263051830768e-02 9.969498949695216883e-01
1.305942184020163731e-02 9.969651503078234001e-01
1.305197669987071332e-02 9.969803293452595971e-01
1.304457693126648103e-02 9.969954324634553444e-01
1.303722225782629612e-02 9.970104600421266783e-01
1.302991240467358397e-02 9.970254124590907097e-01
1.302264709860755619e-02 9.970402900902750609e-01
1.301542606809298619e-02 9.970550933097266366e-01
1.300824904325007317e-02 9.970698224896221706e-01
1.300111575584432695e-02 9.970844780002762198e-01
1.299402593927654476e-02 9.970990602101515998e-01
1.298697932857284694e-02 9.971135694858681564e-01
1.297997566037476132e-02 9.971280061922120908e-01
1.297301467292936994e-02 9.971423706921451746e-01
1.296609610607952524e-02 9.971566633468136320e-01
1.295921970125412000e-02 9.971708845155571321e-01
1.295238520145841274e-02 9.971850345559186701e-01
1.294559235126442089e-02 9.971991138236527830e-01
1.293884089680136934e-02 9.972131226727343201e-01
1.293213058574618941e-02 9.972270614553681023e-01
1.292546116731408366e-02 9.972409305219971376e-01
1.291883239224914971e-02 9.972547302213118359e-01
1.291224401281506132e-02 9.972684609002584466e-01
1.290569578278579627e-02 9.972821229040479407e-01
1.289918745743643021e-02 9.972957165761650034e-01
1.289271879353398598e-02 9.973092422583758054e-01
1.288628954932833498e-02 9.973227002907377736e-01
1.287989948454315581e-02 9.973360910116070288e-01
1.287354836036695011e-02 9.973494147576476010e-01
1.286723593944410875e-02 9.973626718638394228e-01
1.286096198586604220e-02 9.973758626634872115e-01
1.285472626516234208e-02 9.973889874882289064e-01
1.284852854429203300e-02 9.974020466680433294e-01
1.284236859163483992e-02 9.974150405312589562e-01
1.283624617698253534e-02 9.974279694045620204e-01
1.283016107153032472e-02 9.974408336130050623e-01
1.282411304786829596e-02 9.974536334800145898e-01
1.281810187997290372e-02 9.974663693273998488e-01
1.281212734319853164e-02 9.974790414753601508e-01
1.280618921426907725e-02 9.974916502424933107e-01
1.280028727126960621e-02 9.975041959458037510e-01
1.279442129363805858e-02 9.975166789007107182e-01
1.278859106215699329e-02 9.975290994210552764e-01
1.278279635894538982e-02 9.975414578191090786e-01
1.277703696745050889e-02 9.975537544055820272e-01
1.277131267243977568e-02 9.975659894896297120e-01
1.276562325999275674e-02 9.975781633788616265e-01
1.275996851749313689e-02 9.975902763793488282e-01
1.275434823362077419e-02 9.976023287956312657e-01
1.274876219834380521e-02 9.976143209307257731e-01
1.274321020291077806e-02 9.976262530861340627e-01
1.273769203984285309e-02 9.976381255618493871e-01
1.273220750292604168e-02 9.976499386563645322e-01
1.272675638720350069e-02 9.976616926666795893e-01
1.272133848896785449e-02 9.976733878883090600e-01
1.271595360575358304e-02 9.976850246152894064e-01
1.271060153632945673e-02 9.976966031401867108e-01
1.270528208069100252e-02 9.977081237541033376e-01
1.269999504005302725e-02 9.977195867466857049e-01
1.269474021684218086e-02 9.977309924061319446e-01
1.268951741468957173e-02 9.977423410191984532e-01
1.268432643842342354e-02 9.977536328712074409e-01
1.267916709406176866e-02 9.977648682460540375e-01
1.267403918880520564e-02 9.977760474262136192e-01
1.266894253102967757e-02 9.977871706927482487e-01
1.266387693027931118e-02 9.977982383253150012e-01
1.265884219725930092e-02 9.978092506021715158e-01
1.265383814382881576e-02 9.978202078001839892e-01
1.264886458299397352e-02 9.978311101948339479e-01
1.264392132890084473e-02 9.978419580602249095e-01
1.263900819682850334e-02 9.978527516690895993e-01
1.263412500318211902e-02 9.978634912927965006e-01
1.262927156548608598e-02 9.978741772013568490e-01
1.262444770237720892e-02 9.978848096634314047e-01
1.261965323359791162e-02 9.978953889463374471e-01
1.261488797998949751e-02 9.979059153160547702e-01
1.261015176348545888e-02 9.979163890372333423e-01
1.260544440710480336e-02 9.979268103731990802e-01
1.260076573494544640e-02 9.979371795859610650e-01
1.259611557217762794e-02 9.979474969362176484e-01
1.259149374503738122e-02 9.979577626833637805e-01
1.258690008082001717e-02 9.979679770854964493e-01
1.258233440787369199e-02 9.979781403994222311e-01
1.257779655559296619e-02 9.979882528806630626e-01
1.257328635441243292e-02 9.979983147834629031e-01
1.256880363580037754e-02 9.980083263607939514e-01
1.256434823225247716e-02 9.980182878643634181e-01
1.255991997728552953e-02 9.980281995446190768e-01
1.255551870543123762e-02 9.980380616507567026e-01
1.255114425223000790e-02 9.980478744307251793e-01
1.254679645422481296e-02 9.980576381312336043e-01
1.254247514895507308e-02 9.980673529977570624e-01
1.253818017495057953e-02 9.980770192745428426e-01
1.253391137172546119e-02 9.980866372046164336e-01
1.252966857977218067e-02 9.980962070297881850e-01
1.252545164055556860e-02 9.981057289906586361e-01
1.252126039650689436e-02 9.981152033266251777e-01
1.251709469101797666e-02 9.981246302758876032e-01
1.251295436843532366e-02 9.981340100754547695e-01
1.250883927405431820e-02 9.981433429611494823e-01
1.250474925411342725e-02 9.981526291676157125e-01
1.250068415578844960e-02 9.981618689283233703e-01
1.249664382718680862e-02 9.981710624755748551e-01
1.249262811734186580e-02 9.981802100405109401e-01
1.248863687620728295e-02 9.981893118531156572e-01
1.248466995465140165e-02 9.981983681422232912e-01
1.248072720445167136e-02 9.982073791355234871e-01
1.247680847828910693e-02 9.982163450595669119e-01
1.247291362974278089e-02 9.982252661397711391e-01
1.246904251328434000e-02 9.982341426004266438e-01
1.246519498427257726e-02 9.982429746647017987e-01
1.246137089894801438e-02 9.982517625546487583e-01
1.245757011442751895e-02 9.982605064912092319e-01
1.245379248869897884e-02 9.982692066942198128e-01
1.245003788061597831e-02 9.982778633824173076e-01
1.244630614989252274e-02 9.982864767734448419e-01
1.244259715709779800e-02 9.982950470838569679e-01
1.243891076365094897e-02 9.983035745291249929e-01
1.243524683181589964e-02 9.983120593236425311e-01
1.243160522469620617e-02 9.983205016807308319e-01
1.242798580622993775e-02 9.983289018126442205e-01
1.242438844118458341e-02 9.983372599305757600e-01
1.242081299515199709e-02 9.983455762446615811e-01
1.241725933454337384e-02 9.983538509639872105e-01
1.241372732658425557e-02 9.983620842965925668e-01
1.241021683930955931e-02 9.983702764494766235e-01
1.240672774155865236e-02 9.983784276286034043e-01
1.240325990297043782e-02 9.983865380389063127e-01
1.239981319397848690e-02 9.983946078842943495e-01
1.239638748580619218e-02 9.984026373676564425e-01
1.239298265046194676e-02 9.984106266908663319e-01
1.238959856073436859e-02 9.984185760547886757e-01
1.238623509018753691e-02 9.984264856592831583e-01
1.238289211315626512e-02 9.984343557032097083e-01
1.237956950474139797e-02 9.984421863844341605e-01
1.237626714080515208e-02 9.984499778998322528e-01
1.237298489796646341e-02 9.984577304452950663e-01
