5.090251003364917315e-01 1.378798765082726030e+00
5.102500538325993595e-01 1.375440427851071457e+00
5.114731897286626250e-01 1.372099161613982155e+00
5.126944944073635879e-01 1.368774873797877767e+00
5.139139545082380689e-01 1.365467472372667412e+00
5.151315569246084358e-01 1.362176865848112595e+00
5.163472888005394834e-01 1.358902963270219200e+00
5.175611375278201809e-01 1.355645674217659247e+00
5.187730907429692895e-01 1.352404908798221062e+00
5.199831363242659599e-01 1.349180577645287427e+00
5.211912623888057539e-01 1.345972591914342154e+00
5.223974572895812019e-01 1.342780863279505299e+00
5.236017096125872294e-01 1.339605303930096136e+00
5.248040081739532292e-01 1.336445826567222328e+00
5.260043420170984474e-01 1.333302344400397299e+00
5.272027004099146819e-01 1.330174771144185364e+00
5.283990728419732941e-01 1.327063021014871058e+00
5.295934490217574231e-01 1.323967008727157779e+00
5.307858188739211780e-01 1.320886649490891296e+00
5.319761725365721450e-01 1.317821859007808349e+00
5.331645003585817610e-01 1.314772553468313454e+00
5.343507928969190024e-01 1.311738649548277902e+00
5.355350409140112733e-01 1.308720064405867856e+00
5.367172353751298308e-01 1.305716715678393980e+00
5.378973674458008558e-01 1.302728521479187496e+00
5.390754284892419479e-01 1.299755400394501326e+00
5.402514100638237116e-01 1.296797271480433889e+00
5.414253039205570994e-01 1.293854054259878650e+00
5.425971020006054024e-01 1.290925668719496766e+00
5.437667964328221082e-01 1.288012035306712821e+00
5.449343795313130734e-01 1.285113074926735655e+00
5.460998437930241201e-01 1.282228708939600503e+00
5.472631818953532790e-01 1.279358859157234907e+00
5.484243866937881240e-01 1.276503447840548366e+00
5.495834512195673094e-01 1.273662397696542437e+00
5.507403686773673090e-01 1.270835631875445459e+00
5.518951324430134697e-01 1.268023073967867509e+00
5.530477360612148230e-01 1.265224648001978869e+00
5.541981732433236552e-01 1.262440278440708719e+00
5.553464378651192801e-01 1.259669890178966245e+00
5.564925239646156818e-01 1.256913408540883514e+00
5.576364257398926938e-01 1.254170759277077662e+00
5.587781375469511591e-01 1.251441868561937065e+00
5.599176538975915163e-01 1.248726662990923941e+00
5.610549694573160329e-01 1.246025069577902267e+00
5.621900790432541317e-01 1.243337015752481678e+00
5.633229776221106988e-01 1.240662429357384688e+00
5.644536603081374837e-01 1.238001238645832780e+00
5.655821223611275927e-01 1.235353372278951367e+00
5.667083591844318535e-01 1.232718759323195412e+00
5.678323663229984941e-01 1.230097329247794580e+00
5.689541394614349157e-01 1.227489011922216600e+00
5.700736744220910035e-01 1.224893737613651501e+00
5.711909671631650864e-01 1.222311436984511612e+00
5.723060137768318789e-01 1.219742041089954210e+00
5.734188104873911840e-01 1.217185481375418599e+00
5.745293536494388009e-01 1.214641689674185177e+00
5.756376397460586380e-01 1.212110598204950707e+00
5.767436653870355867e-01 1.209592139569421354e+00
5.778474273070896006e-01 1.207086246749924818e+00
5.789489223641308691e-01 1.204592853107039119e+00
5.800481475375345308e-01 1.202111892377239810e+00
5.811450999264369255e-01 1.199643298670563407e+00
5.822397767480519404e-01 1.197187006468289017e+00
5.833321753360064532e-01 1.194742950620636623e+00
5.844222931386964248e-01 1.192311066344482251e+00
5.855101277176629759e-01 1.189891289221089554e+00
5.865956767459871157e-01 1.187483555193858731e+00
5.876789380067043433e-01 1.185087800566091198e+00
5.887599093912381232e-01 1.182703961998770925e+00
5.898385888978529001e-01 1.180331976508362191e+00
5.909149746301251005e-01 1.177971781464621115e+00
5.919890647954332286e-01 1.175623314588427171e+00
5.930608577034661710e-01 1.173286513949626020e+00
5.941303517647498200e-01 1.170961317964891668e+00
5.951975454891920148e-01 1.168647665395600166e+00
5.962624374846445807e-01 1.166345495345723071e+00
5.973250264554843536e-01 1.164054747259731126e+00
5.983853112012103015e-01 1.161775360920517919e+00
5.994432906150587437e-01 1.159507276447333535e+00
6.004989636826363331e-01 1.157250434293737307e+00
6.015523294805681376e-01 1.155004775245562110e+00
6.026033871751648174e-01 1.152770240418895087e+00
6.036521360211046794e-01 1.150546771258070811e+00
6.046985753601333835e-01 1.148334309533679765e+00
6.057427046197786380e-01 1.146132797340592147e+00
6.067845233120826576e-01 1.143942177095992996e+00
6.078240310323488327e-01 1.141762391537432864e+00
6.088612274579056072e-01 1.139593383720892028e+00
6.098961123468850110e-01 1.137435097018858032e+00
6.109286855370171798e-01 1.135287475118416989e+00
6.119589469444396412e-01 1.133150462019356874e+00
6.129868965625221433e-01 1.131024002032287479e+00
6.140125344607061386e-01 1.128908039776768790e+00
6.150358607833585900e-01 1.126802520179456479e+00
6.160568757486417635e-01 1.124707388472257819e+00
6.170755796473961219e-01 1.122622590190501812e+00
6.180919728420375403e-01 1.120548071171120652e+00
6.191060557654695096e-01 1.118483777550844938e+00
6.201178289200082183e-01 1.116429655764411111e+00
6.211272928763224010e-01 1.114385652542780658e+00
6.221344482723861757e-01 1.112351714911372191e+00
6.231392958124455372e-01 1.110327790188304631e+00
6.241418362659981733e-01 1.108313825982654821e+00
6.251420704667862704e-01 1.106309770192723585e+00
6.261399993118024199e-01 1.104315571004317098e+00
6.271356237603088468e-01 1.102331176889037367e+00
6.281289448328685188e-01 1.100356536602585589e+00
6.291199636103892434e-01 1.098391599183077050e+00
6.301086812331803122e-01 1.096436313949366914e+00
6.310950989000210232e-01 1.094490630499387773e+00
6.320792178672415274e-01 1.092554498708498967e+00
6.330610394478158875e-01 1.090627868727845007e+00
6.340405650104663504e-01 1.088710690982727991e+00
6.350177959787798310e-01 1.086802916170988009e+00
6.359927338303358324e-01 1.084904495261397095e+00
6.369653800958455792e-01 1.083015379492062724e+00
6.379357363583025853e-01 1.081135520368840419e+00
6.389038042521445471e-01 1.079264869663760562e+00
6.398695854624254498e-01 1.077403379413462314e+00
6.408330817239996646e-01 1.075551001917640859e+00
6.417942948207158160e-01 1.073707689737501081e+00
6.427532265846219728e-01 1.071873395694226572e+00
6.437098788951809425e-01 1.070048072867454625e+00
6.446642536784952249e-01 1.068231674593762781e+00
6.456163529065441775e-01 1.066424154465166696e+00
6.465661785964288422e-01 1.064625466327625558e+00
6.475137328096284284e-01 1.062835564279558609e+00
6.484590176512662341e-01 1.061054402670371877e+00
6.494020352693845588e-01 1.059281936098993349e+00
6.503427878542306084e-01 1.057518119412419466e+00
6.512812776375503931e-01 1.055762907704269171e+00
6.522175068918930618e-01 1.054016256313348388e+00
6.531514779299238960e-01 1.052278120822224938e+00
6.540831931037470737e-01 1.050548457055810125e+00
6.550126548042362051e-01 1.048827221079952521e+00
6.559398654603755263e-01 1.047114369200039086e+00
6.568648275386083091e-01 1.045409857959605171e+00
6.577875435421944861e-01 1.043713644138954955e+00
6.587080160105777127e-01 1.042025684753789649e+00
6.596262475187595342e-01 1.040345937053845260e+00
6.605422406766824350e-01 1.038674358521538554e+00
6.614559981286215473e-01 1.037010906870621696e+00
6.623675225525840204e-01 1.035355540044847311e+00
6.632768166597164949e-01 1.033708216216639109e+00
6.641838831937209031e-01 1.032068893785773378e+00
6.650887249302775972e-01 1.030437531378068483e+00
6.659913446764762490e-01 1.028814087844082348e+00
6.668917452702549653e-01 1.027198522257818158e+00
6.677899295798465085e-01 1.025590793915438725e+00
6.686859005032317338e-01 1.023990862333989060e+00
6.695796609676010203e-01 1.022398687250127391e+00
6.704712139288222517e-01 1.020814228618862840e+00
6.713605623709169024e-01 1.019237446612302866e+00
6.722477093055418962e-01 1.017668301618407822e+00
6.731326577714796811e-01 1.016106754239753052e+00
6.740154108341345207e-01 1.014552765292299874e+00
6.748959715850358920e-01 1.013006295804173673e+00
6.757743431413482105e-01 1.011467307014449091e+00
6.766505286453877721e-01 1.009935760371944102e+00
6.775245312641454687e-01 1.008411617534021865e+00
6.783963541888171633e-01 1.006894840365397670e+00
6.792660006343387291e-01 1.005385390936955892e+00
6.801334738389293033e-01 1.003883231524574704e+00
6.809987770636390936e-01 1.002388324607955239e+00
6.818619135919044005e-01 1.000900632869460960e+00
6.827228867291084136e-01 9.994201191929629191e-01
6.835816998021472246e-01 9.979467466626924521e-01
6.844383561590032805e-01 9.964804785621009797e-01
6.852928591683233872e-01 9.950212783727276911e-01
6.861452122190025982e-01 9.935691097730727783e-01
6.869954187197748752e-01 9.921239366374786650e-01
6.878434820988070797e-01 9.906857230350186727e-01
6.886894058033016242e-01 9.892544332283911279e-01
6.895331932991016766e-01 9.878300316728214625e-01
6.903748480703032486e-01 9.864124830149708645e-01
6.912143736188722798e-01 9.850017520918515901e-01
6.920517734642672725e-01 9.835978039297487152e-01
6.928870511430667012e-01 9.822006037431489922e-01
6.937202102086008626e-01 9.808101169336758129e-01
6.945512542305909420e-01 9.794263090890313883e-01
6.953801867947903004e-01 9.780491459819451450e-01
6.962070115026329775e-01 9.766785935691277842e-01
6.970317319708854154e-01 9.753146179902333346e-01
6.978543518313040650e-01 9.739571855668260891e-01
6.986748747302972129e-01 9.726062628013545375e-01
6.994933043285912477e-01 9.712618163761319590e-01
7.003096443009022565e-01 9.699238131523221229e-01
7.011238983356110621e-01 9.685922201689326494e-01
7.019360701344442566e-01 9.672670046418128109e-01
7.027461634121581202e-01 9.659481339626591057e-01
7.035541818962274263e-01 9.646355756980253826e-01
7.043601293265394636e-01 9.633292975883406273e-01
7.051640094550908344e-01 9.620292675469308552e-01
7.059658260456893597e-01 9.607354536590484440e-01
7.067655828736598700e-01 9.594478241809065722e-01
7.075632837255542151e-01 9.581663475387199869e-01
7.083589323988649378e-01 9.568909923277508778e-01
7.091525327017434988e-01 9.556217273113609689e-01
7.099440884527219442e-01 9.543585214200700495e-01
7.107336034804383473e-01 9.531013437506182795e-01
7.115210816233668023e-01 9.518501635650362669e-01
7.123065267295505265e-01 9.506049502897191417e-01
7.130899426563384047e-01 9.493656735145074022e-01
7.138713332701266401e-01 9.481323029917720913e-01
7.146507024461020707e-01 9.469048086355067451e-01
7.154280540679904821e-01 9.456831605204235602e-01
7.162033920278082499e-01 9.444673288810557787e-01
7.169767202256168703e-01 9.432572841108657347e-01
7.177480425692812638e-01 9.420529967613565647e-01
7.185173629742317436e-01 9.408544375411915794e-01
7.192846853632289816e-01 9.396615773153171869e-01
7.200500136661319717e-01 9.384743871040913676e-01
7.208133518196705447e-01 9.372928380824180339e-01
7.215747037672194386e-01 9.361169015788854963e-01
7.223340734585764755e-01 9.349465490749110375e-01
7.230914648497440700e-01 9.337817522038903695e-01
7.238468819027129575e-01 9.326224827503509784e-01
7.246003285852496978e-01 9.314687126491129066e-01
7.253518088706870648e-01 9.303204139844515330e-01
7.261013267377172120e-01 9.291775589892681264e-01
7.268488861701878356e-01 9.280401200442628395e-01
7.275944911569015572e-01 9.269080696771150318e-01
7.283381456914171936e-01 9.257813805616662561e-01
7.290798537718553574e-01 9.246600255171093519e-01
7.298196194007052773e-01 9.235439775071822011e-01
7.305574465846357279e-01 9.224332096393657032e-01
7.312933393343074018e-01 9.213276951640867463e-01
7.320273016641888342e-01 9.202274074739262844e-01
7.327593375923749930e-01 9.191323201028314127e-01
7.334894511404076445e-01 9.180424067253327713e-01
7.342176463330991609e-01 9.169576411557656126e-01
7.349439271983585487e-01 9.158779973474965308e-01
7.356682977670195855e-01 9.148034493921538557e-01
7.363907620726721781e-01 9.137339715188632638e-01
7.371113241514956060e-01 9.126695380934868318e-01
7.378299880420943202e-01 9.116101236178683065e-01
7.385467577853361831e-01 9.105557027290808181e-01
7.392616374241927080e-01 9.095062501986801440e-01
7.399746310035822949e-01 9.084617409319619696e-01
7.406857425702150222e-01 9.074221499672240343e-01
7.413949761724401011e-01 9.063874524750318296e-01
7.421023358600953301e-01 9.053576237574889607e-01
7.428078256843591021e-01 9.043326392475113940e-01
7.435114496976041876e-01 9.033124745081070328e-01
7.442132119532535173e-01 9.022971052316579588e-01
7.449131165056387394e-01 9.012865072392077792e-01
7.456111674098602204e-01 9.002806564797531941e-01
7.463073687216492669e-01 8.992795290295390043e-01
7.470017244972326775e-01 8.982831010913583381e-01
7.476942387931987399e-01 8.972913489938550979e-01
7.483849156663657798e-01 8.963042491908327358e-01
7.490737591736519319e-01 8.953217782605650266e-01
7.497607733719477974e-01 8.943439129051121705e-01
7.504459623179899896e-01 8.933706299496404490e-01
7.511293300682374552e-01 8.924019063417452102e-01
7.518108806787486831e-01 8.914377191507785181e-01
7.524906182050615788e-01 8.904780455671812422e-01
7.531685467020747815e-01 8.895228629018165911e-01
7.538446702239308683e-01 8.885721485853109725e-01
7.545189928239007804e-01 8.876258801673955201e-01
7.551915185542708020e-01 8.866840353162533939e-01
7.558622514662306502e-01 8.857465918178695219e-01
7.565311956097635626e-01 8.848135275753853390e-01
7.571983550335379398e-01 8.838848206084564119e-01
7.578637337848002087e-01 8.829604490526139493e-01
7.585273359092703505e-01 8.820403911586300882e-01
7.591891654510375398e-01 8.811246252918867317e-01
7.598492264524592255e-01 8.802131299317477175e-01
7.605075229540594339e-01 8.793058836709353177e-01
7.611640589944310697e-01 8.784028652149097338e-01
7.618188386101377718e-01 8.775040533812524801e-01
7.624718658356183232e-01 8.766094270990526516e-01
7.631231447030922821e-01 8.757189654082978558e-01
7.637726792424668343e-01 8.748326474592673652e-01
7.644204734812453106e-01 8.739504525119297096e-01
7.650665314444371479e-01 8.730723599353431563e-01
7.657108571544691822e-01 8.721983492070600752e-01
7.663534546310983853e-01 8.713283999125341905e-01
7.669943278913253781e-01 8.704624917445312748e-01
7.676334809493106093e-01 8.696006045025439501e-01
7.682709178162899777e-01 8.687427180922089320e-01
7.689066425004941197e-01 8.678888125247280483e-01
7.695406590070663633e-01 8.670388679162920331e-01
7.701729713379844577e-01 8.661928644875087624e-01
7.708035834919813034e-01 8.653507825628335981e-01
7.714324994644689015e-01 8.645126025700030636e-01
7.720597232474618599e-01 8.636783050394727379e-01
7.726852588295035629e-01 8.628478706038572588e-01
7.733091101955920088e-01 8.620212799973735462e-01
7.739312813271087554e-01 8.611985140552885776e-01
7.745517762017466445e-01 8.603795537133683835e-01
7.751705987934410791e-01 8.595643800073313745e-01
7.757877530723004122e-01 8.587529740723042204e-01
7.764032430045388899e-01 8.579453171422819491e-01
7.770170725524097044e-01 8.571413905495890440e-01
7.776292456741401571e-01 8.563411757243449829e-01
7.782397663238668217e-01 8.555446541939333294e-01
7.788486384515721506e-01 8.547518075824726003e-01
7.794558660030226349e-01 8.539626176102903532e-01
7.800614529197070768e-01 8.531770660934010486e-01
7.806654031387770809e-01 8.523951349429857993e-01
7.812677205929869917e-01 8.516168061648758947e-01
7.818684092106362726e-01 8.508420618590391005e-01
7.824674729155119968e-01 8.500708842190679571e-01
7.830649156268328914e-01 8.493032555316726295e-01
7.836607412591932720e-01 8.485391581761748681e-01
7.842549537225095291e-01 8.477785746240065201e-01
7.848475569219659498e-01 8.470214874382089310e-01
7.854385547579627591e-01 8.462678792729371180e-01
7.860279511260638285e-01 8.455177328729654995e-01
7.866157499169467160e-01 8.447710310731963990e-01
7.872019550163518176e-01 8.440277567981726570e-01
7.877865703050340729e-01 8.432878930615910207e-01
7.883695996587147814e-01 8.425514229658194187e-01
7.889510469480336408e-01 8.418183297014172339e-01
7.895309160385031166e-01 8.410885965466575742e-01
7.901092107904620354e-01 8.403622068670522083e-01
7.906859350590312863e-01 8.396391441148798318e-01
7.912610926940696343e-01 8.389193918287166651e-01
7.918346875401298668e-01 8.382029336329687164e-01
7.924067234364173817e-01 8.374897532374089293e-01
7.929772042167477775e-01 8.367798344367143315e-01
7.935461337095057743e-01 8.360731611100078453e-01
7.941135157376055798e-01 8.353697172204009869e-01
7.946793541184508092e-01 8.346694868145408952e-01
7.952436526638965164e-01 8.339724540221584714e-01
7.958064151802101138e-01 8.332786030556195156e-01
7.963676454680352901e-01 8.325879182094781950e-01
7.969273473223543736e-01 8.319003838600341760e-01
7.974855245324531383e-01 8.312159844648898677e-01
7.980421808818849438e-01 8.305347045625127711e-01
7.985973201484369843e-01 8.298565287717983852e-01
7.991509461040956497e-01 8.291814417916365532e-01
7.997030625150135519e-01 8.285094284004795862e-01
8.002536731414771065e-01 8.278404734559132727e-01
8.008027817378747804e-01 8.271745618942302203e-01
8.013503920526646729e-01 8.265116787300054169e-01
8.018965078283454284e-01 8.258518090556741242e-01
8.024411328014249278e-01 8.251949380411121027e-01
8.029842707023914228e-01 8.245410509332189442e-01
8.035259252556844478e-01 8.238901330555024050e-01
8.040661001796663987e-01 8.232421698076658467e-01
8.046047991865954430e-01 8.225971466651981201e-01
8.051420259825975423e-01 8.219550491789651137e-01
8.056777842676405843e-01 8.213158629748047446e-01
8.062120777355080703e-01 8.206795737531220603e-01
8.067449100737736911e-01 8.200461672884891140e-01
8.072762849637763471e-01 8.194156294292453957e-01
8.078062060805963895e-01 8.187879460971010381e-01
8.083346770930307512e-01 8.181631032867419107e-01
8.088617016635705204e-01 8.175410870654377105e-01
8.093872834483777368e-01 8.169218835726511641e-01
8.099114260972631874e-01 8.163054790196498933e-01
8.104341332536647569e-01 8.156918596891211681e-01
8.109554085546258895e-01 8.150810119347872140e-01
8.114752556307750497e-01 8.144729221810238506e-01
8.119936781063052944e-01 8.138675769224812395e-01
8.125106795989546216e-01 8.132649627237060752e-01
8.130262637199862086e-01 8.126650662187661078e-01
8.135404340741696494e-01 8.120678741108772192e-01
8.140531942597630799e-01 8.114733731720319421e-01
8.145645478684945262e-01 8.108815502426302002e-01
8.150744984855444741e-01 8.102923922311127125e-01
8.155830496895291049e-01 8.097058861135953967e-01
8.160902050524830864e-01 8.091220189335062152e-01
8.165959681398440306e-01 8.085407778012246860e-01
8.171003425104360618e-01 8.079621498937225033e-01
8.176033317164548286e-01 8.073861224542061565e-01
8.181049393034522943e-01 8.068126827917623256e-01
8.186051688103224144e-01 8.062418182810047185e-01
8.191040237692862602e-01 8.056735163617226858e-01
8.196015077058793619e-01 8.051077645385317227e-01
8.200976241389372756e-01 8.045445503805268572e-01
8.205923765805833714e-01 8.039838615209367045e-01
8.210857685362153990e-01 8.034256856567804084e-01
8.215778035044942751e-01 8.028700105485252481e-01
8.220684849773310932e-01 8.023168240197480205e-01
8.225578164398764658e-01 8.017661139567964224e-01
8.230458013705087561e-01 8.012178683084533182e-01
8.235324432408236417e-01 8.006720750856027857e-01
8.240177455156237896e-01 8.001287223608978261e-01
8.245017116529079759e-01 7.995877982684295171e-01
8.249843451038626485e-01 7.990492910033992757e-01
8.254656493128509354e-01 7.985131888217908980e-01
8.259456277174048733e-01 7.979794800400461519e-01
8.264242837482158599e-01 7.974481530347422575e-01
8.269016208291263270e-01 7.969191962422690345e-01
8.273776423771220800e-01 7.963925981585102676e-01
8.278523518023237493e-01 7.958683473385256280e-01
8.283257525079797956e-01 7.953464323962340377e-01
8.287978478904591828e-01 7.948268420041002535e-01
8.292686413392444944e-01 7.943095648928212293e-01
8.297381362369252722e-01 7.937945898510150311e-01
8.302063359591915770e-01 7.932819057249128614e-01
8.306732438748284375e-01 7.927715014180501951e-01
8.311388633457095221e-01 7.922633658909616905e-01
8.316031977267920317e-01 7.917574881608763215e-01
8.320662503661114817e-01 7.912538573014157306e-01
8.325280246047769284e-01 7.907524624422925807e-01
8.329885237769660833e-01 7.902532927690122388e-01
8.334477512099209839e-01 7.897563375225740145e-01
8.339057102239438857e-01 7.892615859991765070e-01
8.343624041323938201e-01 7.887690275499223969e-01
8.348178362416824871e-01 7.882786515805263461e-01
8.352720098512710356e-01 7.877904475510233429e-01
8.357249282536671764e-01 7.873044049754800433e-01
8.361765947344224070e-01 7.868205134217060026e-01
8.366270125721287920e-01 7.863387625109681256e-01
8.370761850384174085e-01 7.858591419177052284e-01
8.375241153979556818e-01 7.853816413692455978e-01
8.379708069084457200e-01 7.849062506455245503e-01
8.384162628206226486e-01 7.844329595788052112e-01
8.388604863782530563e-01 7.839617580533992935e-01
8.393034808181338846e-01 7.834926360053904304e-01
8.397452493700913179e-01 7.830255834223583955e-01
8.401857952569800059e-01 7.825605903431053223e-01
8.406251216946826199e-01 7.820976468573833662e-01
8.410632318921097417e-01 7.816367431056232551e-01
8.415001290511988641e-01 7.811778692786650602e-01
8.419358163669153905e-01 7.807210156174900773e-01
8.423702970272524126e-01 7.802661724129544840e-01
8.428035742132310437e-01 7.798133300055234418e-01
8.432356510989015286e-01 7.793624787850085278e-01
8.436665308513435768e-01 7.789136091903047232e-01
8.440962166306679171e-01 7.784667117091297328e-01
8.445247115900169632e-01 7.780217768777649701e-01
8.449520188755668126e-01 7.775787952807969861e-01
8.453781416265280235e-01 7.771377575508618962e-01
8.458030829751485014e-01 7.766986543683888078e-01
8.462268460467142761e-01 7.762614764613474660e-01
8.466494339595527219e-01 7.758262146049952346e-01
8.470708498250338891e-01 7.753928596216259628e-01
8.474910967475732804e-01 7.749614023803208518e-01
8.479101778246350696e-01 7.745318337966996536e-01
8.483280961467341008e-01 7.741041448326742014e-01
8.487448547974392188e-01 7.736783264962028284e-01
8.491604568533762665e-01 7.732543698410457855e-01
8.495749053842313048e-01 7.728322659665228800e-01
8.499882034527543873e-01 7.724120060172713353e-01
8.504003541147628908e-01 7.719935811830060945e-01
8.508113604191451795e-01 7.715769826982805668e-01
8.512212254078646012e-01 7.711622018422491509e-01
8.516299521159633734e-01 7.707492299384307577e-01
8.520375435715671353e-01 7.703380583544738869e-01
8.524440027958888333e-01 7.699286785019228141e-01
8.528493328032333842e-01 7.695210818359852212e-01
8.532535366010022271e-01 7.691152598553006037e-01
8.536566171896983191e-01 7.687112041017107877e-01
8.540585775629303544e-01 7.683089061600310021e-01
8.544594207074186487e-01 7.679083576578222825e-01
8.548591496029993575e-01 7.675095502651653190e-01
8.552577672226303607e-01 7.671124756944357470e-01
8.556552765323964804e-01 7.667171257000797713e-01
8.560516804915148104e-01 7.663234920783922322e-01
8.564469820523407106e-01 7.659315666672950051e-01
8.568411841603731371e-01 7.655413413461165106e-01
8.572342897542608586e-01 7.651528080353735550e-01
8.576263017658083410e-01 7.647659586965528389e-01
8.580172231199817423e-01 7.643807853318944634e-01
8.584070567349151304e-01 7.639972799841773243e-01
8.587958055219170328e-01 7.636154347365038397e-01
8.591834723854765432e-01 7.632352417120873422e-01
8.595700602232705378e-01 7.628566930740404706e-01
8.599555719261692266e-01 7.624797810251638941e-01
8.603400103782438135e-01 7.621044978077371468e-01
8.607233784567731583e-01 7.617308357033097943e-01
8.611056790322506593e-01 7.613587870324942664e-01
8.614869149683911376e-01 7.609883441547599103e-01
8.618670891221382746e-01 7.606194994682273780e-01
8.622462043436718293e-01 7.602522454094647886e-01
8.626242634764150763e-01 7.598865744532853350e-01
8.630012693570418003e-01 7.595224791125448904e-01
8.633772248154844009e-01 7.591599519379417238e-01
8.637521326749413308e-01 7.587989855178168819e-01
8.641259957518847568e-01 7.584395724779552372e-01
8.644988168560681085e-01 7.580817054813888678e-01
8.648705987905346282e-01 7.577253772281997701e-01
8.652413443516248082e-01 7.573705804553255705e-01
8.656110563289848292e-01 7.570173079363642366e-01
8.659797375055742208e-01 7.566655524813817868e-01
8.663473906576747430e-01 7.563153069367198889e-01
8.667140185548981579e-01 7.559665641848041240e-01
8.670796239601948896e-01 7.556193171439551381e-01
8.674442096298622396e-01 7.552735587681984608e-01
8.678077783135532686e-01 7.549292820470772103e-01
8.681703327542853454e-01 7.545864800054650212e-01
8.685318756884485847e-01 7.542451457033795270e-01
8.688924098458149503e-01 7.539052722357982850e-01
8.692519379495466936e-01 7.535668527324739241e-01
8.696104627162056788e-01 7.532298803577519575e-01
8.699679868557620432e-01 7.528943483103882617e-01
8.703245130716034117e-01 7.525602498233679993e-01
8.706800440605438896e-01 7.522275781637264291e-01
8.710345825128334996e-01 7.518963266323687167e-01
8.713881311121669526e-01 7.515664885638927428e-01
8.717406925356933067e-01 7.512380573264115791e-01
8.720922694540252929e-01 7.509110263213775172e-01
8.724428645312486408e-01 7.505853889834068760e-01
8.727924804249316271e-01 7.502611387801053633e-01
8.731411197861345119e-01 7.499382692118953253e-01
8.734887852594193092e-01 7.496167738118428847e-01
8.738354794828591121e-01 7.492966461454871885e-01
8.741812050880484186e-01 7.489778798106689894e-01
8.745259647001121239e-01 7.486604684373614482e-01
8.748697609377158457e-01 7.483444056875020456e-01
8.752125964130759161e-01 7.480296852548237174e-01
8.755544737319685966e-01 7.477163008646886544e-01
8.758953954937409581e-01 7.474042462739225456e-01
8.762353642913202068e-01 7.470935152706487115e-01
8.765743827112240094e-01 7.467841016741250115e-01
8.769124533335705962e-01 7.464759993345793099e-01
8.772495787320890859e-01 7.461692021330482705e-01
8.775857614741292556e-01 7.458637039812150427e-01
8.779210041206724213e-01 7.455594988212487229e-01
8.782553092263412076e-01 7.452565806256449266e-01
8.785886793394100946e-01 7.449549433970664714e-01
8.789211170018155217e-01 7.446545811681856142e-01
8.792526247491670999e-01 7.443554880015265107e-01
8.795832051107571603e-01 7.440576579893090070e-01
8.799128606095717453e-01 7.437610852532929862e-01
8.802415937623010445e-01 7.434657639446242694e-01
8.805694070793499417e-01 7.431716882436798510e-01
8.808963030648488957e-01 7.428788523599152427e-01
8.812222842166641534e-01 7.425872505317127059e-01
8.815473530264086310e-01 7.422968770262293736e-01
8.818715119794530155e-01 7.420077261392465928e-01
8.821947635549357569e-01 7.417197921950207107e-01
8.825171102257746147e-01 7.414330695461335274e-01
8.828385544586769829e-01 7.411475525733446368e-01
8.831590987141511029e-01 7.408632356854437662e-01
8.834787454465165002e-01 7.405801133191043384e-01
8.837974971039155303e-01 7.402981799387375883e-01
8.841153561283237039e-01 7.400174300363480118e-01
8.844323249555610111e-01 7.397378581313883705e-01
8.847484060153031349e-01 7.394594587706171396e-01
8.850636017310917758e-01 7.391822265279552884e-01
8.853779145203464207e-01 7.389061560043446164e-01
8.856913467943752227e-01 7.386312418276063108e-01
8.860039009583858816e-01 7.383574786523011690e-01
8.863155794114969677e-01 7.380848611595897113e-01
8.866263845467491356e-01 7.378133840570928470e-01
8.869363187511163371e-01 7.375430420787544294e-01
8.872453844055169236e-01 7.372738299847039212e-01
8.875535838848248593e-01 7.370057425611191704e-01
8.878609195578809343e-01 7.367387746200909637e-01
8.881673937875044222e-01 7.364729209994876902e-01
8.884730089305037382e-01 7.362081765628207819e-01
8.887777673376884291e-01 7.359445361991118206e-01
8.890816713538799432e-01 7.356819948227580896e-01
8.893847233179233980e-01 7.354205473734015674e-01
8.896869255626985717e-01 7.351601888157967002e-01
8.899882804151318938e-01 7.349009141396798395e-01
8.902887901962073247e-01 7.346427183596389021e-01
8.905884572209776806e-01 7.343855965149840292e-01
8.908872837985767346e-01 7.341295436696185783e-01
8.911852722322299858e-01 7.338745549119114475e-01
8.914824248192665390e-01 7.336206253545692890e-01
8.917787438511305398e-01 7.333677501345100547e-01
8.920742316133926098e-01 7.331159244127368746e-01
8.923688903857611709e-01 7.328651433742127130e-01
8.926627224420944362e-01 7.326154022277358013e-01
8.929557300504116224e-01 7.323666962058152929e-01
8.932479154729046078e-01 7.321190205645483617e-01
8.935392809659493674e-01 7.318723705834973003e-01
8.938298287801178521e-01 7.316267415655675066e-01
8.941195611601890914e-01 7.313821288368860252e-01
8.944084803451614052e-01 7.311385277466810884e-01
8.946965885682636177e-01 7.308959336671616569e-01
8.949838880569666033e-01 7.306543419933986261e-01
8.952703810329952772e-01 7.304137481432051437e-01
8.955560697123398084e-01 7.301741475570193707e-01
8.958409563052676106e-01 7.299355356977861309e-01
8.961250430163348879e-01 7.296979080508407822e-01
8.964083320443982927e-01 7.294612601237925320e-01
8.966908255826266938e-01 7.292255874464087517e-01
8.969725258185122785e-01 7.289908855705001800e-01
8.972534349338832094e-01 7.287571500698064586e-01
8.975335551049146154e-01 7.285243765398821125e-01
8.978128885021403605e-01 7.282925605979838624e-01
8.980914372904648113e-01 7.280616978829574926e-01
8.983692036291749394e-01 7.278317840551262741e-01
8.986461896719510900e-01 7.276028147961792758e-01
8.989223975668796385e-01 7.273747858090611196e-01
8.991978294564643148e-01 7.271476928178609578e-01
8.994724874776378609e-01 7.269215315677036715e-01
8.997463737617737989e-01 7.266962978246406246e-01
9.000194904346980884e-01 7.264719873755409729e-01
9.002918396167010062e-01 7.262485960279839725e-01
9.005634234225490253e-01 7.260261196101518433e-01
9.008342439614958064e-01 7.258045539707230764e-01
9.011043033372947431e-01 7.255838949787661862e-01
9.013736036482106195e-01 7.253641385236339056e-01
9.016421469870304906e-01 7.251452805148589364e-01
9.019099354410765601e-01 7.249273168820484781e-01
9.021769710922169505e-01 7.247102435747814209e-01
9.024432560168782480e-01 7.244940565625043183e-01
9.027087922860564939e-01 7.242787518344289133e-01
9.029735819653293971e-01 7.240643253994295536e-01
9.032376271148677693e-01 7.238507732859424948e-01
9.035009297894476266e-01 7.236380915418632043e-01
9.037634920384614023e-01 7.234262762344473296e-01
9.040253159059299382e-01 7.232153234502097794e-01
9.042864034305145848e-01 7.230052292948252468e-01
9.045467566455278607e-01 7.227959898930296223e-01
9.048063775789463303e-01 7.225876013885209614e-01
9.050652682534215954e-01 7.223800599438623404e-01
9.053234306862921743e-01 7.221733617403837124e-01
9.055808668895951596e-01 7.219675029780850961e-01
9.058375788700783193e-01 7.217624798755409854e-01
9.060935686292108660e-01 7.215582886698035381e-01
9.063488381631963353e-01 7.213549256163075407e-01
9.066033894629831336e-01 7.211523869887758176e-01
9.068572245142770827e-01 7.209506690791246397e-01
9.071103452975523007e-01 7.207497681973700221e-01
9.073627537880637473e-01 7.205496806715343538e-01
9.076144519558582147e-01 7.203504028475535836e-01
9.078654417657860964e-01 7.201519310891847381e-01
9.081157251775133776e-01 7.199542617779143283e-01
9.083653041455325150e-01 7.197573913128668677e-01
9.086141806191750936e-01 7.195613161107140554e-01
9.088623565426227069e-01 7.193660326055840715e-01
9.091098338549187252e-01 7.191715372489724256e-01
9.093566144899799530e-01 7.189778265096514742e-01
9.096027003766082863e-01 7.187848968735826016e-01
9.098480934385024810e-01 7.185927448438269582e-01
9.100927955942689218e-01 7.184013669404578639e-01
9.103368087574345013e-01 7.182107597004727673e-01
9.105801348364568337e-01 7.180209196777069813e-01
9.108227757347366893e-01 7.178318434427463091e-01
9.110647333506295409e-01 7.176435275828413340e-01
9.113060095774564440e-01 7.174559687018217113e-01
9.115466063035163602e-01 7.172691634200106803e-01
9.117865254120969265e-01 7.170831083741407985e-01
9.120257687814866676e-01 7.168978002172688990e-01
9.122643382849859872e-01 7.167132356186927122e-01
9.125022357909189363e-01 7.165294112638675994e-01
9.127394631626443156e-01 7.163463238543229528e-01
9.129760222585678875e-01 7.161639701075801501e-01
9.132119149321530349e-01 7.159823467570703981e-01
9.134471430319326402e-01 7.158014505520527981e-01
9.136817084015204093e-01 7.156212782575335218e-01
9.139156128796221967e-01 7.154418266541843208e-01
9.141488583000478840e-01 7.152630925382631455e-01
9.143814464917220386e-01 7.150850727215333213e-01
9.146133792786959038e-01 7.149077640311846116e-01
9.148446584801585013e-01 7.147311633097535033e-01
9.150752859104481773e-01 7.145552674150452699e-01
9.153052633790637049e-01 7.143800732200552561e-01
9.155345926906759413e-01 7.142055776128909406e-01
9.157632756451387079e-01 7.140317774966949971e-01
9.159913140375005591e-01 7.138586697895678013e-01
9.162187096580161061e-01 7.136862514244908251e-01
9.164454642921568972e-01 7.135145193492509197e-01
9.166715797206229643e-01 7.133434705263640430e-01
9.168970577193538141e-01 7.131731019329999866e-01
9.171219000595404180e-01 7.130034105609074357e-01
9.173461085076354271e-01 7.128343934163393625e-01
9.175696848253652727e-01 7.126660475199787514e-01
9.177926307697407138e-01 7.124983699068649923e-01
9.180149480930687167e-01 7.123313576263200497e-01
9.182366385429628908e-01 7.121650077418758551e-01
9.184577038623552570e-01 7.119993173312016976e-01
9.186781457895071279e-01 7.118342834860315049e-01
9.188979660580203213e-01 7.116699033120922335e-01
9.191171663968480399e-01 7.115061739290325926e-01
9.193357485303066401e-01 7.113430924703515457e-01
9.195537141780859569e-01 7.111806560833280333e-01
9.197710650552607392e-01 7.110188619289500300e-01
9.199878028723019741e-01 7.108577071818450444e-01
9.202039293350874338e-01 7.106971890302101746e-01
9.204194461449130005e-01 7.105373046757431643e-01
9.206343549985037678e-01 7.103780513335733460e-01
9.208486575880249214e-01 7.102194262321931406e-01
9.210623556010925084e-01 7.100614266133896679e-01
9.212754507207847610e-01 7.099040497321776888e-01
9.214879446256534212e-01 7.097472928567311046e-01
9.216998389897332888e-01 7.095911532683171208e-01
9.219111354825548776e-01 7.094356282612281905e-01
9.221218357691541856e-01 7.092807151427167334e-01
9.223319415100841301e-01 7.091264112329284108e-01
9.225414543614247620e-01 7.089727138648371785e-01
9.227503759747953671e-01 7.088196203841790055e-01
9.229587079973637920e-01 7.086671281493877039e-01
9.231664520718586564e-01 7.085152345315300915e-01
9.233736098365793454e-01 7.083639369142415987e-01
9.235801829254070006e-01 7.082132326936619870e-01
9.237861729678151779e-01 7.080631192783727323e-01
9.239915815888811723e-01 7.079135940893326318e-01
9.241964104092961207e-01 7.077646545598155203e-01
9.244006610453758821e-01 7.076162981353474324e-01
9.246043351090721396e-01 7.074685222736444290e-01
9.248074342079828369e-01 7.073213244445507586e-01
9.250099599453626142e-01 7.071747021299766844e-01
9.252119139201337994e-01 7.070286528238379775e-01
9.254132977268971771e-01 7.068831740319944101e-01
9.256141129559422032e-01 7.067382632721891378e-01
9.258143611932581063e-01 7.065939180739887471e-01
9.260140440205438805e-01 7.064501359787226376e-01
9.262131630152193873e-01 7.063069145394239579e-01
9.264117197504359025e-01 7.061642513207698757e-01
9.266097157950863306e-01 7.060221438990225140e-01
9.268071527138159738e-01 7.058805898619701091e-01
9.270040320670328571e-01 7.057395868088691682e-01
9.272003554109187196e-01 7.055991323503854051e-01
9.273961242974388952e-01 7.054592241085367865e-01
9.275913402743528602e-01 7.053198597166352446e-01
9.277860048852250019e-01 7.051810368192300560e-01
9.279801196694349441e-01 7.050427530720506653e-01
9.281736861621876500e-01 7.049050061419500635e-01
9.283667058945241912e-01 7.047677937068483889e-01
9.285591803933319621e-01 7.046311134556773048e-01
9.287511111813550047e-01 7.044949630883237113e-01
9.289424997772044446e-01 7.043593403155747890e-01
9.291333476953685944e-01 7.042242428590622660e-01
9.293236564462233895e-01 7.040896684512084613e-01
9.295134275360428244e-01 7.039556148351708842e-01
9.297026624670088335e-01 7.038220797647883886e-01
9.298913627372221713e-01 7.036890610045269945e-01
9.300795298407117384e-01 7.035565563294264857e-01
9.302671652674457947e-01 7.034245635250464534e-01
9.304542705033410632e-01 7.032930803874136716e-01
9.306408470302739433e-01 7.031621047229691390e-01
9.308268963260899476e-01 7.030316343485152331e-01
9.310124198646142490e-01 7.029016670911635289e-01
9.311974191156613401e-01 7.027722007882829525e-01
9.313818955450455794e-01 7.026432332874478215e-01
9.315658506145914064e-01 7.025147624463863316e-01
9.317492857821425556e-01 7.023867861329294859e-01
9.319322025015729372e-01 7.022593022249602468e-01
9.321146022227964067e-01 7.021323086103625766e-01
9.322964863917766465e-01 7.020058031869710335e-01
9.324778564505370460e-01 7.018797838625209229e-01
9.326587138371711383e-01 7.017542485545981146e-01
9.328390599858522592e-01 7.016291951905897495e-01
9.330188963268430946e-01 7.015046217076345014e-01
9.331982242865064503e-01 7.013805260525737273e-01
9.333770452873142442e-01 7.012569061819026173e-01
9.335553607478579430e-01 7.011337600617212340e-01
9.337331720828584425e-01 7.010110856676869950e-01
9.339104807031753941e-01 7.008888809849656010e-01
9.340872880158176406e-01 7.007671440081841840e-01
9.342635954239525420e-01 7.006458727413830134e-01
9.344394043269160788e-01 7.005250651979683107e-01
9.346147161202221776e-01 7.004047194006655097e-01
9.347895321955729253e-01 7.002848333814721826e-01
9.349638539408681170e-01 7.001654051816113000e-01
9.351376827402148040e-01 7.000464328514851564e-01
9.353110199739372854e-01 6.999279144506292960e-01
9.354838670185864347e-01 6.998098480476666605e-01
9.356562252469493579e-01 6.996922317202615149e-01
9.358280960280593863e-01 6.995750635550747054e-01
9.359994807272054018e-01 6.994583416477182514e-01
9.361703807059413851e-01 6.993420641027104923e-01
9.363407973220960745e-01 6.992262290334310126e-01
9.365107319297826249e-01 6.991108345620771214e-01
9.366801858794078228e-01 6.989958788196187767e-01
9.368491605176818560e-01 6.988813599457549541e-01
9.370176571876276395e-01 6.987672760888701262e-01
9.371856772285905857e-01 6.986536254059906303e-01
9.373532219762475970e-01 6.985404060627408152e-01
9.375202927626170579e-01 6.984276162333011850e-01
9.376868909160674948e-01 6.983152541003643243e-01
9.378530177613277896e-01 6.982033178550929309e-01
9.380186746194959513e-01 6.980918056970778496e-01
9.381838628080486631e-01 6.979807158342947737e-01
9.383485836408508307e-01 6.978700464830633887e-01
9.385128384281643532e-01 6.977597958680049617e-01
9.386766284766582258e-01 6.976499622220014851e-01
9.388399550894171997e-01 6.975405437861537106e-01
9.390028195659508858e-01 6.974315388097405144e-01
9.391652232022037472e-01 6.973229455501778196e-01
9.393271672905636471e-01 6.972147622729782945e-01
9.394886531198711754e-01 6.971069872517103860e-01
9.396496819754291963e-01 6.969996187679589061e-01
9.398102551390116188e-01 6.968926551112839540e-01
9.399703738888725013e-01 6.967860945791821692e-01
9.401300394997557097e-01 6.966799354770466524e-01
9.402892532429033556e-01 6.965741761181274416e-01
9.404480163860652331e-01 6.964688148234926546e-01
9.406063301935078114e-01 6.963638499219892974e-01
9.407641959260234499e-01 6.962592797502046293e-01
9.409216148409389469e-01 6.961551026524277486e-01
9.410785881921251983e-01 6.960513169806108458e-01
9.412351172300055246e-01 6.959479210943311234e-01
9.413912032015653297e-01 6.958449133607532699e-01
9.415468473503603164e-01 6.957422921545913796e-01
9.417020509165261455e-01 6.956400558580709825e-01
9.418568151367864294e-01 6.955382028608924072e-01
9.420111412444627241e-01 6.954367315601934774e-01
9.421650304694825229e-01 6.953356403605116531e-01
9.423184840383888039e-01 6.952349276737487260e-01
9.424715031743479132e-01 6.951345919191326272e-01
9.426240890971593345e-01 6.950346315231825667e-01
9.427762430232642377e-01 6.949350449196715074e-01
9.429279661657538059e-01 6.948358305495907494e-01
9.430792597343784500e-01 6.947369868611142918e-01
9.432301249355563577e-01 6.946385123095628611e-01
9.433805629723823749e-01 6.945404053573681624e-01
9.435305750446363326e-01 6.944426644740382404e-01
9.436801623487922619e-01 6.943452881361220630e-01
9.438293260780266092e-01 6.942482748271744386e-01
9.439780674222270074e-01 6.941516230377217100e-01
9.441263875680011575e-01 6.940553312652264495e-01
9.442742876986849332e-01 6.939593980140541518e-01
9.444217689943511518e-01 6.938638217954382625e-01
9.445688326318185668e-01 6.937686011274460940e-01
9.447154797846598617e-01 6.936737345349456296e-01
9.448617116232103097e-01 6.935792205495712182e-01
9.450075293145765443e-01 6.934850577096904889e-01
9.451529340226445530e-01 6.933912445603708230e-01
9.452979269080888924e-01 6.932977796533462689e-01
9.454425091283800153e-01 6.932046615469847906e-01
9.455866818377941518e-01 6.931118888062548500e-01
9.457304461874204149e-01 6.930194600026935436e-01
9.458738033251697930e-01 6.929273737143736289e-01
9.460167543957835878e-01 6.928356285258714387e-01
9.461593005408415191e-01 6.927442230282349067e-01
9.463014428987700510e-01 6.926531558189509274e-01
9.464431826048511631e-01 6.925624255019146025e-01
9.465845207912301218e-01 6.924720306873966003e-01
9.467254585869239181e-01 6.923819699920126247e-01
9.468659971178295942e-01 6.922922420386913300e-01
9.470061375067325704e-01 6.922028454566435673e-01
9.471458808733144163e-01 6.921137788813314096e-01
9.472852283341617330e-01 6.920250409544372872e-01
9.474241810027738131e-01 6.919366303238334570e-01
9.475627399895710790e-01 6.918485456435511383e-01
9.477009064019029649e-01 6.917607855737505362e-01
9.478386813440563552e-01 6.916733487806906444e-01
9.479760659172635773e-01 6.915862339366989353e-01
9.481130612197103957e-01 6.914994397201419396e-01
9.482496683465441167e-01 6.914129648153949370e-01
9.483858883898818037e-01 6.913268079128132015e-01
9.485217224388179380e-01 6.912409677087016924e-01
9.486571715794329673e-01 6.911554429052866322e-01
9.487922368948007446e-01 6.910702322106856421e-01
9.489269194649972983e-01 6.909853343388795421e-01
9.490612203671074942e-01 6.909007480096828191e-01
9.491951406752344722e-01 6.908164719487155381e-01
9.493286814605064183e-01 6.907325048873745876e-01
9.494618437910851139e-01 6.906488455628054801e-01
9.495946287321735957e-01 6.905654927178738189e-01
9.497270373460238169e-01 6.904824451011377651e-01
9.498590706919451954e-01 6.903997014668193932e-01
9.499907298263113864e-01 6.903172605747777135e-01
9.501220158025691642e-01 6.902351211904803607e-01
9.502529296712453055e-01 6.901532820849765049e-01
9.503834724799551381e-01 6.900717420348695397e-01
9.505136452734099795e-01 6.899904998222895491e-01
9.506434490934244641e-01 6.899095542348665511e-01
9.507728849789249814e-01 6.898289040657034077e-01
9.509019539659570031e-01 6.897485481133490692e-01
9.510306570876926324e-01 6.896684851817720396e-01
9.511589953744385983e-01 6.895887140803336202e-01
9.512869698536436935e-01 6.895092336237618191e-01
9.514145815499064351e-01 6.894300426321250397e-01
9.515418314849827253e-01 6.893511399308057674e-01
9.516687206777935115e-01 6.892725243504749244e-01
9.517952501444322255e-01 6.891941947270656676e-01
9.519214208981722214e-01 6.891161499017481873e-01
9.520472339494745473e-01 6.890383887209036162e-01
9.521726903059956060e-01 6.889609100360989391e-01
9.522977909725941492e-01 6.888837127040616792e-01
9.524225369513393824e-01 6.888067955866543635e-01
9.525469292415178479e-01 6.887301575508499862e-01
9.526709688396410858e-01 6.886537974687066965e-01
9.527946567394534050e-01 6.885777142173434839e-01
9.529179939319387671e-01 6.885019066789147546e-01
9.530409814053286688e-01 6.884263737405864614e-01
9.531636201451089141e-01 6.883511142945116790e-01
9.532859111340277192e-01 6.882761272378058459e-01
9.534078553521023736e-01 6.882014114725230058e-01
9.535294537766270118e-01 6.881269659056317156e-01
9.536507073821797187e-01 6.880527894489910645e-01
9.537716171406299681e-01 6.879788810193269155e-01
9.538921840211456171e-01 6.879052395382081464e-01
9.540124089902004556e-01 6.878318639320235572e-01
9.541322930115812007e-01 6.877587531319576675e-01
9.542518370463951571e-01 6.876859060739680674e-01
9.543710420530766569e-01 6.876133216987621033e-01
9.544899089873950526e-01 6.875409989517735632e-01
9.546084388024612677e-01 6.874689367831401388e-01
9.547266324487354572e-01 6.873971341476803332e-01
9.548444908740335579e-01 6.873255900048704792e-01
9.549620150235348381e-01 6.872543033188230899e-01
9.550792058397891138e-01 6.871832730582630999e-01
9.551960642627231879e-01 6.871124981965067713e-01
9.553125912296486222e-01 6.870419777114383786e-01
9.554287876752685094e-01 6.869717105854887818e-01
9.555446545316840234e-01 6.869016958056133326e-01
9.556601927284024134e-01 6.868319323632695594e-01
9.557754031923429983e-01 6.867624192543958506e-01
9.558902868478450499e-01 6.866931554793893611e-01
9.560048446166737879e-01 6.866241400430848074e-01
9.561190774180283736e-01 6.865553719547329292e-01
9.562329861685477939e-01 6.864868502279789508e-01
9.563465717823185219e-01 6.864185738808413761e-01
9.564598351708811785e-01 6.863505419356911164e-01
9.565727772432373044e-01 6.862827534192302847e-01
9.566853989058562435e-01 6.862152073624713244e-01
9.567977010626821377e-01 6.861479028007160252e-01
9.569096846151406988e-01 6.860808387735350955e-01
9.570213504621455369e-01 6.860140143247475120e-01
9.571326995001060434e-01 6.859474285023998696e-01
9.572437326229328303e-01 6.858810803587460647e-01
9.573544507220453914e-01 6.858149689502271995e-01
9.574648546863787635e-01 6.857490933374511544e-01
9.575749454023899654e-01 6.856834525851727147e-01
9.576847237540646596e-01 6.856180457622734759e-01
9.577941906229241464e-01 6.855528719417417483e-01
9.579033468880318036e-01 6.854879302006536834e-01
9.580121934259998584e-01 6.854232196201522909e-01
9.581207311109958269e-01 6.853587392854288973e-01
9.582289608147497306e-01 6.852944882857033848e-01
9.583368834065597586e-01 6.852304657142047617e-01
9.584444997532997057e-01 6.851666706681519559e-01
9.585518107194248572e-01 6.851031022487343858e-01
9.586588171669792047e-01 6.850397595610931978e-01
9.587655199556016639e-01 6.849766417143026143e-01
9.588719199425321804e-01 6.849137478213499497e-01
9.589780179826192796e-01 6.848510769991182912e-01
9.590838149283255065e-01 6.847886283683666253e-01
9.591893116297343092e-01 6.847264010537117418e-01
9.592945089345565890e-01 6.846643941836096925e-01
9.593994076881373623e-01 6.846026068903374728e-01
9.595040087334614221e-01 6.845410383099744811e-01
9.596083129111604437e-01 6.844796875823847548e-01
9.597123210595192022e-01 6.844185538511980971e-01
9.598160340144816782e-01 6.843576362637930899e-01
9.599194526096579416e-01 6.842969339712779986e-01
9.600225776763299246e-01 6.842364461284737853e-01
9.601254100434580829e-01 6.841761718938960124e-01
9.602279505376876134e-01 6.841161104297374118e-01
9.603301999833550040e-01 6.840562609018498996e-01
9.604321592024936960e-01 6.839966224797273675e-01
9.605338290148408564e-01 6.839371943364884743e-01
9.606352102378438174e-01 6.838779756488587713e-01
9.607363036866658490e-01 6.838189655971542713e-01
9.608371101741921549e-01 6.837601633652633515e-01
9.609376305110369776e-01 6.837015681406306555e-01
9.610378655055488162e-01 6.836431791142395520e-01
9.611378159638174212e-01 6.835849954805954809e-01
9.612374826896793456e-01 6.835270164377090785e-01
9.613368664847241618e-01 6.834692411870794126e-01
9.614359681483011233e-01 6.834116689336777739e-01
9.615347884775246046e-01 6.833542988859304668e-01
9.616333282672803184e-01 6.832971302557029336e-01
9.617315883102318663e-01 6.832401622582832124e-01
9.618295693968260673e-01 6.831833941123656162e-01
9.619272723152999527e-01 6.831268250400345243e-01
9.620246978516857617e-01 6.830704542667483947e-01
9.621218467898174920e-01 6.830142810213233329e-01
9.622187199113372280e-01 6.829583045359176596e-01
9.623153179957003589e-01 6.829025240460160351e-01
9.624116418201819068e-01 6.828469387904130272e-01
9.625076921598828550e-01 6.827915480111981239e-01
9.626034697877354773e-01 6.827363509537395236e-01
9.626989754745095551e-01 6.826813468666692586e-01
9.627942099888181504e-01 6.826265350018668743e-01
9.628891740971238233e-01 6.825719146144447746e-01
9.629838685637442941e-01 6.825174849627325679e-01
9.630782941508578832e-01 6.824632453082616346e-01
9.631724516185102836e-01 6.824091949157505832e-01
9.632663417246196680e-01 6.823553330530894856e-01
9.633599652249824619e-01 6.823016589913253327e-01
9.634533228732798937e-01 6.822481720046467135e-01
9.635464154210829912e-01 6.821948713703692713e-01
9.636392436178585763e-01 6.821417563689208263e-01
9.637318082109753714e-01 6.820888262838268323e-01
9.638241099457092176e-01 6.820360804016952772e-01
9.639161495652492917e-01 6.819835180122023610e-01
9.640079278107034355e-01 6.819311384080785077e-01
9.640994454211039288e-01 6.818789408850930434e-01
9.641907031334133737e-01 6.818269247420403190e-01
9.642817016825302456e-01 6.817750892807257213e-01
9.643724418012944444e-01 6.817234338059511289e-01
9.644629242204932895e-01 6.816719576255005908e-01
9.645531496688664053e-01 6.816206600501266699e-01
9.646431188731121598e-01 6.815695403935364549e-01
9.647328325578929942e-01 6.815185979723771270e-01
9.648222914458405297e-01 6.814678321062229704e-01
9.649114962575618959e-01 6.814172421175608285e-01
9.650004477116448376e-01 6.813668273317767810e-01
9.650891465246630441e-01 6.813165870771422661e-01
9.651775934111823663e-01 6.812665206848008692e-01
9.652657890837657018e-01 6.812166274887544448e-01
9.653537342529788789e-01 6.811669068258501269e-01
9.654414296273956531e-01 6.811173580357664514e-01
9.655288759136038124e-01 6.810679804610003663e-01
9.656160738162099522e-01 6.810187734468540199e-01
9.657030240378458030e-01 6.809697363414214388e-01
9.657897272791725607e-01 6.809208684955755375e-01
9.658761842388871033e-01 6.808721692629552402e-01
9.659623956137273204e-01 6.808236379999521581e-01
9.660483620984769981e-01 6.807752740656979329e-01
9.661340843859717031e-01 6.807270768220512469e-01
9.662195631671035567e-01 6.806790456335853889e-01
9.663047991308276741e-01 6.806311798675751534e-01
9.663897929641661610e-01 6.805834788939841840e-01
9.664745453522142205e-01 6.805359420854530939e-01
9.665590569781453700e-01 6.804885688172858105e-01
9.666433285232164385e-01 6.804413584674380289e-01
9.667273606667732277e-01 6.803943104165046663e-01
9.668111540862553976e-01 6.803474240477072055e-01
9.668947094572020173e-01 6.803006987468814826e-01
9.669780274532563391e-01 6.802541339024660294e-01
9.670611087461717936e-01 6.802077289054890841e-01
9.671439540058165418e-01 6.801614831495571556e-01
9.672265639001784709e-01 6.801153960308428115e-01
9.673089390953714117e-01 6.800694669480725763e-01
9.673910802556391353e-01 6.800236953025151632e-01
9.674729880433611262e-01 6.799780804979695947e-01
9.675546631190578006e-01 6.799326219407535454e-01
9.676361061413951692e-01 6.798873190396913513e-01
9.677173177671900550e-01 6.798421712061025746e-01
9.677982986514158670e-01 6.797971778537902354e-01
9.678790494472067074e-01 6.797523383990294876e-01
9.679595708058628123e-01 6.797076522605558502e-01
9.680398633768559913e-01 6.796631188595539941e-01
9.681199278078341797e-01 6.796187376196461960e-01
9.681997647446265454e-01 6.795745079668811250e-01
9.682793748312488180e-01 6.795304293297224074e-01
9.683587587099077298e-01 6.794865011390378573e-01
9.684379170210065668e-01 6.794427228280877085e-01
9.685168504031499426e-01 6.793990938325140672e-01
9.685955594931484613e-01 6.793556135903294768e-01
9.686740449260242691e-01 6.793122815419061489e-01
9.687523073350153835e-01 6.792690971299650826e-01
9.688303473515809117e-01 6.792260597995647409e-01
9.689081656054061575e-01 6.791831689980909470e-01
9.689857627244069516e-01 6.791404241752455606e-01
9.690631393347353129e-01 6.790978247830358194e-01
9.691402960607833350e-01 6.790553702757640142e-01
9.692172335251890702e-01 6.790130601100166086e-01
9.692939523488406373e-01 6.789708937446534698e-01
9.693704531508813282e-01 6.789288706407979879e-01
9.694467365487144939e-01 6.788869902618260843e-01
9.695228031580083172e-01 6.788452520733559981e-01
9.695986535927003658e-01 6.788036555432378494e-01
9.696742884650026983e-01 6.787622001415435369e-01
9.697497083854065281e-01 6.787208853405564124e-01
9.698249139626867743e-01 6.786797106147609560e-01
9.698999058039070587e-01 6.786386754408326727e-01
9.699746845144245899e-01 6.785977792976283229e-01
9.700492506978943830e-01 6.785570216661753751e-01
9.701236049562741437e-01 6.785164020296622356e-01
9.701977478898293761e-01 6.784759198734282570e-01
9.702716800971376010e-01 6.784355746849544122e-01
9.703454021750931302e-01 6.783953659538520808e-01
9.704189147189116182e-01 6.783552931718550560e-01
9.704922183221351695e-01 6.783153558328079979e-01
9.705653135766362238e-01 6.782755534326582181e-01
9.706382010726229970e-01 6.782358854694452432e-01
9.707108813986433660e-01 6.781963514432910456e-01
9.707833551415899764e-01 6.781569508563911608e-01
9.708556228867046833e-01 6.781176832130045851e-01
9.709276852175827699e-01 6.780785480194447823e-01
9.709995427161780546e-01 6.780395447840700252e-01
9.710711959628072210e-01 6.780006730172738472e-01
9.711426455361540366e-01 6.779619322314759389e-01
9.712138920132742381e-01 6.779233219411131550e-01
9.712849359696003049e-01 6.778848416626295226e-01
9.713557779789451230e-01 6.778464909144678030e-01
9.714264186135072032e-01 6.778082692170601664e-01
9.714968584438749000e-01 6.777701760928187547e-01
9.715670980390309630e-01 6.777322110661267995e-01
9.716371379663565344e-01 6.776943736633299631e-01
9.717069787916364776e-01 6.776566634127269007e-01
9.717766210790627079e-01 6.776190798445607122e-01
9.718460653912397440e-01 6.775816224910097274e-01
9.719153122891881491e-01 6.775442908861788460e-01
9.719843623323494164e-01 6.775070845660909891e-01
9.720532160785904097e-01 6.774700030686779950e-01
9.721218740842072492e-01 6.774330459337720711e-01
9.721903369039301968e-01 6.773962127030969116e-01
9.722586050909278743e-01 6.773595029202597040e-01
9.723266791968112610e-01 6.773229161307419144e-01
9.723945597716385780e-01 6.772864518818909607e-01
9.724622473639188414e-01 6.772501097229118860e-01
9.725297425206171908e-01 6.772138892048586989e-01
9.725970457871579988e-01 6.771777898806261575e-01
9.726641577074299772e-01 6.771418113049412213e-01
9.727310788237903960e-01 6.771059530343548349e-01
9.727978096770688587e-01 6.770702146272337130e-01
9.728643508065719647e-01 6.770345956437519019e-01
9.729307027500871952e-01 6.769990956458827869e-01
9.729968660438876871e-01 6.769637141973910976e-01
9.730628412227356749e-01 6.769284508638239162e-01
9.731286288198872647e-01 6.768933052125037930e-01
9.731942293670965416e-01 6.768582768125198657e-01
9.732596433946194558e-01 6.768233652347203089e-01
9.733248714312183747e-01 6.767885700517040082e-01
9.733899140041657461e-01 6.767538908378130103e-01
9.734547716392488725e-01 6.767193271691245293e-01
9.735194448607734641e-01 6.766848786234426205e-01
9.735839341915680789e-01 6.766505447802912965e-01
9.736482401529878983e-01 6.766163252209058676e-01
9.737123632649192784e-01 6.765822195282258367e-01
9.737763040457836361e-01 6.765482272868870162e-01
9.738400630125413349e-01 6.765143480832136458e-01
9.739036406806959034e-01 6.764805815052108429e-01
9.739670375642982547e-01 6.764469271425577190e-01
9.740302541759504606e-01 6.764133845865986094e-01
9.740932910268097489e-01 6.763799534303366334e-01
9.741561486265928327e-01 6.763466332684255899e-01
9.742188274835796857e-01 6.763134236971629631e-01
9.742813281046175389e-01 6.762803243144821508e-01
9.743436509951249880e-01 6.762473347199452478e-01
9.744057966590958797e-01 6.762144545147360519e-01
9.744677655991029752e-01 6.761816833016520700e-01
9.745295583163027242e-01 6.761490206850978568e-01
9.745911753104384845e-01 6.761164662710775763e-01
9.746526170798446298e-01 6.760840196671880076e-01
9.747138841214505467e-01 6.760516804826108839e-01
9.747749769307845202e-01 6.760194483281066757e-01
9.748358960019773978e-01 6.759873228160063752e-01
9.748966418277672519e-01 6.759553035602055004e-01
9.749572148995021559e-01 6.759233901761565466e-01
9.750176157071449579e-01 6.758915822808621021e-01
9.750778447392766113e-01 6.758598794928677433e-01
9.751379024831002829e-01 6.758282814322554843e-01
9.751977894244449052e-01 6.757967877206367824e-01
9.752575060477697289e-01 6.757653979811454326e-01
9.753170528361669867e-01 6.757341118384312395e-01
9.753764302713667789e-01 6.757029289186526899e-01
9.754356388337402928e-01 6.756718488494707353e-01
9.754946790023035774e-01 6.756408712600415756e-01
9.755535512547216515e-01 6.756099957810106638e-01
9.756122560673120558e-01 6.755792220445051566e-01
9.756707939150485176e-01 6.755485496841283632e-01
9.757291652715649466e-01 6.755179783349520850e-01
9.757873706091587662e-01 6.754875076335110640e-01
9.758454103987953543e-01 6.754571372177954336e-01
9.759032851101109296e-01 6.754268667272453897e-01
9.759609952114167708e-01 6.753966958027437517e-01
9.760185411697026581e-01 6.753666240866101900e-01
9.760759234506409809e-01 6.753366512225943419e-01
9.761331425185898469e-01 6.753067768558700390e-01
9.761901988365970784e-01 6.752770006330282015e-01
9.762470928664036540e-01 6.752473222020715093e-01
9.763038250684477060e-01 6.752177412124070743e-01
9.763603959018677392e-01 6.751882573148411115e-01
9.764168058245067394e-01 6.751588701615721666e-01
9.764730552929152818e-01 6.751295794061853428e-01
9.765291447623555277e-01 6.751003847036457506e-01
9.765850746868044441e-01 6.750712857102926234e-01
9.766408455189576898e-01 6.750422820838333227e-01
9.766964577102330569e-01 6.750133734833370092e-01
9.767519117107743565e-01 6.749845595692288702e-01
9.768072079694543053e-01 6.749558400032837913e-01
9.768623469338788556e-01 6.749272144486210268e-01
9.769173290503899709e-01 6.748986825696974279e-01
9.769721547640697334e-01 6.748702440323022245e-01
9.770268245187436751e-01 6.748418985035505857e-01
9.770813387569841080e-01 6.748136456518782911e-01
9.771356979201141213e-01 6.747854851470355131e-01
9.771899024482103568e-01 6.747574166600812662e-01
9.772439527801071169e-01 6.747294398633774115e-01
9.772978493533992506e-01 6.747015544305831058e-01
9.773515926044464841e-01 6.746737600366488063e-01
9.774051829683757520e-01 6.746460563578111636e-01
9.774586208790856379e-01 6.746184430715866931e-01
9.775119067692492614e-01 6.745909198567664466e-01
9.775650410703178306e-01 6.745634863934103498e-01
9.776180242125238617e-01 6.745361423628419839e-01
9.776708566248852872e-01 6.745088874476422580e-01
9.777235387352077867e-01 6.744817213316445237e-01
9.777760709700890063e-01 6.744546436999290240e-01
9.778284537549216671e-01 6.744276542388171203e-01
9.778806875138967847e-01 6.744007526358660742e-01
9.779327726700073331e-01 6.743739385798634967e-01
9.779847096450513533e-01 6.743472117608220184e-01
9.780364988596352838e-01 6.743205718699739615e-01
9.780881407331777355e-01 6.742940185997657876e-01
9.781396356839118233e-01 6.742675516438534356e-01
9.781909841288897178e-01 6.742411706970958818e-01
9.782421864839849768e-01 6.742148754555508106e-01
9.782932431638965420e-01 6.741886656164693958e-01
9.783441545821510710e-01 6.741625408782900841e-01
9.783949211511075994e-01 6.741365009406348197e-01
9.784455432819595400e-01 6.741105455043028272e-01
9.784960213847386790e-01 6.740846742712656159e-01
9.785463558683179519e-01 6.740588869446622056e-01
9.785965471404151073e-01 6.740331832287941305e-01
9.786465956075958150e-01 6.740075628291196663e-01
9.786965016752765534e-01 6.739820254522496112e-01
9.787462657477284944e-01 6.739565708059415128e-01
9.787958882280799466e-01 6.739311985990953380e-01
9.788453695183201297e-01 6.739059085417481443e-01
9.788947100193021722e-01 6.738807003450690836e-01
9.789439101307461089e-01 6.738555737213546282e-01
9.789929702512423226e-01 6.738305283840236859e-01
9.790418907782546531e-01 6.738055640476124930e-01
9.790906721081235053e-01 6.737806804277702843e-01
9.791393146360687361e-01 6.737558772412536312e-01
9.791878187561933178e-01 6.737311542059222225e-01
9.792361848614861142e-01 6.737065110407344237e-01
9.792844133438249887e-01 6.736819474657415041e-01
9.793325045939802465e-01 6.736574632020834175e-01
9.793804590016171874e-01 6.736330579719845835e-01
9.794282769552996593e-01 6.736087314987483365e-01
9.794759588424930552e-01 6.735844835067527070e-01
9.795235050495672002e-01 6.735603137214455360e-01
9.795709159617995709e-01 6.735362218693403680e-01
9.796181919633782931e-01 6.735122076780112321e-01
9.796653334374053612e-01 6.734882708760883130e-01
9.797123407658993033e-01 6.734644111932533983e-01
9.797592143297987333e-01 6.734406283602353271e-01
9.798059545089651268e-01 6.734169221088052160e-01
9.798525616821854856e-01 6.733932921717727949e-01
9.798990362271760013e-01 6.733697382829805234e-01
9.799453785205844980e-01 6.733462601773004819e-01
9.799915889379938738e-01 6.733228575906293756e-01
9.800376678539247655e-01 6.732995302598838716e-01
9.800836156418385459e-01 6.732762779229968242e-01
9.801294326741406548e-01 6.732531003189120566e-01
9.801751193221830416e-01 6.732299971875810307e-01
9.802206759562673843e-01 6.732069682699576285e-01
9.802661029456480879e-01 6.731840133079942667e-01
9.803114006585350593e-01 6.731611320446375668e-01
9.803565694620968163e-01 6.731383242238242470e-01
9.804016097224633741e-01 6.731155895904761266e-01
9.804465218047290209e-01 6.730929278904971280e-01
9.804913060729552043e-01 6.730703388707678370e-01
9.805359628901735292e-01 6.730478222791422827e-01
9.805804926183887549e-01 6.730253778644428309e-01
9.806248956185815713e-01 6.730030053764569642e-01
9.806691722507112630e-01 6.729807045659327303e-01
9.807133228737189290e-01 6.729584751845744117e-01
9.807573478455300364e-01 6.729363169850387516e-01
9.808012475230577509e-01 6.729142297209306234e-01
9.808450222622050463e-01 6.728922131467993673e-01
9.808886724178681460e-01 6.728702670181344603e-01
9.809321983439390769e-01 6.728483910913614086e-01
9.809756003933084445e-01 6.728265851238379724e-01
9.810188789178685420e-01 6.728048488738502808e-01
9.810620342685157924e-01 6.727831821006083901e-01
9.811050667951537463e-01 6.727615845642428427e-01
9.811479768466957463e-01 6.727400560258005591e-01
9.811907647710679248e-01 6.727185962472407299e-01
9.812334309152117573e-01 6.726972049914314855e-01
9.812759756250868381e-01 6.726758820221454549e-01
9.813183992456737670e-01 6.726546271040559910e-01
9.813607021209769243e-01 6.726334400027336180e-01
9.814028845940271362e-01 6.726123204846422565e-01
9.814449470068838943e-01 6.725912683171350048e-01
9.814868897006391313e-01 6.725702832684504751e-01
9.815287130154192186e-01 6.725493651077095736e-01
9.815704172903877422e-01 6.725285136049110601e-01
9.816120028637485007e-01 6.725077285309281061e-01
9.816534700727479468e-01 6.724870096575047418e-01
9.816948192536776308e-01 6.724663567572517486e-01
9.817360507418775306e-01 6.724457696036436616e-01
9.817771648717383837e-01 6.724252479710141062e-01
9.818181619767041290e-01 6.724047916345531339e-01
9.818590423892747943e-01 6.723844003703033367e-01
9.818998064410094928e-01 6.723640739551558498e-01
9.819404544625282005e-01 6.723438121668471323e-01
9.819809867835153083e-01 6.723236147839550814e-01
9.820214037327217316e-01 6.723034815858960345e-01
9.820617056379675747e-01 6.722834123529206618e-01
9.821018928261449066e-01 6.722634068661107465e-01
9.821419656232200923e-01 6.722434649073756319e-01
9.821819243542369016e-01 6.722235862594485578e-01
9.822217693433183960e-01 6.722037707058835521e-01
9.822615009136703712e-01 6.721840180310514334e-01
9.823011193875831326e-01 6.721643280201368142e-01
9.823406250864342715e-01 6.721447004591347696e-01
9.823800183306919953e-01 6.721251351348468406e-01
9.824192994399162382e-01 6.721056318348782588e-01
9.824584687327626575e-01 6.720861903476341714e-01
9.824975265269841884e-01 6.720668104623164218e-01
9.825364731394342632e-01 6.720474919689203297e-01
9.825753088860684770e-01 6.720282346582312494e-01
9.826140340819482510e-01 6.720090383218210173e-01
9.826526490412423875e-01 6.719899027520448431e-01
9.826911540772298448e-01 6.719708277420384235e-01
9.827295495023027350e-01 6.719518130857138338e-01
9.827678356279679894e-01 6.719328585777571972e-01
9.828060127648506894e-01 6.719139640136245761e-01
9.828440812226956202e-01 6.718951291895394196e-01
9.828820413103707132e-01 6.718763539024888987e-01
9.829198933358689327e-01 6.718576379502210205e-01
9.829576376063106080e-01 6.718389811312415194e-01
9.829952744279464305e-01 6.718203832448099710e-01
9.830328041061594524e-01 6.718018440909377942e-01
9.830702269454677511e-01 6.717833634703841428e-01
9.831075432495267608e-01 6.717649411846530194e-01
9.831447533211318257e-01 6.717465770359906108e-01
9.831818574622201989e-01 6.717282708273815128e-01
9.832188559738742617e-01 6.717100223625463995e-01
9.832557491563229668e-01 6.716918314459382477e-01
9.832925373089450582e-01 6.716736978827397841e-01
9.833292207302710697e-01 6.716556214788601542e-01
9.833657997179856558e-01 6.716376020409319247e-01
9.834022745689300349e-01 6.716196393763085304e-01
9.834386455791046533e-01 6.716017332930604988e-01
9.834749130436712949e-01 6.715838835999731193e-01
9.835110772569550797e-01 6.715660901065431121e-01
9.835471385124475718e-01 6.715483526229758526e-01
9.835830971028085568e-01 6.715306709601824853e-01
9.836189533198687052e-01 6.715130449297765924e-01
9.836547074546316827e-01 6.714954743440718632e-01
9.836903597972765922e-01 6.714779590160787626e-01
9.837259106371603057e-01 6.714604987595018670e-01
9.837613602628197951e-01 6.714430933887369779e-01
9.837967089619741312e-01 6.714257427188679017e-01
9.838319570215271481e-01 6.714084465656641187e-01
9.838671047275699966e-01 6.713912047455777854e-01
9.839021523653826984e-01 6.713740170757407366e-01
9.839371002194368110e-01 6.713568833739618213e-01
9.839719485733978699e-01 6.713398034587242380e-01
9.840066977101272760e-01 6.713227771491822038e-01
9.840413479116849604e-01 6.713058042651589563e-01
9.840758994593313824e-01 6.712888846271433119e-01
9.841103526335297502e-01 6.712720180562875560e-01
9.841447077139485744e-01 6.712552043744042241e-01
9.841789649794635553e-01 6.712384434039634362e-01
9.842131247081600254e-01 6.712217349680904555e-01
9.842471871773349479e-01 6.712050788905626897e-01
9.842811526634993591e-01 6.711884749958072494e-01
9.843150214423806998e-01 6.711719231088981719e-01
9.843487937889245920e-01 6.711554230555536460e-01
9.843824699772975029e-01 6.711389746621335695e-01
9.844160502808886326e-01 6.711225777556368843e-01
9.844495349723120237e-01 6.711062321636988015e-01
9.844829243234092253e-01 6.710899377145883582e-01
9.845162186052510700e-01 6.710736942372057534e-01
9.845494180881397828e-01 6.710575015610796834e-01
9.845825230416116458e-01 6.710413595163650102e-01
9.846155337344382197e-01 6.710252679338397641e-01
9.846484504346297850e-01 6.710092266449031451e-01
9.846812734094363417e-01 6.709932354815724143e-01
9.847140029253503846e-01 6.709772942764808956e-01
9.847466392481085684e-01 6.709614028628752003e-01
9.847791826426948170e-01 6.709455610746125620e-01
9.848116333733409888e-01 6.709297687461585058e-01
9.848439917035300972e-01 6.709140257125844053e-01
9.848762578959980862e-01 6.708983318095652626e-01
9.849084322127360513e-01 6.708826868733765991e-01
9.849405149149920158e-01 6.708670907408924577e-01
9.849725062632732620e-01 6.708515432495830710e-01
9.850044065173486629e-01 6.708360442375118637e-01
9.850362159362499037e-01 6.708205935433337874e-01
9.850679347782749229e-01 6.708051910062925449e-01
9.850995633009885788e-01 6.707898364662177038e-01
9.851311017612256471e-01 6.707745297635232529e-01
9.851625504150923751e-01 6.707592707392047160e-01
9.851939095179691463e-01 6.707440592348367092e-01
9.852251793245115907e-01 6.707288950925708315e-01
9.852563600886535822e-01 6.707137781551332223e-01
9.852874520636084599e-01 6.706987082658221189e-01
9.853184555018719148e-01 6.706836852685058581e-01
9.853493706552229892e-01 6.706687090076201008e-01
9.853801977747272955e-01 6.706537793281659443e-01
9.854109371107377946e-01 6.706388960757073692e-01
9.854415889128979034e-01 6.706240590963692405e-01
9.854721534301423835e-01 6.706092682368348656e-01
9.855026309107006721e-01 6.705945233443434406e-01
9.855330216020976586e-01 6.705798242666882736e-01
9.855633257511562384e-01 6.705651708522145649e-01
9.855935436039992004e-01 6.705505629498168529e-01
9.856236754060514471e-01 6.705360004089365722e-01
9.856537214020415494e-01 6.705214830795608316e-01
9.856836818360037444e-01 6.705070108122191952e-01
9.857135569512804896e-01 6.704925834579820165e-01
9.857433469905234613e-01 6.704782008684581074e-01
9.857730521956963310e-01 6.704638628957922952e-01
9.858026728080763190e-01 6.704495693926640909e-01
9.858322090682561933e-01 6.704353202122848021e-01
9.858616612161460457e-01 6.704211152083954239e-01
9.858910294909757344e-01 6.704069542352648625e-01
9.859203141312962160e-01 6.703928371476874926e-01
9.859495153749816554e-01 6.703787638009814920e-01
9.859786334592314239e-01 6.703647340509859553e-01
9.860076686205720975e-01 6.703507477540598947e-01
9.860366210948590115e-01 6.703368047670789087e-01
9.860654911172783699e-01 6.703229049474342949e-01
9.860942789223493543e-01 6.703090481530300515e-01
9.861229847439253460e-01 6.702952342422814347e-01
9.861516088151965898e-01 6.702814630741126267e-01
9.861801513686917486e-01 6.702677345079546267e-01
9.862086126362793470e-01 6.702540484037435853e-01
9.862369928491704352e-01 6.702404046219183620e-01
9.862652922379198106e-01 6.702268030234188601e-01
9.862935110324280163e-01 6.702132434696836949e-01
9.863216494619434505e-01 6.701997258226485288e-01
9.863497077550639203e-01 6.701862499447439614e-01
9.863776861397386408e-01 6.701728156988933094e-01
9.864055848432697893e-01 6.701594229485110521e-01
9.864334040923147251e-01 6.701460715575008331e-01
9.864611441128876557e-01 6.701327613902530178e-01
9.864888051303614125e-01 6.701194923116433610e-01
9.865163873694691166e-01 6.701062641870305647e-01
9.865438910543062878e-01 6.700930768822550565e-01
9.865713164083323994e-01 6.700799302636359922e-01
9.865986636543729871e-01 6.700668241979704787e-01
9.866259330146207596e-01 6.700537585525311313e-01
9.866531247106384850e-01 6.700407331950639644e-01
9.866802389633596571e-01 6.700277479937870595e-01
9.867072759930909376e-01 6.700148028173882331e-01
9.867342360195135997e-01 6.700018975350234829e-01
9.867611192616857485e-01 6.699890320163149893e-01
9.867879259380436530e-01 6.699762061313491168e-01
9.868146562664033006e-01 6.699634197506750821e-01
9.868413104639627287e-01 6.699506727453022892e-01
9.868678887473034678e-01 6.699379649866995523e-01
9.868943913323925399e-01 6.699252963467923205e-01
9.869208184345835688e-01 6.699126666979615674e-01
9.869471702686191117e-01 6.699000759130413485e-01
9.869734470486323241e-01 6.698875238653175801e-01
9.869996489881485147e-01 6.698750104285261520e-01
9.870257763000865880e-01 6.698625354768508178e-01
9.870518291967614877e-01 6.698500988849217519e-01
9.870778078898853058e-01 6.698377005278137730e-01
9.871037125905690601e-01 6.698253402810443458e-01
9.871295435093245807e-01 6.698130180205720263e-01
9.871553008560663978e-01 6.698007336227949082e-01
9.871809848401127407e-01 6.697884869645482908e-01
9.872065956701876477e-01 6.697762779231036800e-01
9.872321335544230747e-01 6.697641063761665681e-01
9.872575987003596731e-01 6.697519722018749899e-01
9.872829913149490100e-01 6.697398752787977472e-01
9.873083116045554553e-01 6.697278154859325205e-01
9.873335597749569592e-01 6.697157927027046487e-01
9.873587360313477168e-01 6.697038068089649077e-01
9.873838405783391670e-01 6.696918576849882898e-01
9.874088736199619909e-01 6.696799452114721163e-01
9.874338353596675555e-01 6.696680692695343717e-01
9.874587260003295786e-01 6.696562297407121500e-01
9.874835457442456832e-01 6.696444265069599888e-01
9.875082947931392852e-01 6.696326594506479823e-01
9.875329733481611472e-01 6.696209284545608931e-01
9.875575816098906001e-01 6.696092334018953762e-01
9.875821197783377636e-01 6.695975741762597577e-01
9.876065880529446561e-01 6.695859506616710366e-01
9.876309866325873044e-01 6.695743627425543298e-01
9.876553157155765206e-01 6.695628103037406520e-01
9.876795754996606780e-01 6.695512932304659159e-01
9.877037661820259329e-01 6.695398114083686014e-01
9.877278879592992222e-01 6.695283647234888669e-01
9.877519410275485967e-01 6.695169530622666620e-01
9.877759255822858853e-01 6.695055763115400627e-01
9.877998418184673612e-01 6.694942343585441602e-01
9.878236899304956298e-01 6.694829270909090635e-01
9.878474701122215151e-01 6.694716543966585665e-01
9.878711825569451710e-01 6.694604161642084827e-01
9.878948274574180788e-01 6.694492122823654245e-01
9.879184050058440469e-01 6.694380426403251372e-01
9.879419153938812093e-01 6.694269071276705008e-01
9.879653588126433572e-01 6.694158056343710861e-01
9.879887354527016052e-01 6.694047380507804901e-01
9.880120455040859451e-01 6.693937042676356697e-01
9.880352891562864670e-01 6.693827041760551655e-01
9.880584665982551362e-01 6.693717376675375474e-01
9.880815780184076802e-01 6.693608046339601936e-01
9.881046236046242548e-01 6.693499049675775137e-01
9.881276035442516648e-01 6.693390385610197280e-01
9.881505180241044739e-01 6.693282053072913129e-01
9.881733672304666705e-01 6.693174050997694469e-01
9.881961513490933324e-01 6.693066378322027887e-01
9.882188705652119598e-01 6.692959033987100348e-01
9.882415250635236958e-01 6.692852016937784754e-01
9.882641150282052145e-01 6.692745326122621075e-01
9.882866406429102746e-01 6.692638960493809686e-01
9.883091020907706081e-01 6.692532919007193604e-01
9.883314995543981407e-01 6.692427200622241834e-01
9.883538332158861017e-01 6.692321804302041599e-01
9.883761032568100235e-01 6.692216729013278353e-01
9.883983098582301841e-01 6.692111973726226903e-01
9.884204532006924948e-01 6.692007537414732532e-01
9.884425334642296113e-01 6.691903419056201008e-01
9.884645508283633752e-01 6.691799617631586372e-01
9.884865054721053701e-01 6.691696132125370955e-01
9.885083975739585860e-01 6.691592961525558714e-01
9.885302273119191963e-01 6.691490104823657470e-01
9.885519948634773346e-01 6.691387561014665586e-01
9.885737004056195376e-01 6.691285329097061974e-01
9.885953441148290777e-01 6.691183408072788330e-01
9.886169261670880726e-01 6.691081796947240257e-01
9.886384467378785956e-01 6.690980494729251715e-01
9.886599060021844521e-01 6.690879500431079485e-01
9.886813041344919561e-01 6.690778813068393172e-01
9.887026413087920407e-01 6.690678431660265213e-01
9.887239176985813671e-01 6.690578355229148677e-01
9.887451334768634359e-01 6.690478582800873930e-01
9.887662888161503627e-01 6.690379113404630873e-01
9.887873838884640998e-01 6.690279946072955619e-01
9.888084188653382123e-01 6.690181079841720502e-01
9.888293939178183223e-01 6.690082513750118531e-01
9.888503092164646624e-01 6.689984246840653404e-01
9.888711649313525198e-01 6.689886278159126176e-01
9.888919612320742347e-01 6.689788606754619726e-01
9.889126982877399774e-01 6.689691231679489869e-01
9.889333762669796357e-01 6.689594151989353144e-01
9.889539953379440362e-01 6.689497366743070161e-01
9.889745556683061656e-01 6.689400875002738944e-01
9.889950574252625026e-01 6.689304675833677161e-01
9.890155007755345729e-01 6.689208768304413244e-01
