4.382734366553313610e-01 9.794607577080497451e-01
4.383979669121554901e-01 9.793055035328459557e-01
4.385217471101474085e-01 9.791507910020235128e-01
4.386447826828627772e-01 9.789966187390000130e-01
4.387670790187726544e-01 9.788429853657880653e-01
4.388886414616642861e-01 9.786898895030486933e-01
4.390094753110386216e-01 9.785373297701462914e-01
4.391295858225040538e-01 9.783853047852011375e-01
4.392489782081664962e-01 9.782338131651433510e-01
4.393676576370162401e-01 9.780828535257649614e-01
4.394856292353108707e-01 9.779324244817730882e-01
4.396028980869549629e-01 9.777825246468414555e-01
4.397194692338765032e-01 9.776331526336624611e-01
4.398353476763995906e-01 9.774843070539980250e-01
4.399505383736135311e-01 9.773359865187311035e-01
4.400650462437394883e-01 9.771881896379159826e-01
4.401788761644927495e-01 9.770409150208286819e-01
4.402920329734425486e-01 9.768941612760162485e-01
4.404045214683678933e-01 9.767479270113470502e-01
4.405163464076108371e-01 9.766022108340591812e-01
4.406275125104260337e-01 9.764570113508090898e-01
4.407380244573274597e-01 9.763123271677205395e-01
4.408478868904316950e-01 9.761681568904321260e-01
4.409571044137983731e-01 9.760244991241445733e-01
4.410656815937672448e-01 9.758813524736683620e-01
4.411736229592924663e-01 9.757387155434700254e-01
4.412809330022736676e-01 9.755965869377190014e-01
4.413876161778840790e-01 9.754549652603333731e-01
4.414936769048956045e-01 9.753138491150253886e-01
4.415991195660010082e-01 9.751732371053467574e-01
4.417039485081332151e-01 9.750331278347336150e-01
4.418081680427815572e-01 9.748935199065507096e-01
4.419117824463054123e-01 9.747544119241356997e-01
4.420147959602446219e-01 9.746158024908426754e-01
4.421172127916273564e-01 9.744776902100853455e-01
4.422190371132750930e-01 9.743400736853801147e-01
4.423202730641049296e-01 9.742029515203883827e-01
4.424209247494289010e-01 9.740663223189589548e-01
4.425209962412508524e-01 9.739301846851695643e-01
4.426204915785604266e-01 9.737945372233677288e-01
4.427194147676243863e-01 9.736593785382126054e-01
4.428177697822754944e-01 9.735247072347151809e-01
4.429155605641984517e-01 9.733905219182779067e-01
4.430127910232133370e-01 9.732568211947353332e-01
4.431094650375569377e-01 9.731236036703928560e-01
4.432055864541604162e-01 9.729908679520661297e-01
4.433011590889258113e-01 9.728586126471195916e-01
4.433961867269988200e-01 9.727268363635046544e-01
4.434906731230399690e-01 9.725955377097973420e-01
4.435846220014930119e-01 9.724647152952363705e-01
4.436780370568504384e-01 9.723343677297597853e-01
4.437709219539173744e-01 9.722044936240418211e-01
4.438632803280724293e-01 9.720750915895292055e-01
4.439551157855267105e-01 9.719461602384772414e-01
4.440464319035799523e-01 9.718176981839853346e-01
4.441372322308744236e-01 9.716897040400322982e-01
4.442275202876471152e-01 9.715621764215108813e-01
4.443172995659787627e-01 9.714351139442627403e-01
4.444065735300411490e-01 9.713085152251124121e-01
4.444953456163420746e-01 9.711823788819007319e-01
4.445836192339678861e-01 9.710567035335185837e-01
4.446713977648240057e-01 9.709314877999395410e-01
4.447586845638733521e-01 9.708067303022529515e-01
4.448454829593723736e-01 9.706824296626961335e-01
4.449317962531048054e-01 9.705585845046855731e-01
4.450176277206138176e-01 9.704351934528496759e-01
4.451029806114316090e-01 9.703122551330591872e-01
4.451878581493070031e-01 9.701897681724579448e-01
4.452722635324309897e-01 9.700677311994940766e-01
4.453561999336603794e-01 9.699461428439493105e-01
4.454396705007391266e-01 9.698250017369690612e-01
4.455226783565179316e-01 9.697043065110925175e-01
4.456052265991714001e-01 9.695840558002805087e-01
4.456873183024139262e-01 9.694642482399452588e-01
4.457689565157129108e-01 9.693448824669781416e-01
4.458501442645004809e-01 9.692259571197781032e-01
4.459308845503830998e-01 9.691074708382793057e-01
4.460111803513492346e-01 9.689894222639781063e-01
4.460910346219754130e-01 9.688718100399608124e-01
4.461704502936298389e-01 9.687546328109298832e-01
4.462494302746749519e-01 9.686378892232303528e-01
4.463279774506674347e-01 9.685215779248758095e-01
4.464060946845565536e-01 9.684056975655740418e-01
4.464837848168811130e-01 9.682902467967526849e-01
4.465610506659641876e-01 9.681752242715843115e-01
4.466378950281061910e-01 9.680606286450106346e-01
4.467143206777762221e-01 9.679464585737672655e-01
4.467903303678016358e-01 9.678327127164078059e-01
4.468659268295559484e-01 9.677193897333274952e-01
4.469411127731449107e-01 9.676064882867866368e-01
4.470158908875911941e-01 9.674940070409338011e-01
4.470902638410167440e-01 9.673819446618285856e-01
4.471642342808244130e-01 9.672702998174642630e-01
4.472378048338771506e-01 9.671590711777895422e-01
4.473109781066758051e-01 9.670482574147311050e-01
4.473837566855354830e-01 9.669378572022144791e-01
4.474561431367601871e-01 9.668278692161860199e-01
4.475281400068156779e-01 9.667182921346331170e-01
4.475997498225012250e-01 9.666091246376057322e-01
4.476709750911190833e-01 9.665003654072360506e-01
4.477418183006433017e-01 9.663920131277589087e-01
4.478122819198863680e-01 9.662840664855316675e-01
4.478823683986643545e-01 9.661765241690531969e-01
4.479520801679610642e-01 9.660693848689840824e-01
4.480214196400900684e-01 9.659626472781643880e-01
4.480903892088556884e-01 9.658563100916331967e-01
4.481589912497123684e-01 9.657503720066465958e-01
4.482272281199224384e-01 9.656448317226957734e-01
4.482951021587130436e-01 9.655396879415247824e-01
4.483626156874307989e-01 9.654349393671483037e-01
4.484297710096956657e-01 9.653305847058686329e-01
4.484965704115531082e-01 9.652266226662927773e-01
4.485630161616251388e-01 9.651230519593494428e-01
4.486291105112598654e-01 9.650198712983047988e-01
4.486948556946793731e-01 9.649170793987793537e-01
4.487602539291267734e-01 9.648146749787636089e-01
4.488253074150119204e-01 9.647126567586336021e-01
4.488900183360549634e-01 9.646110234611663392e-01
4.489543888594297871e-01 9.645097738115553376e-01
4.490184211359053434e-01 9.644089065374247260e-01
4.490821172999858724e-01 9.643084203688447875e-01
4.491454794700501241e-01 9.642083140383456152e-01
4.492085097484888601e-01 9.641085862809316565e-01
4.492712102218415215e-01 9.640092358340951462e-01
4.493335829609315102e-01 9.639102614378307621e-01
4.493956300210000809e-01 9.638116618346475040e-01
4.494573534418392358e-01 9.637134357695831266e-01
4.495187552479233961e-01 9.636155819902166852e-01
4.495798374485397431e-01 9.635180992466809702e-01
4.496406020379176138e-01 9.634209862916750522e-01
4.497010509953563440e-01 9.633242418804767171e-01
4.497611862853524434e-01 9.632278647709543451e-01
4.498210098577250515e-01 9.631318537235784571e-01
4.498805236477409486e-01 9.630362075014335943e-01
4.499397295762376237e-01 9.629409248702290869e-01
4.499986295497461208e-01 9.628460045983108229e-01
4.500572254606119427e-01 9.627514454566717950e-01
4.501155191871153427e-01 9.626572462189625368e-01
4.501735125935904525e-01 9.625634056615017808e-01
4.502312075305434091e-01 9.624699225632864508e-01
4.502886058347688736e-01 9.623767957060020972e-01
4.503457093294665481e-01 9.622840238740322238e-01
4.504025198243554740e-01 9.621916058544681682e-01
4.504590391157881069e-01 9.620995404371179838e-01
4.505152689868631155e-01 9.620078264145164315e-01
4.505712112075369591e-01 9.619164625819331960e-01
4.506268675347347430e-01 9.618254477373819888e-01
4.506822397124599644e-01 9.617347806816288758e-01
4.507373294719033696e-01 9.616444602182010470e-01
4.507921385315504792e-01 9.615544851533943671e-01
4.508466685972885579e-01 9.614648542962820343e-01
4.509009213625125301e-01 9.613755664587219085e-01
4.509548985082296735e-01 9.612866204553640603e-01
4.510086017031637029e-01 9.611980151036583209e-01
4.510620326038577987e-01 9.611097492238617201e-01
4.511151928547763590e-01 9.610218216390449264e-01
4.511680840884066956e-01 9.609342311750999066e-01
4.512207079253587882e-01 9.608469766607454776e-01
4.512730659744648709e-01 9.607600569275351887e-01
4.513251598328779091e-01 9.606734708098619846e-01
4.513769910861689105e-01 9.605872171449658659e-01
4.514285613084239035e-01 9.605012947729389960e-01
4.514798720623395267e-01 9.604157025367314748e-01
4.515309248993180646e-01 9.603304392821574442e-01
4.515817213595615387e-01 9.602455038578999735e-01
4.516322629721650772e-01 9.601608951155164995e-01
4.516825512552090083e-01 9.600766119094442663e-01
4.517325877158507863e-01 9.599926530970049887e-01
4.517823738504155306e-01 9.599090175384092927e-01
4.518319111444859537e-01 9.598257040967620446e-01
4.518812010729917894e-01 9.597427116380663481e-01
4.519302451002977228e-01 9.596600390312277629e-01
4.519790446802911532e-01 9.595776851480588565e-01
4.520276012564689583e-01 9.594956488632828684e-01
4.520759162620234251e-01 9.594139290545377063e-01
4.521239911199274042e-01 9.593325246023796105e-01
4.521718272430187424e-01 9.592514343902863727e-01
4.522194260340841043e-01 9.591706573046614448e-01
4.522667888859419061e-01 9.590901922348363806e-01
4.523139171815241943e-01 9.590100380730745000e-01
4.523608122939585807e-01 9.589301937145734422e-01
4.524074755866485664e-01 9.588506580574683857e-01
4.524539084133537559e-01 9.587714300028346015e-01
4.525001121182690156e-01 9.586925084546895626e-01
4.525460880361032445e-01 9.586138923199960526e-01
4.525918374921569232e-01 9.585355805086637204e-01
4.526373618023997736e-01 9.584575719335519661e-01
4.526826622735466987e-01 9.583798655104709407e-01
4.527277402031339437e-01 9.583024601581844326e-01
4.527725968795943134e-01 9.582253547984110886e-01
4.528172335823312245e-01 9.581485483558260796e-01
4.528616515817927013e-01 9.580720397580625436e-01
4.529058521395447068e-01 9.579958279357130291e-01
4.529498365083434175e-01 9.579199118223307163e-01
4.529936059322069997e-01 9.578442903544304166e-01
4.530371616464869411e-01 9.577689624714897931e-01
4.530805048779387167e-01 9.576939271159499167e-01
4.531236368447912888e-01 9.576191832332163756e-01
4.531665587568169395e-01 9.575447297716593864e-01
4.532092718153994948e-01 9.574705656826151268e-01
4.532517772136029355e-01 9.573966899203851799e-01
4.532940761362382887e-01 9.573231014422377561e-01
4.533361697599309070e-01 9.572497992084069152e-01
4.533780592531866382e-01 9.571767821820935662e-01
4.534197457764574390e-01 9.571040493294649121e-01
4.534612304822065454e-01 9.570315996196541164e-01
4.535025145149730319e-01 9.569594320247606367e-01
4.535435990114357607e-01 9.568875455198495583e-01
4.535844851004766642e-01 9.568159390829509281e-01
4.536251739032436947e-01 9.567446116950594215e-01
4.536656665332131078e-01 9.566735623401338984e-01
4.537059640962510243e-01 9.566027900050960708e-01
4.537460676906747148e-01 9.565322936798302811e-01
4.537859784073132730e-01 9.564620723571818361e-01
4.538256973295675678e-01 9.563921250329567858e-01
4.538652255334699182e-01 9.563224507059198132e-01
4.539045640877430454e-01 9.562530483777936796e-01
4.539437140538586934e-01 9.561839170532580034e-01
4.539826764860954711e-01 9.561150557399472616e-01
4.540214524315964728e-01 9.560464634484493462e-01
4.540600429304261776e-01 9.559781391923044547e-01
4.540984490156268483e-01 9.559100819880028688e-01
4.541366717132747088e-01 9.558422908549836228e-01
4.541747120425351225e-01 9.557747648156319498e-01
4.542125710157179919e-01 9.557075028952780604e-01
4.542502496383318267e-01 9.556405041221948116e-01
4.542877489091380339e-01 9.555737675275954857e-01
4.543250698202043192e-01 9.555072921456316815e-01
4.543622133569579780e-01 9.554410770133910935e-01
4.543991804982382421e-01 9.553751211708949587e-01
4.544359722163485715e-01 9.553094236610956136e-01
4.544725894771082797e-01 9.552439835298746074e-01
4.545090332399038813e-01 9.551787998260389267e-01
4.545453044577397184e-01 9.551138716013194419e-01
4.545814040772883646e-01 9.550491979103676865e-01
4.546173330389404743e-01 9.549847778107527496e-01
4.546530922768544647e-01 9.549206103629590547e-01
4.546886827190051439e-01 9.548566946303829184e-01
4.547241052872325606e-01 9.547930296793294414e-01
4.547593608972902990e-01 9.547296145790100663e-01
4.547944504588928294e-01 9.546664484015385810e-01
4.548293748757632482e-01 9.546035302219284535e-01
4.548641350456797405e-01 9.545408591180890578e-01
4.548987318605226537e-01 9.544784341708228981e-01
4.549331662063200166e-01 9.544162544638219448e-01
4.549674389632936689e-01 9.543543190836637491e-01
4.550015510059042811e-01 9.542926271198083343e-01
4.550355032028963742e-01 9.542311776645944210e-01
4.550692964173427835e-01 9.541699698132357632e-01
4.551029315066889014e-01 9.541090026638175958e-01
4.551364093227961427e-01 9.540482753172923047e-01
4.551697307119855762e-01 9.539877868774764291e-01
4.552028965150807238e-01 9.539275364510455546e-01
4.552359075674502487e-01 9.538675231475317595e-01
4.552687646990501436e-01 9.538077460793181750e-01
4.553014687344656419e-01 9.537482043616363203e-01
4.553340204929526291e-01 9.536888971125606629e-01
4.553664207884788317e-01 9.536298234530051765e-01
4.553986704297646737e-01 9.535709825067190115e-01
4.554307702203235220e-01 9.535123734002820539e-01
4.554627209585019321e-01 9.534539952631008175e-01
4.554945234375192831e-01 9.533958472274035589e-01
4.555261784455072460e-01 9.533379284282366140e-01
4.555576867655487527e-01 9.532802380034591794e-01
4.555890491757166871e-01 9.532227750937390942e-01
4.556202664491122989e-01 9.531655388425483988e-01
4.556513393539032841e-01 9.531085283961583388e-01
4.556822686533613664e-01 9.530517429036350352e-01
4.557130551058997670e-01 9.529951815168347107e-01
4.557436994651104523e-01 9.529388433903985822e-01
4.557742024798003833e-01 9.528827276817484204e-01
4.558045648940284300e-01 9.528268335510819975e-01
4.558347874471412320e-01 9.527711601613672032e-01
4.558648708738092248e-01 9.527157066783382700e-01
4.558948159040616122e-01 9.526604722704897776e-01
4.559246232633222262e-01 9.526054561090725459e-01
4.559542936724439444e-01 9.525506573680879718e-01
4.559838278477434947e-01 9.524960752242831452e-01
4.560132265010355956e-01 9.524417088571459633e-01
4.560424903396669838e-01 9.523875574488993578e-01
4.560716200665503317e-01 9.523336201844969651e-01
4.561006163801973323e-01 9.522798962516170196e-01
4.561294799747519502e-01 9.522263848406574693e-01
4.561582115400233395e-01 9.521730851447310906e-01
4.561868117615184293e-01 9.521199963596594928e-01
4.562152813204740087e-01 9.520671176839680117e-01
4.562436208938888127e-01 9.520144483188807127e-01
4.562718311545554406e-01 9.519619874683139527e-01
4.562999127710916092e-01 9.519097343388719379e-01
4.563278664079712943e-01 9.518576881398408407e-01
4.563556927255559281e-01 9.518058480831833590e-01
4.563833923801248194e-01 9.517542133835329432e-01
4.564109660239055732e-01 9.517027832581883562e-01
4.564384143051044562e-01 9.516515569271082331e-01
4.564657378679360944e-01 9.516005336129053083e-01
4.564929373526530609e-01 9.515497125408406420e-01
4.565200133955752415e-01 9.514990929388180696e-01
4.565469666291193662e-01 9.514486740373786500e-01
4.565737976818273203e-01 9.513984550696945597e-01
4.566005071783950653e-01 9.513484352715636527e-01
4.566270957397011721e-01 9.512986138814034653e-01
4.566535639828347426e-01 9.512489901402454429e-01
4.566799125211232768e-01 9.511995632917293886e-01
4.567061419641607611e-01 9.511503325820973576e-01
4.567322529178345913e-01 9.511012972601873283e-01
4.567582459843531617e-01 9.510524565774285399e-01
4.567841217622726768e-01 9.510038097878343866e-01
4.568098808465240190e-01 9.509553561479969774e-01
4.568355238284391162e-01 9.509070949170809195e-01
4.568610512957774206e-01 9.508590253568179884e-01
4.568864638327519434e-01 9.508111467315003562e-01
4.569117620200550678e-01 9.507634583079750401e-01
4.569369464348842502e-01 9.507159593556374633e-01
4.569620176509673892e-01 9.506686491464260147e-01
4.569869762385883050e-01 9.506215269548156099e-01
4.570118227646112752e-01 9.505745920578113628e-01
4.570365577925062928e-01 9.505278437349429232e-01
4.570611818823733796e-01 9.504812812682583711e-01
4.570856955909670116e-01 9.504349039423173329e-01
4.571100994717205435e-01 9.503887110441860964e-01
4.571343940747698009e-01 9.503427018634303947e-01
4.571585799469771727e-01 9.502968756921095217e-01
4.571826576319550361e-01 9.502512318247705592e-01
4.572066276700891274e-01 9.502057695584414931e-01
4.572304905985617451e-01 9.501604881926253299e-01
4.572542469513749541e-01 9.501153870292941006e-01
4.572778972593731228e-01 9.500704653728823113e-01
4.573014420502655164e-01 9.500257225302807251e-01
4.573248818486490563e-01 9.499811578108302568e-01
4.573482171760301918e-01 9.499367705263153105e-01
4.573714485508471594e-01 9.498925599909580075e-01
4.573945764884916887e-01 9.498485255214116352e-01
4.574176015013309837e-01 9.498046664367543190e-01
4.574405240987288734e-01 9.497609820584829166e-01
4.574633447870675718e-01 9.497174717105061337e-01
4.574860640697683278e-01 9.496741347191389737e-01
4.575086824473127423e-01 9.496309704130957430e-01
4.575312004172636948e-01 9.495879781234843886e-01
4.575536184742854395e-01 9.495451571837992821e-01
4.575759371101648099e-01 9.495025069299153353e-01
4.575981568138307032e-01 9.494600267000821159e-01
4.576202780713750085e-01 9.494177158349161871e-01
4.576423013660720351e-01 9.493755736773960008e-01
4.576642271783984972e-01 9.493335995728550136e-01
4.576860559860531641e-01 9.492917928689750262e-01
4.577077882639761786e-01 9.492501529157802986e-01
4.577294244843686521e-01 9.492086790656305562e-01
4.577509651167115945e-01 9.491673706732153271e-01
4.577724106277850646e-01 9.491262270955467262e-01
4.577937614816868228e-01 9.490852476919536818e-01
4.578150181398513152e-01 9.490444318240751631e-01
4.578361810610678817e-01 9.490037788558537413e-01
4.578572507014994075e-01 9.489632881535295938e-01
4.578782275147005310e-01 9.489229590856333996e-01
4.578991119516354624e-01 9.488827910229805651e-01
4.579199044606963032e-01 9.488427833386640087e-01
4.579406054877206422e-01 9.488029354080489419e-01
4.579612154760091536e-01 9.487632466087649874e-01
4.579817348663433041e-01 9.487237163207007384e-01
4.580021640970025620e-01 9.486843439259972088e-01
4.580225036037816055e-01 9.486451288090408385e-01
4.580427538200074755e-01 9.486060703564574981e-01
4.580629151765566176e-01 9.485671679571061610e-01
4.580829881018715910e-01 9.485284210020719087e-01
4.581029730219776108e-01 9.484898288846603798e-01
4.581228703604992569e-01 9.484513910003902204e-01
4.581426805386770162e-01 9.484131067469874221e-01
4.581624039753831590e-01 9.483749755243789936e-01
4.581820410871381699e-01 9.483369967346855223e-01
4.582015922881269021e-01 9.482991697822158450e-01
4.582210579902139536e-01 9.482614940734602760e-01
4.582404386029599874e-01 9.482239690170837232e-01
4.582597345336369421e-01 9.481865940239198043e-01
4.582789461872437964e-01 9.481493685069640742e-01
4.582980739665218350e-01 9.481122918813678080e-01
4.583171182719699699e-01 9.480753635644315613e-01
4.583360795018596723e-01 9.480385829755985094e-01
4.583549580522503497e-01 9.480019495364484516e-01
4.583737543170039452e-01 9.479654626706908171e-01
4.583924686877998145e-01 9.479291218041587808e-01
4.584111015541494916e-01 9.478929263648027126e-01
4.584296533034109555e-01 9.478568757826835167e-01
4.584481243208032852e-01 9.478209694899665250e-01
4.584665149894208702e-01 9.477852069209149466e-01
4.584848256902478436e-01 9.477495875118835400e-01
4.585030568021717379e-01 9.477141107013120624e-01
4.585212087019978067e-01 9.476787759297193858e-01
4.585392817644627361e-01 9.476435826396963913e-01
4.585572763622484116e-01 9.476085302759003071e-01
4.585751928659956289e-01 9.475736182850474920e-01
4.585930316443176391e-01 9.475388461159082176e-01
4.586107930638133601e-01 9.475042132192991184e-01
4.586284774890810323e-01 9.474697190480776410e-01
4.586460852827312640e-01 9.474353630571354934e-01
4.586636168054000762e-01 9.474011447033923172e-01
4.586810724157620034e-01 9.473670634457890261e-01
4.586984524705430277e-01 9.473331187452820323e-01
4.587157573245334019e-01 9.472993100648365861e-01
4.587329873306001948e-01 9.472656368694204465e-01
4.587501428397001701e-01 9.472320986259976650e-01
4.587672242008919432e-01 9.471986948035224785e-01
4.587842317613488041e-01 9.471654248729326486e-01
4.588011658663706527e-01 9.471322883071433552e-01
4.588180268593965438e-01 9.470992845810409788e-01
4.588348150820165117e-01 9.470664131714768841e-01
4.588515308739838927e-01 9.470336735572608688e-01
4.588681745732269834e-01 9.470010652191552802e-01
4.588847465158610306e-01 9.469685876398684643e-01
4.589012470362001106e-01 9.469362403040485487e-01
4.589176764667685093e-01 9.469040226982775588e-01
4.589340351383123795e-01 9.468719343110649778e-01
4.589503233798114534e-01 9.468399746328411970e-01
4.589665415184900898e-01 9.468081431559520755e-01
4.589826898798288757e-01 9.467764393746522789e-01
4.589987687875756173e-01 9.467448627850986176e-01
4.590147785637565536e-01 9.467134128853450514e-01
4.590307195286875142e-01 9.466820891753354728e-01
4.590465920009846323e-01 9.466508911568980444e-01
4.590623962975755590e-01 9.466198183337390937e-01
4.590781327337098427e-01 9.465888702114367836e-01
4.590938016229699770e-01 9.465580462974348963e-01
4.591094032772818911e-01 9.465273461010369482e-01
4.591249380069254427e-01 9.464967691334001954e-01
4.591404061205451304e-01 9.464663149075290827e-01
4.591558079251601421e-01 9.464359829382696931e-01
4.591711437261747353e-01 9.464057727423033084e-01
4.591864138273888396e-01 9.463756838381404135e-01
4.592016185310076604e-01 9.463457157461145908e-01
4.592167581376521146e-01 9.463158679883767466e-01
4.592318329463687121e-01 9.462861400888887831e-01
4.592468432546394919e-01 9.462565315734178251e-01
4.592617893583917366e-01 9.462270419695298918e-01
4.592766715520080756e-01 9.461976708065843455e-01
4.592914901283358664e-01 9.461684176157273418e-01
4.593062453786967980e-01 9.461392819298863888e-01
4.593209375928967719e-01 9.461102632837639081e-01
4.593355670592350615e-01 9.460813612138317952e-01
4.593501340645138598e-01 9.460525752583249792e-01
4.593646388940475500e-01 9.460239049572358727e-01
4.593790818316720315e-01 9.459953498523082649e-01
4.593934631597539897e-01 9.459669094870314376e-01
4.594077831591997230e-01 9.459385834066341703e-01
4.594220421094645790e-01 9.459103711580789664e-01
4.594362402885617813e-01 9.458822722900562807e-01
4.594503779730712001e-01 9.458542863529786349e-01
4.594644554381484558e-01 9.458264128989742892e-01
4.594784729575336346e-01 9.457986514818823576e-01
4.594924308035598370e-01 9.457710016572459244e-01
4.595063292471622263e-01 9.457434629823070482e-01
4.595201685578861883e-01 9.457160350160004336e-01
4.595339490038962693e-01 9.456887173189481022e-01
4.595476708519842246e-01 9.456615094534530641e-01
4.595613343675777340e-01 9.456344109834942113e-01
4.595749398147487286e-01 9.456074214747199891e-01
4.595884874562214950e-01 9.455805404944427339e-01
4.596019775533810026e-01 9.455537676116336776e-01
4.596154103662812296e-01 9.455271023969160638e-01
4.596287861536528796e-01 9.455005444225603739e-01
4.596421051729117635e-01 9.454740932624781102e-01
4.596553676801666821e-01 9.454477484922164665e-01
4.596685739302272533e-01 9.454215096889525549e-01
4.596817241766118500e-01 9.453953764314876329e-01
4.596948186715554829e-01 9.453693483002415521e-01
4.597078576660174609e-01 9.453434248772470960e-01
4.597208414096889961e-01 9.453176057461446513e-01
4.597337701510010310e-01 9.452918904921759902e-01
4.597466441371317880e-01 9.452662787021796076e-01
4.597594636140141522e-01 9.452407699645842820e-01
4.597722288263432766e-01 9.452153638694037463e-01
4.597849400175840207e-01 9.451900600082314696e-01
4.597975974299781665e-01 9.451648579742349954e-01
4.598102013045518022e-01 9.451397573621501680e-01
4.598227518811225933e-01 9.451147577682756928e-01
4.598352493983071110e-01 9.450898587904679182e-01
4.598476940935277146e-01 9.450650600281353952e-01
4.598600862030198244e-01 9.450403610822328826e-01
4.598724259618390264e-01 9.450157615552565726e-01
4.598847136038679007e-01 9.449912610512379851e-01
4.598969493618231263e-01 9.449668591757389713e-01
4.599091334672623654e-01 9.449425555358463846e-01
4.599212661505908128e-01 9.449183497401664189e-01
4.599333476410684685e-01 9.448942413988192790e-01
4.599453781668166874e-01 9.448702301234338519e-01
4.599573579548246749e-01 9.448463155271424885e-01
4.599692872309565361e-01 9.448224972245752307e-01
4.599811662199575490e-01 9.447987748318552592e-01
4.599929951454608257e-01 9.447751479665926766e-01
4.600047742299940290e-01 9.447516162478799551e-01
4.600165036949854791e-01 9.447281792962862745e-01
4.600281837607707591e-01 9.447048367338521935e-01
4.600398146465992655e-01 9.446815881840845419e-01
4.600513965706401476e-01 9.446584332719513144e-01
4.600629297499890247e-01 9.446353716238761189e-01
4.600744144006738701e-01 9.446124028677331808e-01
4.600858507376614503e-01 9.445895266328421247e-01
4.600972389748633762e-01 9.445667425499628678e-01
4.601085793251420974e-01 9.445440502512900682e-01
4.601198720003171760e-01 9.445214493704483516e-01
4.601311172111713366e-01 9.444989395424870926e-01
4.601423151674561840e-01 9.444765204038750861e-01
4.601534660778983654e-01 9.444541915924957731e-01
4.601645701502054542e-01 9.444319527476419118e-01
4.601756275910717231e-01 9.444098035100103594e-01
4.601866386061839731e-01 9.443877435216972982e-01
4.601976034002274174e-01 9.443657724261930175e-01
4.602085221768912326e-01 9.443438898683769178e-01
4.602193951388743876e-01 9.443220954945126255e-01
4.602302224878913606e-01 9.443003889522422201e-01
4.602410044246776910e-01 9.442787698905823479e-01
4.602517411489954191e-01 9.442572379599186716e-01
4.602624328596387482e-01 9.442357928120005406e-01
4.602730797544396513e-01 9.442144340999369945e-01
4.602836820302731446e-01 9.441931614781905457e-01
4.602942398830628945e-01 9.441719746025734050e-01
4.603047535077863239e-01 9.441508731302419299e-01
4.603152230984803306e-01 9.441298567196919622e-01
4.603256488482463937e-01 9.441089250307537206e-01
4.603360309492558478e-01 9.440880777245871380e-01
4.603463695927552113e-01 9.440673144636769765e-01
4.603566649690712387e-01 9.440466349118278311e-01
4.603669172676162491e-01 9.440260387341592452e-01
4.603771266768931780e-01 9.440055255971014914e-01
4.603872933845007953e-01 9.439850951683897984e-01
4.603974175771386457e-01 9.439647471170602433e-01
4.604074994406121002e-01 9.439444811134450886e-01
4.604175391598373523e-01 9.439242968291672309e-01
4.604275369188463585e-01 9.439041939371363155e-01
4.604374929007920003e-01 9.438841721115434069e-01
4.604474072879526370e-01 9.438642310278567704e-01
4.604572802617370453e-01 9.438443703628166537e-01
4.604671120026895270e-01 9.438245897944309570e-01
4.604769026904944051e-01 9.438048890019702375e-01
4.604866525039808534e-01 9.437852676659637119e-01
4.604963616211278365e-01 9.437657254681934837e-01
4.605060302190683852e-01 9.437462620916909906e-01
4.605156584740948134e-01 9.437268772207318968e-01
4.605252465616627711e-01 9.437075705408315418e-01
4.605347946563964623e-01 9.436883417387401662e-01
4.605443029320925863e-01 9.436691905024386928e-01
4.605537715617254446e-01 9.436501165211339526e-01
4.605632007174512155e-01 9.436311194852541329e-01
4.605725905706123391e-01 9.436121990864442255e-01
4.605819412917421252e-01 9.435933550175614748e-01
4.605912530505691382e-01 9.435745869726712698e-01
4.606005260160215831e-01 9.435558946470419261e-01
4.606097603562317455e-01 9.435372777371408004e-01
4.606189562385401559e-01 9.435187359406295160e-01
4.606281138295000854e-01 9.435002689563597444e-01
4.606372332948818205e-01 9.434818764843685424e-01
4.606463147996766594e-01 9.434635582258741326e-01
4.606553585081015756e-01 9.434453138832710195e-01
4.606643645836029366e-01 9.434271431601264357e-01
4.606733331888611671e-01 9.434090457611750136e-01
4.606822644857943572e-01 9.433910213923152321e-01
4.606911586355629251e-01 9.433730697606044213e-01
4.607000157985732258e-01 9.433551905742549870e-01
4.607088361344820471e-01 9.433373835426295262e-01
4.607176198022001623e-01 9.433196483762369411e-01
4.607263669598967160e-01 9.433019847867278873e-01
4.607350777650032758e-01 9.432843924868905550e-01
4.607437523742173857e-01 9.432668711906466719e-01
4.607523909435068399e-01 9.432494206130466186e-01
4.607609936281133467e-01 9.432320404702656536e-01
4.607695605825566920e-01 9.432147304795998055e-01
4.607780919606384029e-01 9.431974903594612103e-01
4.607865879154455224e-01 9.431803198293742252e-01
4.607950485993545509e-01 9.431632186099708770e-01
4.608034741640353871e-01 9.431461864229875314e-01
4.608118647604546592e-01 9.431292229912594527e-01
4.608202205388796657e-01 9.431123280387176955e-01
4.608285416488823172e-01 9.430955012903846635e-01
4.608368282393424664e-01 9.430787424723698908e-01
4.608450804584517391e-01 9.430620513118658232e-01
4.608532984537170862e-01 9.430454275371438211e-01
4.608614823719647258e-01 9.430288708775506068e-01
4.608696323593431399e-01 9.430123810635031578e-01
4.608777485613272384e-01 9.429959578264857090e-01
4.608858311227215232e-01 9.429796008990447564e-01
4.608938801876637514e-01 9.429633100147856162e-01
4.609018958996284887e-01 9.429470849083685380e-01
4.609098784014304950e-01 9.429309253155041537e-01
4.609178278352281666e-01 9.429148309729498134e-01
4.609257443425270884e-01 9.428988016185059218e-01
4.609336280641834760e-01 9.428828369910110530e-01
4.609414791404071732e-01 9.428669368303389531e-01
4.609492977107657041e-01 9.428511008773940993e-01
4.609570839141869381e-01 9.428353288741078142e-01
4.609648378889629750e-01 9.428196205634348237e-01
4.609725597727529767e-01 9.428039756893484835e-01
4.609802497025868862e-01 9.427883939968377813e-01
4.609879078148683695e-01 9.427728752319027850e-01
4.609955342453783134e-01 9.427574191415512006e-01
4.610031291292777111e-01 9.427420254737945982e-01
4.610106926011113826e-01 9.427266939776438592e-01
4.610182247948106382e-01 9.427114244031065127e-01
4.610257258436968320e-01 9.426962165011817385e-01
4.610331958804841923e-01 9.426810700238577034e-01
4.610406350372832085e-01 9.426659847241068979e-01
4.610480434456036836e-01 9.426509603558824724e-01
4.610554212363577320e-01 9.426359966741150176e-01
4.610627685398628883e-01 9.426210934347085679e-01
4.610700854858451603e-01 9.426062503945364934e-01
4.610773722034421929e-01 9.425914673114382802e-01
4.610846288212059885e-01 9.425767439442157558e-01
4.610918554671061820e-01 9.425620800526290921e-01
4.610990522685328719e-01 9.425474753973934749e-01
4.611062193522997288e-01 9.425329297401749962e-01
4.611133568446467712e-01 9.425184428435876560e-01
4.611204648712432519e-01 9.425040144711893664e-01
4.611275435571907666e-01 9.424896443874780649e-01
4.611345930270259741e-01 9.424753323578883846e-01
4.611416134047235937e-01 9.424610781487882116e-01
4.611486048136991811e-01 9.424468815274749112e-01
4.611555673768119035e-01 9.424327422621715522e-01
4.611625012163675374e-01 9.424186601220235771e-01
4.611694064541210780e-01 9.424046348770954706e-01
4.611762832112796251e-01 9.423906662983664306e-01
4.611831316085051591e-01 9.423767541577279250e-01
4.611899517659172609e-01 9.423628982279794730e-01
4.611967438030957767e-01 9.423490982828250928e-01
4.612035078390838150e-01 9.423353540968703035e-01
4.612102439923899677e-01 9.423216654456180175e-01
4.612169523809914740e-01 9.423080321054655428e-01
4.612236331223366070e-01 9.422944538537012527e-01
4.612302863333473946e-01 9.422809304685005882e-01
4.612369121304223940e-01 9.422674617289230614e-01
4.612435106294390796e-01 9.422540474149084799e-01
4.612500819457564516e-01 9.422406873072742828e-01
4.612566261942179779e-01 9.422273811877112104e-01
4.612631434891538151e-01 9.422141288387803071e-01
4.612696339443834170e-01 9.422009300439099233e-01
4.612760976732182550e-01 9.421877845873917190e-01
4.612825347884641491e-01 9.421746922543777769e-01
4.612889454024239333e-01 9.421616528308770500e-01
4.612953296268998415e-01 9.421486661037521415e-01
4.613016875731960065e-01 9.421357318607158637e-01
4.613080193521211236e-01 9.421228498903284621e-01
4.613143250739906165e-01 9.421100199819932852e-01
4.613206048486291899e-01 9.420972419259545649e-01
4.613268587853733838e-01 9.420845155132934190e-01
4.613330869930737932e-01 9.420718405359252978e-01
4.613392895800976223e-01 9.420592167865958766e-01
4.613454666543310156e-01 9.420466440588786128e-01
4.613516183231813339e-01 9.420341221471710824e-01
4.613577446935797077e-01 9.420216508466920935e-01
4.613638458719830915e-01 9.420092299534778002e-01
4.613699219643769278e-01 9.419968592643797045e-01
4.613759730762772571e-01 9.419845385770603263e-01
4.613819993127331043e-01 9.419722676899906499e-01
4.613880007783286996e-01 9.419600464024470154e-01
4.613939775771857543e-01 9.419478745145075660e-01
4.613999298129658477e-01 9.419357518270495833e-01
4.614058575888725366e-01 9.419236781417460458e-01
4.614117610076536313e-01 9.419116532610626313e-01
4.614176401716033604e-01 9.418996769882546083e-01
4.614234951825648690e-01 9.418877491273640601e-01
4.614293261419319947e-01 9.418758694832162215e-01
4.614351331506518217e-01 9.418640378614168140e-01
4.614409163092265675e-01 9.418522540683491595e-01
4.614466757177159706e-01 9.418405179111706271e-01
4.614524114757392326e-01 9.418288291978099691e-01
4.614581236824773502e-01 9.418171877369643230e-01
4.614638124366751692e-01 9.418055933380961031e-01
4.614694778366434380e-01 9.417940458114298918e-01
4.614751199802609172e-01 9.417825449679496641e-01
4.614807389649766001e-01 9.417710906193959008e-01
4.614863348878116001e-01 9.417596825782622583e-01
4.614919078453613155e-01 9.417483206577930144e-01
4.614974579337975946e-01 9.417370046719797383e-01
4.615029852488704565e-01 9.417257344355587367e-01
4.615084898859104223e-01 9.417145097640080564e-01
4.615139719398305695e-01 9.417033304735444865e-01
4.615194315051281415e-01 9.416921963811204499e-01
4.615248686758869900e-01 9.416811073044213387e-01
4.615302835457793518e-01 9.416700630618631829e-01
4.615356762080676800e-01 9.416590634725886533e-01
4.615410467556070873e-01 9.416481083564651744e-01
4.615463952808467329e-01 9.416371975340815936e-01
4.615517218758320439e-01 9.416263308267452947e-01
4.615570266322067128e-01 9.416155080564799773e-01
4.615623096412144744e-01 9.416047290460222152e-01
4.615675709937009374e-01 9.415939936188189030e-01
4.615728107801158608e-01 9.415833015990242583e-01
4.615780290905144856e-01 9.415726528114974903e-01
4.615832260145599775e-01 9.415620470817996912e-01
4.615884016415248148e-01 9.415514842361908388e-01
4.615935560602930088e-01 9.415409641016280196e-01
4.615986893593617135e-01 9.415304865057613215e-01
4.616038016268431132e-01 9.415200512769322794e-01
4.616088929504663096e-01 9.415096582441705442e-01
4.616139634175792650e-01 9.414993072371911076e-01
4.616190131151501896e-01 9.414889980863924146e-01
4.616240421297697072e-01 9.414787306228523667e-01
4.616290505476526307e-01 9.414685046783267675e-01
4.616340384546394615e-01 9.414583200852463252e-01
4.616390059361984433e-01 9.414481766767135440e-01
4.616439530774272271e-01 9.414380742865007257e-01
4.616488799630544260e-01 9.414280127490470829e-01
4.616537866774417798e-01 9.414179918994558527e-01
4.616586733045854318e-01 9.414080115734921872e-01
4.616635399281179275e-01 9.413980716075801558e-01
4.616683866313098239e-01 9.413881718388001918e-01
4.616732134970713552e-01 9.413783121048864277e-01
4.616780206079543203e-01 9.413684922442246972e-01
4.616828080461533590e-01 9.413587120958489818e-01
4.616875758935082286e-01 9.413489714994399682e-01
4.616923242315048026e-01 9.413392702953213842e-01
4.616970531412771805e-01 9.413296083244583334e-01
4.617017627036092975e-01 9.413199854284544088e-01
4.617064529989363120e-01 9.413104014495490279e-01
4.617111241073463823e-01 9.413008562306153237e-01
4.617157761085823875e-01 9.412913496151570358e-01
4.617204090820433149e-01 9.412818814473069562e-01
4.617250231067860922e-01 9.412724515718232654e-01
4.617296182615270306e-01 9.412630598340879784e-01
4.617341946246433793e-01 9.412537060801040578e-01
4.617387522741751016e-01 9.412443901564931936e-01
4.617432912878262075e-01 9.412351119104931385e-01
4.617478117429664741e-01 9.412258711899553765e-01
4.617523137166330560e-01 9.412166678433426803e-01
4.617567972855315395e-01 9.412075017197267801e-01
4.617612625260382742e-01 9.411983726687855878e-01
4.617657095142012613e-01 9.411892805408015317e-01
4.617701383257418746e-01 9.411802251866583369e-01
4.617745490360565253e-01 9.411712064578390269e-01
4.617789417202178837e-01 9.411622242064238142e-01
4.617833164529765999e-01 9.411532782850872136e-01
4.617876733087625252e-01 9.411443685470959331e-01
4.617920123616866546e-01 9.411354948463066528e-01
4.617963336855420708e-01 9.411266570371635831e-01
4.618006373538058873e-01 9.411178549746958000e-01
4.618049234396401914e-01 9.411090885145155793e-01
4.618091920158938768e-01 9.411003575128157328e-01
4.618134431551040864e-01 9.410916618263670541e-01
4.618176769294973227e-01 9.410830013125166538e-01
4.618218934109911689e-01 9.410743758291849614e-01
4.618260926711957870e-01 9.410657852348639496e-01
4.618302747814149734e-01 9.410572293886149131e-01
4.618344398126476569e-01 9.410487081500654716e-01
4.618385878355896756e-01 9.410402213794085702e-01
4.618427189206346095e-01 9.410317689373990380e-01
4.618468331378755565e-01 9.410233506853517005e-01
4.618509305571062984e-01 9.410149664851398255e-01
4.618550112478229663e-01 9.410066161991922362e-01
4.618590752792248733e-01 9.409982996904908692e-01
4.618631227202164014e-01 9.409900168225692196e-01
4.618671536394079458e-01 9.409817674595101211e-01
4.618711681051176354e-01 9.409735514659428590e-01
4.618751661853722212e-01 9.409653687070420602e-01
4.618791479479087969e-01 9.409572190485241405e-01
4.618831134601759092e-01 9.409491023566466383e-01
4.618870627893350012e-01 9.409410184982051062e-01
4.618909960022615224e-01 9.409329673405311123e-01
4.618949131655463725e-01 9.409249487514903532e-01
4.618988143454971218e-01 9.409169625994805441e-01
4.619026996081393444e-01 9.409090087534289770e-01
4.619065690192180051e-01 9.409010870827906325e-01
4.619104226441984595e-01 9.408931974575460710e-01
4.619142605482680075e-01 9.408853397481992120e-01
4.619180827963367819e-01 9.408775138257754467e-01
4.619218894530394692e-01 9.408697195618196396e-01
4.619256805827361978e-01 9.408619568283934642e-01
4.619294562495139256e-01 9.408542254980742925e-01
4.619332165171877169e-01 9.408465254439520864e-01
4.619369614493017973e-01 9.408388565396285097e-01
4.619406911091309409e-01 9.408312186592134863e-01
4.619444055596814702e-01 9.408236116773247559e-01
4.619481048636928100e-01 9.408160354690845439e-01
4.619517890836384311e-01 9.408084899101182286e-01
4.619554582817270161e-01 9.408009748765521207e-01
4.619591125199039028e-01 9.407934902450114656e-01
4.619627518598519167e-01 9.407860358926187772e-01
4.619663763629929809e-01 9.407786116969911738e-01
4.619699860904887267e-01 9.407712175362391571e-01
4.619735811032423256e-01 9.407638532889640581e-01
4.619771614618990441e-01 9.407565188342563722e-01
4.619807272268477427e-01 9.407492140516939827e-01
4.619842784582220419e-01 9.407419388213396072e-01
4.619878152159012097e-01 9.407346930237395766e-01
4.619913375595115501e-01 9.407274765399213923e-01
4.619948455484273464e-01 9.407202892513920611e-01
4.619983392417721380e-01 9.407131310401362079e-01
4.620018186984197750e-01 9.407060017886137437e-01
4.620052839769955844e-01 9.406989013797586452e-01
4.620087351358773686e-01 9.406918296969765114e-01
4.620121722331966274e-01 9.406847866241430101e-01
4.620155953268395010e-01 9.406777720456016567e-01
4.620190044744481028e-01 9.406707858461623717e-01
4.620223997334214072e-01 9.406638279110993706e-01
4.620257811609163046e-01 9.406568981261493878e-01
4.620291488138489333e-01 9.406499963775095674e-01
4.620325027488955127e-01 9.406431225518360195e-01
4.620358430224933421e-01 9.406362765362418221e-01
4.620391696908422996e-01 9.406294582182950226e-01
4.620424828099053416e-01 9.406226674860170833e-01
4.620457824354098908e-01 9.406159042278811055e-01
4.620490686228488353e-01 9.406091683328096087e-01
4.620523414274814722e-01 9.406024596901730872e-01
4.620556009043346180e-01 9.405957781897884562e-01
4.620588471082036630e-01 9.405891237219163870e-01
4.620620800936535155e-01 9.405824961772605297e-01
4.620652999150197116e-01 9.405758954469649602e-01
4.620685066264093588e-01 9.405693214226132914e-01
4.620717002817021912e-01 9.405627739962257872e-01
4.620748809345514574e-01 9.405562530602586957e-01
4.620780486383850860e-01 9.405497585076015854e-01
4.620812034464066298e-01 9.405432902315766786e-01
4.620843454115961535e-01 9.405368481259355207e-01
4.620874745867113997e-01 9.405304320848593136e-01
4.620905910242886216e-01 9.405240420029554738e-01
4.620936947766435265e-01 9.405176777752565220e-01
4.620967858958725527e-01 9.405113392972188624e-01
4.620998644338533690e-01 9.405050264647202285e-01
4.621029304422461514e-01 9.404987391740586844e-01
4.621059839724945828e-01 9.404924773219506262e-01
4.621090250758265183e-01 9.404862408055288947e-01
4.621120538032553182e-01 9.404800295223416651e-01
4.621150702055802362e-01 9.404738433703505596e-01
4.621180743333880292e-01 9.404676822479285381e-01
4.621210662370534017e-01 9.404615460538590099e-01
4.621240459667401157e-01 9.404554346873336135e-01
4.621270135724019346e-01 9.404493480479507728e-01
4.621299691037834556e-01 9.404432860357141433e-01
4.621329126104211649e-01 9.404372485510307245e-01
4.621358441416441032e-01 9.404312354947098607e-01
4.621387637465749765e-01 9.404252467679607985e-01
4.621416714741310994e-01 9.404192822723917988e-01
4.621445673730251169e-01 9.404133419100078051e-01
4.621474514917660037e-01 9.404074255832095552e-01
4.621503238786600631e-01 9.404015331947918055e-01
4.621531845818114270e-01 9.403956646479415538e-01
4.621560336491233878e-01 9.403898198462363744e-01
4.621588711282990647e-01 9.403839986936433082e-01
4.621616970668422364e-01 9.403782010945170855e-01
4.621645115120583402e-01 9.403724269535982394e-01
4.621673145110552494e-01 9.403666761760121062e-01
4.621701061107441055e-01 9.403609486672668272e-01
4.621728863578402069e-01 9.403552443332520161e-01
4.621756552988640077e-01 9.403495630802374272e-01
4.621784129801417285e-01 9.403439048148710677e-01
4.621811594478062446e-01 9.403382694441778655e-01
4.621838947477982518e-01 9.403326568755580039e-01
4.621866189258664881e-01 9.403270670167858114e-01
4.621893320275691774e-01 9.403214997760076521e-01
4.621920340982745290e-01 9.403159550617411488e-01
4.621947251831615699e-01 9.403104327828727405e-01
4.621974053272210337e-01 9.403049328486574598e-01
4.622000745752563033e-01 9.402994551687162694e-01
4.622027329718839672e-01 9.402939996530352840e-01
4.622053805615347621e-01 9.402885662119639942e-01
4.622080173884544063e-01 9.402831547562141568e-01
4.622106434967043764e-01 9.402777651968576844e-01
4.622132589301626293e-01 9.402723974453260913e-01
4.622158637325244901e-01 9.402670514134081614e-01
4.622184579473035404e-01 9.402617270132493932e-01
4.622210416178320624e-01 9.402564241573494463e-01
4.622236147872621492e-01 9.402511427585620307e-01
4.622261774985663707e-01 9.402458827300923527e-01
4.622287297945386064e-01 9.402406439854966713e-01
4.622312717177946007e-01 9.402354264386796334e-01
4.622338033107730726e-01 9.402302300038944960e-01
4.622363246157361050e-01 9.402250545957403505e-01
4.622388356747703098e-01 9.402199001291612346e-01
4.622413365297872723e-01 9.402147665194450221e-01
4.622438272225243283e-01 9.402096536822214246e-01
4.622463077945455634e-01 9.402045615334611028e-01
4.622487782872423123e-01 9.401994899894745572e-01
4.622512387418339364e-01 9.401944389669097957e-01
4.622536891993687669e-01 9.401894083827517790e-01
4.622561297007244385e-01 9.401843981543209772e-01
4.622585602866091103e-01 9.401794081992717045e-01
4.622609809975618544e-01 9.401744384355908979e-01
4.622633918739534886e-01 9.401694887815970070e-01
4.622657929559871870e-01 9.401645591559382176e-01
4.622681842836995347e-01 9.401596494775915636e-01
4.622705658969608056e-01 9.401547596658617056e-01
4.622729378354760721e-01 9.401498896403788219e-01
4.622753001387855387e-01 9.401450393210982748e-01
4.622776528462655410e-01 9.401402086282985016e-01
4.622799959971292116e-01 9.401353974825801263e-01
4.622823296304269802e-01 9.401306058048646275e-01
4.622846537850474058e-01 9.401258335163933388e-01
4.622869684997180650e-01 9.401210805387252289e-01
4.622892738130058299e-01 9.401163467937367901e-01
4.622915697633179222e-01 9.401116322036199291e-01
4.622938563889024133e-01 9.401069366908809677e-01
4.622961337278488347e-01 9.401022601783395327e-01
4.622984018180891219e-01 9.400976025891267795e-01
4.623006606973980581e-01 9.400929638466849481e-01
4.623029104033938852e-01 9.400883438747654752e-01
4.623051509735393028e-01 9.400837425974279959e-01
4.623073824451419678e-01 9.400791599390388997e-01
4.623096048553549942e-01 9.400745958242704425e-01
4.623118182411776189e-01 9.400700501780993035e-01
4.623140226394562569e-01 9.400655229258051415e-01
4.623162180868847226e-01 9.400610139929697073e-01
4.623184046200051744e-01 9.400565233054758441e-01
4.623205822752083916e-01 9.400520507895053779e-01
4.623227510887348291e-01 9.400475963715388961e-01
4.623249110966750619e-01 9.400431599783541925e-01
4.623270623349703956e-01 9.400387415370248245e-01
4.623292048394136433e-01 9.400343409749191137e-01
4.623313386456495144e-01 9.400299582196989245e-01
4.623334637891755583e-01 9.400255931993187763e-01
4.623355803053424973e-01 9.400212458420242889e-01
4.623376882293550594e-01 9.400169160763509613e-01
4.623397875962724779e-01 9.400126038311232834e-01
4.623418784410092686e-01 9.400083090354536264e-01
4.623439607983355626e-01 9.400040316187406875e-01
4.623460347028779949e-01 9.399997715106686025e-01
4.623481001891202591e-01 9.399955286412058353e-01
4.623501572914035518e-01 9.399913029406038456e-01
4.623522060439272940e-01 9.399870943393962008e-01
4.623542464807497976e-01 9.399829027683972438e-01
4.623562786357887644e-01 9.399787281587009824e-01
4.623583025428219528e-01 9.399745704416799796e-01
4.623603182354876773e-01 9.399704295489842432e-01
4.623623257472855297e-01 9.399663054125402262e-01
4.623643251115768238e-01 9.399621979645496062e-01
4.623663163615852056e-01 9.399581071374879526e-01
4.623682995303974863e-01 9.399540328641038389e-01
4.623702746509638084e-01 9.399499750774181761e-01
4.623722417560985343e-01 9.399459337107222145e-01
4.623742008784806901e-01 9.399419086975769888e-01
4.623761520506545208e-01 9.399378999718124295e-01
4.623780953050303233e-01 9.399339074675255867e-01
4.623800306738845567e-01 9.399299311190804085e-01
4.623819581893607866e-01 9.399259708611059638e-01
4.623838778834700736e-01 9.399220266284956660e-01
4.623857897880915280e-01 9.399180983564064951e-01
4.623876939349730320e-01 9.399141859802571108e-01
4.623895903557315168e-01 9.399102894357275195e-01
4.623914790818538512e-01 9.399064086587579636e-01
4.623933601446970632e-01 9.399025435855477006e-01
4.623952335754890619e-01 9.398986941525537819e-01
4.623970994053293038e-01 9.398948602964903865e-01
4.623989576651890143e-01 9.398910419543274886e-01
4.624008083859120211e-01 9.398872390632899698e-01
4.624026515982151975e-01 9.398834515608566198e-01
4.624044873326887406e-01 9.398796793847590259e-01
4.624063156197972813e-01 9.398759224729804629e-01
4.624081364898798285e-01 9.398721807637553383e-01
4.624099499731506024e-01 9.398684541955674154e-01
4.624117560996995890e-01 9.398647427071495919e-01
4.624135548994928735e-01 9.398610462374823449e-01
4.624153464023733062e-01 9.398573647257928432e-01
4.624171306380610025e-01 9.398536981115542810e-01
4.624189076361537309e-01 9.398500463344844347e-01
4.624206774261276909e-01 9.398464093345449966e-01
4.624224400373379007e-01 9.398427870519403537e-01
4.624241954990183645e-01 9.398391794271169219e-01
4.624259438402832934e-01 9.398355864007617022e-01
4.624276850901268276e-01 9.398320079138017258e-01
4.624294192774242584e-01 9.398284439074029439e-01
4.624311464309320274e-01 9.398248943229694508e-01
4.624328665792883375e-01 9.398213591021419289e-01
4.624345797510138190e-01 9.398178381867973163e-01
4.624362859745118626e-01 9.398143315190478075e-01
4.624379852780691191e-01 9.398108390412394098e-01
4.624396776898561101e-01 9.398073606959513882e-01
4.624413632379275607e-01 9.398038964259954886e-01
4.624430419502229550e-01 9.398004461744143834e-01
4.624447138545670910e-01 9.397970098844815601e-01
4.624463789786703583e-01 9.397935874996996564e-01
4.624480373501295150e-01 9.397901789638001269e-01
4.624496889964279100e-01 9.397867842207414668e-01
4.624513339449360383e-01 9.397834032147094341e-01
4.624529722229121509e-01 9.397800358901152729e-01
4.624546038575023665e-01 9.397766821915951585e-01
4.624562288757415041e-01 9.397733420640089763e-01
4.624578473045535265e-01 9.397700154524400995e-01
4.624594591707517632e-01 9.397667023021936128e-01
4.624610645010395760e-01 9.397634025587962014e-01
4.624626633220106364e-01 9.397601161679947079e-01
4.624642556601496479e-01 9.397568430757554658e-01
4.624658415418326229e-01 9.397535832282634116e-01
4.624674209933272717e-01 9.397503365719210855e-01
4.624689940407936684e-01 9.397471030533478542e-01
4.624705607102844729e-01 9.397438826193791339e-01
4.624721210277455974e-01 9.397406752170652799e-01
4.624736750190165391e-01 9.397374807936709207e-01
4.624752227098307689e-01 9.397342992966741804e-01
4.624767641258162865e-01 9.397311306737653469e-01
4.624782992924960645e-01 9.397279748728463167e-01
4.624798282352882706e-01 9.397248318420301505e-01
4.624813509795070443e-01 9.397217015296392972e-01
4.624828675503626640e-01 9.397185838842058159e-01
4.624843779729621573e-01 9.397154788544694881e-01
4.624858822723095786e-01 9.397123863893777074e-01
4.624873804733066196e-01 9.397093064380843686e-01
4.624888726007527207e-01 9.397062389499490909e-01
4.624903586793459032e-01 9.397031838745363297e-01
4.624918387336829362e-01 9.397001411616143773e-01
4.624933127882597250e-01 9.396971107611551410e-01
4.624947808674719774e-01 9.396940926233329217e-01
4.624962429956153143e-01 9.396910866985230815e-01
4.624976991968861029e-01 9.396880929373023772e-01
4.624991494953812343e-01 9.396851112904470726e-01
4.625005939150992895e-01 9.396821417089328277e-01
4.625020324799402061e-01 9.396791841439334769e-01
4.625034652137064439e-01 9.396762385468205858e-01
4.625048921401025970e-01 9.396733048691622292e-01
4.625063132827365586e-01 9.396703830627227694e-01
4.625077286651193553e-01 9.396674730794614128e-01
4.625091383106658682e-01 9.396645748715318769e-01
4.625105422426950552e-01 9.396616883912812801e-01
4.625119404844305060e-01 9.396588135912498085e-01
4.625133330590007197e-01 9.396559504241696059e-01
4.625147199894396044e-01 9.396530988429637743e-01
4.625161012986866993e-01 9.396502588007464851e-01
4.625174770095877297e-01 9.396474302508209808e-01
4.625188471448948846e-01 9.396446131466796858e-01
4.625202117272674274e-01 9.396418074420034294e-01
4.625215707792718067e-01 9.396390130906601135e-01
4.625229243233821008e-01 9.396362300467044903e-01
4.625242723819805168e-01 9.396334582643771638e-01
4.625256149773577796e-01 9.396306976981038117e-01
4.625269521317133536e-01 9.396279483024946311e-01
4.625282838671558872e-01 9.396252100323434497e-01
4.625296102057036562e-01 9.396224828426269493e-01
4.625309311692848979e-01 9.396197666885041100e-01
4.625322467797382542e-01 9.396170615253151004e-01
4.625335570588129386e-01 9.396143673085810555e-01
4.625348620281692358e-01 9.396116839940029664e-01
4.625361617093791122e-01 9.396090115374611251e-01
4.625374561239261051e-01 9.396063498950144588e-01
4.625387452932059329e-01 9.396036990228993080e-01
4.625400292385271062e-01 9.396010588775293160e-01
4.625413079811108163e-01 9.395984294154947625e-01
4.625425815420914910e-01 9.395958105935612314e-01
4.625438499425173489e-01 9.395932023686693890e-01
4.625451132033505108e-01 9.395906046979340953e-01
4.625463713454674441e-01 9.395880175386436273e-01
4.625476243896593509e-01 9.395854408482594566e-01
4.625488723566323901e-01 9.395828745844148067e-01
4.625501152670082883e-01 9.395803187049145411e-01
4.625513531413243951e-01 9.395777731677341649e-01
4.625525860000341272e-01 9.395752379310193803e-01
4.625538138635074681e-01 9.395727129530850874e-01
4.625550367520311901e-01 9.395701981924149404e-01
4.625562546858090762e-01 9.395676936076605701e-01
4.625574676849625866e-01 9.395651991576409179e-01
4.625586757695308582e-01 9.395627148013416807e-01
4.625598789594712601e-01 9.395602404979144229e-01
4.625610772746595600e-01 9.395577762066759098e-01
4.625622707348905904e-01 9.395553218871078860e-01
4.625634593598781930e-01 9.395528774988556320e-01
4.625646431692556071e-01 9.395504430017279640e-01
4.625658221825762473e-01 9.395480183556964571e-01
4.625669964193134809e-01 9.395456035208943346e-01
4.625681658988611833e-01 9.395431984576162465e-01
4.625693306405341265e-01 9.395408031263179360e-01
4.625704906635682012e-01 9.395384174876145744e-01
4.625716459871208608e-01 9.395360415022810940e-01
4.625727966302712324e-01 9.395336751312509671e-01
4.625739426120207831e-01 9.395313183356159836e-01
4.625750839512932644e-01 9.395289710766251412e-01
4.625762206669352672e-01 9.395266333156843119e-01
4.625773527777164995e-01 9.395243050143556873e-01
4.625784803023300640e-01 9.395219861343568901e-01
4.625796032593928464e-01 9.395196766375603081e-01
4.625807216674456268e-01 9.395173764859932053e-01
4.625818355449536345e-01 9.395150856418357233e-01
4.625829449103069924e-01 9.395128040674216585e-01
4.625840497818203834e-01 9.395105317252370192e-01
4.625851501777341057e-01 9.395082685779196918e-01
4.625862461162139061e-01 9.395060145882585534e-01
4.625873376153515348e-01 9.395037697191932491e-01
4.625884246931648569e-01 9.395015339338135263e-01
4.625895073675984071e-01 9.394993071953584574e-01
4.625905856565233343e-01 9.394970894672154405e-01
4.625916595777380680e-01 9.394948807129207546e-01
4.625927291489684290e-01 9.394926808961577835e-01
4.625937943878679071e-01 9.394904899807567933e-01
4.625948553120181606e-01 9.394883079306948215e-01
4.625959119389289609e-01 9.394861347100943449e-01
4.625969642860388586e-01 9.394839702832233908e-01
4.625980123707152947e-01 9.394818146144944260e-01
4.625990562102547110e-01 9.394796676684635806e-01
4.626000958218833281e-01 9.394775294098308693e-01
4.626011312227570338e-01 9.394753998034391929e-01
4.626021624299617163e-01 9.394732788142734492e-01
4.626031894605137085e-01 9.394711664074605340e-01
4.626042123313600096e-01 9.394690625482682300e-01
4.626052310593785077e-01 9.394669672021048745e-01
4.626062456613782570e-01 9.394648803345191368e-01
4.626072561540998662e-01 9.394628019111985751e-01
4.626082625542158322e-01 9.394607318979701915e-01
4.626092648783304839e-01 9.394586702607988782e-01
4.626102631429808154e-01 9.394566169657875276e-01
4.626112573646361525e-01 9.394545719791759231e-01
4.626122475596988193e-01 9.394525352673408491e-01
4.626132337445043596e-01 9.394505067967948708e-01
4.626142159353217043e-01 9.394484865341861113e-01
4.626151941483535590e-01 9.394464744462979189e-01
4.626161683997366270e-01 9.394444705000478679e-01
4.626171387055418305e-01 9.394424746624874256e-01
4.626181050817747553e-01 9.394404869008013970e-01
4.626190675443755951e-01 9.394385071823074806e-01
4.626200261092197619e-01 9.394365354744557139e-01
4.626209807921179973e-01 9.394345717448274735e-01
4.626219316088166500e-01 9.394326159611358085e-01
4.626228785749979533e-01 9.394306680912243301e-01
4.626238217062802471e-01 9.394287281030665460e-01
4.626247610182182557e-01 9.394267959647658595e-01
4.626256965263034204e-01 9.394248716445547931e-01
4.626266282459640666e-01 9.394229551107941001e-01
4.626275561925657365e-01 9.394210463319727644e-01
4.626284803814113555e-01 9.394191452767076678e-01
4.626294008277415659e-01 9.394172519137419242e-01
4.626303175467351148e-01 9.394153662119458792e-01
4.626312305535087432e-01 9.394134881403156667e-01
4.626321398631177417e-01 9.394116176679725427e-01
4.626330454905560607e-01 9.394097547641632184e-01
4.626339474507567551e-01 9.394078993982586390e-01
4.626348457585919283e-01 9.394060515397535394e-01
4.626357404288733433e-01 9.394042111582665555e-01
4.626366314763522558e-01 9.394023782235391140e-01
4.626375189157200807e-01 9.394005527054349880e-01
4.626384027616082806e-01 9.393987345739396311e-01
4.626392830285889213e-01 9.393969237991608434e-01
4.626401597311746161e-01 9.393951203513264403e-01
4.626410328838191366e-01 9.393933242007855844e-01
4.626419025009172459e-01 9.393915353180066763e-01
4.626427685968051429e-01 9.393897536735781317e-01
4.626436311857607953e-01 9.393879792382073823e-01
4.626444902820040506e-01 9.393862119827202095e-01
4.626453458996968027e-01 9.393844518780605224e-01
4.626461980529434914e-01 9.393826988952899137e-01
4.626470467557910471e-01 9.393809530055872159e-01
4.626478920222292790e-01 9.393792141802475015e-01
4.626487338661911530e-01 9.393774823906824167e-01
4.626495723015529027e-01 9.393757576084190708e-01
4.626504073421342511e-01 9.393740398051000362e-01
4.626512390016988552e-01 9.393723289524824605e-01
4.626520672939542500e-01 9.393706250224379550e-01
4.626528922325522930e-01 9.393689279869518183e-01
4.626537138310892749e-01 9.393672378181229243e-01
4.626545321031062530e-01 9.393655544881628350e-01
4.626553470620891062e-01 9.393638779693956886e-01
4.626561587214689797e-01 9.393622082342576451e-01
4.626569670946223956e-01 9.393605452552965529e-01
4.626577721948713640e-01 9.393588890051711715e-01
4.626585740354837717e-01 9.393572394566509498e-01
4.626593726296736042e-01 9.393555965826158038e-01
4.626601679906010567e-01 9.393539603560550066e-01
4.626609601313729225e-01 9.393523307500674102e-01
4.626617490650424824e-01 9.393507077378606684e-01
4.626625348046101149e-01 9.393490912927509040e-01
4.626633173630234075e-01 9.393474813881623753e-01
4.626640967531771564e-01 9.393458779976265882e-01
4.626648729879137001e-01 9.393442810947822963e-01
4.626656460800233073e-01 9.393426906533751675e-01
4.626664160422442329e-01 9.393411066472568960e-01
4.626671828872628289e-01 9.393395290503850914e-01
4.626679466277140440e-01 9.393379578368228344e-01
4.626687072761814234e-01 9.393363929807378998e-01
4.626694648451971092e-01 9.393348344564029784e-01
4.626702193472427282e-01 9.393332822381945668e-01
4.626709707947488370e-01 9.393317363005931897e-01
4.626717192000955881e-01 9.393301966181824003e-01
4.626724645756129517e-01 9.393286631656485586e-01
4.626732069335805497e-01 9.393271359177808311e-01
4.626739462862282104e-01 9.393256148494701918e-01
4.626746826457360795e-01 9.393240999357094223e-01
4.626754160242347869e-01 9.393225911515922233e-01
4.626761464338056129e-01 9.393210884723131038e-01
4.626768738864808217e-01 9.393195918731674920e-01
4.626775983942437165e-01 9.393181013295500703e-01
4.626783199690289727e-01 9.393166168169556629e-01
4.626790386227226937e-01 9.393151383109779040e-01
4.626797543671627988e-01 9.393136657873096818e-01
4.626804672141389685e-01 9.393121992217416949e-01
4.626811771753931435e-01 9.393107385901631190e-01
4.626818842626194139e-01 9.393092838685602741e-01
4.626825884874643524e-01 9.393078350330170689e-01
4.626832898615272915e-01 9.393063920597140015e-01
4.626839883963605460e-01 9.393049549249279373e-01
4.626846841034692459e-01 9.393035236050319980e-01
4.626853769943119477e-01 9.393020980764946737e-01
4.626860670803006337e-01 9.393006783158798223e-01
4.626867543728008791e-01 9.392992642998460040e-01
4.626874388831321849e-01 9.392978560051464809e-01
4.626881206225679777e-01 9.392964534086284401e-01
4.626887996023359428e-01 9.392950564872329933e-01
4.626894758336181357e-01 9.392936652179941781e-01
4.626901493275512589e-01 9.392922795780395129e-01
4.626908200952266625e-01 9.392908995445886644e-01
4.626914881476907881e-01 9.392895250949535590e-01
4.626921534959450577e-01 9.392881562065381607e-01
4.626928161509463178e-01 9.392867928568376934e-01
4.626934761236068949e-01 9.392854350234386418e-01
4.626941334247948734e-01 9.392840826840178625e-01
4.626947880653340950e-01 9.392827358163430285e-01
4.626954400560043812e-01 9.392813943982714076e-01
4.626960894075419772e-01 9.392800584077503068e-01
4.626967361306393856e-01 9.392787278228157399e-01
4.626973802359457544e-01 9.392774026215930938e-01
4.626980217340669332e-01 9.392760827822959069e-01
4.626986606355658060e-01 9.392747682832262024e-01
