2.909397273411530982e+00 2.481024593041960269e-01
2.890046971539539822e+00 2.508035992584514151e-01
2.870863314888340234e+00 2.535070844584997873e-01
2.851844304355424242e+00 2.562124504443965556e-01
2.832987965078407999e+00 2.589192478084394455e-01
2.814292346476940487e+00 2.616270419594772245e-01
2.795755522283536187e+00 2.643354128710722062e-01
2.777375590563155416e+00 2.670439548156754994e-01
2.759150673721378233e+00 2.697522760868349967e-01
2.741078918501079986e+00 2.724599987113138777e-01
2.723158495967537451e+00 2.751667581528645656e-01
2.705387601481945126e+00 2.778722030092710682e-01
2.687764454663352343e+00 2.805759947041472913e-01
2.670287299339062059e+00 2.832778071748576210e-01
2.652954403483577028e+00 2.859773265578114398e-01
2.635764059146199045e+00 2.886742508722728306e-01
2.618714582367416721e+00 2.913682897037237485e-01
2.601804313084258080e+00 2.940591638877191327e-01
2.585031615024787843e+00 2.967466051950813366e-01
2.568394875591974991e+00 2.994303560191943214e-01
2.551892505737165084e+00 3.021101690660752404e-01
2.535522939823410926e+00 3.047858070478268178e-01
2.519284635478948431e+00 3.074570423800024876e-01
2.503176073441103711e+00 3.101236568833505847e-01
2.487195757390938233e+00 3.127854414903433744e-01
2.471342213778962904e+00 3.154421959568401990e-01
2.455613991642247917e+00 3.180937285791829439e-01
2.440009662413272551e+00 3.207398559169739594e-01
2.424527819720873723e+00 3.233804025217433820e-01
2.409167079183642812e+00 3.260152006716731665e-01
2.393926078196153107e+00 3.286440901125084468e-01
2.378803475708366921e+00 3.312669178047545904e-01
2.363797951998618530e+00 3.338835376772278929e-01
2.348908208440529055e+00 3.364938103870022124e-01
2.334132967264247682e+00 3.390976030857671963e-01
2.319470971312377561e+00 3.416947891925952718e-01
2.304920983790977207e+00 3.442852481730930836e-01
2.290481788016003328e+00 3.468688653248956366e-01
2.276152187155560558e+00 3.494455315694485198e-01
2.261931003968332021e+00 3.520151432500074340e-01
2.247817080538549117e+00 3.545776019357743669e-01
2.233809278007848231e+00 3.571328142320790988e-01
2.219906476304376763e+00 3.596806915965059526e-01
2.206107573869479310e+00 3.622211501608578743e-01
2.192411487382302404e+00 3.647541105588449906e-01
2.178817151482649539e+00 3.672794977593779597e-01
2.165323518492397792e+00 3.697972409053425502e-01
2.151929558135787790e+00 3.723072731577304895e-01
2.138634257258894333e+00 3.748095315449957998e-01
2.125436619548559225e+00 3.773039568175062808e-01
2.112335665251074968e+00 3.797904933069586320e-01
2.099330430890889776e+00 3.822690887906234902e-01
2.086419968989594143e+00 3.847396943602879316e-01
2.073603347785444750e+00 3.872022642957627658e-01
2.060879650953661546e+00 3.896567559428226746e-01
2.048247977327736002e+00 3.921031295954485740e-01
2.035707440621965070e+00 3.945413483822426959e-01
2.023257169155430635e+00 3.969713781568885436e-01
2.010896305577611454e+00 3.993931873925296028e-01
1.998624006595832947e+00 4.018067470799437380e-01
1.986439442704724723e+00 4.042120306293909282e-01
1.974341797917859243e+00 4.066090137760154932e-01
1.962330269501733726e+00 4.089976744886860138e-01
1.950404067712241840e+00 4.113779928821587606e-01
1.938562415533782390e+00 4.137499511324540524e-01
1.926804548421129581e+00 4.161135333953351889e-01
1.915129714044192966e+00 4.184687257277856509e-01
1.903537172035776992e+00 4.208155160123804306e-01
1.892026193742449403e+00 4.231538938844517928e-01
1.880596061978607958e+00 4.254838506619513239e-01
1.869246070783841862e+00 4.278053792779142883e-01
1.857975525183659826e+00 4.301184742154334772e-01
1.846783740953663822e+00 4.324231314450541208e-01
1.835670044387227806e+00 4.347193483645031553e-01
1.824633772066742265e+00 4.370071237406689679e-01
1.813674270638475194e+00 4.392864576537505172e-01
1.802790896591088154e+00 4.415573514434978364e-01
1.791983016037853371e+00 4.438198076574671469e-01
1.781250004502594519e+00 4.460738300012176971e-01
1.770591246709379618e+00 4.483194232903793819e-01
1.760006136375987573e+00 4.505565934045224763e-01
1.749494076011158139e+00 4.527853472427625925e-01
1.739054476715636621e+00 4.550056926810381319e-01
1.728686757987016209e+00 4.572176385309971169e-01
1.718390347528377493e+00 4.594211945004352260e-01
1.708164681060718948e+00 4.616163711552261906e-01
1.698009202139170615e+00 4.638031798826895979e-01
1.687923361972975211e+00 4.659816328563430865e-01
1.677906619249221354e+00 4.681517430019866977e-01
1.667958439960306904e+00 4.703135239650698129e-01
1.658078297235108911e+00 4.724669900792929367e-01
1.648265671173832825e+00 4.746121563363981943e-01
1.638520048686512132e+00 4.767490383571035828e-01
1.628840923335121982e+00 4.788776523631385063e-01
1.619227795179277729e+00 4.809980151503395196e-01
1.609680170625474638e+00 4.831101440627661447e-01
1.600197562279833896e+00 4.852140569677979576e-01
1.590779488804308750e+00 4.873097722321778069e-01
1.581425474776312345e+00 4.893973086989632515e-01
1.572135050551719537e+00 4.914766856653543514e-01
1.562907752131194705e+00 4.935479228613630642e-01
1.553743121029802499e+00 4.956110404292941585e-01
1.544640704149845778e+00 4.976660589040057814e-01
1.535600053656888564e+00 4.997129991939209259e-01
1.526620726858905153e+00 5.017518825627621526e-01
1.517702286088508989e+00 5.037827306119809778e-01
1.508844298588208677e+00 5.058055652638573374e-01
1.500046336398633162e+00 5.078204087452428128e-01
1.491307976249678147e+00 5.098272835719240836e-01
1.482628799454516644e+00 5.118262125335825141e-01
1.474008391806421514e+00 5.138172186793287244e-01
1.465446343478342239e+00 5.158003253037891644e-01
1.456942248925185757e+00 5.177755559337250402e-01
1.448495706788743620e+00 5.197429343151626080e-01
1.440106319805212198e+00 5.217024844010169637e-01
1.431773694715250844e+00 5.236542303391894526e-01
1.423497442176526073e+00 5.255981964611213808e-01
1.415277176678682913e+00 5.275344072707875975e-01
1.407112516460696794e+00 5.294628874341126279e-01
1.399003083430546246e+00 5.313836617687935915e-01
1.390948503087155563e+00 5.332967552345149187e-01
1.382948404444558133e+00 5.352021929235407649e-01
1.375002419958222921e+00 5.371000000516691353e-01
1.367110185453497717e+00 5.389902019495366181e-01
1.359271340056113608e+00 5.408728240542587384e-01
1.351485526124705627e+00 5.427478919013938308e-01
1.343752389185293827e+00 5.446154311172192175e-01
1.336071577867682825e+00 5.464754674113071475e-01
1.328442743843723184e+00 5.483280265693887268e-01
1.320865541767395124e+00 5.501731344464968476e-01
1.313339629216661697e+00 5.520108169603764603e-01
1.305864666637048366e+00 5.538411000851519717e-01
1.298440317286901680e+00 5.556640098452431120e-01
1.291066247184284643e+00 5.574795723095196109e-01
1.283742125055460814e+00 5.592878135856853561e-01
1.276467622284930048e+00 5.610887598148842637e-01
1.269242412866966374e+00 5.628824371665186455e-01
1.262066173358621812e+00 5.646688718332738555e-01
1.254938582834155048e+00 5.664480900263383356e-01
1.247859322840839669e+00 5.682201179708163963e-01
1.240828077356119774e+00 5.699849819013217411e-01
1.233844532746070755e+00 5.717427080577486276e-01
1.226908377725126842e+00 5.734933226812124474e-01
1.220019303317041226e+00 5.752368520101531768e-01
1.213177002817042105e+00 5.769733222765965897e-01
1.206381171755148030e+00 5.787027597025671266e-01
1.199631507860608348e+00 5.804251904966458708e-01
1.192927711027437443e+00 5.821406408506696328e-01
1.186269483281008119e+00 5.838491369365649275e-01
1.179656528745670174e+00 5.855507049033119582e-01
1.173088553613367058e+00 5.872453708740342782e-01
1.166565266113217092e+00 5.889331609432092440e-01
1.160086376482029724e+00 5.906141011739937108e-01
1.153651596935728385e+00 5.922882175956629691e-01
1.147260641641651979e+00 5.939555362011562645e-01
1.140913226691705473e+00 5.956160829447268990e-01
1.134609070076334714e+00 5.972698837396915872e-01
1.128347891659297941e+00 5.989169644562760686e-01
1.122129413153209132e+00 6.005573509195538673e-01
1.115953358095827630e+00 6.021910689074732037e-01
1.109819451827070758e+00 6.038181441489710588e-01
1.103727421466723868e+00 6.054386023221681734e-01
1.097676995892827856e+00 6.070524690526456491e-01
1.091667905720719256e+00 6.086597699117963778e-01
1.085699883282701839e+00 6.102605304152513011e-01
1.079772662608329936e+00 6.118547760213759457e-01
1.073885979405280411e+00 6.134425321298364597e-01
1.068039571040797053e+00 6.150238240802302636e-01
1.062233176523682543e+00 6.165986771507807607e-01
1.056466536486826202e+00 6.181671165570928883e-01
1.050739393170242675e+00 6.197291674509676218e-01
1.045051490404607986e+00 6.212848549192724334e-01
1.039402573595273438e+00 6.228342039828674848e-01
1.033792389706742698e+00 6.243772395955823340e-01
1.028220687247594523e+00 6.259139866432450461e-01
1.022687216255834475e+00 6.274444699427585981e-01
1.017191728284662755e+00 6.289687142412243581e-01
1.011733976388642375e+00 6.304867442151111945e-01
1.006313715110251916e+00 6.319985844694667732e-01
1.000930700466810430e+00 6.335042595371714880e-01
9.955846899377626125e-01 6.350037938782324698e-01
9.902754424523061427e-01 6.364972118791154543e-01
9.850027183773544248e-01 6.379845378521148413e-01
9.797662795058188490e-01 6.394657960347588377e-01
9.745658890451999179e-01 6.409410105892492382e-01
9.694013116064748026e-01 6.424102056019346252e-01
9.642723131932724456e-01 6.438734050828152089e-01
9.591786611913224458e-01 6.453306329650778661e-01
9.541201243581705072e-01 6.467819131046622649e-01
9.490964728131473516e-01 6.482272692798531910e-01
9.441074780275842127e-01 6.496667251909024055e-01
9.391529128152624750e-01 6.511003044596751499e-01
9.342325513230921308e-01 6.525280306293227417e-01
9.293461690220059523e-01 6.539499271639795941e-01
9.244935426980650517e-01 6.553660174484832179e-01
9.196744504437649459e-01 6.567763247881169830e-01
9.148886716495342464e-01 6.581808724083747508e-01
9.101359869954207538e-01 6.595796834547453802e-01
9.054161784429544113e-01 6.609727809925189934e-01
9.007290292271818988e-01 6.623601880066105618e-01
8.960743238488664275e-01 6.637419274014039194e-01
8.914518480668435219e-01 6.651180220006114308e-01
8.868613888905301224e-01 6.664884945471531985e-01
8.823027345725773518e-01 6.678533677030504823e-01
8.777756746016628364e-01 6.692126640493363254e-01
8.732799996954174748e-01 6.705664060859812814e-01
8.688155017934779956e-01 6.719146162318329063e-01
8.643819740506647475e-01 6.732573168245702400e-01
8.599792108302751759e-01 6.745945301206712763e-01
8.556070076974900962e-01 6.759262782953933124e-01
8.512651614128885491e-01 6.772525834427662872e-01
8.469534699260649058e-01 6.785734675755972223e-01
8.426717323693453388e-01 6.798889526254872084e-01
8.384197490515984397e-01 6.811990604428579399e-01
8.341973214521370972e-01 6.825038127969907942e-01
8.300042522147056401e-01 6.838032313760742387e-01
8.258403451415511354e-01 6.850973377872618952e-01
8.217054051875725129e-01 6.863861535567397087e-01
8.175992384545467395e-01 6.876697001298023304e-01
8.135216521854258254e-01 6.889479988709380498e-01
8.094724547587039964e-01 6.902210710639214986e-01
8.054514556828504812e-01 6.914889379119149027e-01
8.014584655908056909e-01 6.927516205375764402e-01
7.974932962345367971e-01 6.940091399831765928e-01
7.935557604796512621e-01 6.952615172107202701e-01
7.896456723000657707e-01 6.965087731020768169e-01
7.857628467727266752e-01 6.977509284591155714e-01
7.819071000723806231e-01 6.989880040038483067e-01
7.780782494663927018e-01 7.002200203785766686e-01
7.742761133096108805e-01 7.014469981460458303e-01
7.705005110392724177e-01 7.026689577896031436e-01
7.667512631699527903e-01 7.038859197133625623e-01
7.630281912885533702e-01 7.050979042423731746e-01
7.593311180493266255e-01 7.063049316227927310e-01
7.556598671689376268e-01 7.075070220220659456e-01
7.520142634215588595e-01 7.087041955291066841e-01
7.483941326339986766e-01 7.098964721544842593e-01
7.447993016808588385e-01 7.110838718306141670e-01
7.412295984797241388e-01 7.122664144119512653e-01
7.376848519863774545e-01 7.134441196751886149e-01
7.341648921900436608e-01 7.146170073194569872e-01
7.306695501086577504e-01 7.157850969665303653e-01
7.271986577841579313e-01 7.169484081610321136e-01
7.237520482778014852e-01 7.181069603706459192e-01
7.203295556655032739e-01 7.192607729863279564e-01
7.169310150331942300e-01 7.204098653225229354e-01
7.135562624722012748e-01 7.215542566173821504e-01
7.102051350746453329e-01 7.226939660329833037e-01
7.068774709288578872e-01 7.238290126555539938e-01
7.035731091148147431e-01 7.249594154956957581e-01
7.002918896995875553e-01 7.260851934886108916e-01
6.970336537328091220e-01 7.272063654943317079e-01
6.937982432421561096e-01 7.283229502979502445e-01
6.905855012288446559e-01 7.294349666098509655e-01
6.873952716631406279e-01 7.305424330659443521e-01
6.842273994798830916e-01 7.316453682279017157e-01
6.810817305740201055e-01 7.327437905833924514e-01
6.779581117961576142e-01 7.338377185463215158e-01
6.748563909481188894e-01 7.349271704570690122e-01
6.717764167785165164e-01 7.360121645827299997e-01
6.687180389783342616e-01 7.370927191173565207e-01
6.656811081765199312e-01 7.381688521821991866e-01
6.626654759355881108e-01 7.392405818259514261e-01
6.596709947472325641e-01 7.403079260249928462e-01
6.566975180279487345e-01 7.413709026836345917e-01
6.537449001146643512e-01 7.424295296343649264e-01
6.508129962603794727e-01 7.434838246380954807e-01
6.479016626298155224e-01 7.445338053844081649e-01
6.450107562950720963e-01 7.455794894918028604e-01
6.421401352312922084e-01 7.466208945079449988e-01
6.392896583123357512e-01 7.476580379099142526e-01
6.364591853064601734e-01 7.486909371044530026e-01
6.336485768720099276e-01 7.497196094282155832e-01
6.308576945531122471e-01 7.507440721480176382e-01
6.280864007753813594e-01 7.517643424610853664e-01
6.253345588416293621e-01 7.527804374953059874e-01
6.226020329275852028e-01 7.537923743094770979e-01
6.198886880776198760e-01 7.548001698935565829e-01
6.171943902004787263e-01 7.558038411689134151e-01
6.145190060650225217e-01 7.568034049885771219e-01
6.118624032959733006e-01 7.577988781374881411e-01
6.092244503696684355e-01 7.587902773327478423e-01
6.066050166098219121e-01 7.597776192238687720e-01
6.040039721832920483e-01 7.607609203930242314e-01
6.014211880958562073e-01 7.617401973552981875e-01
5.988565361879931714e-01 7.627154665589348514e-01
5.963098891306715110e-01 7.636867443855881454e-01
5.937811204211466132e-01 7.646540471505708370e-01
5.912701043787628175e-01 7.656173911031032286e-01
5.887767161407645444e-01 7.665767924265622923e-01
5.863008316581138635e-01 7.675322672387295819e-01
5.838423276913147220e-01 7.684838315920395901e-01
5.814010818062458341e-01 7.694315014738272174e-01
5.789769723700001203e-01 7.703752928065751293e-01
5.765698785467318066e-01 7.713152214481605595e-01
5.741796802935111854e-01 7.722513031921025561e-01
5.718062583561868140e-01 7.731835537678072301e-01
5.694494942652559288e-01 7.741119888408136696e-01
5.671092703317421879e-01 7.750366240130394102e-01
5.647854696430820720e-01 7.759574748230247954e-01
5.624779760590179478e-01 7.768745567461776691e-01
5.601866742075010119e-01 7.777878851950166261e-01
5.579114494806013402e-01 7.786974755194145947e-01
5.556521880304265970e-01 7.796033430068414205e-01
5.534087767650492928e-01 7.805055028826058949e-01
5.511811033444424801e-01 7.814039703100971179e-01
5.489690561764243304e-01 7.822987603910260823e-01
5.467725244126114825e-01 7.831898881656659261e-01
5.445913979443811614e-01 7.840773686130910747e-01
5.424255673988426230e-01 7.849612166514172706e-01
5.402749241348173692e-01 7.858414471380398281e-01
5.381393602388290232e-01 7.867180748698716641e-01
5.360187685211027508e-01 7.875911145835805538e-01
5.339130425115735656e-01 7.884605809558258294e-01
5.318220764559050684e-01 7.893264886034944139e-01
5.297457653115169585e-01 7.901888520839364105e-01
5.276840047436238690e-01 7.910476858951994705e-01
5.256366911212831949e-01 7.919030044762630505e-01
5.236037215134525802e-01 7.927548222072717810e-01
5.215849936850596169e-01 7.936031534097680584e-01
5.195804060930797608e-01 7.944480123469239707e-01
5.175898578826257923e-01 7.952894132237727787e-01
5.156132488830484917e-01 7.961273701874389541e-01
5.136504796040465282e-01 7.969618973273688844e-01
5.117014512317885622e-01 7.977930086755595784e-01
5.097660656250455613e-01 7.986207182067867061e-01
5.078442253113348848e-01 7.994450398388327494e-01
5.059358334830746928e-01 8.002659874327144873e-01
5.040407939937502357e-01 8.010835747929080375e-01
5.021590113540916889e-01 8.018978156675752311e-01
5.002903907282633122e-01 8.027087237487881000e-01
4.984348379300641008e-01 8.035163126727531413e-01
4.965922594191406469e-01 8.043205960200342508e-01
4.947625622972114390e-01 8.051215873157757663e-01
4.929456543043033712e-01 8.059193000299236243e-01
4.911414438150002448e-01 8.067137475774469602e-01
4.893498398347035927e-01 8.075049433185581549e-01
4.875707519959055491e-01 8.082929005589325477e-01
4.858040905544744326e-01 8.090776325499268173e-01
4.840497663859522071e-01 8.098591524887974735e-01
4.823076909818654889e-01 8.106374735189177949e-01
4.805777764460481549e-01 8.114126087299945445e-01
4.788599354909773842e-01 8.121845711582837968e-01
4.771540814341223014e-01 8.129533737868057663e-01
4.754601281943057201e-01 8.137190295455587474e-01
4.737779902880787652e-01 8.144815513117330541e-01
4.721075828261085960e-01 8.152409519099236279e-01
4.704488215095793957e-01 8.159972441123415354e-01
4.688016226266065178e-01 8.167504406390259097e-01
4.671659030486640662e-01 8.175005541580536716e-01
4.655415802270260195e-01 8.182475972857492508e-01
4.639285721892204561e-01 8.189915825868937516e-01
4.623267975354979353e-01 8.197325225749331201e-01
4.607361754353127004e-01 8.204704297121847567e-01
4.591566256238187038e-01 8.212053164100452385e-01
4.575880683983781783e-01 8.219371950291948226e-01
4.560304246150849172e-01 8.226660778798038365e-01
4.544836156853012121e-01 8.233919772217359601e-01
4.529475635722086113e-01 8.241149052647519513e-01
4.514221907873729456e-01 8.248348741687131502e-01
4.499074203873230093e-01 8.255518960437820963e-01
4.484031759701440079e-01 8.262659829506252551e-01
4.469093816720844381e-01 8.269771469006126363e-01
4.454259621641780131e-01 8.276853998560173009e-01
4.439528426488791313e-01 8.283907537302155344e-01
4.424899488567132777e-01 8.290932203878834672e-01
4.410372070429410263e-01 8.297928116451958047e-01
4.395945439842376956e-01 8.304895392700221146e-01
4.381618869753861056e-01 8.311834149821225592e-01
4.367391638259845443e-01 8.318744504533434059e-01
4.353263028571697224e-01 8.325626573078114268e-01
4.339232328983529396e-01 8.332480471221275220e-01
4.325298832839723495e-01 8.339306314255597874e-01
4.311461838502587129e-01 8.346104217002356940e-01
4.297720649320168063e-01 8.352874293813338236e-01
4.284074573594204849e-01 8.359616658572739389e-01
4.270522924548234567e-01 8.366331424699077202e-01
4.257065020295840441e-01 8.373018705147076135e-01
4.243700183809052673e-01 8.379678612409559024e-01
4.230427742886893050e-01 8.386311258519315581e-01
4.217247030124072205e-01 8.392916755050983113e-01
4.204157382879828986e-01 8.399495213122900594e-01
4.191158143246925816e-01 8.406046743398973842e-01
4.178248658020785600e-01 8.412571456090518485e-01
4.165428278668783513e-01 8.419069460958105156e-01
4.152696361299682004e-01 8.425540867313388027e-01
4.140052266633221789e-01 8.431985784020940011e-01
4.127495359969852728e-01 8.438404319500069084e-01
4.115025011160624024e-01 8.444796581726626838e-01
4.102640594577215416e-01 8.451162678234819259e-01
4.090341489082120474e-01 8.457502716119006392e-01
4.078127077998984773e-01 8.463816802035493136e-01
4.065996749083082840e-01 8.470105042204307821e-01
4.053949894491951089e-01 8.476367542410985223e-01
4.041985910756171196e-01 8.482604408008338481e-01
4.030104198750298905e-01 8.488815743918216583e-01
4.018304163663942719e-01 8.495001654633265176e-01
4.006585214972993580e-01 8.501162244218674058e-01
3.994946766411004990e-01 8.507297616313923561e-01
3.983388235940716893e-01 8.513407874134508724e-01
3.971909045725731668e-01 8.519493120473683456e-01
3.960508622102341669e-01 8.525553457704171390e-01
3.949186395551499973e-01 8.531588987779883393e-01
3.937941800670944903e-01 8.537599812237626207e-01
3.926774276147466658e-01 8.543586032198803304e-01
3.915683264729332147e-01 8.549547748371112421e-01
3.904668213198846383e-01 8.555485061050227547e-01
3.893728572345072636e-01 8.561398070121479797e-01
3.882863796936689704e-01 8.567286875061540519e-01
3.872073345695005719e-01 8.573151574940078845e-01
3.861356681267115731e-01 8.578992268421425926e-01
3.850713270199205840e-01 8.584809053766231379e-01
3.840142582910004432e-01 8.590602028833106418e-01
3.829644093664382187e-01 8.596371291080270316e-01
3.819217280547094751e-01 8.602116937567179100e-01
3.808861625436676390e-01 8.607839064956156472e-01
3.798576613979474659e-01 8.613537769514013620e-01
3.788361735563833266e-01 8.619213147113664597e-01
3.778216483294421502e-01 8.624865293235735031e-01
3.768140353966705214e-01 8.630494302970165288e-01
3.758132848041565444e-01 8.636100271017801422e-01
3.748193469620060281e-01 8.641683291691985014e-01
3.738321726418330493e-01 8.647243458920143011e-01
3.728517129742650038e-01 8.652780866245349811e-01
3.718779194464617577e-01 8.658295606827912660e-01
3.709107438996496198e-01 8.663787773446923746e-01
3.699501385266688591e-01 8.669257458501822278e-01
3.689960558695359882e-01 8.674704754013943253e-01
3.680484488170203128e-01 8.680129751628062884e-01
3.671072706022339704e-01 8.685532542613937368e-01
3.661724748002369023e-01 8.690913217867833884e-01
3.652440153256555355e-01 8.696271867914058262e-01
3.643218464303152326e-01 8.701608582906474876e-01
3.634059227008873405e-01 8.706923452630016547e-01
3.624961990565497283e-01 8.712216566502195558e-01
3.615926307466614809e-01 8.717488013574604677e-01
3.606951733484512479e-01 8.722737882534408183e-01
3.598037827647198039e-01 8.727966261705841777e-01
3.589184152215558754e-01 8.733173239051682524e-01
3.580390272660663453e-01 8.738358902174733212e-01
3.571655757641195583e-01 8.743523338319297844e-01
3.562980178981025592e-01 8.748666634372633810e-01
3.554363111646920426e-01 8.753788876866427371e-01
3.545804133726387364e-01 8.758890151978231398e-01
3.537302826405652745e-01 8.763970545532925316e-01
3.528858773947774474e-01 8.769030143004150624e-01
3.520471563670893311e-01 8.774069029515748630e-01
3.512140785926611275e-01 8.779087289843185982e-01
3.503866034078509384e-01 8.784085008414987961e-01
3.495646904480794737e-01 8.789062269314149578e-01
3.487482996457080264e-01 8.794019156279546667e-01
3.479373912279295489e-01 8.798955752707350308e-01
3.471319257146733839e-01 8.803872141652422378e-01
3.463318639165222090e-01 8.808768405829713322e-01
3.455371669326428030e-01 8.813644627615648819e-01
3.447477961487291909e-01 8.818500889049519786e-01
3.439637132349592785e-01 8.823337271834856832e-01
3.431848801439637553e-01 8.828153857340799160e-01
3.424112591088084301e-01 8.832950726603473468e-01
3.416428126409886690e-01 8.837727960327345089e-01
3.408795035284373220e-01 8.842485638886579125e-01
3.401212948335445296e-01 8.847223842326386034e-01
3.393681498911907957e-01 8.851942650364378329e-01
3.386200323067922180e-01 8.856642142391898398e-01
3.378769059543583198e-01 8.861322397475357437e-01
3.371387349745623707e-01 8.865983494357566608e-01
3.364054837728242542e-01 8.870625511459052648e-01
3.356771170174051577e-01 8.875248526879389033e-01
3.349535996375151981e-01 8.879852618398494934e-01
3.342348968214328142e-01 8.884437863477953057e-01
3.335209740146367063e-01 8.889004339262305265e-01
3.328117969179493763e-01 8.893552122580351549e-01
3.321073314856933245e-01 8.898081289946442318e-01
3.314075439238589604e-01 8.902591917561761825e-01
3.307124006882843914e-01 8.907084081315613799e-01
3.300218684828473137e-01 8.911557856786692655e-01
3.293359142576683940e-01 8.916013319244355806e-01
3.286545052073271966e-01 8.920450543649888209e-01
3.279776087690887687e-01 8.924869604657766908e-01
3.273051926211429374e-01 8.929270576616908928e-01
3.266372246808545432e-01 8.933653533571924710e-01
3.259736731030255519e-01 8.938018549264368229e-01
3.253145062781684915e-01 8.942365697133964897e-01
3.246596928307914909e-01 8.946695050319855014e-01
3.240092016176945866e-01 8.951006681661825004e-01
3.233630017262776879e-01 8.955300663701526442e-01
3.227210624728592547e-01 8.959577068683695078e-01
3.220833534010065780e-01 8.963835968557370970e-01
3.214498442798774946e-01 8.968077434977107520e-01
3.208205051025723731e-01 8.972301539304170515e-01
3.201953060844980881e-01 8.976508352607744934e-01
3.195742176617424879e-01 8.980697945666124005e-01
3.189572104894596860e-01 8.984870388967903798e-01
3.183442554402666769e-01 8.989025752713165618e-01
3.177353236026504990e-01 8.993164106814661718e-01
3.171303862793861117e-01 8.997285520898979927e-01
3.165294149859652628e-01 9.001390064307728256e-01
3.159323814490356819e-01 9.005477806098689531e-01
3.153392576048511531e-01 9.009548815046989345e-01
3.147500155977319691e-01 9.013603159646248475e-01
3.141646277785358765e-01 9.017640908109739728e-01
3.135830667031396790e-01 9.021662128371530365e-01
3.130053051309307777e-01 9.025666888087624518e-01
3.124313160233095354e-01 9.029655254637105610e-01
3.118610725422014673e-01 9.033627295123263234e-01
3.112945480485800331e-01 9.037583076374726687e-01
3.107317161009990891e-01 9.041522664946588517e-01
3.101725504541361089e-01 9.045446127121516966e-01
3.096170250573445637e-01 9.049353528910881739e-01
3.090651140532173491e-01 9.053244936055856451e-01
3.085167917761589829e-01 9.057120414028522193e-01
3.079720327509687383e-01 9.060980028032981082e-01
3.074308116914327704e-01 9.064823843006435400e-01
3.068931034989265672e-01 9.068651923620293376e-01
3.063588832610267265e-01 9.072464334281252762e-01
3.058281262501326703e-01 9.076261139132381084e-01
3.053008079220976279e-01 9.080042402054198103e-01
3.047769039148695014e-01 9.083808186665748297e-01
3.042563900471410565e-01 9.087558556325673331e-01
3.037392423170093836e-01 9.091293574133274547e-01
3.032254369006450734e-01 9.095013302929575438e-01
3.027149501509704410e-01 9.098717805298377481e-01
3.022077585963470758e-01 9.102407143567314840e-01
3.017038389392726061e-01 9.106081379808904641e-01
3.012031680550867896e-01 9.109740575841582810e-01
3.007057229906864304e-01 9.113384793230753234e-01
3.002114809632493997e-01 9.117014093289816934e-01
2.997204193589679266e-01 9.120628537081209020e-01
2.992325157317903273e-01 9.124228185417416759e-01
2.987477478021723365e-01 9.127813098862013197e-01
2.982660934558362675e-01 9.131383337730666350e-01
2.977875307425402185e-01 9.134938962092161718e-01
2.973120378748547177e-01 9.138480031769408152e-01
2.968395932269489168e-01 9.142006606340443708e-01
2.963701753333852773e-01 9.145518745139437078e-01
2.959037628879222503e-01 9.149016507257693442e-01
2.954403347423263937e-01 9.152499951544635914e-01
2.949798699051921491e-01 9.155969136608805847e-01
2.945223475407704461e-01 9.159424120818845383e-01
2.940677469678055767e-01 9.162864962304475558e-01
2.936160476583803969e-01 9.166291718957478851e-01
2.931672292367696331e-01 9.169704448432672850e-01
2.927212714783017922e-01 9.173103208148877252e-01
2.922781543082285660e-01 9.176488055289878654e-01
2.918378578006031177e-01 9.179859046805398659e-01
2.914003621771657504e-01 9.183216239412045345e-01
2.909656478062381257e-01 9.186559689594271383e-01
2.905336952016248642e-01 9.189889453605321057e-01
2.901044850215236948e-01 9.193205587468182838e-01
2.896779980674427657e-01 9.196508146976523079e-01
2.892542152831265034e-01 9.199797187695626377e-01
2.888331177534885219e-01 9.203072764963338148e-01
2.884146867035526918e-01 9.206334933890986116e-01
2.879989034974017037e-01 9.209583749364312899e-01
2.875857496371332367e-01 9.212819266044397493e-01
2.871752067618237869e-01 9.216041538368571207e-01
2.867672566464998241e-01 9.219250620551344699e-01
2.863618812011164971e-01 9.222446566585305039e-01
2.859590624695438899e-01 9.225629430242033857e-01
2.855587826285604369e-01 9.228799265073009961e-01
2.851610239868537788e-01 9.231956124410507503e-01
2.847657689840287221e-01 9.235100061368496371e-01
2.843730001896228043e-01 9.238231128843534812e-01
2.839827003021283547e-01 9.241349379515658713e-01
2.835948521480225470e-01 9.244454865849265346e-01
2.832094386808039488e-01 9.247547640094003762e-01
2.828264429800360080e-01 9.250627754285642990e-01
2.824458482503982015e-01 9.253695260246956877e-01
2.820676378207431778e-01 9.256750209588590073e-01
2.816917951431618938e-01 9.259792653709928434e-01
2.813183037920545804e-01 9.262822643799963895e-01
2.809471474632090904e-01 9.265840230838156000e-01
2.805783099728859642e-01 9.268845465595284550e-01
2.802117752569100451e-01 9.271838398634313361e-01
2.798475273697688670e-01 9.274819080311230701e-01
2.794855504837175930e-01 9.277787560775904163e-01
2.791258288878907812e-01 9.280743889972916660e-01
2.787683469874202569e-01 9.283688117642416859e-01
2.784130893025598685e-01 9.286620293320946296e-01
2.780600404678165716e-01 9.289540466342279812e-01
2.777091852310878406e-01 9.292448685838248235e-01
2.773605084528054099e-01 9.295345000739571040e-01
2.770139951050858418e-01 9.298229459776680139e-01
2.766696302708863686e-01 9.301102111480532564e-01
2.763273991431680621e-01 9.303963004183433139e-01
2.759872870240646092e-01 9.306812186019844946e-01
2.756492793240570283e-01 9.309649704927203118e-01
2.753133615611552676e-01 9.312475608646711978e-01
2.749795193600851340e-01 9.315289944724161053e-01
2.746477384514814934e-01 9.318092760510714445e-01
2.743180046710878006e-01 9.320884103163712409e-01
2.739903039589607903e-01 9.323664019647464052e-01
2.736646223586821636e-01 9.326432556734035595e-01
2.733409460165748261e-01 9.329189761004037518e-01
2.730192611809263425e-01 9.331935678847410598e-01
2.726995542012168872e-01 9.334670356464206398e-01
2.723818115273540785e-01 9.337393839865362200e-01
2.720660197089125321e-01 9.340106174873472611e-01
2.717521653943796855e-01 9.342807407123568941e-01
2.714402353304072868e-01 9.345497582063877484e-01
2.711302163610679328e-01 9.348176744956592232e-01
2.708220954271177705e-01 9.350844940878628719e-01
2.705158595652641940e-01 9.353502214722388963e-01
2.702114959074394807e-01 9.356148611196513087e-01
2.699089916800794797e-01 9.358784174826630942e-01
2.696083342034079067e-01 9.361408949956113723e-01
2.693095108907260782e-01 9.364022980746818936e-01
2.690125092477074209e-01 9.366626311179834241e-01
2.687173168716981420e-01 9.369218985056214644e-01
2.684239214510224514e-01 9.371801045997721902e-01
2.681323107642931691e-01 9.374372537447557274e-01
2.678424726797275501e-01 9.376933502671093157e-01
2.675543951544684385e-01 9.379483984756599169e-01
2.672680662339101398e-01 9.382024026615972678e-01
2.669834740510296234e-01 9.384553670985450458e-01
2.667006068257227747e-01 9.387072960426338097e-01
2.664194528641452564e-01 9.389581937325720551e-01
2.661400005580589756e-01 9.392080643897177117e-01
2.658622383841827141e-01 9.394569122181488652e-01
2.655861549035485325e-01 9.397047414047348113e-01
2.653117387608621147e-01 9.399515561192064439e-01
2.650389786838685535e-01 9.401973605142266432e-01
2.647678634827226318e-01 9.404421587254592207e-01
2.644983820493641002e-01 9.406859548716396402e-01
2.642305233568972289e-01 9.409287530546434075e-01
2.639642764589757995e-01 9.411705573595560148e-01
2.636996304891916498e-01 9.414113718547406640e-01
2.634365746604690472e-01 9.416512005919072115e-01
2.631750982644626147e-01 9.418900476061805582e-01
2.629151906709605302e-01 9.421279169161681510e-01
2.626568413272918345e-01 9.423648125240277063e-01
2.624000397577384014e-01 9.426007384155344893e-01
2.621447755629511822e-01 9.428356985601484830e-01
2.618910384193711693e-01 9.430696969110813344e-01
2.616388180786544670e-01 9.433027374053621905e-01
2.613881043671019144e-01 9.435348239639049783e-01
2.611388871850927051e-01 9.437659604915733524e-01
2.608911565065229476e-01 9.439961508772468646e-01
2.606449023782476671e-01 9.442253989938865777e-01
2.604001149195276921e-01 9.444537086985997920e-01
2.601567843214805387e-01 9.446810838327053261e-01
2.599149008465352351e-01 9.449075282217979099e-01
2.596744548278915876e-01 9.451330456758125775e-01
2.594354366689834990e-01 9.453576399890888382e-01
2.591978368429462831e-01 9.455813149404342921e-01
2.589616458920879771e-01 9.458040742931888012e-01
2.587268544273649828e-01 9.460259217952868838e-01
2.584934531278612058e-01 9.462468611793216633e-01
2.582614327402716903e-01 9.464668961626069299e-01
2.580307840783896411e-01 9.466860304472404231e-01
2.578014980225979969e-01 9.469042677201654490e-01
2.575735655193642781e-01 9.471216116532331641e-01
2.573469775807395443e-01 9.473380659032644147e-01
2.571217252838612910e-01 9.475536341121114647e-01
2.568977997704598448e-01 9.477683199067188369e-01
2.566751922463688107e-01 9.479821268991842631e-01
2.564538939810389051e-01 9.481950586868201913e-01
2.562338963070561748e-01 9.484071188522136264e-01
2.560151906196628246e-01 9.486183109632863042e-01
2.557977683762828747e-01 9.488286385733554207e-01
2.555816210960505375e-01 9.490381052211930291e-01
2.553667403593427032e-01 9.492467144310851035e-01
2.551531178073148109e-01 9.494544697128920463e-01
2.549407451414402170e-01 9.496613745621060865e-01
2.547296141230532274e-01 9.498674324599116758e-01
2.545197165728957378e-01 9.500726468732432206e-01
2.543110443706667612e-01 9.502770212548433681e-01
2.541035894545762841e-01 9.504805590433215157e-01
2.538973438209016220e-01 9.506832636632112088e-01
2.536922995235478817e-01 9.508851385250282062e-01
2.534884486736115328e-01 9.510861870253274342e-01
2.532857834389471985e-01 9.512864125467603849e-01
2.530842960437378886e-01 9.514858184581322931e-01
2.528839787680684514e-01 9.516844081144582024e-01
2.526848239475026348e-01 9.518821848570196975e-01
2.524868239726626995e-01 9.520791520134211927e-01
2.522899712888130863e-01 9.522753128976457759e-01
2.520942583954464133e-01 9.524706708101113861e-01
2.518996778458736374e-01 9.526652290377256582e-01
2.517062222468162691e-01 9.528589908539416564e-01
2.515138842580025291e-01 9.530519595188128301e-01
2.513226565917664468e-01 9.532441382790480811e-01
2.511325320126496230e-01 9.534355303680658311e-01
2.509435033370067680e-01 9.536261390060492005e-01
2.507555634326133487e-01 9.538159673999994093e-01
2.505687052182771768e-01 9.540050187437905116e-01
2.503829216634523291e-01 9.541932962182224642e-01
2.501982057878565091e-01 9.543808029910747504e-01
2.500145506610907953e-01 9.545675422171603364e-01
2.498319494022627485e-01 9.547535170383777414e-01
2.496503951796124610e-01 9.549387305837645501e-01
2.494698812101410756e-01 9.551231859695499260e-01
2.492904007592424975e-01 9.553068862992072363e-01
2.491119471403378804e-01 9.554898346635056772e-01
2.489345137145128062e-01 9.556720341405626762e-01
2.487580938901573224e-01 9.558534877958958509e-01
2.485826811226089228e-01 9.560341986824745231e-01
2.484082689137978583e-01 9.562141698407705670e-01
2.482348508118957242e-01 9.563934042988102568e-01
2.480624204109661834e-01 9.565719050722247818e-01
2.478909713506188273e-01 9.567496751643008723e-01
2.477204973156655332e-01 9.569267175660319813e-01
2.475509920357793769e-01 9.571030352561680221e-01
2.473824492851563195e-01 9.572786312012655507e-01
2.472148628821794758e-01 9.574535083557377257e-01
2.470482266890858258e-01 9.576276696619042683e-01
2.468825346116357289e-01 9.578011180500405342e-01
2.467177805987848527e-01 9.579738564384273625e-01
2.465539586423585727e-01 9.581458877333994817e-01
2.463910627767289252e-01 9.583172148293950254e-01
2.462290870784942520e-01 9.584878406090040492e-01
2.460680256661609555e-01 9.586577679430166032e-01
2.459078726998279174e-01 9.588269996904719150e-01
2.457486223808733883e-01 9.589955386987053521e-01
2.455902689516442639e-01 9.591633878033974936e-01
2.454328066951475540e-01 9.593305498286209820e-01
2.452762299347445996e-01 9.594970275868884846e-01
2.451205330338472876e-01 9.596628238791998777e-01
2.449657103956169035e-01 9.598279414950894317e-01
2.448117564626650644e-01 9.599923832126722179e-01
2.446586657167571233e-01 9.601561517986919592e-01
2.445064326785177933e-01 9.603192500085665495e-01
2.443550519071390759e-01 9.604816805864351270e-01
2.442045180000904370e-01 9.606434462652034822e-01
2.440548255928312038e-01 9.608045497665907986e-01
2.439059693585251820e-01 9.609649938011749493e-01
2.437579440077574100e-01 9.611247810684384607e-01
2.436107442882533280e-01 9.612839142568136985e-01
2.434643649845998903e-01 9.614423960437279426e-01
2.433188009179687861e-01 9.616002290956486842e-01
2.431740469458420761e-01 9.617574160681287010e-01
2.430300979617397439e-01 9.619139596058501329e-01
2.428869488949493838e-01 9.620698623426696683e-01
2.427445947102579438e-01 9.622251269016621755e-01
2.426030304076856048e-01 9.623797558951654452e-01
2.424622510222216865e-01 9.625337519248238216e-01
2.423222516235626345e-01 9.626871175816317239e-01
2.421830273158520619e-01 9.628398554459779435e-01
2.420445732374224557e-01 9.629919680876883881e-01
2.419068845605394924e-01 9.631434580660696021e-01
2.417699564911478249e-01 9.632943279299521766e-01
2.416337842686189508e-01 9.634445802177327156e-01
2.414983631655012730e-01 9.635942174574173569e-01
2.413636884872716326e-01 9.637432421666641824e-01
2.412297555720892550e-01 9.638916568528250739e-01
2.410965597905512792e-01 9.640394640129886783e-01
2.409640965454502570e-01 9.641866661340215972e-01
2.408323612715335127e-01 9.643332656926107971e-01
2.407013494352644722e-01 9.644792651553052432e-01
2.405710565345856866e-01 9.646246669785571992e-01
2.404414780986836864e-01 9.647694736087635281e-01
2.403126096877558904e-01 9.649136874823073251e-01
2.401844468927790133e-01 9.650573110255977749e-01
2.400569853352793048e-01 9.652003466551124511e-01
2.399302206671048709e-01 9.653427967774371732e-01
2.398041485701993547e-01 9.654846637893061967e-01
2.396787647563776991e-01 9.656259500776431803e-01
2.395540649671032973e-01 9.657666580196010431e-01
2.394300449732671976e-01 9.659067899826021542e-01
2.393067005749688891e-01 9.660463483243777461e-01
2.391840276012986433e-01 9.661853353930082156e-01
2.390620219101216304e-01 9.663237535269618705e-01
2.389406793878640356e-01 9.664616050551348980e-01
2.388199959493001456e-01 9.665988922968903330e-01
2.386999675373417118e-01 9.667356175620969161e-01
2.385805901228286174e-01 9.668717831511685068e-01
2.384618597043211552e-01 9.670073913551018308e-01
2.383437723078941084e-01 9.671424444555160038e-01
2.382263239869321925e-01 9.672769447246902796e-01
2.381095108219273004e-01 9.674108944256025744e-01
2.379933289202771085e-01 9.675442958119675474e-01
2.378777744160854579e-01 9.676771511282744598e-01
2.377628434699639026e-01 9.678094626098247000e-01
2.376485322688353385e-01 9.679412324827698644e-01
2.375348370257386321e-01 9.680724629641489498e-01
2.374217539796349974e-01 9.682031562619253240e-01
2.373092793952160662e-01 9.683333145750246951e-01
2.371974095627129298e-01 9.684629400933713050e-01
2.370861407977070678e-01 9.685920349979252331e-01
2.369754694409426377e-01 9.687206014607189219e-01
2.368653918581402062e-01 9.688486416448937044e-01
2.367559044398118429e-01 9.689761577047363295e-01
2.366470036010777378e-01 9.691031517857152666e-01
2.365386857814841537e-01 9.692296260245163442e-01
2.364309474448229864e-01 9.693555825490790534e-01
2.363237850789522698e-01 9.694810234786329639e-01
2.362171951956186511e-01 9.696059509237319185e-01
2.361111743302808652e-01 9.697303669862905595e-01
2.360057190419344864e-01 9.698542737596197449e-01
2.359008259129384277e-01 9.699776733284612984e-01
2.357964915488423574e-01 9.701005677690235363e-01
2.356927125782158350e-01 9.702229591490154625e-01
2.355894856524783088e-01 9.703448495276828512e-01
2.354868074457309723e-01 9.704662409558413305e-01
2.353846746545893431e-01 9.705871354759122438e-01
2.352830839980176725e-01 9.707075351219559556e-01
2.351820322171642164e-01 9.708274419197069349e-01
2.350815160751980604e-01 9.709468578866072841e-01
2.349815323571468884e-01 9.710657850318408224e-01
2.348820778697364720e-01 9.711842253563669480e-01
2.347831494412307984e-01 9.713021808529542778e-01
2.346847439212741138e-01 9.714196535062142868e-01
2.345868581807335485e-01 9.715366452926342822e-01
2.344894891115432700e-01 9.716531581806112650e-01
2.343926336265499122e-01 9.717691941304845704e-01
2.342962886593590033e-01 9.718847550945690639e-01
2.342004511641826714e-01 9.719998430171881143e-01
2.341051181156885430e-01 9.721144598347057908e-01
2.340102865088496686e-01 9.722286074755601692e-01
2.339159533587958084e-01 9.723422878602951958e-01
2.338221157006657447e-01 9.724555029015932162e-01
2.337287705894606493e-01 9.725682545043071725e-01
2.336359150998988110e-01 9.726805445654925775e-01
2.335435463262712785e-01 9.727923749744395998e-01
2.334516613822987252e-01 9.729037476127047057e-01
2.333602574009892849e-01 9.730146643541423002e-01
2.332693315344977480e-01 9.731251270649361462e-01
2.331788809539854790e-01 9.732351376036311175e-01
2.330889028494816106e-01 9.733446978211641731e-01
2.329993944297454878e-01 9.734538095608958885e-01
2.329103529221297486e-01 9.735624746586405420e-01
2.328217755724448224e-01 9.736706949426983115e-01
2.327336596448242589e-01 9.737784722338846954e-01
2.326460024215912248e-01 9.738858083455624870e-01
2.325588012031259144e-01 9.739927050836711953e-01
2.324720533077340445e-01 9.740991642467579092e-01
2.323857560715164305e-01 9.742051876260076071e-01
2.322999068482393403e-01 9.743107770052729100e-01
2.322145030092061246e-01 9.744159341611045022e-01
2.321295419431295415e-01 9.745206608627809963e-01
2.320450210560054405e-01 9.746249588723384649e-01
2.319609377709869191e-01 9.747288299446004167e-01
2.318772895282598945e-01 9.748322758272067734e-01
2.317940737849194521e-01 9.749352982606438456e-01
2.317112880148470833e-01 9.750378989782731987e-01
2.316289297085890042e-01 9.751400797063611847e-01
2.315469963732352254e-01 9.752418421641079194e-01
2.314654855322996752e-01 9.753431880636758144e-01
2.313843947256013223e-01 9.754441191102185549e-01
2.313037215091460486e-01 9.755446370019104085e-01
2.312234634550094092e-01 9.756447434299737598e-01
2.311436181512205590e-01 9.757444400787084193e-01
2.310641832016467334e-01 9.758437286255194909e-01
2.309851562258787017e-01 9.759426107409457929e-01
2.309065348591174127e-01 9.760410880886878360e-01
2.308283167520610302e-01 9.761391623256359118e-01
2.307504995707931050e-01 9.762368351018981816e-01
2.306730809966716089e-01 9.763341080608277656e-01
2.305960587262187445e-01 9.764309828390510537e-01
2.305194304710115882e-01 9.765274610664951283e-01
2.304431939575737054e-01 9.766235443664148530e-01
2.303673469272673191e-01 9.767192343554205181e-01
2.302918871361866182e-01 9.768145326435050402e-01
2.302168123550517309e-01 9.769094408340709412e-01
2.301421203691034756e-01 9.770039605239569935e-01
2.300678089779988889e-01 9.770980933034657534e-01
2.299938759957078083e-01 9.771918407563898734e-01
2.299203192504098991e-01 9.772852044600386368e-01
2.298471365843926528e-01 9.773781859852652687e-01
2.297743258539502731e-01 9.774707868964923607e-01
2.297018849292830345e-01 9.775630087517387379e-01
2.296298116943976120e-01 9.776548531026456601e-01
2.295581040470082990e-01 9.777463214945028014e-01
2.294867598984385026e-01 9.778374154662742290e-01
2.294157771735236828e-01 9.779281365506244939e-01
2.293451538105142906e-01 9.780184862739440543e-01
2.292748877609800950e-01 9.781084661563755889e-01
2.292049769897148426e-01 9.781980777118388648e-01
2.291354194746417217e-01 9.782873224480568286e-01
2.290662132067195489e-01 9.783762018665801419e-01
2.289973561898499266e-01 9.784647174628133826e-01
2.289288464407846502e-01 9.785528707260396919e-01
2.288606819890341426e-01 9.786406631394459765e-01
2.287928608767764993e-01 9.787280961801476664e-01
2.287253811587671715e-01 9.788151713192138059e-01
2.286582409022495377e-01 9.789018900216919228e-01
2.285914381868658918e-01 9.789882537466321200e-01
2.285249711045692078e-01 9.790742639471122777e-01
2.284588377595356268e-01 9.791599220702618123e-01
2.283930362680776927e-01 9.792452295572867671e-01
2.283275647585578660e-01 9.793301878434937935e-01
2.282624213713032868e-01 9.794147983583136874e-01
2.281976042585205089e-01 9.794990625253264804e-01
2.281331115842115953e-01 9.795829817622846436e-01
2.280689415240902129e-01 9.796665574811371791e-01
2.280050922654988377e-01 9.797497910880534899e-01
2.279415620073260984e-01 9.798326839834469171e-01
2.278783489599254253e-01 9.799152375619980537e-01
2.278154513450336704e-01 9.799974532126786153e-01
2.277528673956906169e-01 9.800793323187747541e-01
2.276905953561592366e-01 9.801608762579101519e-01
2.276286334818462542e-01 9.802420864020692237e-01
2.275669800392235431e-01 9.803229641176204323e-01
2.275056333057499935e-01 9.804035107653389369e-01
2.274445915697940190e-01 9.804837277004296858e-01
2.273838531305567290e-01 9.805636162725500649e-01
2.273234162979954620e-01 9.806431778258329901e-01
2.272632793927480688e-01 9.807224136989091123e-01
2.272034407460579442e-01 9.808013252249295766e-01
2.271438986996990317e-01 9.808799137315882266e-01
2.270846516059021603e-01 9.809581805411441424e-01
2.270256978272813253e-01 9.810361269704438447e-01
2.269670357367608027e-01 9.811137543309432774e-01
2.269086637175027898e-01 9.811910639287303448e-01
2.268505801628357132e-01 9.812680570645464506e-01
2.267927834761826189e-01 9.813447350338082575e-01
2.267352720709907843e-01 9.814210991266298922e-01
2.266780443706611914e-01 9.814971506278447055e-01
2.266210988084790268e-01 9.815728908170263667e-01
2.265644338275445147e-01 9.816483209685107347e-01
2.265080478807041942e-01 9.817234423514173969e-01
2.264519394304828626e-01 9.817982562296706517e-01
2.263961069490159073e-01 9.818727638620212694e-01
2.263405489179822760e-01 9.819469665020672533e-01
2.262852638285378359e-01 9.820208653982751557e-01
2.262302501812492872e-01 9.820944617940010613e-01
2.261755064860286324e-01 9.821677569275111264e-01
2.261210312620679508e-01 9.822407520320031171e-01
2.260668230377748944e-01 9.823134483356267266e-01
2.260128803507084616e-01 9.823858470615043359e-01
2.259592017475155756e-01 9.824579494277514424e-01
2.259057857838676076e-01 9.825297566474970878e-01
2.258526310243978708e-01 9.826012699289047303e-01
2.257997360426394207e-01 9.826724904751922285e-01
2.257470994209632154e-01 9.827434194846522697e-01
2.256947197505168867e-01 9.828140581506720208e-01
2.256425956311638725e-01 9.828844076617540004e-01
2.255907256714230480e-01 9.829544692015355078e-01
2.255391084884088571e-01 9.830242439488087181e-01
2.254877427077718044e-01 9.830937330775404437e-01
2.254366269636393638e-01 9.831629377568921191e-01
2.253857598985574973e-01 9.832318591512390071e-01
2.253351401634325346e-01 9.833004984201902943e-01
2.252847664174733311e-01 9.833688567186084084e-01
2.252346373281340353e-01 9.834369351966281148e-01
2.251847515710573844e-01 9.835047349996764998e-01
2.251351078300180275e-01 9.835722572684918452e-01
2.250857047968667368e-01 9.836395031391429455e-01
2.250365411714747577e-01 9.837064737430479822e-01
2.249876156616785750e-01 9.837731702069937301e-01
2.249389269832253180e-01 9.838395936531549868e-01
2.248904738597181652e-01 9.839057451991123360e-01
2.248422550225626648e-01 9.839716259578722424e-01
2.247942692109130280e-01 9.840372370378849265e-01
2.247465151716189768e-01 9.841025795430629053e-01
2.246989916591732306e-01 9.841676545728003100e-01
2.246516974356587981e-01 9.842324632219908720e-01
2.246046312706972692e-01 9.842970065810464630e-01
2.245577919413972445e-01 9.843612857359154145e-01
2.245111782323029603e-01 9.844253017681006135e-01
2.244647889353437176e-01 9.844890557546782661e-01
2.244186228497832558e-01 9.845525487683152166e-01
2.243726787821697655e-01 9.846157818772877102e-01
2.243269555462861775e-01 9.846787561454989346e-01
2.242814519631009806e-01 9.847414726324971168e-01
2.242361668607190661e-01 9.848039323934932865e-01
2.241910990743333498e-01 9.848661364793789286e-01
2.241462474461763110e-01 9.849280859367440799e-01
2.241016108254723915e-01 9.849897818078944267e-01
2.240571880683903117e-01 9.850512251308688461e-01
2.240129780379958579e-01 9.851124169394572805e-01
2.239689796042052816e-01 9.851733582632181685e-01
2.239251916437386414e-01 9.852340501274949869e-01
2.238816130400738125e-01 9.852944935534343474e-01
2.238382426834006622e-01 9.853546895580027609e-01
2.237950794705755309e-01 9.854146391540040684e-01
2.237521223050762675e-01 9.854743433500959826e-01
2.237093700969573773e-01 9.855338031508077412e-01
2.236668217628055566e-01 9.855930195565559826e-01
2.236244762256956453e-01 9.856519935636627316e-01
2.235823324151468838e-01 9.857107261643714979e-01
2.235403892670793091e-01 9.857692183468639291e-01
2.234986457237707336e-01 9.858274710952769082e-01
2.234571007338138626e-01 9.858854853897184300e-01
2.234157532520738010e-01 9.859432622062850315e-01
2.233746022396458641e-01 9.860008025170770019e-01
2.233336466638137507e-01 9.860581072902159239e-01
2.232928854980077704e-01 9.861151774898602174e-01
2.232523177217638211e-01 9.861720140762216813e-01
2.232119423206822828e-01 9.862286180055814810e-01
2.231717582863874116e-01 9.862849902303062466e-01
2.231317646164869550e-01 9.863411316988642819e-01
2.230919603145319619e-01 9.863970433558413298e-01
2.230523443899772862e-01 9.864527261419565596e-01
2.230129158581418414e-01 9.865081809940783319e-01
2.229736737401694924e-01 9.865634088452399642e-01
2.229346170629902535e-01 9.866184106246556063e-01
2.228957448592815416e-01 9.866731872577356732e-01
2.228570561674297623e-01 9.867277396661022770e-01
2.228185500314925627e-01 9.867820687676052138e-01
2.227802255011606947e-01 9.868361754763369520e-01
2.227420816317208230e-01 9.868900607026482863e-01
2.227041174840180271e-01 9.869437253531633258e-01
2.226663321244190252e-01 9.869971703307952593e-01
2.226287246247754259e-01 9.870503965347611208e-01
2.225912940623873959e-01 9.871034048605971112e-01
2.225540395199673005e-01 9.871561962001736967e-01
2.225169600856040653e-01 9.872087714417101534e-01
2.224800548527273991e-01 9.872611314697902207e-01
2.224433229200724893e-01 9.873132771653766460e-01
2.224067633916448350e-01 9.873652094058259499e-01
2.223703753766854974e-01 9.874169290649030817e-01
2.223341579896363773e-01 9.874684370127965183e-01
2.222981103501059930e-01 9.875197341161328080e-01
2.222622315828352291e-01 9.875708212379905593e-01
2.222265208176636975e-01 9.876216992379158732e-01
2.221909771894959862e-01 9.876723689719358878e-01
2.221555998382682973e-01 9.877228312925743214e-01
2.221203879089154454e-01 9.877730870488643511e-01
2.220853405513378842e-01 9.878231370863643779e-01
2.220504569203690381e-01 9.878729822471711275e-01
2.220157361757429948e-01 9.879226233699344162e-01
2.219811774820623362e-01 9.879720612898711396e-01
2.219467800087661924e-01 9.880212968387792616e-01
2.219125429300984886e-01 9.880703308450516920e-01
2.218784654250765265e-01 9.881191641336906084e-01
2.218445466774596753e-01 9.881677975263207792e-01
2.218107858757185080e-01 9.882162318412041069e-01
2.217771822130038817e-01 9.882644678932527293e-01
2.217437348871162950e-01 9.883125064940428972e-01
2.217104431004758014e-01 9.883603484518290738e-01
2.216773060600915890e-01 9.884079945715569249e-01
2.216443229775322266e-01 9.884554456548769741e-01
2.216114930688959372e-01 9.885027025001588141e-01
2.215788155547811222e-01 9.885497659025033190e-01
2.215462896602570508e-01 9.885966366537570771e-01
2.215139146148348281e-01 9.886433155425251584e-01
2.214816896524386125e-01 9.886898033541843267e-01
2.214496140113768607e-01 9.887361008708969168e-01
2.214176869343138510e-01 9.887822088716232694e-01
2.213859076682417326e-01 9.888281281321350535e-01
2.213542754644520216e-01 9.888738594250284786e-01
2.213227895785083443e-01 9.889194035197371724e-01
2.212914492702182656e-01 9.889647611825449491e-01
2.212602538036061994e-01 9.890099331765992430e-01
2.212292024468861251e-01 9.890549202619232094e-01
2.211982944724344424e-01 9.890997231954290481e-01
2.211675291567631596e-01 9.891443427309308811e-01
2.211369057804933591e-01 9.891887796191566329e-01
2.211064236283284967e-01 9.892330346077614633e-01
2.210760819890284223e-01 9.892771084413400917e-01
2.210458801553830399e-01 9.893210018614392309e-01
2.210158174241865503e-01 9.893647156065699111e-01
2.209858930962116941e-01 9.894082504122203581e-01
2.209561064761842442e-01 9.894516070108680950e-01
2.209264568727575262e-01 9.894947861319921545e-01
2.208969435984874941e-01 9.895377885020858466e-01
2.208675659698075833e-01 9.895806148446681938e-01
2.208383233070038421e-01 9.896232658802966986e-01
2.208092149341904231e-01 9.896657423265794451e-01
2.207802401792851588e-01 9.897080448981868672e-01
2.207513983739850527e-01 9.897501743068638502e-01
2.207226888537424381e-01 9.897921312614421652e-01
2.206941109577407745e-01 9.898339164678516822e-01
2.206656640288711668e-01 9.898755306291328049e-01
2.206373474137084678e-01 9.899169744454479059e-01
2.206091604624880742e-01 9.899582486140934279e-01
2.205811025290825012e-01 9.899993538295114304e-01
2.205531729709784006e-01 9.900402907833012467e-01
2.205253711492534963e-01 9.900810601642312525e-01
2.204976964285538521e-01 9.901216626582505231e-01
2.204701481770713622e-01 9.901620989485000468e-01
2.204427257665211859e-01 9.902023697153244930e-01
2.204154285721193485e-01 9.902424756362835367e-01
2.203882559725607870e-01 9.902824173861635160e-01
2.203612073499973123e-01 9.903221956369883117e-01
2.203342820900157650e-01 9.903618110580310052e-01
2.203074795816162834e-01 9.904012643158249807e-01
2.202807992171908757e-01 9.904405560741754710e-01
2.202542403925019099e-01 9.904796869941699944e-01
2.202278025066610745e-01 9.905186577341905663e-01
2.202014849621082015e-01 9.905574689499235808e-01
2.201752871645902832e-01 9.905961212943720229e-01
2.201492085231408213e-01 9.906346154178651275e-01
2.201232484500591224e-01 9.906729519680707030e-01
2.200974063608897857e-01 9.907111315900049009e-01
2.200716816744025250e-01 9.907491549260436514e-01
2.200460738125716575e-01 9.907870226159336546e-01
2.200205822005563694e-01 9.908247352968025945e-01
2.199952062666805652e-01 9.908622936031700190e-01
2.199699454424132727e-01 9.908996981669583315e-01
2.199447991623487697e-01 9.909369496175031156e-01
2.199197668641873771e-01 9.909740485815639044e-01
2.198948479887157803e-01 9.910109956833342837e-01
2.198700419797880723e-01 9.910477915444532160e-01
2.198453482843064632e-01 9.910844367840146996e-01
2.198207663522023514e-01 9.911209320185787597e-01
2.197962956364175879e-01 9.911572778621812185e-01
2.197719355928856588e-01 9.911934749263446864e-01
2.197476856805132273e-01 9.912295238200883318e-01
2.197235453611615097e-01 9.912654251499387614e-01
2.196995140996281792e-01 9.913011795199391241e-01
2.196755913636290192e-01 9.913367875316606570e-01
2.196517766237799651e-01 9.913722497842115677e-01
2.196280693535790640e-01 9.914075668742478031e-01
2.196044690293887103e-01 9.914427393959831525e-01
2.195809751304180768e-01 9.914777679411989064e-01
2.195575871387052680e-01 9.915126530992538489e-01
2.195343045391002501e-01 9.915473954570941384e-01
2.195111268192471432e-01 9.915819955992638546e-01
2.194880534695673180e-01 9.916164541079135475e-01
2.194650839832421318e-01 9.916507715628112285e-01
2.194422178561961090e-01 9.916849485413515852e-01
2.194194545870799262e-01 9.917189856185658625e-01
2.193967936772537597e-01 9.917528833671312993e-01
2.193742346307706592e-01 9.917866423573808987e-01
2.193517769543601725e-01 9.918202631573131978e-01
2.193294201574116919e-01 9.918537463326015935e-01
2.193071637519584116e-01 9.918870924466040018e-01
2.192850072526610072e-01 9.919203020603719612e-01
2.192629501767917322e-01 9.919533757326607359e-01
2.192409920442183191e-01 9.919863140199383089e-01
2.192191323773881872e-01 9.920191174763944852e-01
2.191973707013128991e-01 9.920517866539509955e-01
2.191757065435522012e-01 9.920843221022700442e-01
2.191541394341988414e-01 9.921167243687637471e-01
2.191326689058629429e-01 9.921489939986036788e-01
2.191112944936568496e-01 9.921811315347295324e-01
2.190900157351798327e-01 9.922131375178590007e-01
2.190688321705030472e-01 9.922450124864955479e-01
2.190477433421544606e-01 9.922767569769389562e-01
2.190267487951041703e-01 9.923083715232935420e-01
2.190058480767493876e-01 9.923398566574771484e-01
2.189850407368999496e-01 9.923712129092306933e-01
2.189643263277635254e-01 9.924024408061260516e-01
2.189437044039313773e-01 9.924335408735758257e-01
2.189231745223637338e-01 9.924645136348418939e-01
2.189027362423757173e-01 9.924953596110440701e-01
2.188823891256229948e-01 9.925260793211690968e-01
2.188621327360877056e-01 9.925566732820793048e-01
2.188419666400646113e-01 9.925871420085210506e-01
2.188218904061469683e-01 9.926174860131339317e-01
2.188019036052129274e-01 9.926477058064586689e-01
2.187820058104116561e-01 9.926778018969467654e-01
2.187621965971497939e-01 9.927077747909676120e-01
2.187424755430779355e-01 9.927376249928185903e-01
2.187228422280771689e-01 9.927673530047322892e-01
2.187032962342456976e-01 9.927969593268853865e-01
2.186838371458856012e-01 9.928264444574074199e-01
2.186644645494897343e-01 9.928558088923887803e-01
2.186451780337285433e-01 9.928850531258890388e-01
2.186259771894370485e-01 9.929141776499454952e-01
2.186068616096021600e-01 9.929431829545811716e-01
2.185878308893496047e-01 9.929720695278131393e-01
2.185688846259312978e-01 9.930008378556611781e-01
2.185500224187127971e-01 9.930294884221553264e-01
2.185312438691605630e-01 9.930580217093443185e-01
2.185125485808295520e-01 9.930864381973034671e-01
2.184939361593508655e-01 9.931147383641432125e-01
2.184754062124194540e-01 9.931429226860170045e-01
2.184569583497817657e-01 9.931709916371285196e-01
2.184385921832237010e-01 9.931989456897409863e-01
2.184203073265585382e-01 9.932267853141841796e-01
2.184021033956149993e-01 9.932545109788626370e-01
2.183839800082252036e-01 9.932821231502634296e-01
2.183659367842129273e-01 9.933096222929642671e-01
2.183479733453818905e-01 9.933370088696410471e-01
2.183300893155041000e-01 9.933642833410756268e-01
2.183122843203081087e-01 9.933914461661639272e-01
2.182945579874677466e-01 9.934184978019232615e-01
2.182769099465903806e-01 9.934454387035001055e-01
2.182593398292059228e-01 9.934722693241779812e-01
2.182418472687552291e-01 9.934989901153846725e-01
2.182244319005790523e-01 9.935256015267004415e-01
2.182070933619068287e-01 9.935521040058648001e-01
2.181898312918456873e-01 9.935784979987849486e-01
2.181726453313694303e-01 9.936047839495423251e-01
2.181555351233075979e-01 9.936309623004007108e-01
2.181385003123346156e-01 9.936570334918137792e-01
2.181215405449591915e-01 9.936829979624318687e-01
2.181046554695132977e-01 9.937088561491097538e-01
2.180878447361418448e-01 9.937346084869144169e-01
2.180711079967920241e-01 9.937602554091312657e-01
2.180544449052026212e-01 9.937857973472724593e-01
2.180378551168939416e-01 9.938112347310840144e-01
2.180213382891572627e-01 9.938365679885521331e-01
2.180048940810444813e-01 9.938617975459117515e-01
2.179885221533580941e-01 9.938869238276528684e-01
2.179722221686409001e-01 9.939119472565275393e-01
2.179559937911659528e-01 9.939368682535575372e-01
2.179398366869265968e-01 9.939616872380413470e-01
2.179237505236264749e-01 9.939864046275608267e-01
2.179077349706695921e-01 9.940110208379885348e-01
2.178917896991506009e-01 9.940355362834948361e-01
2.178759143818450039e-01 9.940599513765545625e-01
2.178601086931993835e-01 9.940842665279542301e-01
2.178443723093219375e-01 9.941084821467986998e-01
2.178287049079727089e-01 9.941325986405185056e-01
2.178131061685542602e-01 9.941566164148757379e-01
2.177975757721022088e-01 9.941805358739722598e-01
2.177821134012756510e-01 9.942043574202553691e-01
2.177667187403481142e-01 9.942280814545249035e-01
2.177513914751981194e-01 9.942517083759403462e-01
2.177361312933001614e-01 9.942752385820270433e-01
2.177209378837152154e-01 9.942986724686829758e-01
2.177058109370821060e-01 9.943220104301858653e-01
2.176907501456081806e-01 9.943452528591993911e-01
2.176757552030604559e-01 9.943684001467796296e-01
2.176608258047567357e-01 9.943914526823822708e-01
2.176459616475566461e-01 9.944144108538683913e-01
