3.909602772271018600e-01 9.598548196281812828e-02
3.916288503333811288e-01 1.005619033258881162e-01
3.921659973976341362e-01 1.051151258279631046e-01
3.925767176411948389e-01 1.096452674305236907e-01
3.928673954267988822e-01 1.141524454787377491e-01
3.930453704154465155e-01 1.186367767019352037e-01
3.931185471218626160e-01 1.230983772151681838e-01
3.930950636087474082e-01 1.275373625216928430e-01
3.929830270765476419e-01 1.319538475161848301e-01
3.927903152800092390e-01 1.363479464885003767e-01
3.925244371712759972e-01 1.407197731278131969e-01
3.921924434182597619e-01 1.450694405269831178e-01
3.918008767159182337e-01 1.493970611870422127e-01
3.913557523525515447e-01 1.537027470217104674e-01
3.908625607131752111e-01 1.579866093618789713e-01
3.903262848749867175e-01 1.622487589600169477e-01
3.897514279129753456e-01 1.664893059944759779e-01
3.891420458454811215e-01 1.707083600736760964e-01
3.885017832510417324e-01 1.749060302401665434e-01
3.878339094703621148e-01 1.790824249745614216e-01
3.871413539887569311e-01 1.832376521993525909e-01
3.864267401046901362e-01 1.873718192826065165e-01
3.856924163614847134e-01 1.914850330415519275e-01
3.849404854822192079e-01 1.955773997460661939e-01
3.841728307283706068e-01 1.996490251220686130e-01
3.833911397222366513e-01 2.037000143548286790e-01
3.825969258483629121e-01 2.077304720921962222e-01
3.817915473929769377e-01 2.117405024477611863e-01
3.809762246024165910e-01 2.157302090039487086e-01
3.801520548488097617e-01 2.196996948150555518e-01
3.793200260889250108e-01 2.236490624102333014e-01
3.784810287937926399e-01 2.275784137964225740e-01
3.776358665149283089e-01 2.314878504612425114e-01
3.767852652394979018e-01 2.353774733758396687e-01
3.759298816727086878e-01 2.392473829976986543e-01
3.750703105718318775e-01 2.430976792734184655e-01
3.742070912430242591e-01 2.469284616414562372e-01
3.733407132997748068e-01 2.507398290348409886e-01
3.724716217704934218e-01 2.545318798838595020e-01
3.716002216325119401e-01 2.583047121187156958e-01
3.707268818405777266e-01 2.620584231721653223e-01
3.698519389097243426e-01 2.657931099821277954e-01
3.689757001051420793e-01 2.695088689942748972e-01
3.680984462852561756e-01 2.732057961645995570e-01
3.672204344385731067e-01 2.768839869619638128e-01
3.663418999498971873e-01 2.805435363706278995e-01
3.654630586271692683e-01 2.841845388927606852e-01
3.645841085163709638e-01 2.878070885509326216e-01
3.637052315286041226e-01 2.914112788905910967e-01
3.628265949005386459e-01 2.949972029825198572e-01
3.619483525068725727e-01 2.985649534252817205e-01
3.610706460412165808e-01 3.021146223476457449e-01
3.601936060798640593e-01 3.056463014109996323e-01
3.593173530412006600e-01 3.091600818117465899e-01
3.584419980520116567e-01 3.126560542836880896e-01
3.575676437306345434e-01 3.161343091003921968e-01
3.566943848957576657e-01 3.195949360775478532e-01
3.558223092086563732e-01 3.230380245753060597e-01
3.549514977557737261e-01 3.264636635006064602e-01
3.540820255777749614e-01 3.298719413094917674e-01
3.532139621505216431e-01 3.332629460094084783e-01
3.523473718228063989e-01 3.366367651614949885e-01
3.514823142151616842e-01 3.399934858828569939e-01
3.506188445835834999e-01 3.433331948488302365e-01
3.497570141515999875e-01 3.466559782952308155e-01
3.488968704137480614e-01 3.499619220205936743e-01
3.480384574131957232e-01 3.532511113883983200e-01
3.471818159959641492e-01 3.565236313292831638e-01
3.463269840439445746e-01 3.597795663432477031e-01
3.454739966886833380e-01 3.630190005018427146e-01
3.446228865077046177e-01 3.662420174503495662e-01
3.437736837049621408e-01 3.694487004099470950e-01
3.429264162768537738e-01 3.726391321798675493e-01
3.420811101650876873e-01 3.758133951395412065e-01
3.412377893975651055e-01 3.789715712507294998e-01
3.403964762183294135e-01 3.821137420596469325e-01
3.395571912075310839e-01 3.852399886990723887e-01
3.387199533922667927e-01 3.883503918904487318e-01
3.378847803490701573e-01 3.914450319459721328e-01
3.370516882987578122e-01 3.945239887706700754e-01
3.362206921942704207e-01 3.975873418644689239e-01
3.353918058020881610e-01 4.006351703242503337e-01
3.345650417777473185e-01 4.036675528458977813e-01
3.337404117359381028e-01 4.066845677263316028e-01
3.329179263156194502e-01 4.096862928655343183e-01
3.320975952405484377e-01 4.126728057685651319e-01
3.312794273755866326e-01 4.156441835475638835e-01
3.304634307791151082e-01 4.186005029237455655e-01
3.296496127518583896e-01 4.215418402293833466e-01
3.288379798823960476e-01 4.244682714097823273e-01
3.280285380896124647e-01 4.273798720252429129e-01
3.272212926623175311e-01 4.302767172530143069e-01
3.264162482962496559e-01 4.331588818892372350e-01
3.256134091286560506e-01 4.360264403508780084e-01
3.248127787706279745e-01 4.388794666776513753e-01
3.240143603373556447e-01 4.417180345339346004e-01
3.232181564764529669e-01 4.445422172106710534e-01
3.224241693944907561e-01 4.473520876272643609e-01
3.216324008818659541e-01 4.501477183334630650e-01
3.208428523361243623e-01 4.529291815112351793e-01
3.200555247838450246e-01 4.556965489766336419e-01
3.192704189011862925e-01 4.584498921816521633e-01
3.184875350331856092e-01 4.611892822160712502e-01
3.177068732118979444e-01 4.639147898092952915e-01
3.169284331734522064e-01 4.666264853321802075e-01
3.161522143740972957e-01 4.693244387988513844e-01
3.153782160053063555e-01 4.720087198685128382e-01
3.146064370080006722e-01 4.746793978472469977e-01
3.138368760859512330e-01 4.773365416898052160e-01
3.130695317184112314e-01 4.799802200013892906e-01
3.123044021720302599e-01 4.826105010394238781e-01
3.115414855120944848e-01 4.852274527153199735e-01
3.107807796131373812e-01 4.878311425962292280e-01
3.100222821689594954e-01 4.904216379067897202e-01
3.092659907020951504e-01 4.929990055308622887e-01
3.085119025727601771e-01 4.955633120132585390e-01
3.077600149873119806e-01 4.981146235614599127e-01
3.070103250062533595e-01 5.006530060473278754e-01
3.062628295518063370e-01 5.031785250088055550e-01
3.055175254150828690e-01 5.056912456516107213e-01
3.047744092628759671e-01 5.081912328509203824e-01
3.040334776440944964e-01 5.106785511530461674e-01
3.032947269958619629e-01 5.131532647771018807e-01
3.025581536492997770e-01 5.156154376166622866e-01
3.018237538350123095e-01 5.180651332414138999e-01
3.010915236882922841e-01 5.205024148987961174e-01
3.003614592540614914e-01 5.229273455156357997e-01
2.996335564915622585e-01 5.253399876997720819e-01
2.989078112788141062e-01 5.277404037416739691e-01
2.981842194168482507e-01 5.301286556160491603e-01
2.974627766337329393e-01 5.325048049834443242e-01
2.967434785884004445e-01 5.348689131918384909e-01
2.960263208742875407e-01 5.372210412782271183e-01
2.953112990227989010e-01 5.395612499701990528e-01
2.945984085066035707e-01 5.418895996875042753e-01
2.938876447427732908e-01 5.442061505436155411e-01
2.931790030957711068e-01 5.465109623472799161e-01
2.924724788802982034e-01 5.488040946040645407e-01
2.917680673640070665e-01 5.510856065178926233e-01
2.910657637700868605e-01 5.533555569925735496e-01
2.903655632797288444e-01 5.556140046333233329e-01
2.896674610344772693e-01 5.578610077482788476e-01
2.889714521384722512e-01 5.600966243500037356e-01
2.882775316605895588e-01 5.623209121569864299e-01
2.875856946364830913e-01 5.645339285951312958e-01
2.868959360705346517e-01 5.667357307992417770e-01
2.862082509377157913e-01 5.689263756144954387e-01
2.855226341853662753e-01 5.711059195979127923e-01
2.848390807348927800e-01 5.732744190198181267e-01
2.841575854833924830e-01 5.754319298652921244e-01
2.834781433052048216e-01 5.775785078356183710e-01
2.828007490533948065e-01 5.797142083497215381e-01
2.821253975611716092e-01 5.818390865455993488e-01
2.814520836432450324e-01 5.839531972817458838e-01
2.807808020971236385e-01 5.860565951385688921e-01
2.801115477043561452e-01 5.881493344197992190e-01
2.794443152317199752e-01 5.902314691538934621e-01
2.787790994323588456e-01 5.923030530954290773e-01
2.781158950468712865e-01 5.943641397264931570e-01
2.774546968043539175e-01 5.964147822580633251e-01
2.767954994233996491e-01 5.984550336313819718e-01
2.761382976130544731e-01 6.004849465193237146e-01
2.754830860737336740e-01 6.025045733277558657e-01
2.748298594981000709e-01 6.045139661968915723e-01
2.741786125719055112e-01 6.065131770026367386e-01
2.735293399747972809e-01 6.085022573579296212e-01
2.728820363810914862e-01 6.104812586140739850e-01
2.722366964605141826e-01 6.124502318620648200e-01
2.715933148789121954e-01 6.144092279339086193e-01
2.709518862989350185e-01 6.163582974039354401e-01
2.703124053806884031e-01 6.182974905901058582e-01
2.696748667823616885e-01 6.202268575553095964e-01
2.690392651608294328e-01 6.221464481086590448e-01
2.684055951722287281e-01 6.240563118067755655e-01
2.677738514725130359e-01 6.259564979550694686e-01
2.671440287179842055e-01 6.278470556090127719e-01
2.665161215658021221e-01 6.297280335754067426e-01
2.658901246744749813e-01 6.315994804136425556e-01
2.652660327043288579e-01 6.334614444369546238e-01
2.646438403179594556e-01 6.353139737136690446e-01
2.640235421806649274e-01 6.371571160684444957e-01
2.634051329608623204e-01 6.389909190835080244e-01
2.627886073304863679e-01 6.408154300998831765e-01
2.621739599653735153e-01 6.426306962186130178e-01
2.615611855456298485e-01 6.444367643019768277e-01
2.609502787559848658e-01 6.462336809746995758e-01
2.603412342861310402e-01 6.480214926251570695e-01
2.597340468310500028e-01 6.498002454065729960e-01
2.591287110913255143e-01 6.515699852382117463e-01
2.585252217734445024e-01 6.533307578065635779e-01
2.579235735900857751e-01 6.550826085665252263e-01
2.573237612603975211e-01 6.568255827425731885e-01
2.567257795102634854e-01 6.585597253299322329e-01
2.561296230725590983e-01 6.602850810957370253e-01
2.555352866873969453e-01 6.620016945801885377e-01
2.549427651023626895e-01 6.637096100977041280e-01
2.543520530727415574e-01 6.654088717380622908e-01
2.537631453617359978e-01 6.670995233675411917e-01
2.531760367406741818e-01 6.687816086300516494e-01
2.525907219892106759e-01 6.704551709482639010e-01
2.520071958955187874e-01 6.721202535247297050e-01
2.514254532564751399e-01 6.737768993429972264e-01
2.508454888778371417e-01 6.754251511687220377e-01
2.502672975744126282e-01 6.770650515507709022e-01
2.496908741702235923e-01 6.786966428223213388e-01
2.491162134986622256e-01 6.803199671019539707e-01
2.485433104026413820e-01 6.819350662947409880e-01
2.479721597347384066e-01 6.835419820933282820e-01
2.474027563573331645e-01 6.851407559790121393e-01
2.468350951427404627e-01 6.867314292228106076e-01
2.462691709733368650e-01 6.883140428865289762e-01
2.457049787416820952e-01 6.898886378238209272e-01
2.451425133506356657e-01 6.914552546812431366e-01
2.445817697134680668e-01 6.930139338993049902e-01
2.440227427539677363e-01 6.945647157135134142e-01
2.434654274065430057e-01 6.961076401554113779e-01
2.429098186163199669e-01 6.976427470536123998e-01
2.423559113392358411e-01 6.991700760348288357e-01
2.418037005421283248e-01 7.006896665248952827e-01
2.412531812028209655e-01 7.022015577497869865e-01
2.407043483102046522e-01 7.037057887366323650e-01
2.401571968643155530e-01 7.052023983147218678e-01
2.396117218764093060e-01 7.066914251165097305e-01
2.390679183690319620e-01 7.081729075786126204e-01
2.385257813760873757e-01 7.096468839428016206e-01
2.379853059429016260e-01 7.111133922569903287e-01
2.374464871262841337e-01 7.125724703762172929e-01
2.369093199945859762e-01 7.140241559636235635e-01
2.363737996277551212e-01 7.154684864914255815e-01
2.358399211173890508e-01 7.169054992418828487e-01
2.353076795667845278e-01 7.183352313082609353e-01
2.347770700909850017e-01 7.197577195957891583e-01
2.342480878168250735e-01 7.211730008226140409e-01
2.337207278829731283e-01 7.225811115207473323e-01
2.331949854399709421e-01 7.239820880370098077e-01
2.326708556502716796e-01 7.253759665339696294e-01
2.321483336882751436e-01 7.267627829908764880e-01
2.316274147403612760e-01 7.281425732045906374e-01
2.311080940049214938e-01 7.295153727905078211e-01
2.305903666923879158e-01 7.308812171834786486e-01
2.300742280252608685e-01 7.322401416387238626e-01
2.295596732381344762e-01 7.335921812327448333e-01
2.290466975777203651e-01 7.349373708642298331e-01
2.285352963028697282e-01 7.362757452549546500e-01
2.280254646845938094e-01 7.376073389506799804e-01
2.275171980060825272e-01 7.389321863220434938e-01
2.270104915627217390e-01 7.402503215654466784e-01
2.265053406621088394e-01 7.415617787039394671e-01
2.260017406240670268e-01 7.428665915880977577e-01
2.254996867806581540e-01 7.441647938968982690e-01
2.249991744761939416e-01 7.454564191385881777e-01
2.245001990672463033e-01 7.467415006515502052e-01
2.240027559226559772e-01 7.480200716051640386e-01
2.235068404235401596e-01 7.492921650006632017e-01
2.230124479632988599e-01 7.505578136719864846e-01
2.225195739476200640e-01 7.518170502866270422e-01
2.220282137944838974e-01 7.530699073464751647e-01
2.215383629341654004e-01 7.543164171886580505e-01
2.210500168092367212e-01 7.555566119863750263e-01
2.205631708745677544e-01 7.567905237497287718e-01
2.200778205973262514e-01 7.580181843265511032e-01
2.195939614569767107e-01 7.592396254032264258e-01
2.191115889452783516e-01 7.604548785055095239e-01
2.186306985662823388e-01 7.616639749993404651e-01
2.181512858363280072e-01 7.628669460916537304e-01
2.176733462840382549e-01 7.640638228311847913e-01
2.171968754503142696e-01 7.652546361092718019e-01
2.167218688883292832e-01 7.664394166606538494e-01
2.162483221635216057e-01 7.676181950642639862e-01
2.157762308535869644e-01 7.687910017440195976e-01
2.153055905484702881e-01 7.699578669696078848e-01
2.148363968503563814e-01 7.711188208572677949e-01
2.143686453736603770e-01 7.722738933705676212e-01
2.139023317450172157e-01 7.734231143211790505e-01
2.134374516032707669e-01 7.745665133696471027e-01
2.129740005994621155e-01 7.757041200261559633e-01
2.125119743968174046e-01 7.768359636512914834e-01
2.120513686707349577e-01 7.779620734567991303e-01
2.115921791087721215e-01 7.790824785063387159e-01
2.111344014106313061e-01 7.801972077162350194e-01
2.106780312881456063e-01 7.813062898562244118e-01
2.102230644652641200e-01 7.824097535501978173e-01
2.097694966780362380e-01 7.835076272769404548e-01
2.093173236745961840e-01 7.845999393708669167e-01
2.088665412151465561e-01 7.856867180227533609e-01
2.084171450719417562e-01 7.867679912804650399e-01
2.079691310292707540e-01 7.878437870496811657e-01
2.075224948834396010e-01 7.889141330946155550e-01
2.070772324427535005e-01 7.899790570387337230e-01
2.066333395274985718e-01 7.910385863654659788e-01
2.061908119699230879e-01 7.920927484189178580e-01
2.057496456142184349e-01 7.931415704045758908e-01
2.053098363164998497e-01 7.941850793900102623e-01
2.048713799447866302e-01 7.952233023055740313e-01
2.044342723789820959e-01 7.962562659450989067e-01
2.039985095108532431e-01 7.972839969665868054e-01
2.035640872440102611e-01 7.983065218928986351e-01
2.031310014938853270e-01 7.993238671124390793e-01
2.026992481877115948e-01 8.003360588798384967e-01
2.022688232645017126e-01 8.013431233166309342e-01
2.018397226750260065e-01 8.023450864119283654e-01
2.014119423817904431e-01 8.033419740230924866e-01
2.009854783590144800e-01 8.043338118764022937e-01
2.005603265926085843e-01 8.053206255677183290e-01
2.001364830801515560e-01 8.063024405631443736e-01
1.997139438308674630e-01 8.072792821996843671e-01
1.992927048656026878e-01 8.082511756858976604e-01
1.988727622168025011e-01 8.092181461025491629e-01
1.984541119284875532e-01 8.101802184032581566e-01
1.980367500562301153e-01 8.111374174151417815e-01
1.976206726671302649e-01 8.120897678394571884e-01
1.972058758397917944e-01 8.130372942522388069e-01
1.967923556642979244e-01 8.139800211049333933e-01
1.963801082421868516e-01 8.149179727250316363e-01
1.959691296864273513e-01 8.158511733166960989e-01
1.955594161213939919e-01 8.167796469613871624e-01
1.951509636828421268e-01 8.177034176184840852e-01
1.947437685178832201e-01 8.186225091259043962e-01
1.943378267849593943e-01 8.195369452007195132e-01
1.939331346538184786e-01 8.204467494397668093e-01
1.935296883054884176e-01 8.213519453202600129e-01
1.931274839322519032e-01 8.222525562003946131e-01
1.927265177376207006e-01 8.231486053199520425e-01
1.923267859363099741e-01 8.240401158008988647e-01
1.919282847542125581e-01 8.249271106479850735e-01
1.915310104283728942e-01 8.258096127493379512e-01
1.911349592069612191e-01 8.266876448770523744e-01
1.907401273492472793e-01 8.275612296877801199e-01
1.903465111255742970e-01 8.284303897233146197e-01
1.899541068173327130e-01 8.292951474111730503e-01
1.895629107169337357e-01 8.301555250651756479e-01
1.891729191277831401e-01 8.310115448860221354e-01
1.887841283642545942e-01 8.318632289618651532e-01
1.883965347516632360e-01 8.327105992688805802e-01
1.880101346262390838e-01 8.335536776718353025e-01
1.876249243351003348e-01 8.343924859246519832e-01
1.872409002362266650e-01 8.352270456709708357e-01
1.868580586984324721e-01 8.360573784447086210e-01
1.864763961013400639e-01 8.368835056706152020e-01
1.860959088353527913e-01 8.377054486648259912e-01
1.857165933016281800e-01 8.385232286354137310e-01
1.853384459120509253e-01 8.393368666829352787e-01
1.849614630892060518e-01 8.401463838009773921e-01
1.845856412663517132e-01 8.409518008766984076e-01
1.842109768873922970e-01 8.417531386913676972e-01
1.838374664068513076e-01 8.425504179209031275e-01
1.834651062898443041e-01 8.433436591364041890e-01
1.830938930120517005e-01 8.441328828046836819e-01
1.827238230596917035e-01 8.449181092887969591e-01
1.823548929294930565e-01 8.456993588485667290e-01
1.819870991286680617e-01 8.464766516411075248e-01
1.816204381748851293e-01 8.472500077213451775e-01
1.812549065962417716e-01 8.480194470425359565e-01
1.808905009312373469e-01 8.487849894567809361e-01
1.805272177287457758e-01 8.495466547155396952e-01
1.801650535479883408e-01 8.503044624701397991e-01
1.798040049585065137e-01 8.510584322722845041e-01
1.794440685401346713e-01 8.518085835745579093e-01
1.790852408829728126e-01 8.525549357309273324e-01
1.787275185873594963e-01 8.532975079972433541e-01
1.783708982638443630e-01 8.540363195317368650e-01
1.780153765331611571e-01 8.547713893955144471e-01
1.776609500262003316e-01 8.555027365530498695e-01
1.773076153839820146e-01 8.562303798726748072e-01
1.769553692576285309e-01 8.569543381270655624e-01
1.766042083083375069e-01 8.576746299937284546e-01
1.762541292073545596e-01 8.583912740554816567e-01
1.759051286359460953e-01 8.591042888009361445e-01
1.755572032853722486e-01 8.598136926249718703e-01
1.752103498568597095e-01 8.605195038292141607e-01
1.748645650615746339e-01 8.612217406225057825e-01
1.745198456205955262e-01 8.619204211213775668e-01
1.741761882648861226e-01 8.626155633505160347e-01
1.738335897352684956e-01 8.633071852432292470e-01
1.734920467823959089e-01 8.639953046419099891e-01
1.731515561667257286e-01 8.646799392984965138e-01
1.728121146584926382e-01 8.653611068749309521e-01
1.724737190376816054e-01 8.660388249436161701e-01
1.721363660940009310e-01 8.667131109878686290e-01
1.718000526268553541e-01 8.673839824023710232e-01
1.714647754453192396e-01 8.680514564936206989e-01
1.711305313681096840e-01 8.687155504803774075e-01
1.707973172235597581e-01 8.693762814941077277e-01
1.704651298495916678e-01 8.700336665794272673e-01
1.701339660936901366e-01 8.706877226945415327e-01
1.698038228128755933e-01 8.713384667116836901e-01
1.694746968736774717e-01 8.719859154175503280e-01
1.691465851521077590e-01 8.726300855137349988e-01
1.688194845336342120e-01 8.732709936171597631e-01
1.684933919131538504e-01 8.739086562605045128e-01
1.681683041949665058e-01 8.745430898926339625e-01
1.678442182927482318e-01 8.751743108790220882e-01
1.675211311295249361e-01 8.758023355021754552e-01
1.671990396376459576e-01 8.764271799620536596e-01
1.668779407587576702e-01 8.770488603764874380e-01
1.665578314437772267e-01 8.776673927815954457e-01
1.662387086528662739e-01 8.782827931321980364e-01
1.659205693554045846e-01 8.788950773022301544e-01
1.656034105299640513e-01 8.795042610851501186e-01
1.652872291642824287e-01 8.801103601943487398e-01
1.649720222552372162e-01 8.807133902635546630e-01
1.646577868088197616e-01 8.813133668472384885e-01
1.643445198401089768e-01 8.819103054210141179e-01
1.640322183732455530e-01 8.825042213820388781e-01
1.637208794414060642e-01 8.830951300494110923e-01
1.634105000867770163e-01 8.836830466645657634e-01
1.631010773605289788e-01 8.842679863916684813e-01
1.627926083227909104e-01 8.848499643180066654e-01
1.624850900426243749e-01 8.854289954543800301e-01
1.621785195979978667e-01 8.860050947354874973e-01
1.618728940757612200e-01 8.865782770203134433e-01
1.615682105716199080e-01 8.871485570925118358e-01
1.612644661901096177e-01 8.877159496607870404e-01
1.609616580445707990e-01 8.882804693592749601e-01
1.606597832571231010e-01 8.888421307479204003e-01
1.603588389586401708e-01 8.894009483128532123e-01
1.600588222887240897e-01 8.899569364667627713e-01
1.597597303956803105e-01 8.905101095492697905e-01
1.594615604364923445e-01 8.910604818272973571e-01
1.591643095767965865e-01 8.916080674954389718e-01
1.588679749908571692e-01 8.921528806763252550e-01
1.585725538615410379e-01 8.926949354209890997e-01
1.582780433802926934e-01 8.932342457092283805e-01
1.579844407471095169e-01 8.937708254499668881e-01
1.576917431705165962e-01 8.943046884816140407e-01
1.573999478675420782e-01 8.948358485724222655e-01
1.571090520636923005e-01 8.953643194208420475e-01
1.568190529929270050e-01 8.958901146558767570e-01
1.565299478976346914e-01 8.964132478374340351e-01
1.562417340286079426e-01 8.969337324566762915e-01
1.559544086450189715e-01 8.974515819363689806e-01
1.556679690143949191e-01 8.979668096312276582e-01
1.553824124125935402e-01 8.984794288282630381e-01
1.550977361237787233e-01 8.989894527471236074e-01
1.548139374403961210e-01 8.994968945404379079e-01
1.545310136631488918e-01 9.000017672941534874e-01
1.542489621009734135e-01 9.005040840278756287e-01
1.539677800710151367e-01 9.010038576952034139e-01
1.536874648986044645e-01 9.015011011840641242e-01
1.534080139172326052e-01 9.019958273170464169e-01
1.531294244685276473e-01 9.024880488517315058e-01
1.528516939022305232e-01 9.029777784810227859e-01
1.525748195761711667e-01 9.034650288334735713e-01
1.522987988562445882e-01 9.039498124736135010e-01
1.520236291163871989e-01 9.044321419022727238e-01
1.517493077385530242e-01 9.049120295569053063e-01
1.514758321126899454e-01 9.053894878119104206e-01
1.512031996367162456e-01 9.058645289789516442e-01
1.509314077164969348e-01 9.063371653072752610e-01
1.506604537658202680e-01 9.068074089840268970e-01
1.503903352063742926e-01 9.072752721345659355e-01
1.501210494677236162e-01 9.077407668227791548e-01
1.498525939872857593e-01 9.082039050513917022e-01
1.495849662103082012e-01 9.086646987622780669e-01
1.493181635898450377e-01 9.091231598367699451e-01
1.490521835867338052e-01 9.095793000959632169e-01
1.487870236695723880e-01 9.100331313010234791e-01
1.485226813146960367e-01 9.104846651534899138e-01
1.482591540061543589e-01 9.109339132955773799e-01
1.479964392356883929e-01 9.113808873104772834e-01
1.477345345027077372e-01 9.118255987226566717e-01
1.474734373142677912e-01 9.122680589981563282e-01
1.472131451850469397e-01 9.127082795448863139e-01
1.469536556373239045e-01 9.131462717129213980e-01
1.466949662009551514e-01 9.135820467947936008e-01
1.464370744133522140e-01 9.140156160257845164e-01
1.461799778194592947e-01 9.144469905842148583e-01
1.459236739717307552e-01 9.148761815917340057e-01
1.456681604301086896e-01 9.153032001136068851e-01
1.454134347620006928e-01 9.157280571589996310e-01
1.451594945422574334e-01 9.161507636812644684e-01
1.449063373531505605e-01 9.165713305782223763e-01
1.446539607843504716e-01 9.169897686924446401e-01
1.444023624329041910e-01 9.174060888115328494e-01
1.441515399032134714e-01 9.178203016683978976e-01
1.439014908070125331e-01 9.182324179415369825e-01
1.436522127633464430e-01 9.186424482553096071e-01
1.434037033985489651e-01 9.190504031802118057e-01
1.431559603462209673e-01 9.194562932331494798e-01
1.429089812472085219e-01 9.198601288777101814e-01
1.426627637495812839e-01 9.202619205244330081e-01
1.424173055086108142e-01 9.206616785310776097e-01
1.421726041867490131e-01 9.210594132028923076e-01
1.419286574536065548e-01 9.214551347928797709e-01
1.416854629859315706e-01 9.218488535020621377e-01
1.414430184675879720e-01 9.222405794797441381e-01
1.412013215895344120e-01 9.226303228237759946e-01
1.409603700498027190e-01 9.230180935808137699e-01
1.407201615534768857e-01 9.234039017465788257e-01
1.404806938126716698e-01 9.237877572661167269e-01
1.402419645465117215e-01 9.241696700340533699e-01
1.400039714811103231e-01 9.245496498948508890e-01
1.397667123495484609e-01 9.249277066430621197e-01
1.395301848918538423e-01 9.253038500235835073e-01
1.392943868549801623e-01 9.256780897319070167e-01
1.390593159927860090e-01 9.260504354143702654e-01
1.388249700660142694e-01 9.264208966684061020e-01
1.385913468422713957e-01 9.267894830427900743e-01
1.383584440960066997e-01 9.271562040378876768e-01
1.381262596084917582e-01 9.275210691058994872e-01
1.378947911677998739e-01 9.278840876511051938e-01
1.376640365687856193e-01 9.282452690301070675e-01
1.374339936130643258e-01 9.286046225520711017e-01
1.372046601089917661e-01 9.289621574789677094e-01
1.369760338716438375e-01 9.293178830258110867e-01
1.367481127227962723e-01 9.296718083608975780e-01
1.365208944909043765e-01 9.300239426060417092e-01
1.362943770110830732e-01 9.303742948368124432e-01
1.360685581250865583e-01 9.307228740827677704e-01
1.358434356812884547e-01 9.310696893276875219e-01
1.356190075346616619e-01 9.314147495098055174e-01
1.353952715467586498e-01 9.317580635220410468e-01
1.351722255856913912e-01 9.320996402122280200e-01
1.349498675261116276e-01 9.324394883833435621e-01
1.347281952491911072e-01 9.327776167937357199e-01
1.345072066426018786e-01 9.331140341573497254e-01
1.342868996004966675e-01 9.334487491439528162e-01
1.340672720234891702e-01 9.337817703793585000e-01
1.338483218186347357e-01 9.341131064456491551e-01
1.336300468994106871e-01 9.344427658813981852e-01
1.334124451856969762e-01 9.347707571818900663e-01
1.331955146037567539e-01 9.350970887993400593e-01
1.329792530862171918e-01 9.354217691431128134e-01
1.327636585720500806e-01 9.357448065799390813e-01
1.325487290065526513e-01 9.360662094341325457e-01
1.323344623413284793e-01 9.363859859878040925e-01
1.321208565342683883e-01 9.367041444810764173e-01
1.319079095495312992e-01 9.370206931122967431e-01
1.316956193575253842e-01 9.373356400382484299e-01
1.314839839348889983e-01 9.376489933743621386e-01
1.312730012644719169e-01 9.379607611949245527e-01
1.310626693353164340e-01 9.382709515332883221e-01
1.308529861426386554e-01 9.385795723820785641e-01
1.306439496878097073e-01 9.388866316933996981e-01
1.304355579783370855e-01 9.391921373790409477e-01
1.302278090278461142e-01 9.394960973106806223e-01
1.300207008560613220e-01 9.397985193200895093e-01
1.298142314887879012e-01 9.400994111993333791e-01
1.296083989578934448e-01 9.403987807009740463e-01
1.294032013012892668e-01 9.406966355382697653e-01
1.291986365629123057e-01 9.409929833853745151e-01
1.289947027927066669e-01 9.412878318775362851e-01
1.287913980466055264e-01 9.415811886112942508e-01
1.285887203865127837e-01 9.418730611446752832e-01
1.283866678802851047e-01 9.421634569973885709e-01
1.281852386017136858e-01 9.424523836510206865e-01
1.279844306305062962e-01 9.427398485492284319e-01
1.277842420522693756e-01 9.430258590979312405e-01
1.275846709584898819e-01 9.433104226655025792e-01
1.273857154465177222e-01 9.435935465829600188e-01
1.271873736195476556e-01 9.438752381441551931e-01
1.269896435866017526e-01 9.441555046059617595e-01
1.267925234625114916e-01 9.444343531884628051e-01
1.265960113679002186e-01 9.447117910751380299e-01
1.264001054291654658e-01 9.449878254130483768e-01
1.262048037784614662e-01 9.452624633130218834e-01
1.260101045536815290e-01 9.455357118498363134e-01
1.258160058984406637e-01 9.458075780624021212e-01
1.256225059620581785e-01 9.460780689539450838e-01
1.254296028995402212e-01 9.463471914921862682e-01
1.252372948715626266e-01 9.466149526095227751e-01
1.250455800444535415e-01 9.468813592032062632e-01
1.248544565901762160e-01 9.471464181355215839e-01
1.246639226863119343e-01 9.474101362339638621e-01
1.244739765160428474e-01 9.476725202914149104e-01
1.242846162681349315e-01 9.479335770663186445e-01
1.240958401369209596e-01 9.481933132828559430e-01
1.239076463222835711e-01 9.484517356311182867e-01
1.237200330296383960e-01 9.487088507672803983e-01
1.235329984699171518e-01 9.489646653137721044e-01
1.233465408595507962e-01 9.492191858594501985e-01
1.231606584204528870e-01 9.494724189597678610e-01
1.229753493800028047e-01 9.497243711369444119e-01
1.227906119710290705e-01 9.499750488801335102e-01
1.226064444317927632e-01 9.502244586455913522e-01
1.224228450059709900e-01 9.504726068568426500e-01
1.222398119426403307e-01 9.507194999048476092e-01
1.220573434962603787e-01 9.509651441481662415e-01
1.218754379266573790e-01 9.512095459131229003e-01
1.216940934990077272e-01 9.514527114939699270e-01
1.215133084838218719e-01 9.516946471530497442e-01
1.213330811569278134e-01 9.519353591209571697e-01
1.211534097994550196e-01 9.521748535967003990e-01
1.209742926978182448e-01 9.524131367478607668e-01
1.207957281437013475e-01 9.526502147107522855e-01
1.206177144340412205e-01 9.528860935905801854e-01
1.204402498710118452e-01 9.531207794615986773e-01
1.202633327620082071e-01 9.533542783672681598e-01
1.200869614196304058e-01 9.535865963204106510e-01
1.199111341616677651e-01 9.538177393033656637e-01
1.197358493110829425e-01 9.540477132681447481e-01
1.195611051959962756e-01 9.542765241365852580e-01
1.193869001496698223e-01 9.545041778005030064e-01
1.192132325104918872e-01 9.547306801218449213e-01
1.190401006219611590e-01 9.549560369328401466e-01
1.188675028326712790e-01 9.551802540361513660e-01
1.186954374962951586e-01 9.554033372050235728e-01
1.185239029715695058e-01 9.556252921834343939e-01
1.183528976222793655e-01 9.558461246862417493e-01
1.181824198172427148e-01 9.560658403993320675e-01
1.180124679302950313e-01 9.562844449797665014e-01
1.178430403402739718e-01 9.565019440559278108e-01
1.176741354310041482e-01 9.567183432276651356e-01
1.175057515912818623e-01 9.569336480664389910e-01
1.173378872148598401e-01 9.571478641154654854e-01
1.171705407004321742e-01 9.573609968898589839e-01
1.170037104516191834e-01 9.575730518767748833e-01
1.168373948769523274e-01 9.577840345355513874e-01
1.166715923898592605e-01 9.579939502978506161e-01
1.165063014086488158e-01 9.582028045677984940e-01
1.163415203564960448e-01 9.584106027221250823e-01
1.161772476614274241e-01 9.586173501103029126e-01
1.160134817563059501e-01 9.588230520546856539e-01
1.158502210788164150e-01 9.590277138506451138e-01
1.156874640714505714e-01 9.592313407667084624e-01
1.155252091814925053e-01 9.594339380446942345e-01
1.153634548610039667e-01 9.596355108998476657e-01
1.152021995668096876e-01 9.598360645209753628e-01
1.150414417604829070e-01 9.600356040705798621e-01
1.148811799083307855e-01 9.602341346849920800e-01
1.147214124813799307e-01 9.604316614745053160e-01
1.145621379553619507e-01 9.606281895235059265e-01
1.144033548106991177e-01 9.608237238906056632e-01
1.142450615324898944e-01 9.610182696087719023e-01
1.140872566104947361e-01 9.612118316854575406e-01
1.139299385391217556e-01 9.614044151027311136e-01
1.137731058174125537e-01 9.615960248174044711e-01
1.136167569490279527e-01 9.617866657611620074e-01
1.134608904422339665e-01 9.619763428406868933e-01
1.133055048098876028e-01 9.621650609377887520e-01
1.131505985694228611e-01 9.623528249095293363e-01
1.129961702428367160e-01 9.625396395883479839e-01
1.128422183566751419e-01 9.627255097821869612e-01
1.126887414420191663e-01 9.629104402746149205e-01
1.125357380344710057e-01 9.630944358249511339e-01
1.123832066741402014e-01 9.632775011683881727e-01
1.122311459056298255e-01 9.634596410161142543e-01
1.120795542780227555e-01 9.636408600554350334e-01
1.119284303448678519e-01 9.638211629498947275e-01
1.117777726641664277e-01 9.640005543393965759e-01
1.116275797983584533e-01 9.641790388403223000e-01
1.114778503143090960e-01 9.643566210456524512e-01
1.113285827832950353e-01 9.645333055250837617e-01
1.111797757809910858e-01 9.647090968251480492e-01
1.110314278874565824e-01 9.648839994693294564e-01
1.108835376871220579e-01 9.650580179581815798e-01
1.107361037687757954e-01 9.652311567694429328e-01
1.105891247255504778e-01 9.654034203581538520e-01
1.104425991549098651e-01 9.655748131567702952e-01
1.102965256586355969e-01 9.657453395752795267e-01
1.101509028428138415e-01 9.659150040013130267e-01
1.100057293178221957e-01 9.660838108002609559e-01
1.098610036983164867e-01 9.662517643153837321e-01
1.097167246032176857e-01 9.664188688679252737e-01
1.095728906556987792e-01 9.665851287572239103e-01
1.094295004831718487e-01 9.667505482608239609e-01
1.092865527172749290e-01 9.669151316345859781e-01
1.091440459938591567e-01 9.670788831127968832e-01
1.090019789529758365e-01 9.672418069082788783e-01
1.088603502388635347e-01 9.674039072124991367e-01
1.087191584999352423e-01 9.675651881956774947e-01
1.085784023887655936e-01 9.677256540068940316e-01
1.084380805620781402e-01 9.678853087741967620e-01
1.082981916807325418e-01 9.680441566047082169e-01
1.081587344097119513e-01 9.682022015847309149e-01
1.080197074181103445e-01 9.683594477798541655e-01
1.078811093791199188e-01 9.685158992350576534e-01
1.077429389700184925e-01 9.686715599748169092e-01
1.076051948721570284e-01 9.688264340032074484e-01
1.074678757709471300e-01 9.689805253040070232e-01
1.073309803558484959e-01 9.691338378407998722e-01
1.071945073203566662e-01 9.692863755570786388e-01
1.070584553619905177e-01 9.694381423763457351e-01
1.069228231822798997e-01 9.695891422022155925e-01
1.067876094867534903e-01 9.697393789185148050e-01
1.066528129849263207e-01 9.698888563893830472e-01
1.065184323902876873e-01 9.700375784593722184e-01
1.063844664202889534e-01 9.701855489535464727e-01
1.062509137963312811e-01 9.703327716775803635e-01
1.061177732437536547e-01 9.704792504178580970e-01
1.059850434918206824e-01 9.706249889415700105e-01
1.058527232737106055e-01 9.707699909968114937e-01
1.057208113265032667e-01 9.709142603126783566e-01
1.055893063911681889e-01 9.710578005993643069e-01
1.054582072125525710e-01 9.712006155482558745e-01
1.053275125393693945e-01 9.713427088320284453e-01
1.051972211241855859e-01 9.714840841047408526e-01
1.050673317234101928e-01 9.716247450019299681e-01
1.049378430972825876e-01 9.717646951407041822e-01
1.048087540098606441e-01 9.719039381198375516e-01
1.046800632290091210e-01 9.720424775198621692e-01
1.045517695263879221e-01 9.721803169031608682e-01
1.044238716774404108e-01 9.723174598140592595e-01
1.042963684613818776e-01 9.724539097789175468e-01
1.041692586611878968e-01 9.725896703062211213e-01
1.040425410635827802e-01 9.727247448866714885e-01
1.039162144590281139e-01 9.728591369932767519e-01
1.037902776417112538e-01 9.729928500814406522e-01
1.036647294095338762e-01 9.731258875890523852e-01
1.035395685641005981e-01 9.732582529365751967e-01
1.034147939107075836e-01 9.733899495271348679e-01
1.032904042583312199e-01 9.735209807466076448e-01
1.031663984196168199e-01 9.736513499637071689e-01
1.030427752108673822e-01 9.737810605300724065e-01
1.029195334520322525e-01 9.739101157803536912e-01
1.027966719666960488e-01 9.740385190322987663e-01
1.026741895820674488e-01 9.741662735868390488e-01
1.025520851289680319e-01 9.742933827281743397e-01
1.024303574418212182e-01 9.744198497238578671e-01
1.023090053586411946e-01 9.745456778248807739e-01
1.021880277210219096e-01 9.746708702657560508e-01
1.020674233741260123e-01 9.747954302646021363e-01
1.019471911666739450e-01 9.749193610232259610e-01
1.018273299509330210e-01 9.750426657272056596e-01
1.017078385827064752e-01 9.751653475459730602e-01
1.015887159213226670e-01 9.752874096328953968e-01
1.014699608296242284e-01 9.754088551253566886e-01
1.013515721739571829e-01 9.755296871448390084e-01
1.012335488241603576e-01 9.756499087970029738e-01
1.011158896535544749e-01 9.757695231717679052e-01
1.009985935389315775e-01 9.758885333433920950e-01
1.008816593605442874e-01 9.760069423705516334e-01
1.007650860020952305e-01 9.761247532964197893e-01
1.006488723507263788e-01 9.762419691487455031e-01
1.005330172970085034e-01 9.763585929399314356e-01
1.004175197349306964e-01 9.764746276671123493e-01
1.003023785618897823e-01 9.765900763122318251e-01
1.001875926786798682e-01 9.767049418421198670e-01
1.000731609894819490e-01 9.768192272085692851e-01
9.995908240185341631e-02 9.769329353484117462e-01
9.984535582671780207e-02 9.770460691835941569e-01
9.973198017835430140e-02 9.771586316212534928e-01
9.961895437438754441e-02 9.772706255537928488e-01
9.950627733577729894e-02 9.773820538589549356e-01
9.939394798680818710e-02 9.774929193998975752e-01
9.928196525507951287e-02 9.776032250252667533e-01
9.917032807149503415e-02 9.777129735692707824e-01
9.905903537025284589e-02 9.778221678517533544e-01
9.894808608883522150e-02 9.779308106782664822e-01
9.883747916799850985e-02 9.780389048401423313e-01
9.872721355176310165e-02 9.781464531145666053e-01
9.861728818740339575e-02 9.782534582646489341e-01
9.850770202543777943e-02 9.783599230394950386e-01
9.839845401961862248e-02 9.784658501742777847e-01
9.828954312692243789e-02 9.785712423903072388e-01
9.818096830753983428e-02 9.786761023951016103e-01
9.807272852486575987e-02 9.787804328824567524e-01
9.796482274548955205e-02 9.788842365325159944e-01
9.785724993918520909e-02 9.789875160118394204e-01
9.775000907890150914e-02 9.790902739734722582e-01
9.764309914075230967e-02 9.791925130570142688e-01
9.753651910400677749e-02 9.792942358886870258e-01
9.743026795107972982e-02 9.793954450814024160e-01
9.732434466752191982e-02 9.794961432348298080e-01
9.721874824201041931e-02 9.795963329354631099e-01
9.711347766633901535e-02 9.796960167566882705e-01
9.700853193540856512e-02 9.797951972588485603e-01
9.690391004721751744e-02 9.798938769893118517e-01
9.679961100285236486e-02 9.799920584825358993e-01
9.669563380647810957e-02 9.800897442601337328e-01
9.659197746532882656e-02 9.801869368309390484e-01
9.648864098969822667e-02 9.802836386910709354e-01
9.638562339293027525e-02 9.803798523239980467e-01
9.628292369140974138e-02 9.804755802006032139e-01
9.618054090455289973e-02 9.805708247792470633e-01
9.607847405479820468e-02 9.806655885058315203e-01
9.597672216759693675e-02 9.807598738138628702e-01
9.587528427140404319e-02 9.808536831245150411e-01
9.577415939766879827e-02 9.809470188466913321e-01
9.567334658082564391e-02 9.810398833770876958e-01
9.557284485828501652e-02 9.811322791002536903e-01
9.547265327042411820e-02 9.812242083886546506e-01
9.537277086057791009e-02 9.813156736027327520e-01
9.527319667502992528e-02 9.814066770909679605e-01
9.517392976300322049e-02 9.814972211899388732e-01
9.507496917665134162e-02 9.815873082243828929e-01
9.497631397104930318e-02 9.816769405072561794e-01
9.487796320418462326e-02 9.817661203397938241e-01
9.477991593694834460e-02 9.818548500115689137e-01
9.468217123312605565e-02 9.819431318005515941e-01
9.458472815938906431e-02 9.820309679731683561e-01
9.448758578528550223e-02 9.821183607843598784e-01
9.439074318323148471e-02 9.822053124776402022e-01
9.429419942850218728e-02 9.822918252851539078e-01
9.419795359922317202e-02 9.823779014277339572e-01
9.410200477636157523e-02 9.824635431149592035e-01
9.400635204371736442e-02 9.825487525452113458e-01
9.391099448791459525e-02 9.826335319057319939e-01
9.381593119839276573e-02 9.827178833726785134e-01
9.372116126739812869e-02 9.828018091111808685e-01
9.362668378997507368e-02 9.828853112753973553e-01
9.353249786395748111e-02 9.829683920085698912e-01
9.343860258996018742e-02 9.830510534430799696e-01
9.334499707137040858e-02 9.831332977005035056e-01
9.325168041433916366e-02 9.832151268916651254e-01
9.315865172777286485e-02 9.832965431166935666e-01
9.306591012332475488e-02 9.833775484650753018e-01
9.297345471538649708e-02 9.834581450157086069e-01
9.288128462107970995e-02 9.835383348369572953e-01
9.278939896024765432e-02 9.836181199867044533e-01
9.269779685544674019e-02 9.836975025124049532e-01
9.260647743193825554e-02 9.837764844511388551e-01
9.251543981768001190e-02 9.838550678296638097e-01
9.242468314331805934e-02 9.839332546644675714e-01
9.233420654217841528e-02 9.840110469618196243e-01
9.224400915025880721e-02 9.840884467178236950e-01
9.215409010622045705e-02 9.841654559184687123e-01
9.206444855137986549e-02 9.842420765396800997e-01
9.197508362970069351e-02 9.843183105473714001e-01
9.188599448778550505e-02 9.843941598974946805e-01
9.179718027486780119e-02 9.844696265360907139e-01
9.170864014280377674e-02 9.845447123993397165e-01
9.162037324606432664e-02 9.846194194136111966e-01
9.153237874172698296e-02 9.846937494955139147e-01
9.144465578946790740e-02 9.847677045519445116e-01
9.135720355155385608e-02 9.848412864801381339e-01
9.127002119283419979e-02 9.849144971677163962e-01
9.118310788073304141e-02 9.849873384927362308e-01
9.109646278524123619e-02 9.850598123237390702e-01
9.101008507890849530e-02 9.851319205197980322e-01
9.092397393683553097e-02 9.852036649305672134e-01
9.083812853666618781e-02 9.852750473963280964e-01
9.075254805857958795e-02 9.853460697480382890e-01
9.066723168528241505e-02 9.854167338073780424e-01
9.058217860200100391e-02 9.854870413867972134e-01
9.049738799647370768e-02 9.855569942895628932e-01
9.041285905894307084e-02 9.856265943098051485e-01
9.032859098214822413e-02 9.856958432325636510e-01
9.024458296131707136e-02 9.857647428338339735e-01
9.016083419415871214e-02 9.858332948806131091e-01
9.007734388085579524e-02 9.859015011309453236e-01
8.999411122405687191e-02 9.859693633339673413e-01
8.991113542886884635e-02 9.860368832299537534e-01
8.982841570284937072e-02 9.861040625503617596e-01
8.974595125599932333e-02 9.861709030178763546e-01
8.966374130075524529e-02 9.862374063464539597e-01
8.958178505198192976e-02 9.863035742413672757e-01
8.950008172696485853e-02 9.863694083992493589e-01
8.941863054540277744e-02 9.864349105081371416e-01
8.933743072940025787e-02 9.865000822475153974e-01
8.925648150346032761e-02 9.865649252883595954e-01
8.917578209447707405e-02 9.866294412931791991e-01
8.909533173172819176e-02 9.866936319160609647e-01
8.901512964686780771e-02 9.867574988027113525e-01
8.893517507391900112e-02 9.868210435904990474e-01
8.885546724926665640e-02 9.868842679084973701e-01
8.877600541165005243e-02 9.869471733775260214e-01
8.869678880215574324e-02 9.870097616101932703e-01
8.861781666421018888e-02 9.870720342109373657e-01
8.853908824357269169e-02 9.871339927760682809e-01
8.846060278832811041e-02 9.871956388938085691e-01
8.838235954887975476e-02 9.872569741443344427e-01
8.830435777794221064e-02 9.873180000998166284e-01
8.822659673053427631e-02 9.873787183244613352e-01
8.814907566397180150e-02 9.874391303745500004e-01
8.807179383786063742e-02 9.874992377984797010e-01
8.799475051408962856e-02 9.875590421368033445e-01
8.791794495682350719e-02 9.876185449222693036e-01
8.784137643249592675e-02 9.876777476798608291e-01
8.776504420980249521e-02 9.877366519268356848e-01
8.768894755969376675e-02 9.877952591727653386e-01
8.761308575536828902e-02 9.878535709195734871e-01
8.753745807226577524e-02 9.879115886615755793e-01
8.746206378806005433e-02 9.879693138855167867e-01
8.738690218265231235e-02 9.880267480706104166e-01
8.731197253816418147e-02 9.880838926885762152e-01
8.723727413893092586e-02 9.881407492036787810e-01
8.716280627149457227e-02 9.881973190727649792e-01
8.708856822459716540e-02 9.882536037453012456e-01
8.701455928917399552e-02 9.883096046634116671e-01
8.694077875834679836e-02 9.883653232619147300e-01
8.686722592741706606e-02 9.884207609683604012e-01
8.679390009385930249e-02 9.884759192030674324e-01
8.672080055731432036e-02 9.885307993791592196e-01
8.664792661958266307e-02 9.885854029026015510e-01
8.657527758461779077e-02 9.886397311722372461e-01
8.650285275851959943e-02 9.886937855798235697e-01
8.643065144952771783e-02 9.887475675100677597e-01
8.635867296801498505e-02 9.888010783406627757e-01
8.628691662648081684e-02 9.888543194423227156e-01
8.621538173954466922e-02 9.889072921788184534e-01
8.614406762393954364e-02 9.889599979070125002e-01
8.607297359850546448e-02 9.890124379768944207e-01
8.600209898418292864e-02 9.890646137316155828e-01
8.593144310400654962e-02 9.891165265075235746e-01
8.586100528309850710e-02 9.891681776341970656e-01
8.579078484866214938e-02 9.892195684344797790e-01
8.572078112997560950e-02 9.892707002245149095e-01
8.565099345838536604e-02 9.893215743137792062e-01
8.558142116729991478e-02 9.893721920051160579e-01
8.551206359218338493e-02 9.894225545947702427e-01
8.544292007054923865e-02 9.894726633724203468e-01
8.537398994195390112e-02 9.895225196212127372e-01
8.530527254799057102e-02 9.895721246177944241e-01
8.523676723228280905e-02 9.896214796323458129e-01
8.516847334047840390e-02 9.896705859286141216e-01
8.510039022024308564e-02 9.897194447639451331e-01
8.503251722125425294e-02 9.897680573893162803e-01
8.496485369519492237e-02 9.898164250493691751e-01
8.489739899574741400e-02 9.898645489824406951e-01
8.483015247858723129e-02 9.899124304205959568e-01
8.476311350137698264e-02 9.899600705896596242e-01
8.469628142376012248e-02 9.900074707092477722e-01
8.462965560735499770e-02 9.900546319927991945e-01
8.456323541574867209e-02 9.901015556476067125e-01
8.449702021449091716e-02 9.901482428748484832e-01
8.443100937108809212e-02 9.901946948696190853e-01
8.436520225499720416e-02 9.902409128209599398e-01
8.429959823761980220e-02 9.902868979118907289e-01
8.423419669229609275e-02 9.903326513194387060e-01
8.416899699429887527e-02 9.903781742146707812e-01
8.410399852082764416e-02 9.904234677627219430e-01
8.403920065100263515e-02 9.904685331228268996e-01
8.397460276585889949e-02 9.905133714483489449e-01
8.391020424834039204e-02 9.905579838868101561e-01
8.384600448329414257e-02 9.906023715799209262e-01
8.378200285746434384e-02 9.906465356636094954e-01
8.371819875948652290e-02 9.906904772680510396e-01
8.365459157988171246e-02 9.907341975176972015e-01
8.359118071105063608e-02 9.907776975313048462e-01
8.352796554726792111e-02 9.908209784219651484e-01
8.346494548467633945e-02 9.908640412971317923e-01
8.340211992128100660e-02 9.909068872586503929e-01
8.333948825694371954e-02 9.909495174027863618e-01
8.327704989337716968e-02 9.909919328202529964e-01
8.321480423413923910e-02 9.910341345962402348e-01
8.315275068462733843e-02 9.910761238104426329e-01
8.309088865207278629e-02 9.911179015370863432e-01
8.302921754553507783e-02 9.911594688449580914e-01
8.296773677589625029e-02 9.912008267974316000e-01
8.290644575585535969e-02 9.912419764524957877e-01
8.284534389992276315e-02 9.912829188627820809e-01
8.278443062441465106e-02 9.913236550755908372e-01
8.272370534744738491e-02 9.913641861329193228e-01
8.266316748893202948e-02 9.914045130714881360e-01
8.260281647056874621e-02 9.914446369227675193e-01
8.254265171584136696e-02 9.914845587130048932e-01
8.248267265001181514e-02 9.915242794632507239e-01
8.242287870011467954e-02 9.915638001893849474e-01
8.236326929495170479e-02 9.916031219021433918e-01
8.230384386508643457e-02 9.916422456071437574e-01
8.224460184283866049e-02 9.916811723049112626e-01
8.218554266227909300e-02 9.917199029909051777e-01
8.212666575922397683e-02 9.917584386555438059e-01
8.206797057122965089e-02 9.917967802842302394e-01
8.200945653758720533e-02 9.918349288573777844e-01
8.195112309931719408e-02 9.918728853504357179e-01
8.189296969916418090e-02 9.919106507339138235e-01
8.183499578159159071e-02 9.919482259734074825e-01
8.177720079277626952e-02 9.919856120296230984e-01
8.171958418060326634e-02 9.920228098584022991e-01
8.166214539466055966e-02 9.920598204107471396e-01
8.160488388623383937e-02 9.920966446328439714e-01
8.154779910830120548e-02 9.921332834660886446e-01
8.149089051552804719e-02 9.921697378471102668e-01
8.143415756426174157e-02 9.922060087077952950e-01
8.137759971252653268e-02 9.922420969753120712e-01
8.132121642001836903e-02 9.922780035721342484e-01
8.126500714809969939e-02 9.923137294160651045e-01
8.120897135979437964e-02 9.923492754202604127e-01
8.115310851978256579e-02 9.923846424932528665e-01
8.109741809439555138e-02 9.924198315389750613e-01
8.104189955161072989e-02 9.924548434567829203e-01
8.098655236104650157e-02 9.924896791414786756e-01
8.093137599395722193e-02 9.925243394833345167e-01
8.087636992322816409e-02 9.925588253681151274e-01
8.082153362337046731e-02 9.925931376771003345e-01
8.076686657051616869e-02 9.926272772871084227e-01
8.071236824241313779e-02 9.926612450705182278e-01
8.065803811842017779e-02 9.926950418952920074e-01
8.060387567950202947e-02 9.927286686249976455e-01
8.054988040822438911e-02 9.927621261188308566e-01
8.049605178874902345e-02 9.927954152316376124e-01
8.044238930682878763e-02 9.928285368139360134e-01
8.038889244980283733e-02 9.928614917119383820e-01
8.033556070659156334e-02 9.928942807675725790e-01
8.028239356769191482e-02 9.929269048185045410e-01
8.022939052517238934e-02 9.929593646981592636e-01
8.017655107266824510e-02 9.929916612357425620e-01
8.012387470537667145e-02 9.930237952562622761e-01
8.007136092005200101e-02 9.930557675805495865e-01
8.001900921500083863e-02 9.930875790252807755e-01
7.996681909007734290e-02 9.931192304029970996e-01
7.991479004667846608e-02 9.931507225221268831e-01
7.986292158773908301e-02 9.931820561870059461e-01
7.981121321772741140e-02 9.932132321978978107e-01
7.975966444264018240e-02 9.932442513510154614e-01
7.970827476999793604e-02 9.932751144385409958e-01
7.965704370884037211e-02 9.933058222486463862e-01
7.960597076972160402e-02 9.933363755655136851e-01
7.955505546470556522e-02 9.933667751693553427e-01
7.950429730736129075e-02 9.933970218364345239e-01
7.945369581275828208e-02 9.934271163390845372e-01
7.940325049746196906e-02 9.934570594457295956e-01
7.935296087952894983e-02 9.934868519209035798e-01
7.930282647850253608e-02 9.935164945252707991e-01
7.925284681540807619e-02 9.935459880156449763e-01
7.920302141274844498e-02 9.935753331450092318e-01
7.915334979449945019e-02 9.936045306625347351e-01
7.910383148610530823e-02 9.936335813136009110e-01
7.905446601447412014e-02 9.936624858398140914e-01
7.900525290797336120e-02 9.936912449790267221e-01
7.895619169642537072e-02 9.937198594653565697e-01
7.890728191110285561e-02 9.937483300292055954e-01
7.885852308472447725e-02 9.937766573972788287e-01
7.880991475145029956e-02 9.938048422926027969e-01
7.876145644687745917e-02 9.938328854345445107e-01
7.871314770803565508e-02 9.938607875388298929e-01
7.866498807338270782e-02 9.938885493175625419e-01
7.861697708280027119e-02 9.939161714792412727e-01
7.856911427758934974e-02 9.939436547287792134e-01
7.852139920046591337e-02 9.939709997675217901e-01
7.847383139555663689e-02 9.939982072932643797e-01
7.842641040839440358e-02 9.940252780002709621e-01
7.837913578591412800e-02 9.940522125792915498e-01
7.833200707644832894e-02 9.940790117175801743e-01
7.828502382972282736e-02 9.941056760989123164e-01
7.823818559685248586e-02 9.941322064036033357e-01
7.819149193033693435e-02 9.941586033085250129e-01
7.814494238405625404e-02 9.941848674871234248e-01
7.809853651326674473e-02 9.942109996094365965e-01
7.805227387459671984e-02 9.942370003421113767e-01
7.800615402604219040e-02 9.942628703484208685e-01
7.796017652696274336e-02 9.942886102882813049e-01
7.791434093807729500e-02 9.943142208182692565e-01
7.786864682145987204e-02 9.943397025916385079e-01
7.782309374053546225e-02 9.943650562583367103e-01
7.777768126007587879e-02 9.943902824650224792e-01
7.773240894619552754e-02 9.944153818550820478e-01
7.768727636634739642e-02 9.944403550686451432e-01
7.764228308931876710e-02 9.944652027426028607e-01
7.759742868522723214e-02 9.944899255106225411e-01
7.755271272551657324e-02 9.945145240031650902e-01
7.750813478295257020e-02 9.945389988475011878e-01
7.746369443161905954e-02 9.945633506677267199e-01
7.741939124691379903e-02 9.945875800847799875e-01
7.737522480554441529e-02 9.946116877164568049e-01
7.733119468552437925e-02 9.946356741774269317e-01
7.728730046616899552e-02 9.946595400792492825e-01
7.724354172809139163e-02 9.946832860303885804e-01
7.719991805319846578e-02 9.947069126362303448e-01
7.715642902468693165e-02 9.947304204990968790e-01
7.711307422703937708e-02 9.947538102182625908e-01
7.706985324602023957e-02 9.947770823899696468e-01
7.702676566867185104e-02 9.948002376074429609e-01
7.698381108331059375e-02 9.948232764609059586e-01
7.694098907952283406e-02 9.948461995375954547e-01
7.689829924816110607e-02 9.948690074217768631e-01
7.685574118134019805e-02 9.948917006947594066e-01
7.681331447243322508e-02 9.949142799349107724e-01
7.677101871606774319e-02 9.949367457176724328e-01
7.672885350812194694e-02 9.949590986155740779e-01
7.668681844572072803e-02 9.949813391982488264e-01
7.664491312723190064e-02 9.950034680324472136e-01
7.660313715226232945e-02 9.950254856820528460e-01
7.656149012165412715e-02 9.950473927080958347e-01
7.651997163748085196e-02 9.950691896687678950e-01
7.647858130304366342e-02 9.950908771194364455e-01
7.643731872286761708e-02 9.951124556126592635e-01
7.639618350269782032e-02 9.951339256981983628e-01
7.635517524949568535e-02 9.951552879230344262e-01
7.631429357143523773e-02 9.951765428313804618e-01
7.627353807789928608e-02 9.951976909646965685e-01
7.623290837947577225e-02 9.952187328617031481e-01
7.619240408795398267e-02 9.952396690583953376e-01
7.615202481632091236e-02 9.952605000880565544e-01
7.611177017875755957e-02 9.952812264812719301e-01
7.607163979063519266e-02 9.953018487659429647e-01
7.603163326851171411e-02 9.953223674672999621e-01
7.599175023012805230e-02 9.953427831079162402e-01
7.595199029440441452e-02 9.953630962077214539e-01
7.591235308143672034e-02 9.953833072840150287e-01
7.587283821249295179e-02 9.954034168514794834e-01
7.583344531000954514e-02 9.954234254221936418e-01
7.579417399758779650e-02 9.954433335056457333e-01
7.575502389999022590e-02 9.954631416087467155e-01
7.571599464313709393e-02 9.954828502358431530e-01
7.567708585410269639e-02 9.955024598887303178e-01
7.563829716111193646e-02 9.955219710666654009e-01
7.559962819353671648e-02 9.955413842663798363e-01
7.556107858189235749e-02 9.955606999820920677e-01
7.552264795783414364e-02 9.955799187055210941e-01
7.548433595415381114e-02 9.955990409258982377e-01
7.544614220477595390e-02 9.956180671299803553e-01
7.540806634475467896e-02 9.956369978020618294e-01
7.537010801026994278e-02 9.956558334239876684e-01
7.533226683862423445e-02 9.956745744751652749e-01
7.529454246823903685e-02 9.956932214325773245e-01
7.525693453865138494e-02 9.957117747707939781e-01
7.521944269051043797e-02 9.957302349619846504e-01
7.518206656557405165e-02 9.957486024759307774e-01
7.514480580670537813e-02 9.957668777800373627e-01
7.510766005786934096e-02 9.957850613393456340e-01
7.507062896412944331e-02 9.958031536165444786e-01
7.503371217164418738e-02 9.958211550719825444e-01
7.499690932766379936e-02 9.958390661636801200e-01
7.496022008052687091e-02 9.958568873473411243e-01
7.492364407965691753e-02 9.958746190763644313e-01
7.488718097555911724e-02 9.958922618018558603e-01
7.485083041981696605e-02 9.959098159726396116e-01
7.481459206508889181e-02 9.959272820352701450e-01
7.477846556510499287e-02 9.959446604340431719e-01
7.474245057466372133e-02 9.959619516110076454e-01
7.470654674962860786e-02 9.959791560059766402e-01
7.467075374692491718e-02 9.959962740565391215e-01
7.463507122453644227e-02 9.960133061980708247e-01
7.459949884150220145e-02 9.960302528637459130e-01
7.456403625791319101e-02 9.960471144845475244e-01
7.452868313490915164e-02 9.960638914892796514e-01
7.449343913467530720e-02 9.960805843045772434e-01
7.445830392043918666e-02 9.960971933549183088e-01
7.442327715646737674e-02 9.961137190626337956e-01
7.438835850806230221e-02 9.961301618479189157e-01
7.435354764155907570e-02 9.961465221288441363e-01
7.431884422432227799e-02 9.961628003213659488e-01
7.428424792474280780e-02 9.961789968393371941e-01
7.424975841223471762e-02 9.961951120945176097e-01
7.421537535723198020e-02 9.962111464965853758e-01
7.418109843118547708e-02 9.962271004531465524e-01
7.414692730655977893e-02 9.962429743697464035e-01
7.411286165683002303e-02 9.962587686498793893e-01
7.407890115647880469e-02 9.962744836949994909e-01
7.404504548099306860e-02 9.962901199045309797e-01
7.401129430686105570e-02 9.963056776758780764e-01
7.397764731156911133e-02 9.963211574044360530e-01
7.394410417359875698e-02 9.963365594836006700e-01
7.391066457242345678e-02 9.963518843047786122e-01
7.387732818850566152e-02 9.963671322573971478e-01
7.384409470329376945e-02 9.963823037289150086e-01
7.381096379921898987e-02 9.963973991048314938e-01
7.377793515969242877e-02 9.964124187686970169e-01
7.374500846910198026e-02 9.964273631021227651e-01
7.371218341280935671e-02 9.964422324847901358e-01
7.367945967714706335e-02 9.964570272944610618e-01
7.364683694941544234e-02 9.964717479069877815e-01
7.361431491787960579e-02 9.964863946963217201e-01
7.358189327176656302e-02 9.965009680345241483e-01
7.354957170126219523e-02 9.965154682917750639e-01
7.351734989750829952e-02 9.965298958363830728e-01
7.348522755259966066e-02 9.965442510347944927e-01
7.345320435958109517e-02 9.965585342516032341e-01
7.342128001244450919e-02 9.965727458495597935e-01
7.338945420612603965e-02 9.965868861895810227e-01
7.335772663650305669e-02 9.966009556307589001e-01
7.332609700039131873e-02 9.966149545303701895e-01
7.329456499554207194e-02 9.966288832438854328e-01
7.326313032063912212e-02 9.966427421249782759e-01
7.323179267529604519e-02 9.966565315255341284e-01
7.320055176005321740e-02 9.966702517956599339e-01
7.316940727637502584e-02 9.966839032836926071e-01
7.313835892664698191e-02 9.966974863362080272e-01
7.310740641417291796e-02 9.967110012980303635e-01
7.307654944317214241e-02 9.967244485122406239e-01
7.304578771877656695e-02 9.967378283201854261e-01
7.301512094702797273e-02 9.967511410614859901e-01
7.298454883487513756e-02 9.967643870740467982e-01
7.295407109017108815e-02 9.967775666940644763e-01
7.292368742167025519e-02 9.967906802560358992e-01
7.289339753902575325e-02 9.968037280927674049e-01
7.286320115278657750e-02 9.968167105353830104e-01
7.283309797439484201e-02 9.968296279133331828e-01
7.280308771618301811e-02 9.968424805544029432e-01
7.277317009137121429e-02 9.968552687847207494e-01
7.274334481406440067e-02 9.968679929287665997e-01
7.271361159924974449e-02 9.968806533093802491e-01
7.268397016279377898e-02 9.968932502477699797e-01
7.265442022143980827e-02 9.969057840635204837e-01
7.262496149280515956e-02 9.969182550746010785e-01
7.259559369537843532e-02 9.969306635973744779e-01
7.256631654851690427e-02 9.969430099466038975e-01
7.253712977244379523e-02 9.969552944354618251e-01
7.250803308824559090e-02 9.969675173755383479e-01
7.247902621786941890e-02 9.969796790768484795e-01
7.245010888412037331e-02 9.969917798478403759e-01
7.242128081065885015e-02 9.970038199954037728e-01
7.239254172199793835e-02 9.970157998248768694e-01
7.236389134350078300e-02 9.970277196400552100e-01
7.233532940137793465e-02 9.970395797431987894e-01
7.230685562268479583e-02 9.970513804350402687e-01
7.227846973531897035e-02 9.970631220147924134e-01
7.225017146801765433e-02 9.970748047801560876e-01
7.222196055035506879e-02 9.970864290273276920e-01
7.219383671273989223e-02 9.970979950510066026e-01
7.216579968641267939e-02 9.971095031444031642e-01
7.213784920344325224e-02 9.971209535992461293e-01
7.210998499672820194e-02 9.971323467057898737e-01
7.208220679998832148e-02 9.971436827528221691e-01
7.205451434776602437e-02 9.971549620276712877e-01
7.202690737542286059e-02 9.971661848162141073e-01
7.199938561913694912e-02 9.971773514028826613e-01
7.197194881590050775e-02 9.971884620706715774e-01
7.194459670351732727e-02 9.971995171011458492e-01
7.191732902060020416e-02 9.972105167744478305e-01
7.189014550656855351e-02 9.972214613693038965e-01
7.186304590164580008e-02 9.972323511630325488e-01
7.183602994685703291e-02 9.972431864315510763e-01
7.180909738402642406e-02 9.972539674493823281e-01
7.178224795577480000e-02 9.972646944896623733e-01
7.175548140551717136e-02 9.972753678241471631e-01
7.172879747746035983e-02 9.972859877232196357e-01
7.170219591660043079e-02 9.972965544558968221e-01
7.167567646872034792e-02 9.973070682898362849e-01
7.164923888038751687e-02 9.973175294913436684e-01
7.162288289895137050e-02 9.973279383253788044e-01
7.159660827254095417e-02 9.973382950555630400e-01
7.157041475006252484e-02 9.973485999441858985e-01
7.154430208119713641e-02 9.973588532522119632e-01
7.151827001639829429e-02 9.973690552392872055e-01
7.149231830688949907e-02 9.973792061637460904e-01
7.146644670466195670e-02 9.973893062826177935e-01
7.144065496247214986e-02 9.973993558516330848e-01
7.141494283383949260e-02 9.974093551252311007e-01
7.138931007304397114e-02 9.974193043565652284e-01
7.136375643512384015e-02 9.974292037975104330e-01
7.133828167587322189e-02 9.974390536986686984e-01
7.131288555183980249e-02 9.974488543093767978e-01
7.128756782032252826e-02 9.974586058777117348e-01
7.126232823936926031e-02 9.974683086504971818e-01
7.123716656777447087e-02 9.974779628733101422e-01
7.121208256507693957e-02 9.974875687904871668e-01
7.118707599155744969e-02 9.974971266451307939e-01
7.116214660823654004e-02 9.975066366791152106e-01
7.113729417687214562e-02 9.975160991330933591e-01
7.111251845995743281e-02 9.975255142465021541e-01
7.108781922071839843e-02 9.975348822575693664e-01
7.106319622311173256e-02 9.975442034033193961e-01
7.103864923182247326e-02 9.975534779195797119e-01
7.101417801226184157e-02 9.975627060409864022e-01
7.098978233056491005e-02 9.975718880009907252e-01
7.096546195358845177e-02 9.975810240318645494e-01
7.094121664890865042e-02 9.975901143647067926e-01
7.091704618481893541e-02 9.975991592294490840e-01
7.089295033032774751e-02 9.976081588548619816e-01
7.086892885515630458e-02 9.976171134685606345e-01
7.084498152973642271e-02 9.976260232970103337e-01
7.082110812520837906e-02 9.976348885655331733e-01
7.079730841341863590e-02 9.976437094983128251e-01
7.077358216691768955e-02 9.976524863184009773e-01
7.074992915895796097e-02 9.976612192477231078e-01
7.072634916349156142e-02 9.976699085070837025e-01
7.070284195516811365e-02 9.976785543161721392e-01
7.067940730933271187e-02 9.976871568935684609e-01
7.065604500202365967e-02 9.976957164567490377e-01
7.063275480997037448e-02 9.977042332220918963e-01
7.060953651059127811e-02 9.977127074048823818e-01
7.058638988199164577e-02 9.977211392193188200e-01
7.056331470296149655e-02 9.977295288785176242e-01
7.054031075297345632e-02 9.977378765945196237e-01
7.051737781218070378e-02 9.977461825782945049e-01
7.049451566141481940e-02 9.977544470397466947e-01
7.047172408218371764e-02 9.977626701877209126e-01
7.044900285666957918e-02 9.977708522300073879e-01
7.042635176772669980e-02 9.977789933733467453e-01
7.040377059887951983e-02 9.977870938234364440e-01
7.038125913432047298e-02 9.977951537849347741e-01
7.035881715890793253e-02 9.978031734614668524e-01
7.033644445816424062e-02 9.978111530556297293e-01
7.031414081827354334e-02 9.978190927689978285e-01
7.029190602607983396e-02 9.978269928021271662e-01
7.026973986908488512e-02 9.978348533545617904e-01
7.024764213544622271e-02 9.978426746248382218e-01
7.022561261397507193e-02 9.978504568104903383e-01
7.020365109413441440e-02 9.978582001080551489e-01
7.018175736603693426e-02 9.978659047130772342e-01
7.015993122044297814e-02 9.978735708201137422e-01
7.013817244875862611e-02 9.978811986227401620e-01
7.011648084303363782e-02 9.978887883135543202e-01
7.009485619595952344e-02 9.978963400841817100e-01
7.007329830086753142e-02 9.979038541252808203e-01
7.005180695172665006e-02 9.979113306265474659e-01
7.003038194314173404e-02 9.979187697767198939e-01
7.000902307035139494e-02 9.979261717635835582e-01
6.998773012922619718e-02 9.979335367739757823e-01
6.996650291626661800e-02 9.979408649937910880e-01
6.994534122860111836e-02 9.979481566079857480e-01
6.992424486398421402e-02 9.979554118005818930e-01
6.990321362079458811e-02 9.979626307546732855e-01
6.988224729803303725e-02 9.979698136524292051e-01
6.986134569532072291e-02 9.979769606750995559e-01
6.984050861289713141e-02 9.979840720030191958e-01
6.981973585161820040e-02 9.979911478156129334e-01
6.979902721295441759e-02 9.979981882914000790e-01
6.977838249898897505e-02 9.980051936079986641e-01
6.975780151241579852e-02 9.980121639421303259e-01
6.973728405653770168e-02 9.980190994696248596e-01
6.971682993526451266e-02 9.980260003654243262e-01
6.969643895311118664e-02 9.980328668035882700e-01
6.967611091519597399e-02 9.980396989572974942e-01
6.965584562723847739e-02 9.980464969988588342e-01
6.963564289555791709e-02 9.980532610997094878e-01
6.961550252707114639e-02 9.980599914304216780e-01
6.959542432929093081e-02 9.980666881607063168e-01
6.957540811032401906e-02 9.980733514594184452e-01
6.955545367886938057e-02 9.980799814945606752e-01
6.953556084421630423e-02 9.980865784332878521e-01
6.951572941624264979e-02 9.980931424419111631e-01
6.949595920541300209e-02 9.980996736859026885e-01
6.947625002277682538e-02 9.981061723298993993e-01
6.945660167996671464e-02 9.981126385377075971e-01
6.943701398919657763e-02 9.981190724723068008e-01
6.941748676325981693e-02 9.981254742958542980e-01
6.939801981552758126e-02 9.981318441696891419e-01
6.937861295994696142e-02 9.981381822543361482e-01
6.935926601103921396e-02 9.981444887095103358e-01
6.933997878389798475e-02 9.981507636941205908e-01
6.932075109418757430e-02 9.981570073662741072e-01
6.930158275814113367e-02 9.981632198832804947e-01
6.928247359255892968e-02 9.981694014016553318e-01
6.926342341480659637e-02 9.981755520771249390e-01
6.924443204281340025e-02 9.981816720646293772e-01
6.922549929507047783e-02 9.981877615183274433e-01
6.920662499062912865e-02 9.981938205916000006e-01
6.918780894909905277e-02 9.981998494370538655e-01
6.916905099064667162e-02 9.982058482065262472e-01
6.915035093599335159e-02 9.982118170510883015e-01
6.913170860641379423e-02 9.982177561210487937e-01
6.911312382373419050e-02 9.982236655659583180e-01
6.909459641033061095e-02 9.982295455346132940e-01
6.907612618912732649e-02 9.982353961750587423e-01
6.905771298359503207e-02 9.982412176345937249e-01
6.903935661774925070e-02 9.982470100597737872e-01
6.902105691614858485e-02 9.982527735964150661e-01
6.900281370389306501e-02 9.982585083895983979e-01
6.898462680662248436e-02 9.982642145836726488e-01
6.896649605051474730e-02 9.982698923222583787e-01
6.894842126228416246e-02 9.982755417482520599e-01
6.893040226917984681e-02 9.982811630038290751e-01
6.891243889898401864e-02 9.982867562304477138e-01
6.889453098001041553e-02 9.982923215688527252e-01
6.887667834110257348e-02 9.982978591590790929e-01
6.885888081163228647e-02 9.983033691404552545e-01
6.884113822149789952e-02 9.983088516516069877e-01
6.882345040112271273e-02 9.983143068304610734e-01
6.880581718145335757e-02 9.983197348142482941e-01
6.878823839395822870e-02 9.983251357395076520e-01
6.877071387062576313e-02 9.983305097420891450e-01
6.875324344396295528e-02 9.983358569571578744e-01
6.873582694699370554e-02 9.983411775191972648e-01
6.871846421325719656e-02 9.983464715620121721e-01
6.870115507680635281e-02 9.983517392187331030e-01
6.868389937220624464e-02 9.983569806218186571e-01
6.866669693453246459e-02 9.983621959030599680e-01
6.864954759936961470e-02 9.983673851935831456e-01
6.863245120280972444e-02 9.983725486238532731e-01
6.861540758145062702e-02 9.983776863236772936e-01
6.859841657239447443e-02 9.983827984222078955e-01
6.858147801324612769e-02 9.983878850479460665e-01
6.856459174211163021e-02 9.983929463287449790e-01
6.854775759759666742e-02 9.983979823918133212e-01
6.853097541880501242e-02 9.984029933637181831e-01
6.851424504533699944e-02 9.984079793703883876e-01
6.849756631728794176e-02 9.984129405371177102e-01
6.848093907524670232e-02 9.984178769885683202e-01
6.846436316029406999e-02 9.984227888487738900e-01
6.844783841400131630e-02 9.984276762411424810e-01
6.843136467842865500e-02 9.984325392884599859e-01
6.841494179612371551e-02 9.984373781128933478e-01
6.839856961012007186e-02 9.984421928359934473e-01
6.838224796393567451e-02 9.984469835786982106e-01
6.836597670157149031e-02 9.984517504613362737e-01
6.834975566750987885e-02 9.984564936036290916e-01
6.833358470671317686e-02 9.984612131246948241e-01
6.831746366462215780e-02 9.984659091430510003e-01
6.830139238715467187e-02 9.984705817766176272e-01
6.828537072070402225e-02 9.984752311427205207e-01
6.826939851213760513e-02 9.984798573580936365e-01
6.825347560879545250e-02 9.984844605388826233e-01
6.823760185848866400e-02 9.984890408006477092e-01
6.822177710949810236e-02 9.984935982583664771e-01
6.820600121057281140e-02 9.984981330264369737e-01
6.819027401092864205e-02 9.985026452186804846e-01
6.817459536024683686e-02 9.985071349483446435e-01
6.815896510867250346e-02 9.985116023281062070e-01
6.814338310681325450e-02 9.985160474700738309e-01
6.812784920573779213e-02 9.985204704857915115e-01
6.811236325697440919e-02 9.985248714862404729e-01
6.809692511250964309e-02 9.985292505818428310e-01
6.808153462478683249e-02 9.985336078824641470e-01
6.806619164670470179e-02 9.985379434974162027e-01
6.805089603161597334e-02 9.985422575354598873e-01
6.803564763332595189e-02 9.985465501048077508e-01
6.802044630609116460e-02 9.985508213131271127e-01
6.800529190461788998e-02 9.985550712675425045e-01
6.799018428406085335e-02 9.985593000746388892e-01
6.797512330002181136e-02 9.985635078404638820e-01
6.796010880854815028e-02 9.985676946705304147e-01
6.794514066613152603e-02 9.985718606698200661e-01
6.793021872970654573e-02 9.985760059427850610e-01
6.791534285664929671e-02 9.985801305933514893e-01
6.790051290477608359e-02 9.985842347249216377e-01
6.788572873234201277e-02 9.985883184403765434e-01
6.787099019803963240e-02 9.985923818420792131e-01
6.785629716099764175e-02 9.985964250318762891e-01
6.784164948077947566e-02 9.986004481111017128e-01
6.782704701738201392e-02 9.986044511805785007e-01
6.781248963123420737e-02 9.986084343406217423e-01
6.779797718319580113e-02 9.986123976910411537e-01
6.778350953455591910e-02 9.986163413311434089e-01
6.776908654703181489e-02 9.986202653597348045e-01
6.775470808276751189e-02 9.986241698751239237e-01
6.774037400433249867e-02 9.986280549751238578e-01
6.772608417472041065e-02 9.986319207570549805e-01
6.771183845734773943e-02 9.986357673177475025e-01
6.769763671605250055e-02 9.986395947535436912e-01
6.768347881509295672e-02 9.986434031603000916e-01
6.766936461914627166e-02 9.986471926333908566e-01
6.765529399330733051e-02 9.986509632677090798e-01
6.764126680308731043e-02 9.986547151576704584e-01
6.762728291441250095e-02 9.986584483972145154e-01
6.761334219362294395e-02 9.986621630798077076e-01
6.759944450747125411e-02 9.986658592984457572e-01
6.758558972312123103e-02 9.986695371456558723e-01
6.757177770814669360e-02 9.986731967134989674e-01
6.755800833053013377e-02 9.986768380935724387e-01
6.754428145866153699e-02 9.986804613770121630e-01
6.753059696133703604e-02 9.986840666544950507e-01
6.751695470775771757e-02 9.986876540162412663e-01
6.750335456752837304e-02 9.986912235520164494e-01
6.748979641065620816e-02 9.986947753511341563e-01
6.747628010754963546e-02 9.986983095024579704e-01
6.746280552901703920e-02 9.987018260944039438e-01
6.744937254626555412e-02 9.987053252149430405e-01
6.743598103089974705e-02 9.987088069516028010e-01
6.742263085492053443e-02 9.987122713914702299e-01
6.740932189072382230e-02 9.987157186211935711e-01
6.739605401109938221e-02 9.987191487269846402e-01
6.738282708922957442e-02 9.987225617946211553e-01
6.736964099868819611e-02 9.987259579094488471e-01
6.735649561343920455e-02 9.987293371563837896e-01
6.734339080783557918e-02 9.987326996199139550e-01
6.733032645661804483e-02 9.987360453841024333e-01
6.731730243491398924e-02 9.987393745325884309e-01
6.730431861823613082e-02 9.987426871485907132e-01
6.729137488248145005e-02 9.987459833149081589e-01
6.727847110392994046e-02 9.987492631139230914e-01
6.726560715924342904e-02 9.987525266276031655e-01
6.725278292546441050e-02 9.987557739375029220e-01
6.723999828001489543e-02 9.987590051247667855e-01
6.722725310069518900e-02 9.987622202701300633e-01
6.721454726568278082e-02 9.987654194539218322e-01
6.720188065353109585e-02 9.987686027560666036e-01
6.718925314316845365e-02 9.987717702560865440e-01
6.717666461389679156e-02 9.987749220331035849e-01
6.716411494539061000e-02 9.987780581658409762e-01
6.715160401769576515e-02 9.987811787326259516e-01
6.713913171122830315e-02 9.987842838113911714e-01
6.712669790677341930e-02 9.987873734796771652e-01
6.711430248548419519e-02 9.987904478146336640e-01
6.710194532888054397e-02 9.987935068930225979e-01
6.708962631884804462e-02 9.987965507912190954e-01
6.707734533763684559e-02 9.987995795852138148e-01
6.706510226786049911e-02 9.988025933506151643e-01
6.705289699249486479e-02 9.988055921626505240e-01
6.704072939487697169e-02 9.988085760961689097e-01
6.702859935870393582e-02 9.988115452256425275e-01
6.701650676803182216e-02 9.988144996251684393e-01
6.700445150727456223e-02 9.988174393684711161e-01
6.699243346120281606e-02 9.988203645289038812e-01
6.698045251494287589e-02 9.988232751794505759e-01
6.696850855397561142e-02 9.988261713927280017e-01
6.695660146413533187e-02 9.988290532409872524e-01
6.694473113160868960e-02 9.988319207961157131e-01
6.693289744293366705e-02 9.988347741296395021e-01
6.692110028499836938e-02 9.988376133127239154e-01
6.690933954504005299e-02 9.988404384161767569e-01
6.689761511064401533e-02 9.988432495104494491e-01
6.688592686974249857e-02 9.988460466656383652e-01
6.687427471061362094e-02 9.988488299514876045e-01
6.686265852188033598e-02 9.988515994373901030e-01
6.685107819250937777e-02 9.988543551923894093e-01
6.683953361181012298e-02 9.988570972851820162e-01
6.682802466943363329e-02 9.988598257841183603e-01
6.681655125537154516e-02 9.988625407572053749e-01
6.680511325995501515e-02 9.988652422721072677e-01
6.679371057385370680e-02 9.988679303961479627e-01
6.678234308807469433e-02 9.988706051963128774e-01
6.677101069396150501e-02 9.988732667392501430e-01
6.675971328319295350e-02 9.988759150912724927e-01
6.674845074778226750e-02 9.988785503183592596e-01
6.673722298007589426e-02 9.988811724861574870e-01
6.672602987275259856e-02 9.988837816599841490e-01
6.671487131882235244e-02 9.988863779048277047e-01
6.670374721162539156e-02 9.988889612853493194e-01
6.669265744483111880e-02 9.988915318658850850e-01
6.668160191243710511e-02 9.988940897104474637e-01
6.667058050876815967e-02 9.988966348827265085e-01
6.665959312847517804e-02 9.988991674460925285e-01
6.664863966653425398e-02 9.989016874635964216e-01
6.663772001824563862e-02 9.989041949979722279e-01
6.662683407923271350e-02 9.989066901116383512e-01
6.661598174544101914e-02 9.989091728666992243e-01
6.660516291313728354e-02 9.989116433249467519e-01
6.659437747890836756e-02 9.989141015478621988e-01
6.658362533966034891e-02 9.989165475966172991e-01
6.657290639261745357e-02 9.989189815320764776e-01
6.656222053532118155e-02 9.989214034147979593e-01
6.655156766562923820e-02 9.989238133050352131e-01
6.654094768171457674e-02 9.989262112627385060e-01
6.653036048206445452e-02 9.989285973475569014e-01
6.651980596547946156e-02 9.989309716188395916e-01
