2.353953894751793507e-01 9.207030176980466329e-01
2.400808910052841250e-01 9.130374404367355146e-01
2.448129281981652194e-01 9.054366364429518033e-01
2.495889299485934409e-01 8.979000583978937744e-01
2.544063162494310526e-01 8.904271636064725604e-01
2.592625052156338761e-01 8.830174139583776283e-01
2.641549198112410068e-01 8.756702758894544525e-01
2.690809942519081788e-01 8.683852203433940486e-01
2.740381800603036155e-01 8.611617227337322600e-01
2.790239517563533056e-01 8.539992629061596841e-01
2.840358121688199011e-01 8.468973251011390202e-01
2.890712973589869006e-01 8.398553979168310590e-01
2.941279811512464981e-01 8.328729742723238738e-01
2.992034792691221634e-01 8.259495513711682113e-01
3.042954530786776135e-01 8.190846306652135311e-01
3.094016129443439289e-01 8.122777178187459146e-01
3.145197212049426483e-01 8.055283226729229584e-01
3.196475947800774819e-01 7.988359592105068741e-01
3.247831074191278034e-01 7.922001455208910192e-01
3.299241916068060276e-01 7.856204037654195282e-01
3.350688401406535788e-01 7.790962601429970436e-01
3.402151073969638118e-01 7.726272448559878825e-01
3.453611103024566975e-01 7.662128920763997542e-01
3.505050290296082838e-01 7.598527399123532478e-01
3.556451074338812246e-01 7.535463303748314301e-01
3.607796532512382859e-01 7.472932093447105517e-01
3.659070380742661110e-01 7.410929265400678645e-01
3.710256971250215918e-01 7.349450354837641086e-01
3.761341288423549201e-01 7.288490934712998914e-01
3.812308943009862228e-01 7.228046615389424057e-01
3.863146164790376424e-01 7.168113044321209326e-01
3.913839793900658059e-01 7.108685905740890210e-01
3.964377270949184240e-01 7.049760920348506765e-01
4.014746626079762626e-01 6.991333845003492309e-01
4.064936467115360386e-01 6.933400472419154470e-01
4.114935966912756649e-01 6.875956630859737517e-01
4.164734850049083281e-01 6.818998183840050409e-01
4.214323378953069299e-01 6.762521029827609498e-01
4.263692339585560265e-01 6.706521101947320318e-01
4.312833026765857114e-01 6.650994367688635167e-01
4.361737229232568458e-01 6.595936828615193148e-01
4.410397214520077047e-01 6.541344520076904923e-01
4.458805713724465769e-01 6.487213510924474402e-01
4.506955906225749153e-01 6.433539903226329626e-01
4.554841404426675511e-01 6.380319831987948387e-01
4.602456238562091517e-01 6.327549464873545304e-01
4.649794841626961883e-01 6.275225001930117008e-01
4.696852034465641146e-01 6.223342675313819905e-01
4.743623011059807659e-01 6.171898749018653874e-01
4.790103324047705335e-01 6.120889518607440793e-01
4.836288870502886694e-01 6.070311310945074590e-01
4.882175877996552948e-01 6.020160483934028361e-01
4.927760890963824858e-01 5.970433426252090836e-01
4.973040757390838063e-01 5.921126557092322162e-01
5.018012615836390244e-01 5.872236325905206833e-01
5.062673882799034741e-01 5.823759212142980424e-01
5.107022240437886218e-01 5.775691725006127930e-01
5.151055624653114728e-01 5.728030403192004849e-01
5.194772213529958993e-01 5.680771814645602102e-01
5.238170416148241193e-01 5.633912556312405950e-01
5.281248861757688040e-01 5.587449253893348455e-01
5.324006389317873511e-01 5.541378561601825181e-01
5.366442037400300791e-01 5.495697161922773466e-01
5.408555034449002985e-01 5.450401765373780183e-01
5.450344789395029643e-01 5.405489110268208997e-01
5.491810882619360124e-01 5.360955962480329351e-01
5.532953057258021001e-01 5.316799115212431648e-01
5.573771210842574098e-01 5.273015388763909739e-01
5.614265387268646545e-01 5.229601630302292969e-01
5.654435769084709129e-01 5.186554713636214453e-01
5.694282670093006038e-01 5.143871538990293368e-01
5.733806528254244972e-01 5.101549032781930171e-01
5.773007898887475564e-01 5.059584147399972531e-01
5.811887448156445313e-01 5.017973860985266432e-01
5.850445946833613409e-01 4.976715177213053565e-01
5.888684264332998408e-01 4.935805125077203925e-01
5.926603363003009051e-01 4.895240758676283055e-01
5.964204292670474139e-01 4.855019157001414509e-01
6.001488185427129585e-01 4.815137423725943666e-01
6.038456250649940626e-01 4.775592686996877334e-01
6.075109770246753804e-01 4.736382099228078624e-01
6.111450094118923149e-01 4.697502836895219858e-01
6.147478635832681615e-01 4.658952100332461876e-01
6.183196868491263043e-01 4.620727113530848640e-01
6.218606320799906495e-01 4.582825123938415457e-01
6.253708573316091313e-01 4.545243402261974763e-01
6.288505254877581052e-01 4.507979242270584996e-01
6.322998039201006559e-01 4.471029960600675368e-01
6.357188641643983784e-01 4.434392896562819320e-01
6.391078816123942907e-01 4.398065411950141668e-01
6.424670352187070721e-01 4.362044890848342238e-01
6.457965072220991365e-01 4.326328739447328209e-01
6.490964828805010356e-01 4.290914385854430746e-01
6.523671502191979998e-01 4.255799279909210364e-01
6.556086997916029668e-01 4.220980892999820488e-01
6.588213244520645384e-01 4.186456717880923661e-01
6.620052191401748498e-01 4.152224268493145409e-01
6.651605806760663153e-01 4.118281079784057441e-01
6.682876075662037563e-01 4.084624707530670751e-01
6.713864998191968469e-01 4.051252728163427519e-01
6.744574587711789082e-01 4.018162738591683492e-01
6.775006869203152871e-01 3.985352356030663068e-01
6.805163877700203257e-01 3.952819217829874887e-01
6.835047656804831284e-01 3.920560981302981807e-01
6.864660257281146594e-01 3.888575323559104735e-01
6.894003735725493520e-01 3.856859941335552544e-01
6.923080153308446283e-01 3.825412550831967518e-01
6.951891574585425948e-01 3.794230887545869124e-01
6.980440066372685104e-01 3.763312706109590566e-01
7.008727696685562725e-01 3.732655780128588674e-01
7.036756533736046038e-01 3.702257902021126590e-01
7.064528644986810546e-01 3.672116882859304821e-01
7.092046096259021493e-01 3.642230552211440098e-01
7.119310950891317713e-01 3.612596757985773177e-01
7.146325268947498754e-01 3.583213366275497802e-01
7.173091106470559364e-01 3.554078261205101397e-01
7.199610514780816484e-01 3.525189344778001943e-01
7.225885539815978253e-01 3.496544536725472718e-01
7.251918221511094442e-01 3.468141774356841567e-01
7.277710593216442092e-01 3.439979012410963599e-01
7.303264681151465654e-01 3.412054222908936785e-01
7.328582503892997480e-01 3.384365395008074873e-01
7.353666071896053369e-01 3.356910534857103778e-01
7.378517387045581133e-01 3.329687665452588652e-01
7.403138442237624517e-01 3.302694826496568314e-01
7.427531220988421445e-01 3.275930074255400948e-01
7.451697697070038817e-01 3.249391481419790506e-01
7.475639834171200482e-01 3.223077136966008283e-01
7.499359585582043852e-01 3.196985146018279655e-01
7.522858893901575028e-01 3.171113629712333792e-01
7.546139690766686670e-01 3.145460725060111873e-01
7.569203896601615078e-01 3.120024584815610513e-01
7.592053420386811746e-01 3.094803377341866502e-01
7.614690159446203532e-01 3.069795286479060081e-01
7.637115999251917753e-01 3.044998511413735121e-01
7.659332813245551819e-01 3.020411266549123397e-01
7.681342462675117000e-01 2.996031781376567449e-01
7.703146796446868061e-01 2.971858300348023119e-01
7.724747650991196091e-01 2.947889082749650114e-01
7.746146850141881757e-01 2.924122402576458390e-01
7.767346205027971795e-01 2.900556548408023683e-01
7.788347513977627035e-01 2.877189823285248305e-01
7.809152562433291367e-01 2.854020544588164454e-01
7.829763122877575476e-01 2.831047043914769468e-01
7.850180954769272468e-01 2.808267666960887476e-01
7.870407804488971371e-01 2.785680773401040256e-01
7.890445405293722292e-01 2.763284736770333927e-01
7.910295477280271381e-01 2.741077944347334316e-01
7.929959727356387100e-01 2.719058797037937625e-01
7.949439849219824827e-01 2.697225709260221427e-01
7.968737523344510132e-01 2.675577108830267115e-01
7.987854416973524385e-01 2.654111436848948236e-01
8.006792184118513012e-01 2.632827147589675287e-01
8.025552465565146676e-01 2.611722708387091418e-01
8.044136888884281245e-01 2.590796599526702937e-01
8.062547068448497889e-01 2.570047314135447403e-01
8.080784605453696923e-01 2.549473358073185425e-01
8.098851087945443394e-01 2.529073249825107839e-01
8.116748090849789099e-01 2.508845520395053263e-01
8.134477176008297894e-01 2.488788713199726610e-01
8.152039892217012307e-01 2.468901383963813256e-01
8.169437775269128288e-01 2.449182100615975022e-01
8.186672348001128308e-01 2.429629443185729598e-01
8.203745120342179620e-01 2.410242003701199287e-01
8.220657589366552331e-01 2.391018386087724878e-01
8.237411239348907399e-01 2.371957206067333290e-01
8.254007541822215854e-01 2.353057091059058692e-01
8.270447955638163817e-01 2.334316680080103512e-01
8.286733927029866775e-01 2.315734623647834334e-01
8.302866889676721041e-01 2.297309583682607681e-01
8.318848264771263601e-01 2.279040233411414873e-01
8.334679461087856067e-01 2.260925257272343447e-01
8.350361875053109451e-01 2.242963350819844048e-01
8.365896890817866582e-01 2.225153220630797235e-01
8.381285880330653359e-01 2.207493584211377147e-01
8.396530203412470028e-01 2.189983169904697879e-01
8.411631207832807045e-01 2.172620716799243401e-01
8.426590229386796693e-01 2.155404974638071847e-01
8.441408591973376119e-01 2.138334703728781983e-01
8.456087607674390716e-01 2.121408674854247667e-01
8.470628576834539070e-01 2.104625669184099768e-01
8.485032788142065074e-01 2.087984478186961923e-01
8.499301518710145054e-01 2.071483903543422100e-01
8.513436034158857746e-01 2.055122757059745231e-01
8.527437588697690529e-01 2.038899860582310819e-01
8.541307425208517490e-01 2.022814045912775527e-01
8.555046775328950526e-01 2.006864154723951577e-01
8.568656859536055714e-01 1.991049038476396804e-01
8.582138887230331692e-01 1.975367558335709706e-01
8.595494056819907858e-01 1.959818585090522813e-01
8.608723555804944638e-01 1.944400999071187464e-01
8.621828560862121460e-01 1.929113690069149400e-01
8.634810237929236854e-01 1.913955557257001616e-01
8.647669742289828543e-01 1.898925509109216925e-01
8.660408218657795754e-01 1.884022463323545282e-01
8.673026801261978225e-01 1.869245346743080294e-01
8.685526613930660833e-01 1.854593095278980752e-01
8.697908770175961646e-01 1.840064653833846375e-01
8.710174373278075644e-01 1.825658976225742192e-01
8.722324516369355241e-01 1.811375025112862691e-01
8.734360282518180973e-01 1.797211771918834355e-01
8.746282744812599041e-01 1.783168196758647961e-01
8.758092966443715710e-01 1.769243288365217603e-01
8.769792000788811936e-01 1.755436044016560893e-01
8.781380891494156016e-01 1.741745469463592544e-01
8.792860672557500923e-01 1.728170578858529982e-01
8.804232368410240817e-01 1.714710394683903460e-01
8.815496993999218933e-01 1.701363947682164590e-01
8.826655554868150233e-01 1.688130276785893003e-01
8.837709047238664350e-01 1.675008429048587544e-01
8.848658458090945533e-01 1.661997459576048664e-01
8.859504765243951807e-01 1.649096431458334233e-01
8.870248937435208925e-01 1.636304415702295734e-01
8.880891934400160226e-01 1.623620491164680935e-01
8.891434706951072409e-01 1.611043744485803897e-01
8.901878197055465014e-01 1.598573270023773418e-01
8.912223337914090271e-01 1.586208169789279920e-01
8.922471054038410010e-01 1.573947553380930509e-01
8.932622261327607394e-01 1.561790537921132760e-01
8.942677867145094606e-01 1.549736247992519467e-01
8.952638770394516499e-01 1.537783815574910173e-01
8.962505861595255752e-01 1.525932379982805343e-01
8.972280022957425105e-01 1.514181087803409542e-01
8.981962128456338901e-01 1.502529092835177826e-01
8.991553043906468368e-01 1.490975556026881421e-01
9.001053627034871774e-01 1.479519645417188278e-01
9.010464727554094999e-01 1.468160536074754052e-01
9.019787187234546977e-01 1.456897410038819063e-01
9.029021839976337782e-01 1.445729456260308188e-01
9.038169511880577156e-01 1.434655870543428413e-01
9.047231021320150113e-01 1.423675855487757103e-01
9.056207179009938546e-01 1.412788620430824316e-01
9.065098788076515479e-01 1.401993381391176130e-01
9.073906644127294197e-01 1.391289361011922021e-01
9.082631535319136695e-01 1.380675788504756307e-01
9.091274242426427010e-01 1.370151899594456157e-01
9.099835538908589427e-01 1.359716936463845338e-01
9.108316190977083782e-01 1.349370147699225087e-01
9.116716957661854526e-01 1.339110788236264893e-01
9.125038590877235789e-01 1.328938119306351806e-01
9.133281835487320199e-01 1.318851408383390766e-01
9.141447429370800348e-01 1.308849929131057910e-01
9.149536103485260696e-01 1.298932961350496296e-01
9.157548581930939902e-01 1.289099790928455447e-01
9.165485582013969124e-01 1.279349709785867761e-01
9.173347814309066317e-01 1.269682015826861798e-01
9.181135982721709832e-01 1.260096012888203831e-01
9.188850784549782436e-01 1.250591010689167948e-01
9.196492910544693533e-01 1.241166324781828867e-01
9.204063044971971808e-01 1.231821276501776780e-01
9.211561865671346050e-01 1.222555192919246025e-01
9.218990044116304183e-01 1.213367406790658160e-01
9.226348245473137144e-01 1.204257256510574414e-01
9.233637128659474280e-01 1.195224086064054225e-01
9.240857346402304717e-01 1.186267244979415658e-01
9.248009545295492462e-01 1.177386088281395654e-01
9.255094365856785243e-01 1.168579976444706070e-01
9.262112442584335970e-01 1.159848275347981211e-01
9.269064404012706815e-01 1.151190356228116163e-01
9.275950872768392585e-01 1.142605595634989674e-01
9.282772465624843372e-01 1.134093375386569513e-01
9.289529793557008697e-01 1.125653082524398496e-01
9.296223461795384280e-01 1.117284109269455206e-01
9.302854069879585852e-01 1.108985852978388587e-01
9.309422211711440021e-01 1.100757716100121963e-01
9.315928475607601067e-01 1.092599106132823711e-01
9.322373444351692573e-01 1.084509435581241937e-01
9.328757695245986081e-01 1.076488121914399021e-01
9.335081800162603471e-01 1.068534587523644608e-01
9.341346325594271915e-01 1.060648259681061939e-01
9.347551832704605879e-01 1.052828570498225841e-01
9.353698877377942811e-01 1.045074956885310713e-01
9.359788010268723646e-01 1.037386860510541298e-01
9.365819776850423661e-01 1.029763727759989284e-01
9.371794717464040358e-01 1.022205009697706446e-01
9.377713367366138364e-01 1.014710162026197376e-01
9.383576256776459124e-01 1.007278645047224447e-01
9.389383910925087617e-01 9.999099236229443133e-02
9.395136850099203851e-01 9.926034671373742957e-02
9.400835589689382488e-01 9.853587494581811379e-02
9.406480640235492796e-01 9.781752488987964511e-02
9.412072507472161176e-01 9.710524481808492647e-02
9.417611692373822896e-01 9.639898343969183214e-02
9.423098691199358612e-01 9.569868989735966225e-02
9.428533995536318990e-01 9.500431376348708601e-02
9.433918092344742989e-01 9.431580503658076875e-02
9.439251464000574243e-01 9.363311413765487701e-02
9.444534588338673320e-01 9.295619190666090659e-02
9.449767938695431413e-01 9.228498959894770870e-02
9.454951983950997674e-01 9.161945888175145047e-02
9.460087188571111305e-01 9.095955183071514905e-02
9.465174012648543966e-01 9.030522092643775145e-02
9.470212911944163592e-01 8.965641905105220522e-02
9.475204337927616294e-01 8.901309948483267231e-02
9.480148737817628568e-01 8.837521590283010930e-02
9.485046554621934245e-01 8.774272237153660225e-02
9.489898227176843948e-01 8.711557334557760990e-02
9.494704190186425974e-01 8.649372366443235094e-02
9.499464874261341896e-01 8.587712854918179428e-02
9.504180705957304687e-01 8.526574359928415503e-02
9.508852107813200449e-01 8.465952478937770198e-02
9.513479498388828226e-01 8.405842846611046026e-02
9.518063292302312295e-01 8.346241134499679526e-02
9.522603900267156973e-01 8.287143050730053084e-02
9.527101729128945040e-01 8.228544339694439380e-02
9.531557181901717524e-01 8.170440781744561787e-02
9.535970657803993777e-01 8.112828192887731882e-02
9.540342552294465150e-01 8.055702424485576552e-02
9.544673257107350040e-01 7.999059362955283914e-02
9.548963160287426977e-01 7.942894929473401366e-02
9.553212646224730209e-01 7.887205079682108044e-02
9.557422095688929975e-01 7.831985803397996382e-02
9.561591885863387486e-01 7.777233124323293390e-02
9.565722390378891271e-01 7.722943099759534136e-02
9.569813979347079336e-01 7.669111820323649964e-02
9.573867019393546007e-01 7.615735409666461730e-02
9.577881873690644587e-01 7.562810024193535041e-02
9.581858901989972477e-01 7.510331852788419693e-02
9.585798460654569864e-01 7.458297116538205318e-02
9.589700902690796447e-01 7.406702068461407107e-02
9.593566577779926163e-01 7.355542993238149696e-02
9.597395832309431052e-01 7.304816206942625623e-02
9.601189009403992003e-01 7.254518056777828350e-02
9.604946448956194205e-01 7.204644920812502962e-02
9.608668487656957247e-01 7.155193207720347837e-02
9.612355459025665461e-01 7.106159356521395132e-02
9.616007693440021820e-01 7.057539836325593674e-02
9.619625518165616507e-01 7.009331146078549846e-02
9.623209257385233473e-01 6.961529814309420916e-02
9.626759232227857233e-01 6.914132398880934449e-02
9.630275760797428752e-01 6.867135486741525463e-02
9.633759158201323780e-01 6.820535693679562195e-02
9.637209736578559172e-01 6.774329664079656310e-02
9.640627805127743866e-01 6.728514070681020087e-02
9.644013670134760075e-01 6.683085614337883062e-02
9.647367635000190234e-01 6.638041023781912631e-02
9.650690000266478608e-01 6.593377055386659413e-02
9.653981063644843097e-01 6.549090492933985763e-02
9.657241120041939464e-01 6.505178147382463527e-02
9.660470461586261326e-01 6.461636856637738291e-02
9.663669377654308112e-01 6.418463485324828188e-02
9.666838154896488788e-01 6.375654924562348946e-02
9.669977077262803533e-01 6.333208091738640189e-02
9.673086426028265628e-01 6.291119930289799933e-02
9.676166479818094635e-01 6.249387409479570388e-02
9.679217514632667552e-01 6.208007524181108350e-02
9.682239803872241257e-01 6.166977294660580533e-02
9.685233618361436259e-01 6.126293766362600479e-02
9.688199226373492845e-01 6.085954009697468886e-02
9.691136893654301865e-01 6.045955119830220825e-02
9.694046883446206797e-01 6.006294216471445846e-02
9.696929456511574896e-01 5.966968443669884437e-02
9.699784871156167387e-01 5.927974969606771699e-02
9.702613383252263191e-01 5.889310986391919217e-02
9.705415246261586137e-01 5.850973709861524014e-02
9.708190711258006811e-01 5.812960379377680314e-02
9.710940026950032333e-01 5.775268257629587176e-02
9.713663439703085212e-01 5.737894630436440185e-02
9.716361193561572351e-01 5.700836806551984326e-02
9.719033530270746457e-01 5.664092117470716919e-02
9.721680689298363154e-01 5.627657917235733692e-02
9.724302907856130496e-01 5.591531582248196464e-02
9.726900420920959744e-01 5.555710511078403024e-02
9.729473461256018529e-01 5.520192124278467533e-02
9.732022259431577504e-01 5.484973864196573956e-02
9.734547043845670489e-01 5.450053194792800482e-02
9.737048040744554767e-01 5.415427601456502399e-02
9.739525474242978209e-01 5.381094590825234725e-02
9.741979566344260988e-01 5.347051690605211099e-02
9.744410536960179670e-01 5.313296449393272586e-02
9.746818603930672564e-01 5.279826436500365677e-02
9.749203983043356336e-01 5.246639241776508700e-02
9.751566888052856097e-01 5.213732475437239666e-02
9.753907530699960082e-01 5.181103767891531015e-02
9.756226120730583373e-01 5.148750769571153879e-02
9.758522865914568412e-01 5.116671150761491899e-02
9.760797972064292338e-01 5.084862601433774720e-02
9.763051643053112238e-01 5.053322831078738836e-02
9.765284080833623870e-01 5.022049568541691461e-02
9.767495485455768289e-01 4.991040561858958030e-02
9.769686055084739751e-01 4.960293578095731348e-02
9.771855986018754825e-01 4.929806403185269664e-02
9.774005472706630560e-01 4.899576841769468644e-02
9.776134707765208320e-01 4.869602717040776019e-02
9.778243881996621090e-01 4.839881870585437118e-02
9.780333184405370917e-01 4.810412162228074745e-02
9.782402802215282023e-01 4.781191469877570793e-02
9.784452920886267391e-01 4.752217689374260007e-02
9.786483724130941031e-01 4.723488734338409517e-02
9.788495393931091471e-01 4.695002536019982076e-02
9.790488110553975387e-01 4.666757043149664941e-02
9.792462052568474684e-01 4.638750221791160949e-02
9.794417396861098135e-01 4.610980055194723731e-02
9.796354318651829818e-01 4.583444543651936376e-02
9.798272991509824337e-01 4.556141704351712035e-02
9.800173587368963268e-01 4.529069571237515079e-02
9.802056276543261726e-01 4.502226194865784070e-02
9.803921227742131705e-01 4.475609642265555854e-02
9.805768608085485560e-01 4.449217996799272046e-02
9.807598583118728452e-01 4.423049358024767203e-02
9.809411316827577609e-01 4.397101841558415103e-02
9.811206971652766118e-01 4.371373578939437288e-02
9.812985708504589066e-01 4.345862717495357908e-02
9.814747686777330893e-01 4.320567420208593079e-02
9.816493064363538412e-01 4.295485865584166424e-02
9.818221997668179490e-01 4.270616247518550096e-02
9.819934641622647398e-01 4.245956775169604236e-02
9.821631149698650809e-01 4.221505672827620403e-02
9.823311673921960585e-01 4.197261179787454416e-02
9.824976364886039981e-01 4.173221550221740961e-02
9.826625371765523864e-01 4.149385053055176104e-02
9.828258842329604672e-01 4.125749971839863528e-02
9.829876922955256280e-01 4.102314604631716183e-02
9.831479758640360167e-01 4.079077263867899455e-02
9.833067493016699467e-01 4.056036276245310324e-02
9.834640268362820903e-01 4.033189982600085544e-02
9.836198225616790136e-01 4.010536737788127082e-02
9.837741504388819447e-01 3.988074910566635073e-02
9.839270242973778835e-01 3.965802883476640672e-02
9.840784578363582780e-01 3.943719052726541580e-02
9.842284646259473746e-01 3.921821828076606925e-02
9.843770581084176907e-01 3.900109632724469561e-02
9.845242515993949395e-01 3.878580903191578694e-02
9.846700582890506315e-01 3.857234089210617722e-02
9.848144912432842402e-01 3.836067653613869227e-02
9.849575634048943762e-01 3.815080072222525043e-02
9.850992875947381933e-01 3.794269833736932385e-02
9.852396765128803580e-01 3.773635439627762156e-02
9.853787427397310283e-01 3.753175404028107759e-02
9.855164987371730634e-01 3.732888253626483188e-02
9.856529568496791294e-01 3.712772527560733588e-02
9.857881293054173710e-01 3.692826777312838149e-02
9.859220282173475347e-01 3.673049566604606048e-02
9.860546655843059893e-01 3.653439471294248758e-02
9.861860532920814215e-01 3.633995079273829448e-02
9.863162031144795394e-01 3.614714990367578346e-02
9.864451267143782287e-01 3.595597816231067834e-02
9.865728356447726055e-01 3.576642180251236869e-02
9.866993413498102994e-01 3.557846717447263329e-02
9.868246551658171883e-01 3.539210074372272502e-02
9.869487883223128089e-01 3.520730909015878235e-02
9.870717519430168840e-01 3.502407890707542881e-02
9.871935570468460819e-01 3.484239700020758113e-02
9.873142145489013366e-01 3.466225028678035502e-02
9.874337352614460661e-01 3.448362579456694388e-02
9.875521298948748417e-01 3.430651066095453949e-02
9.876694090586733976e-01 3.413089213201810079e-02
9.877855832623695376e-01 3.395675756160191489e-02
9.879006629164740483e-01 3.378409441040901295e-02
9.880146583334143973e-01 3.361289024509817730e-02
9.881275797284584383e-01 3.344313273738865055e-02
9.882394372206300126e-01 3.327480966317238747e-02
9.883502408336155565e-01 3.310790890163378686e-02
9.884600004966624942e-01 3.294241843437690359e-02
9.885687260454688596e-01 3.277832634456001593e-02
9.886764272230643691e-01 3.261562081603745084e-02
9.887831136806842780e-01 3.245429013250879929e-02
9.888887949786333564e-01 3.229432267667513984e-02
9.889934805871433143e-01 3.213570692940257573e-02
9.890971798872211229e-01 3.197843146889266935e-02
9.891999021714892315e-01 3.182248496986004455e-02
9.893016566450192339e-01 3.166785620271678897e-02
9.894024524261556541e-01 3.151453403276387177e-02
9.895022985473341803e-01 3.136250741938931968e-02
9.896012039558901296e-01 3.121176541527320020e-02
9.896991775148603621e-01 3.106229716559930423e-02
9.897962280037780891e-01 3.091409190727350403e-02
9.898923641194590228e-01 3.076713896814871688e-02
9.899875944767809743e-01 3.062142776625640175e-02
9.900819276094555699e-01 3.047694780904455780e-02
9.901753719707936385e-01 3.033368869262218284e-02
9.902679359344614962e-01 3.019164010101007406e-02
9.903596277952325666e-01 3.005079180539799860e-02
9.904504557697302314e-01 2.991113366340811264e-02
9.905404279971634640e-01 2.977265561836463931e-02
9.906295525400574675e-01 2.963534769856965290e-02
9.907178373849752084e-01 2.949920001658506985e-02
9.908052904432331776e-01 2.936420276852064193e-02
9.908919195516109335e-01 2.923034623332797233e-02
9.909777324730523196e-01 2.909762077210053047e-02
9.910627368973624618e-01 2.896601682737956485e-02
9.911469404418955520e-01 2.883552492246585497e-02
9.912303506522383012e-01 2.870613566073731623e-02
9.913129750028858433e-01 2.857783972497236410e-02
9.913948208979111998e-01 2.845062787667897164e-02
9.914758956716294147e-01 2.832449095542942386e-02
9.915562065892543631e-01 2.819941987820066831e-02
9.916357608475498964e-01 2.807540563872028272e-02
9.917145655754745492e-01 2.795243930681790695e-02
9.917926278348206948e-01 2.783051202778220184e-02
9.918699546208472606e-01 2.770961502172323426e-02
9.919465528629065609e-01 2.758973958294023976e-02
9.920224294250650221e-01 2.747087707929472822e-02
9.920975911067185793e-01 2.735301895158889079e-02
9.921720446432018559e-01 2.723615671294926655e-02
9.922457967063917916e-01 2.712028194821559240e-02
9.923188539053053869e-01 2.700538631333485734e-02
9.923912227866920066e-01 2.689146153476042883e-02
9.924629098356202439e-01 2.677849940885630026e-02
9.925339214760585671e-01 2.666649180130634816e-02
9.926042640714514143e-01 2.655543064652857513e-02
9.926739439252892927e-01 2.644530794709433474e-02
9.927429672816735495e-01 2.633611577315241731e-02
9.928113403258761460e-01 2.622784626185805518e-02
9.928790691848936589e-01 2.612049161680669862e-02
9.929461599279965078e-01 2.601404410747262114e-02
9.930126185672725203e-01 2.590849606865224322e-02
9.930784510581663893e-01 2.580383989991216417e-02
9.931436633000124692e-01 2.570006806504187419e-02
9.932082611365637970e-01 2.559717309151105652e-02
9.932722503565161176e-01 2.549514756993151096e-02
9.933356366940260251e-01 2.539398415352361188e-02
9.933984258292253289e-01 2.529367555758726266e-02
9.934606233887296467e-01 2.519421455897732920e-02
9.935222349461426683e-01 2.509559399558351778e-02
9.935832660225558666e-01 2.499780676581462441e-02
9.936437220870429909e-01 2.490084582808717306e-02
9.937036085571502309e-01 2.480470420031833170e-02
9.937629307993817163e-01 2.470937495942315126e-02
9.938216941296805773e-01 2.461485124081604775e-02
9.938799038139048969e-01 2.452112623791646850e-02
9.939375650683001107e-01 2.442819320165877731e-02
9.939946830599658556e-01 2.433604544000624731e-02
9.940512629073195994e-01 2.424467631746916874e-02
9.941073096805548293e-01 2.415407925462704358e-02
9.941628284020956885e-01 2.406424772765479447e-02
9.942178240470468387e-01 2.397517526785299807e-02
9.942723015436395473e-01 2.388685546118208061e-02
9.943262657736730015e-01 2.379928194780044429e-02
9.943797215729520689e-01 2.371244842160648986e-02
9.944326737317202847e-01 2.362634862978453196e-02
9.944851269950896189e-01 2.354097637235454121e-02
9.945370860634650256e-01 2.345632550172567846e-02
9.945885555929662170e-01 2.337238992225361411e-02
9.946395401958447735e-01 2.328916358980158072e-02
9.946900444408974806e-01 2.320664051130516201e-02
9.947400728538752235e-01 2.312481474434070414e-02
9.947896299178891066e-01 2.304368039669743226e-02
9.948387200738124658e-01 2.296323162595314063e-02
9.948873477206779947e-01 2.288346263905349440e-02
9.949355172160724292e-01 2.280436769189487373e-02
9.949832328765271239e-01 2.272594108891073592e-02
9.950304989779044096e-01 2.264817718266149554e-02
9.950773197557812866e-01 2.257107037342786018e-02
9.951236994058287877e-01 2.249461510880757659e-02
9.951696420841877888e-01 2.241880588331562202e-02
9.952151519078415998e-01 2.234363723798776097e-02
9.952602329549848914e-01 2.226910375998744293e-02
9.953048892653889590e-01 2.219520008221603086e-02
9.953491248407640990e-01 2.212192088292631517e-02
9.953929436451181001e-01 2.204926088533930989e-02
9.954363496051109594e-01 2.197721485726426491e-02
9.954793466104077115e-01 2.190577761072190488e-02
9.955219385140258170e-01 2.183494400157084611e-02
9.955641291326815523e-01 2.176470892913717065e-02
9.956059222471312919e-01 2.169506733584712979e-02
9.956473216025105710e-01 2.162601420686295975e-02
9.956883309086698164e-01 2.155754456972175034e-02
9.957289538405063034e-01 2.148965349397740157e-02
9.957691940382941143e-01 2.142233609084556734e-02
9.958090551080099884e-01 2.135558751285163495e-02
9.958485406216563973e-01 2.128940295348164674e-02
9.958876541175820662e-01 2.122377764683620535e-02
9.959263991007981653e-01 2.115870686728725525e-02
9.959647790432935022e-01 2.109418592913783058e-02
9.960027973843446070e-01 2.103021018628460984e-02
9.960404575308250408e-01 2.096677503188337788e-02
9.960777628575095966e-01 2.090387589801727397e-02
9.961147167073775011e-01 2.084150825536786392e-02
9.961513223919115090e-01 2.077966761288898775e-02
9.961875831913948875e-01 2.071834951748337261e-02
9.962235023552052926e-01 2.065754955368194826e-02
9.962590831021059801e-01 2.059726334332591738e-02
9.962943286205342419e-01 2.053748654525146614e-02
9.963292420688870665e-01 2.047821485497716698e-02
9.963638265758043566e-01 2.041944400439402174e-02
9.963980852404488164e-01 2.036116976145811719e-02
9.964320211327845067e-01 2.030338792988587229e-02
9.964656372938509588e-01 2.024609434885187020e-02
9.964989367360365113e-01 2.018928489268924029e-02
9.965319224433476508e-01 2.013295547059258325e-02
9.965645973716766859e-01 2.007710202632337002e-02
9.965969644490668689e-01 2.002172053791788017e-02
9.966290265759745193e-01 1.996680701739757258e-02
9.966607866255285941e-01 1.991235751048190880e-02
9.966922474437888146e-01 1.985836809630362257e-02
9.967234118500003515e-01 1.980483488712636575e-02
9.967542826368462894e-01 1.975175402806476910e-02
9.967848625706984267e-01 1.969912169680684486e-02
9.968151543918647439e-01 1.964693410333874860e-02
9.968451608148348742e-01 1.959518748967186905e-02
9.968748845285235749e-01 1.954387812957220083e-02
9.969043281965120906e-01 1.949300232829204171e-02
9.969334944572858515e-01 1.944255642230392767e-02
9.969623859244716169e-01 1.939253677903682652e-02
9.969910051870719547e-01 1.934293979661454860e-02
9.970193548096962788e-01 1.929376190359639517e-02
9.970474373327915529e-01 1.924499955871997875e-02
9.970752552728693319e-01 1.919664925064620484e-02
9.971028111227315804e-01 1.914870749770643948e-02
9.971301073516943836e-01 1.910117084765178969e-02
9.971571464058084366e-01 1.905403587740451404e-02
9.971839307080788695e-01 1.900729919281151856e-02
9.972104626586821841e-01 1.896095742839995837e-02
9.972367446351810827e-01 1.891500724713489345e-02
9.972627789927381858e-01 1.886944534017897732e-02
9.972885680643261974e-01 1.882426842665419972e-02
9.973141141609377369e-01 1.877947325340564161e-02
9.973394195717919519e-01 1.873505659476719723e-02
9.973644865645399094e-01 1.869101525232931549e-02
9.973893173854676553e-01 1.864734605470867723e-02
9.974139142596977203e-01 1.860404585731981891e-02
9.974382793913881828e-01 1.856111154214870954e-02
9.974624149639305104e-01 1.851854001752821152e-02
9.974863231401450703e-01 1.847632821791546018e-02
9.975100060624748632e-01 1.843447310367110972e-02
9.975334658531773702e-01 1.839297166084045282e-02
9.975567046145155103e-01 1.835182090093639626e-02
9.975797244289449361e-01 1.831101786072424770e-02
9.976025273593017717e-01 1.827055960200835161e-02
9.976251154489860218e-01 1.823044321142049812e-02
9.976474907221465349e-01 1.819066580021013943e-02
9.976696551838606375e-01 1.815122450403637913e-02
9.976916108203147671e-01 1.811211648276169622e-02
9.977133595989824411e-01 1.807333892024744898e-02
9.977349034688002272e-01 1.803488902415107537e-02
9.977562443603424924e-01 1.799676402572501777e-02
9.977773841859944870e-01 1.795896117961735816e-02
9.977983248401238736e-01 1.792147776367410822e-02
9.978190681992501476e-01 1.788431107874321677e-02
9.978396161222127247e-01 1.784745844848017321e-02
9.978599704503382517e-01 1.781091721915531792e-02
9.978801330076045861e-01 1.777468475946272081e-02
9.979001056008049986e-01 1.773875846033073217e-02
9.979198900197098210e-01 1.770313573473407398e-02
9.979394880372266519e-01 1.766781401750757222e-02
9.979589014095596733e-01 1.763279076516143656e-02
9.979781318763667475e-01 1.759806345569810831e-02
9.979971811609150700e-01 1.756362958843063482e-02
9.980160509702361571e-01 1.752948668380262254e-02
9.980347429952782790e-01 1.749563228320967154e-02
9.980532589110584496e-01 1.746206394882234003e-02
9.980716003768120848e-01 1.742877926341058689e-02
9.980897690361421049e-01 1.739577583016971990e-02
9.981077665171659286e-01 1.736305127254780811e-02
9.981255944326613561e-01 1.733060323407452363e-02
9.981432543802113422e-01 1.729842937819148566e-02
9.981607479423468821e-01 1.726652738808398535e-02
9.981780766866892307e-01 1.723489496651416097e-02
9.981952421660897912e-01 1.720352983565557117e-02
9.982122459187696695e-01 1.717242973692917687e-02
9.982290894684576754e-01 1.714159243084070056e-02
9.982457743245261028e-01 1.711101569681936635e-02
9.982623019821271759e-01 1.708069733305797588e-02
9.982786739223258321e-01 1.705063515635439619e-02
9.982948916122330596e-01 1.702082700195431397e-02
9.983109565051373480e-01 1.699127072339537414e-02
9.983268700406348062e-01 1.696196419235260558e-02
9.983426336447583926e-01 1.693290529848516177e-02
9.983582487301053687e-01 1.690409194928436595e-02
9.983737166959638643e-01 1.687552206992301573e-02
9.983890389284387767e-01 1.684719360310599559e-02
9.984042168005752282e-01 1.681910450892211764e-02
9.984192516724827993e-01 1.679125276469722872e-02
9.984341448914555439e-01 1.676363636484856992e-02
9.984488977920946695e-01 1.673625332074035049e-02
9.984635116964269974e-01 1.670910166054054638e-02
9.984779879140235348e-01 1.668217942907891660e-02
9.984923277421170473e-01 1.665548468770619572e-02
9.985065324657187436e-01 1.662901551415451804e-02
9.985206033577322948e-01 1.660277000239897965e-02
9.985345416790688544e-01 1.657674626252039068e-02
9.985483486787596341e-01 1.655094242056917575e-02
9.985620255940682588e-01 1.652535661843045414e-02
9.985755736506007896e-01 1.649998701369021978e-02
9.985889940624165240e-01 1.647483177950267302e-02
9.986022880321361317e-01 1.644988910445867661e-02
9.986154567510497904e-01 1.642515719245531136e-02
9.986285013992236559e-01 1.640063426256655257e-02
9.986414231456057777e-01 1.637631854891500108e-02
9.986542231481306819e-01 1.635220830054475230e-02
9.986669025538236211e-01 1.632830178129529922e-02
9.986794624989027147e-01 1.630459726967650735e-02
9.986919041088810900e-01 1.628109305874465493e-02
9.987042284986678009e-01 1.625778745597952768e-02
9.987164367726677483e-01 1.623467878316253027e-02
9.987285300248800457e-01 1.621176537625583502e-02
9.987405093389971622e-01 1.618904558528257501e-02
9.987523757885012898e-01 1.616651777420800504e-02
9.987641304367602668e-01 1.614418032082171398e-02
9.987757743371237229e-01 1.612203161662080150e-02
9.987873085330168932e-01 1.610007006669405064e-02
9.987987340580340989e-01 1.607829408960707862e-02
9.988100519360317842e-01 1.605670211728845928e-02
9.988212631812198872e-01 1.603529259491681333e-02
9.988323687982526566e-01 1.601406398080884239e-02
9.988433697823191348e-01 1.599301474630830666e-02
9.988542671192318645e-01 1.597214337567596371e-02
9.988650617855158176e-01 1.595144836598039878e-02
9.988757547484947708e-01 1.593092822698983363e-02
9.988863469663793460e-01 1.591058148106477485e-02
9.988968393883523866e-01 1.589040666305164412e-02
9.989072329546531126e-01 1.587040232017725150e-02
9.989175285966631623e-01 1.585056701194419854e-02
9.989277272369883054e-01 1.583089931002713488e-02
9.989378297895421532e-01 1.581139779816992386e-02
9.989478371596274275e-01 1.579206107208363033e-02
9.989577502440181167e-01 1.577288773934543142e-02
9.989675699310385237e-01 1.575387641929832522e-02
9.989772971006438684e-01 1.573502574295172762e-02
9.989869326244984471e-01 1.571633435288287417e-02
9.989964773660541253e-01 1.569780090313909610e-02
9.990059321806280535e-01 1.567942405914087012e-02
9.990152979154781621e-01 1.566120249758574598e-02
9.990245754098806552e-01 1.564313490635304074e-02
9.990337654952038404e-01 1.562521998440934839e-02
9.990428689949834018e-01 1.560745644171487347e-02
9.990518867249956747e-01 1.558984299913051402e-02
9.990608194933314756e-01 1.557237838832576868e-02
9.990696681004681556e-01 1.555506135168739298e-02
9.990784333393406547e-01 1.553789064222885034e-02
9.990871159954136660e-01 1.552086502350051057e-02
9.990957168467513583e-01 1.550398326950061349e-02
9.991042366640874306e-01 1.548724416458699057e-02
9.991126762108938353e-01 1.547064650338952040e-02
9.991210362434495007e-01 1.545418909072334562e-02
9.991293175109078328e-01 1.543787074150278389e-02
9.991375207553643278e-01 1.542169028065601757e-02
9.991456467119222973e-01 1.540564654304045142e-02
9.991536961087593705e-01 1.538973837335884040e-02
9.991616696671926645e-01 1.537396462607607504e-02
9.991695681017431774e-01 1.535832416533669878e-02
9.991773921202000697e-01 1.534281586488311921e-02
9.991851424236837254e-01 1.532743860797450459e-02
9.991928197067092565e-01 1.531219128730636550e-02
9.992004246572480097e-01 1.529707280493082695e-02
9.992079579567896275e-01 1.528208207217755799e-02
9.992154202804029994e-01 1.526721800957537775e-02
9.992228122967967696e-01 1.525247954677452951e-02
9.992301346683789554e-01 1.523786562246959991e-02
9.992373880513172324e-01 1.522337518432309751e-02
9.992445730955965555e-01 1.520900718888967829e-02
9.992516904450784443e-01 1.519476060154099743e-02
9.992587407375576047e-01 1.518063439639121860e-02
9.992657246048203268e-01 1.516662755622313029e-02
9.992726426726999955e-01 1.515273907241490581e-02
9.992794955611338237e-01 1.513896794486747216e-02
9.992862838842179185e-01 1.512531318193248257e-02
9.992930082502631262e-01 1.511177380034092396e-02
9.992996692618486554e-01 1.509834882513230031e-02
9.993062675158763675e-01 1.508503728958443708e-02
9.993128036036245110e-01 1.507183823514385464e-02
9.993192781108005684e-01 1.505875071135676438e-02
9.993256916175936588e-01 1.504577377580060098e-02
9.993320446987264960e-01 1.503290649401617905e-02
9.993383379235071251e-01 1.502014793944039805e-02
9.993445718558796598e-01 1.500749719333952133e-02
9.993507470544747973e-01 1.499495334474301202e-02
9.993568640726604446e-01 1.498251549037794839e-02
9.993629234585905685e-01 1.497018273460396821e-02
9.993689257552546001e-01 1.495795418934877524e-02
9.993748715005263961e-01 1.494582897404419901e-02
9.993807612272118668e-01 1.493380621556277509e-02
9.993865954630972714e-01 1.492188504815487697e-02
9.993923747309960692e-01 1.491006461338637706e-02
9.993980995487961039e-01 1.489834406007682459e-02
9.994037704295057889e-01 1.488672254423815434e-02
9.994093878813001819e-01 1.487519922901391935e-02
9.994149524075665036e-01 1.486377328461901612e-02
9.994204645069492132e-01 1.485244388827994776e-02
9.994259246733949720e-01 1.484121022417556404e-02
9.994313333961964974e-01 1.483007148337832024e-02
9.994366911600364167e-01 1.481902686379602679e-02
9.994419984450310102e-01 1.480807557011409176e-02
9.994472557267728430e-01 1.479721681373824711e-02
9.994524634763741755e-01 1.478644981273776783e-02
9.994576221605082633e-01 1.477577379178916274e-02
9.994627322414513237e-01 1.476518798212034418e-02
9.994677941771246132e-01 1.475469162145526952e-02
9.994728084211349506e-01 1.474428395395904930e-02
9.994777754228152400e-01 1.473396423018352025e-02
9.994826956272647722e-01 1.472373170701328678e-02
9.994875694753898587e-01 1.471358564761218908e-02
9.994923974039422454e-01 1.470352532137026921e-02
9.994971798455590806e-01 1.469355000385114129e-02
9.995019172288013287e-01 1.468365897673983532e-02
9.995066099781918512e-01 1.467385152779106597e-02
9.995112585142543749e-01 1.466412695077795418e-02
9.995158632535501297e-01 1.465448454544115812e-02
9.995204246087158184e-01 1.464492361743845866e-02
9.995249429885006975e-01 1.463544347829475595e-02
9.995294187978025491e-01 1.462604344535249276e-02
9.995338524377045397e-01 1.461672284172250459e-02
9.995382443055109700e-01 1.460748099623526003e-02
9.995425947947829126e-01 1.459831724339255218e-02
9.995469042953735173e-01 1.458923092331955787e-02
9.995511731934626498e-01 1.458022138171733394e-02
9.995554018715920863e-01 1.457128796981569351e-02
9.995595907086990417e-01 1.456243004432648640e-02
9.995637400801505867e-01 1.455364696739728896e-02
9.995678503577776208e-01 1.454493810656545989e-02
9.995719219099076236e-01 1.453630283471260727e-02
9.995759551013972954e-01 1.452774053001941804e-02
9.995799502936666414e-01 1.451925057592089521e-02
9.995839078447298354e-01 1.451083236106194899e-02
9.995878281092284157e-01 1.450248527925337809e-02
9.995917114384622604e-01 1.449420872942821722e-02
9.995955581804216727e-01 1.448600211559845571e-02
9.995993686798183564e-01 1.447786484681211697e-02
9.996031432781159465e-01 1.446979633711071439e-02
9.996068823135615400e-01 1.446179600548704557e-02
9.996105861212146726e-01 1.445386327584336286e-02
9.996142550329785159e-01 1.444599757694988058e-02
9.996178893776290764e-01 1.443819834240365162e-02
9.996214894808448381e-01 1.443046501058776847e-02
9.996250556652356289e-01 1.442279702463093553e-02
9.996285882503720410e-01 1.441519383236736229e-02
9.996320875528136307e-01 1.440765488629699477e-02
9.996355538861373402e-01 1.440017964354610436e-02
9.996389875609661413e-01 1.439276756582819061e-02
9.996423888849959027e-01 1.438541811940521539e-02
9.996457581630239231e-01 1.437813077504917526e-02
9.996490956969755759e-01 1.437090500800398615e-02
9.996524017859316213e-01 1.436374029794769761e-02
9.996556767261550736e-01 1.435663612895503316e-02
9.996589208111176239e-01 1.434959198946022217e-02
9.996621343315260644e-01 1.434260737222018030e-02
9.996653175753481557e-01 1.433568177427797276e-02
9.996684708278383846e-01 1.432881469692659851e-02
9.996715943715640540e-01 1.432200564567307800e-02
9.996746884864299298e-01 1.431525413020284625e-02
9.996777534497036655e-01 1.430855966434445119e-02
9.996807895360408924e-01 1.430192176603453484e-02
9.996837970175090904e-01 1.429533995728312669e-02
9.996867761636125671e-01 1.428881376413922155e-02
9.996897272413166613e-01 1.428234271665665238e-02
9.996926505150712794e-01 1.427592634886024753e-02
9.996955462468348763e-01 1.426956419871227948e-02
9.996984146960976592e-01 1.426325580807918936e-02
9.997012561199053460e-01 1.425700072269860466e-02
9.997040707728813702e-01 1.425079849214661888e-02
9.997068589072508615e-01 1.424464866980536086e-02
9.997096207728617401e-01 1.423855081283083822e-02
9.997123566172088083e-01 1.423250448212104100e-02
9.997150666854545120e-01 1.422650924228432978e-02
9.997177512204517003e-01 1.422056466160807713e-02
9.997204104627649413e-01 1.421467031202758476e-02
9.997230446506925050e-01 1.420882576909525408e-02
9.997256540202875685e-01 1.420303061195002728e-02
9.997282388053789770e-01 1.419728442328707999e-02
9.997307992375927821e-01 1.419158678932776890e-02
9.997333355463726701e-01 1.418593729978983968e-02
9.997358479590006120e-01 1.418033554785787936e-02
9.997383367006172916e-01 1.417478113015402212e-02
9.997408019942420898e-01 1.416927364670890650e-02
9.997432440607930682e-01 1.416381270093287036e-02
9.997456631191071752e-01 1.415839789958739207e-02
9.997480593859592313e-01 1.415302885275677471e-02
9.997504330760820235e-01 1.414770517382007292e-02
9.997527844021851795e-01 1.414242647942324550e-02
9.997551135749739304e-01 1.413719238945155068e-02
9.997574208031684284e-01 1.413200252700218089e-02
9.997597062935225098e-01 1.412685651835712299e-02
9.997619702508420136e-01 1.412175399295623364e-02
9.997642128780031001e-01 1.411669458337056794e-02
9.997664343759704586e-01 1.411167792527591794e-02
9.997686349438157372e-01 1.410670365742658361e-02
9.997708147787341959e-01 1.410177142162934334e-02
9.997729740760641359e-01 1.409688086271767941e-02
9.997751130293028865e-01 1.409203162852618908e-02
9.997772318301249017e-01 1.408722336986523854e-02
9.997793306683988579e-01 1.408245574049580250e-02
9.997814097322040849e-01 1.407772839710454485e-02
9.997834692078485519e-01 1.407304099927909023e-02
9.997855092798841881e-01 1.406839320948351409e-02
9.997875301311247576e-01 1.406378469303403052e-02
9.997895319426614025e-01 1.405921511807490566e-02
9.997915148938791852e-01 1.405468415555454625e-02
9.997934791624728534e-01 1.405019147920181372e-02
9.997954249244629388e-01 1.404573676550252559e-02
9.997973523542120766e-01 1.404131969367616167e-02
9.997992616244395503e-01 1.403693994565276618e-02
9.998011529062376113e-01 1.403259720605003896e-02
9.998030263690864672e-01 1.402829116215062975e-02
9.998048821808697140e-01 1.402402150387961795e-02
9.998067205078888797e-01 1.401978792378217979e-02
9.998085415148791899e-01 1.401559011700145678e-02
9.998103453650231121e-01 1.401142778125660272e-02
9.998121322199663430e-01 1.400730061682100777e-02
9.998139022398309095e-01 1.400320832650072365e-02
9.998156555832310444e-01 1.399915061561306066e-02
9.998173924072859542e-01 1.399512719196536852e-02
9.998191128676346962e-01 1.399113776583398895e-02
9.998208171184500559e-01 1.398718204994340610e-02
9.998225053124522033e-01 1.398325975944554947e-02
9.998241776009223480e-01 1.397937061189928609e-02
9.998258341337165067e-01 1.397551432725008085e-02
9.998274750592788251e-01 1.397169062780983205e-02
9.998291005246546792e-01 1.396789923823687184e-02
9.998307106755042195e-01 1.396413988551614346e-02
9.998323056561151390e-01 1.396041229893953475e-02
9.998338856094158844e-01 1.395671621008639715e-02
9.998354506769879801e-01 1.395305135280420356e-02
9.998370009990792395e-01 1.394941746318938483e-02
9.998385367146159775e-01 1.394581427956834152e-02
9.998400579612160000e-01 1.394224154247857700e-02
9.998415648751997065e-01 1.393869899465003184e-02
9.998430575916040786e-01 1.393518638098655352e-02
9.998445362441933382e-01 1.393170344854752218e-02
9.998460009654712710e-01 1.392824994652964131e-02
9.998474518866936611e-01 1.392482562624887746e-02
9.998488891378792820e-01 1.392143024112255101e-02
9.998503128478222202e-01 1.391806354665157952e-02
9.998517231441030884e-01 1.391472530040287377e-02
9.998531201531002388e-01 1.391141526199188294e-02
9.998545040000015316e-01 1.390813319306527691e-02
9.998558748088155479e-01 1.390487885728378462e-02
9.998572327023819151e-01 1.390165202030518160e-02
9.998585778023832971e-01 1.389845244976740946e-02
9.998599102293560525e-01 1.389527991527184439e-02
9.998612301027006710e-01 1.389213418836670981e-02
9.998625375406925420e-01 1.388901504253062073e-02
9.998638326604932791e-01 1.388592225315627565e-02
9.998651155781599353e-01 1.388285559753428197e-02
9.998663864086564379e-01 1.387981485483711849e-02
9.998676452658636915e-01 1.387679980610323494e-02
9.998688922625896813e-01 1.387381023422127983e-02
9.998701275105792430e-01 1.387084592391447241e-02
9.998713511205247206e-01 1.386790666172510109e-02
9.998725632020750709e-01 1.386499223599914517e-02
9.998737638638469649e-01 1.386210243687104569e-02
9.998749532134330043e-01 1.385923705624857866e-02
9.998761313574124898e-01 1.385639588779788087e-02
9.998772984013603038e-01 1.385357872692859205e-02
9.998784544498570126e-01 1.385078537077911315e-02
9.998795996064975267e-01 1.384801561820201213e-02
9.998807339739006483e-01 1.384526926974952339e-02
9.998818576537189529e-01 1.384254612765919989e-02
9.998829707466464489e-01 1.383984599583967107e-02
9.998840733524291258e-01 1.383716867985651001e-02
9.998851655698727248e-01 1.383451398691824472e-02
9.998862474968526204e-01 1.383188172586247329e-02
9.998873192303212587e-01 1.382927170714209203e-02
9.998883808663185935e-01 1.382668374281165180e-02
9.998894324999788585e-01 1.382411764651382720e-02
9.998904742255403377e-01 1.382157323346598632e-02
9.998915061363536916e-01 1.381905032044689757e-02
9.998925283248893958e-01 1.381654872578352844e-02
9.998935408827474003e-01 1.381406826933796218e-02
9.998945439006643454e-01 1.381160877249443253e-02
9.998955374685218889e-01 1.380917005814645375e-02
9.998965216753549212e-01 1.380675195068407912e-02
9.998974966093597816e-01 1.380435427598123918e-02
9.998984623579012521e-01 1.380197686138321701e-02
9.998994190075215505e-01 1.379961953569420856e-02
9.999003666439471028e-01 1.379728212916499913e-02
9.999013053520970917e-01 1.379496447348073189e-02
9.999022352160902294e-01 1.379266640174880119e-02
9.999031563192528616e-01 1.379038774848682231e-02
9.999040687441262953e-01 1.378812834961071730e-02
9.999049725724741267e-01 1.378588804242290508e-02
9.999058678852896787e-01 1.378366666560058157e-02
9.999067547628028851e-01 1.378146405918410575e-02
9.999076332844881732e-01 1.377928006456547415e-02
9.999085035290709023e-01 1.377711452447690985e-02
9.999093655745350251e-01 1.377496728297953124e-02
9.999102194981294156e-01 1.377283818545212320e-02
9.999110653763754186e-01 1.377072707858000358e-02
9.999119032850731781e-01 1.376863381034398350e-02
9.999127332993087425e-01 1.376655823000942115e-02
9.999135554934608372e-01 1.376450018811536773e-02
9.999143699412076369e-01 1.376245953646380339e-02
9.999151767155325388e-01 1.376043612810896530e-02
9.999159758887317118e-01 1.375842981734677270e-02
9.999167675324200921e-01 1.375644045970431974e-02
9.999175517175380445e-01 1.375446791192948964e-02
9.999183285143573574e-01 1.375251203198062794e-02
9.999190979924877931e-01 1.375057267901631970e-02
9.999198602208834163e-01 1.374864971338524144e-02
9.999206152678482562e-01 1.374674299661611185e-02
9.999213632010433006e-01 1.374485239140772058e-02
9.999221040874916033e-01 1.374297776161903170e-02
9.999228379935852784e-01 1.374111897225939460e-02
9.999235649850904961e-01 1.373927588947880529e-02
9.999242851271538113e-01 1.373744838055828907e-02
9.999249984843081585e-01 1.373563631390033006e-02
9.999257051204784030e-01 1.373383955901939617e-02
9.999264050989872255e-01 1.373205798653254379e-02
9.999270984825604502e-01 1.373029146815010412e-02
9.999277853333332633e-01 1.372853987666644224e-02
9.999284657128552078e-01 1.372680308595079605e-02
9.999291396820959577e-01 1.372508097093819851e-02
9.999298073014507571e-01 1.372337340762046567e-02
9.999304686307458612e-01 1.372168027303727680e-02
9.999311237292439758e-01 1.372000144526730123e-02
9.999317726556493646e-01 1.371833680341943973e-02
9.999324154681129562e-01 1.371668622762410930e-02
9.999330522242381170e-01 1.371504959902460942e-02
9.999336829810855365e-01 1.371342679976857507e-02
9.999343077951780012e-01 1.371181771299946790e-02
