1.347517872510849424e-01 3.374819477105354082e+01
1.336939492954149766e-01 3.343416591589775777e+01
1.326451264948383113e-01 3.312315026580696298e+01
1.316052428697677135e-01 3.281511888034846436e+01
1.305742231293636479e-01 3.251004309734862119e+01
1.295519926680561984e-01 3.220789453021709647e+01
1.285384775622298581e-01 3.190864506529666045e+01
1.275336045670775464e-01 3.161226685923839952e+01
1.265373011136297909e-01 3.131873233640199317e+01
1.255494953059663743e-01 3.102801418628088470e+01
1.245701159186166224e-01 3.074008536095213273e+01
1.235990923941570063e-01 3.045491907255063069e+01
1.226363548410130400e-01 3.017248879076753099e+01
1.216818340314743119e-01 2.989276824037265357e+01
1.207354613999315762e-01 2.961573139876057681e+01
1.197971690413451723e-01 2.934135249352028652e+01
1.188668897099545985e-01 2.906960600002807737e+01
1.179445568182399123e-01 2.880046663906354354e+01
1.170301044361459486e-01 2.853390937444842024e+01
1.161234672905808590e-01 2.826990941070804197e+01
1.152245807652016590e-01 2.800844219075523611e+01
1.143333809004994372e-01 2.774948339359643512e+01
1.134498043941980922e-01 2.749300893205974816e+01
1.125737886019811951e-01 2.723899495054487474e+01
1.117052715385620648e-01 2.698741782279456558e+01
1.108441918791132630e-01 2.673825414968747438e+01
1.099904889610725939e-01 2.649148075705218375e+01
1.091441027863432334e-01 2.624707469350222055e+01
1.083049740239072772e-01 2.600501322829181561e+01
1.074730440128724429e-01 2.576527384919228325e+01
1.066482547659726027e-01 2.552783426038873671e+01
1.058305489735449356e-01 2.529267238039703258e+01
1.050198700080063469e-01 2.505976634000068870e+01
1.042161619288541202e-01 2.482909448020762966e+01
1.034193694882165060e-01 2.460063535022651138e+01
1.026294381369804443e-01 2.437436770546250031e+01
1.018463140315252619e-01 2.415027050553231547e+01
1.010699440410923189e-01 2.392832291229828101e+01
1.003002757558226626e-01 2.370850428792129705e+01
9.953725749549596769e-02 2.349079419293249060e+01
9.878083831900598411e-02 2.327517238432337976e+01
9.803096803460971398e-02 2.306161881365439115e+01
9.728759721098917401e-02 2.285011362518152822e+01
9.655067718916686414e-02 2.264063715400103050e+01
9.582016009531803269e-02 2.243316992421186740e+01
9.509599885452528489e-02 2.222769264709584291e+01
9.437814720552302472e-02 2.202418621931519738e+01
9.366655971648218948e-02 2.182263172112752159e+01
9.296119180188788800e-02 2.162301041461779150e+01
9.226199974056542574e-02 2.142530374194738485e+01
9.156894069491305910e-02 2.122949332361991637e+01
9.088197273140272148e-02 2.103556095676369253e+01
9.020105484241293381e-02 2.084348861343069004e+01
8.952614696946172013e-02 2.065325843891183766e+01
8.885721002791029111e-02 2.046485275006845228e+01
8.819420593321211643e-02 2.027825403367972257e+01
8.753709762878562894e-02 2.009344494480600574e+01
8.688584911559270318e-02 1.991040830516786286e+01
8.624042548350890902e-02 1.972912710154060179e+01
8.560079294457616228e-02 1.954958448416424588e+01
8.496691886823250217e-02 1.937176376516873688e+01
8.433877181861830497e-02 1.919564841701422253e+01
8.371632159406348916e-02 1.902122207094630824e+01
8.309953926886454179e-02 1.884846851546608804e+01
8.248839723746625996e-02 1.867737169481485182e+01
8.188286926116794540e-02 1.850791570747329118e+01
8.128293051747968734e-02 1.834008480467506175e+01
8.068855765226014276e-02 1.817386338893457420e+01
8.009972883477371741e-02 1.800923601258889661e+01
7.951642381581081054e-02 1.784618737635354435e+01
7.893862398902196098e-02 1.768470232789212915e+01
7.836631245562331038e-02 1.752476586039963280e+01
7.779947409263797409e-02 1.736636311119923803e+01
7.723809562484514057e-02 1.720947936035253178e+01
7.668216570061668624e-02 1.705410002928297786e+01
7.613167497182844745e-02 1.690021067941251331e+01
7.558661617804195154e-02 1.674779701081113359e+01
7.504698423516037442e-02 1.659684486085933841e+01
7.451277632877122137e-02 1.644734020292330712e+01
7.398399201239724832e-02 1.629926914504266477e+01
7.346063331088607817e-02 1.615261792863072543e+01
7.294270482917826481e-02 1.600737292718707039e+01
7.243021386670320250e-02 1.586352064502233716e+01
7.192317053766197898e-02 1.572104771599509832e+01
7.142158789746616554e-02 1.557994090226069339e+01
7.092548207561154283e-02 1.544018709303188430e+01
7.043487241527610077e-02 1.530177330335123287e+01
6.994978161994196142e-02 1.516468667287505490e+01
6.947023590735104670e-02 1.502891446466882108e+01
6.899626517111480395e-02 1.489444406401390353e+01
6.852790315030907187e-02 1.476126297722551861e+01
6.806518760739464768e-02 1.462935883048178098e+01
6.760816051481523259e-02 1.449871936866368394e+01
6.715686825063363341e-02 1.436933245420595284e+01
6.671136180357742362e-02 1.424118606595860470e+01
6.627169698787405139e-02 1.411426829805909655e+01
6.583793466826472207e-02 1.398856735881495794e+01
6.541014099559448736e-02 1.386407156959676357e+01
6.498838765338345314e-02 1.374076936374134839e+01
6.457275211579110996e-02 1.361864928546510534e+01
6.416331791739143808e-02 1.349769998878728394e+01
6.376017493518117141e-02 1.337791023646312816e+01
6.336341968324682439e-02 1.325926889892675931e+01
6.297315562051813975e-02 1.314176495324365490e+01
6.258949347203562885e-02 1.302538748207261321e+01
6.221255156415776699e-02 1.291012567263706146e+01
6.184245617412966606e-02 1.279596881570559042e+01
6.147934189442785802e-02 1.268290630458157686e+01
6.112335201228667053e-02 1.257092763410177838e+01
6.077463890479865849e-02 1.246002239964372293e+01
6.043336444996521423e-02 1.235018029614182034e+01
6.009970045405330780e-02 1.224139111711199490e+01
5.977382909558921070e-02 1.213364475368474871e+01
5.945594338629081599e-02 1.202693119364646712e+01
5.914624764920459882e-02 1.192124052048884764e+01
5.884495801427269690e-02 1.181656291246629920e+01
5.855230293150768400e-02 1.171288864166113086e+01
5.826852370189817415e-02 1.161020807305640723e+01
5.799387502610581224e-02 1.150851166361627165e+01
5.772862557094309705e-02 1.140778996137358448e+01
5.747305855354164356e-02 1.130803360452470052e+01
5.722747234303005026e-02 1.120923332053119026e+01
5.699218107943969380e-02 1.111137992522833429e+01
5.676751530944441210e-02 1.101446432194017788e+01
5.655382263841503276e-02 1.091847750060094846e+01
5.635146839813146707e-02 1.082341053688260857e+01
5.616083632934285030e-02 1.072925459132835613e+01
5.598232927819879468e-02 1.063600090849178770e+01
5.581636990539148857e-02 1.054364081608153114e+01
5.566340140664851471e-02 1.045216572411104394e+01
5.552388824299855224e-02 1.036156712405335512e+01
5.539831687899628848e-02 1.027183658800042565e+01
5.528719652683828506e-02 1.018296576782686280e+01
5.519105989402674217e-02 1.009494639435767027e+01
5.511046393194395099e-02 1.000777027653968965e+01
5.504599058238547615e-02 9.921429300616413371e+00
5.499824751876462858e-02 9.835915429305797986e+00
5.496786887834546192e-02 9.751220700980704592e+00
5.495551598148570860e-02 9.667337228851554443e+00
5.496187803347601236e-02 9.584257200150808842e+00
5.498767280414869341e-02 9.501972875318809741e+00
5.503364727999855016e-02 9.420476587190551143e+00
5.510057828311312050e-02 9.339760740182883936e+00
5.518927305075125439e-02 9.259817809481678097e+00
5.530056976894102277e-02 9.180640340228404028e+00
5.543533805299344364e-02 9.102220946705628535e+00
5.559447936735219253e-02 9.024552311520842807e+00
5.577892737672565660e-02 8.947627184788075283e+00
5.598964821998264618e-02 8.871438383306706754e+00
5.622764069784316060e-02 8.795978789736862424e+00
5.649393636496773119e-02 8.721241351770833816e+00
5.678959951665231431e-02 8.647219081299857280e+00
5.711572705997825655e-02 8.573905053575684221e+00
5.747344825895982223e-02 8.501292406366328436e+00
5.786392434298517212e-02 8.429374339105361713e+00
5.828834796767225213e-02 8.358144112034233686e+00
5.874794251717157384e-02 8.287595045337022626e+00
5.924396123695573058e-02 8.217720518267121577e+00
5.977768618625448754e-02 8.148513968265360674e+00
6.035042699953762496e-02 8.079968890069194387e+00
6.096351944682948387e-02 8.012078834812573547e+00
6.161832378317240455e-02 7.944837409116248139e+00
6.231622287825381440e-02 7.878238274168362310e+00
6.305862011808560652e-02 7.812275144795262527e+00
6.384693707168503929e-02 7.746941788522638817e+00
6.468261091696274334e-02 7.682232024627224654e+00
6.556709162148116610e-02 7.618139723179476519e+00
6.650183887541157024e-02 7.554658804077837075e+00
6.748831877588762351e-02 7.491783236075410635e+00
6.852800026402780520e-02 7.429507035800091863e+00
6.962235131816903178e-02 7.367824266769469332e+00
7.077283490930795506e-02 7.306729038402091980e+00
7.198090472736831669e-02 7.246215505026952997e+00
7.324800068968014000e-02 7.186277864893413359e+00
7.457554424594163567e-02 7.126910359184053689e+00
7.596493349690561225e-02 7.068107271033309935e+00
7.741753814704986636e-02 7.009862924555105401e+00
7.893469431451248519e-02 6.952171683883000775e+00
8.051769922455094541e-02 6.895027952226780776e+00
8.216780581566643371e-02 6.838426170949703398e+00
8.388621729026569940e-02 6.782360818670976066e+00
8.567408164425861783e-02 6.726826410398347278e+00
8.753248621224862802e-02 6.671817496695964245e+00
8.946245226691117158e-02 6.617328662892902891e+00
9.146492971271633077e-02 6.563354528337985272e+00
9.354079191528408277e-02 6.509889745706638919e+00
9.569083070831804760e-02 6.456929000365665416e+00
9.791575162020756118e-02 6.404467009801786404e+00
1.002161693619858934e-01 6.352498523119796126e+00
1.025926036173646499e-01 6.301018320616027957e+00
1.050454751740190346e-01 6.250021213432598977e+00
1.075751024331773747e-01 6.199502043297605347e+00
1.101816983318853888e-01 6.149455682356016695e+00
1.128653677090952212e-01 6.099877033095528311e+00
1.156261051430123726e-01 6.050761028371023365e+00
1.184637932829678691e-01 6.002102631530608079e+00
1.213782016945315623e-01 5.953896836645391488e+00
1.243689862317155087e-01 5.906138668844341133e+00
1.274356889450109220e-01 5.858823184754584190e+00
1.305777385287466008e-01 5.811945473046552735e+00
1.337944513059344254e-01 5.765500655082316683e+00
1.370850327434738891e-01 5.719483885664377709e+00
1.404485794854071212e-01 5.673890353881099635e+00
1.438840818869384919e-01 5.628715284043868117e+00
1.473904270272367589e-01 5.583953936710010169e+00
1.509664021746991713e-01 5.539601609784443603e+00
1.546106986744377465e-01 5.495653639692094750e+00
1.583219162243061917e-01 5.452105402612184015e+00
1.620985675028601136e-01 5.408952315764691043e+00
1.659390831102697528e-01 5.366189838738613105e+00
1.698418167813959267e-01 5.323813474851024630e+00
1.738050508290078233e-01 5.281818772525536332e+00
1.778270017744567888e-01 5.240201326678391780e+00
1.819058261230087070e-01 5.198956780100322028e+00
1.860396262414513169e-01 5.158080824822226518e+00
1.902264562964975925e-01 5.117569203452904780e+00
1.944643282138597828e-01 5.077417710477321044e+00
1.987512176196211677e-01 5.037622193504315504e+00
2.030850697276342098e-01 4.998178554453219569e+00
2.074638051390675642e-01 4.959082750669493223e+00
2.118853255228543842e-01 4.920330795960285997e+00
2.163475191486066151e-01 4.881918761541702345e+00
2.208482662464963941e-01 4.843842776890463497e+00
2.253854441716177937e-01 4.806099030493714785e+00
2.299569323533796894e-01 4.768683770491733753e+00
2.345606170134971191e-01 4.731593305209406353e+00
2.391943956391093251e-01 4.694824003573395466e+00
2.438561812004168272e-01 4.658372295413041542e+00
2.485439061049708465e-01 4.622234671644061876e+00
2.532555258833415479e-01 4.586407684335157775e+00
2.579890226033163536e-01 4.550887946658620287e+00
2.627424080120201455e-01 4.515672132726927579e+00
2.675137264073976784e-01 4.480756977318177015e+00
2.723010572423494868e-01 4.446139275493998788e+00
2.771025174664560886e-01 4.411815882114240139e+00
2.819162636116774312e-01 4.377783711253377064e+00
2.867404936296611417e-01 4.344039735524078516e+00
2.915734484893572342e-01 4.310580985313833047e+00
2.964134135445133378e-01 4.277404547940844459e+00
3.012587196813357737e-01 4.244507566735722826e+00
3.061077442571452090e-01 4.211887240055631310e+00
3.109589118412590669e-01 4.179540820237691356e+00
3.158106947695930589e-01 4.147465612498462129e+00
3.206616135246164734e-01 4.115658973786289643e+00
3.255102369523257266e-01 4.084118311593226913e+00
3.303551823278331745e-01 4.052841082733082523e+00
3.351951152810160872e-01 4.021824792091959644e+00
3.400287495934432580e-01 3.991066991357413940e+00
3.448548468775084475e-01 3.960565277732102984e+00
3.496722161483569735e-01 3.930317292637481863e+00
3.544797132988093957e-01 3.900320720412805198e+00
3.592762404870645798e-01 3.870573287014346331e+00
3.640607454465236148e-01 3.841072758719399793e+00
3.688322207266096497e-01 3.811816940839289458e+00
3.735897028729863734e-01 3.782803676445231300e+00
3.783322715550928583e-01 3.754030845110566172e+00
3.830590486484318768e-01 3.725496361672515189e+00
3.877691972785669572e-01 3.697198175016267907e+00
3.924619208333087750e-01 3.669134266883890660e+00
3.971364619491094539e-01 3.641302650710215083e+00
4.017921014772291577e-01 3.613701370487568010e+00
4.064281574348036497e-01 3.586328499660904612e+00
4.110439839455191091e-01 3.559182140054643284e+00
4.156389701741985410e-01 3.532260420832237457e+00
4.202125392592160336e-01 3.505561497489285472e+00
4.247641472462921342e-01 3.479083550880744280e+00
4.292932820268748340e-01 3.452824786282630676e+00
4.337994622839836945e-01 3.426783432488390790e+00
4.382822364480887245e-01 3.400957740939945850e+00
4.427411816653056831e-01 3.375345984893283191e+00
4.471759027799213082e-01 3.349946458618314971e+00
4.515860313330116171e-01 3.324757476632602238e+00
4.559712245786826657e-01 3.299777372968437650e+00
4.603311645192499357e-01 3.275004500472687763e+00
4.646655569604715708e-01 3.250437230138710998e+00
4.689741305877697108e-01 3.226073950469591001e+00
4.732566360642057601e-01 3.201913066871888258e+00
4.775128451508225402e-01 3.177953001079031559e+00
4.817425498498268954e-01 3.154192190603464674e+00
4.859455615709576404e-01 3.130629088216611233e+00
4.901217103212726633e-01 3.107262161455707439e+00
4.942708439184813063e-01 3.084089892156533619e+00
4.983928272278567162e-01 3.061110776011072510e+00
5.024875414226811499e-01 3.038323322149111938e+00
5.065548832681003866e-01 3.015726052742809138e+00
5.105947644281981779e-01 2.993317502633257909e+00
5.146071107960457081e-01 2.971096218978084735e+00
5.185918618464271379e-01 2.949060760919136381e+00
5.225489700109005042e-01 2.927209699269321064e+00
5.264784000748138348e-01 2.905541616217703460e+00
5.303801285958640310e-01 2.884055105051948065e+00
5.342541433437580922e-01 2.862748769897260903e+00
5.381004427605149409e-01 2.841621225470978729e+00
5.419190354409251231e-01 2.820671096851989912e+00
5.457099396326720031e-01 2.799897019264206754e+00
5.494731827556065262e-01 2.779297637873314741e+00
5.532088009396595174e-01 2.758871607596074416e+00
5.569168385808680455e-01 2.738617592921468447e+00
5.605973479149921612e-01 2.718534267743007771e+00
5.642503886081954301e-01 2.698620315201561315e+00
5.678760273642623480e-01 2.678874427538067593e+00
5.714743375478340548e-01 2.659295305955553523e+00
5.750453988231408742e-01 2.639881660489868942e+00
5.785892968077208653e-01 2.620632209888617670e+00
5.821061227406190142e-01 2.601545681497750451e+00
5.855959731645692390e-01 2.582620811155334817e+00
5.890589496216710463e-01 2.563856343092036028e+00
5.924951583620792217e-01 2.545251029837861001e+00
5.959047100652402618e-01 2.526803632134750011e+00
5.992877195732146944e-01 2.508512918854610696e+00
6.026443056356376449e-01 2.490377666922420463e+00
6.059745906658821069e-01 2.472396661244038896e+00
6.092787005079985940e-01 2.454568694638397108e+00
6.125567642140193891e-01 2.436892567773735419e+00
6.158089138312244915e-01 2.419367089107600677e+00
6.190352841989799071e-01 2.401991074830311490e+00
6.222360127547714725e-01 2.384763348811628436e+00
6.254112393490671717e-01 2.367682742550380581e+00
6.285611060686538965e-01 2.350748095126806270e+00
6.316857570681065903e-01 2.333958253157391916e+00
6.347853384090575979e-01 2.317312070752002295e+00
6.378599979069473624e-01 2.300808409473101612e+00
6.409098849849477197e-01 2.284446138296891693e+00
6.439351505347585825e-01 2.268224133576184798e+00
6.469359467839927991e-01 2.252141279004867602e+00
6.499124271698715205e-01 2.236196465583790705e+00
6.528647462189623996e-01 2.220388591587957094e+00
6.557930594327074925e-01 2.204716562534873248e+00
6.586975231784897300e-01 2.189179291153946494e+00
6.615782945860035902e-01 2.173775697356812753e+00
6.644355314487007114e-01 2.158504708208491163e+00
6.672693921300907327e-01 2.143365257899274123e+00
6.700800354746868637e-01 2.128356287717252382e+00
6.728676207233939000e-01 2.113476746021402786e+00
6.756323074331442857e-01 2.098725588215156979e+00
6.783742554005945946e-01 2.084101776720378218e+00
6.810936245897056818e-01 2.069604280951684139e+00
6.837905750630323132e-01 2.055232077291057280e+00
6.864652669165597354e-01 2.040984149062679887e+00
6.891178602179270918e-01 2.026859486507953445e+00
6.917485149478890261e-01 2.012857086760643899e+00
6.943573909448677028e-01 1.998975953822124119e+00
6.969446478524584654e-01 1.985215098536661671e+00
6.995104450697547938e-01 1.971573538566726347e+00
7.020549417043651097e-01 1.958050298368280595e+00
7.045782965280007470e-01 1.944644409166025323e+00
7.070806679345161827e-01 1.931354908928576863e+00
7.095622139002913942e-01 1.918180842343549353e+00
7.120230919468477637e-01 1.905121260792522309e+00
7.144634591055971651e-01 1.892175222325878092e+00
7.168834718846239795e-01 1.879341791637487491e+00
7.192832862374078928e-01 1.866620040039234540e+00
7.216630575333968789e-01 1.854009045435365932e+00
7.240229405303449939e-01 1.841507892296653903e+00
7.263630893483336015e-01 1.829115671634363949e+00
7.286836574453959825e-01 1.816831480974020918e+00
7.309847975946722753e-01 1.804654424328967499e+00
7.332666618630214739e-01 1.792583612173707541e+00
7.355294015910232019e-01 1.780618161417034218e+00
7.377731673743034291e-01 1.768757195374937252e+00
7.399981090461208444e-01 1.756999843743290768e+00
7.422043756611553800e-01 1.745345242570316868e+00
7.443921154804414853e-01 1.733792534228830950e+00
7.465614759573898640e-01 1.722340867388264085e+00
7.487126037248489352e-01 1.710989396986466904e+00
7.508456445831526160e-01 1.699737284201296994e+00
7.529607434891100182e-01 1.688583696421992908e+00
7.550580445458888734e-01 1.677527807220336786e+00
7.571376909937518329e-01 1.666568796321611590e+00
7.591998252016020077e-01 1.655705849575355382e+00
7.612445886593008915e-01 1.644938158925917548e+00
7.632721219707171434e-01 1.634264922382823615e+00
7.652825648474744780e-01 1.623685343990951990e+00
7.672760561033605820e-01 1.613198633800530191e+00
7.692527336493668599e-01 1.602804007836953204e+00
7.712127344893260350e-01 1.592500688070434212e+00
7.731561947161186277e-01 1.582287902385490996e+00
7.750832495084187812e-01 1.572164884550274699e+00
7.769940331279532320e-01 1.562130874185748475e+00
7.788886789172476677e-01 1.552185116734722259e+00
7.807673192978331622e-01 1.542326863430749428e+00
7.826300857688927026e-01 1.532555371266892896e+00
7.844771089063221625e-01 1.522869902964368860e+00
7.863085183621856267e-01 1.513269726941070648e+00
7.881244428645444167e-01 1.503754117279985314e+00
7.899250102176402777e-01 1.494322353697503658e+00
7.917103473024121874e-01 1.484973721511637645e+00
7.934805800773330198e-01 1.475707511610144129e+00
7.952358335795438604e-01 1.466523020418567524e+00
7.969762319262746475e-01 1.457419549868206099e+00
7.987018983165318220e-01 1.448396407364007876e+00
8.004129550330403298e-01 1.439452905752403922e+00
8.021095234444255428e-01 1.430588363289084342e+00
8.037917240076216663e-01 1.421802103606725209e+00
8.054596762704925306e-01 1.413093455682670863e+00
8.071134988746551109e-01 1.404461753806578672e+00
8.087533095584918952e-01 1.395906337548032727e+00
8.103792251603422203e-01 1.387426551724131762e+00
8.119913616218611407e-01 1.379021746367059320e+00
8.135898339915366151e-01 1.370691276691637706e+00
8.151747564283552405e-01 1.362434503062876834e+00
8.167462422056066540e-01 1.354250790963520190e+00
8.183044037148187178e-01 1.346139510961592789e+00
8.198493524698150514e-01 1.338100038677961789e+00
8.213811991108860289e-01 1.330131754753907325e+00
8.229000534090680219e-01 1.322234044818715759e+00
8.244060242705202324e-01 1.314406299457295368e+00
8.258992197409961156e-01 1.306647914177824221e+00
8.273797470103996243e-01 1.298958289379429587e+00
8.288477124174221666e-01 1.291336830319908202e+00
8.303032214542533929e-01 1.283782947083490500e+00
8.317463787713609280e-01 1.276296054548652581e+00
8.331772881823320542e-01 1.268875572355979919e+00
8.345960526687751235e-01 1.261520924876090355e+00
8.360027743852725957e-01 1.254231541177617038e+00
8.373975546643835921e-01 1.247006854995254876e+00
8.387804940216905258e-01 1.239846304697879598e+00
8.401516921608856991e-01 1.232749333256736746e+00
8.415112479788935396e-01 1.225715388213709289e+00
8.428592595710260316e-01 1.218743921649663609e+00
8.441958242361656817e-01 1.211834390152881413e+00
8.455210384819752401e-01 1.204986254787577149e+00
8.468349980301285163e-01 1.198198981062506885e+00
8.481377978215597357e-01 1.191472038899669794e+00
8.494295320217307710e-01 1.184804902603107779e+00
8.507102940259094748e-01 1.178197050827803016e+00
8.519801764644605591e-01 1.171647966548680087e+00
8.532392712081434683e-01 1.165157137029711798e+00
8.544876693734164697e-01 1.158724053793132924e+00
8.557254613277442967e-01 1.152348212588766740e+00
8.569527366949071245e-01 1.146029113363461915e+00
8.581695843603091012e-01 1.139766260230647976e+00
8.593760924762842146e-01 1.133559161440004681e+00
8.605723484673977186e-01 1.127407329347255294e+00
8.617584390357418966e-01 1.121310280384080649e+00
8.629344501662233879e-01 1.115267535028156232e+00
8.641004671318426311e-01 1.109278617773318043e+00
8.652565744989610952e-01 1.103343057099855029e+00
8.664028561325572975e-01 1.097460385444931408e+00
8.675393952014694987e-01 1.091630139173141778e+00
8.686662741836236323e-01 1.085851858547199233e+00
8.697835748712453574e-01 1.080125087698758257e+00
8.708913783760555694e-01 1.074449374599373730e+00
8.719897651344479250e-01 1.068824271031600048e+00
8.730788149126474940e-01 1.063249332560227689e+00
8.741586068118497588e-01 1.057724118503660549e+00
8.752292192733388543e-01 1.052248191905435615e+00
8.762907300835849345e-01 1.046821119505887854e+00
8.773432163793183358e-01 1.041442471713954765e+00
8.783867546525822023e-01 1.036111822579131703e+00
8.794214207557602414e-01 1.030828749763569752e+00
8.804472899065813873e-01 1.025592834514321927e+00
8.814644366930990405e-01 1.020403661635738590e+00
8.824729350786459925e-01 1.015260819462011188e+00
8.834728584067618185e-01 1.010163899829865208e+00
8.844642794060959545e-01 1.005112498051405456e+00
8.854472701952827984e-01 1.000106212887110768e+00
8.864219022877906085e-01 9.951446465189816015e-01
8.873882465967419808e-01 9.902274045238405042e-01
8.883463734397074596e-01 9.853540958467842392e-01
8.892963525434705030e-01 9.805243327747910076e-01
8.902382530487641388e-01 9.757377309104805496e-01
8.911721435149790871e-01 9.709939091460291216e-01
8.920980919248424623e-01 9.662924896372389050e-01
8.930161656890684974e-01 9.616330977777630684e-01
8.939264316509789587e-01 9.570153621734853733e-01
8.948289560910939189e-01 9.524389146170558762e-01
8.957238047316936624e-01 9.479033900625823961e-01
8.966110427413505057e-01 9.434084266004777453e-01
8.974907347394306401e-01 9.389536654324631693e-01
8.983629448005657769e-01 9.345387508467281057e-01
8.992277364590947064e-01 9.301633301932460407e-01
9.000851727134756564e-01 9.258270538592467958e-01
9.009353160306671215e-01 9.215295752448444677e-01
9.017782283504786056e-01 9.172705507388231316e-01
9.026139710898922752e-01 9.130496396945768645e-01
9.034426051473528618e-01 9.088665044062075316e-01
9.042641909070284756e-01 9.047208100847774492e-01
9.050787882430396669e-01 9.006122248347189219e-01
9.058864565236594002e-01 8.965404196303980999e-01
9.066872546154829404e-01 8.925050682928358237e-01
9.074812408875659875e-01 8.885058474665827877e-01
9.082684732155341667e-01 8.845424365967503588e-01
9.090490089856616551e-01 8.806145179061958261e-01
9.098229050989201649e-01 8.767217763728616386e-01
9.105902179749972847e-01 8.728638997072705186e-01
9.113510035562853995e-01 8.690405783301724529e-01
9.121053173118407464e-01 8.652515053503464504e-01
9.128532142413123829e-01 8.614963765425551756e-01
9.135947488788420667e-01 8.577748903256521285e-01
9.143299752969339389e-01 8.540867477408415898e-01
9.150589471102951178e-01 8.504316524300900015e-01
9.157817174796469839e-01 8.468093106146893367e-01
9.164983391155072656e-01 8.432194310739711263e-01
9.172088642819424820e-01 8.396617251241716984e-01
9.179133448002922968e-01 8.361359065974462990e-01
9.186118320528643411e-01 8.326416918210343132e-01
9.193043769866005022e-01 8.291787995965728131e-01
9.199910301167151250e-01 8.257469511795579864e-01
9.206718415303039027e-01 8.223458702589564462e-01
9.213468608899246792e-01 8.189752829369618681e-01
9.220161374371511620e-01 8.156349177088999536e-01
9.226797199960971030e-01 8.123245054432796097e-01
9.233376569769137232e-01 8.090437793619891238e-01
9.239899963792590487e-01 8.057924750206381104e-01
9.246367857957393799e-01 8.025703302890440094e-01
9.252780724153241154e-01 7.993770853318622471e-01
9.259139030267327097e-01 7.962124825893597269e-01
9.265443240217946519e-01 7.930762667583314274e-01
9.271693813987833543e-01 7.899681847731579998e-01
9.277891207657221750e-01 7.868879857870064720e-01
9.284035873436639053e-01 7.838354211531693982e-01
9.290128259699454993e-01 7.808102444065464498e-01
9.296168811014140498e-01 7.778122112452634518e-01
9.302157968176290037e-01 7.748410795124315298e-01
9.308096168240365120e-01 7.718966091780430361e-01
9.313983844551201319e-01 7.689785623210060317e-01
9.319821426775236617e-01 7.660867031113143266e-01
9.325609340931504398e-01 7.632207977923544107e-01
9.331348009422367751e-01 7.603806146633467211e-01
9.337037851063997307e-01 7.575659240619223578e-01
9.342679281116608170e-01 7.547764983468324695e-01
9.348272711314451477e-01 7.520121118807918670e-01
9.353818549895552836e-01 7.492725410134541963e-01
9.359317201631205396e-01 7.465575640645193412e-01
9.364769067855234219e-01 7.438669613069709419e-01
9.370174546493011958e-01 7.412005149504449220e-01
9.375534032090226955e-01 7.385580091247270218e-01
9.380847915841437068e-01 7.359392298633790075e-01
9.386116585618365926e-01 7.333439650874925553e-01
9.391340425997977137e-01 7.307720045895716998e-01
9.396519818290317572e-01 7.282231400175395164e-01
9.401655140566126390e-01 7.256971648588728119e-01
9.406746767684215360e-01 7.231938744248596063e-01
9.411795071318630468e-01 7.207130658349830687e-01
9.416800419985572601e-01 7.182545380014268011e-01
9.421763179070116179e-01 7.158180916137045768e-01
9.426683710852690190e-01 7.134035291234106513e-01
9.431562374535341631e-01 7.110106547290921952e-01
9.436399526267790216e-01 7.086392743612420775e-01
9.441195519173255501e-01 7.062891956674106630e-01
9.445950703374071944e-01 7.039602279974372934e-01
9.450665426017098580e-01 7.016521823887996723e-01
9.455340031298905545e-01 6.993648715520808246e-01
9.459974860490756310e-01 6.970981098565524059e-01
9.464570251963385639e-01 6.948517133158741421e-01
9.469126541211561054e-01 6.926254995739083986e-01
9.473644060878450013e-01 6.904192878906493247e-01
9.478123140779770583e-01 6.882328991282655739e-01
9.482564107927758945e-01 6.860661557372557118e-01
9.486967286554914836e-01 6.839188817427159783e-01
9.491332998137562704e-01 6.817909027307195169e-01
9.495661561419214136e-01 6.796820458348065142e-01
9.499953292433731544e-01 6.775921397225831422e-01
9.504208504528294243e-01 6.755210145824310786e-01
9.508427508386185778e-01 6.734685021103250513e-01
9.512610612049370307e-01 6.714344354967574091e-01
9.516758120940896903e-01 6.694186494137700505e-01
9.520870337887108459e-01 6.674209800020932670e-01
9.524947563139661844e-01 6.654412648583888368e-01
9.528990094397370436e-01 6.634793430225984778e-01
9.532998226827852362e-01 6.615350549653966628e-01
9.536972253089011087e-01 6.596082425757461287e-01
9.540912463350321726e-01 6.576987491485558612e-01
9.544819145313951925e-01 6.558064193724418844e-01
9.548692584235685121e-01 6.539310993175875275e-01
9.552533062945689490e-01 6.520726364237059425e-01
9.556340861869101477e-01 6.502308794881008769e-01
9.560116259046432807e-01 6.484056786538267003e-01
9.563859530153819843e-01 6.465968853979471298e-01
9.567570948523076435e-01 6.448043525198916548e-01
9.571250785161610208e-01 6.430279341299073304e-01
9.574899308772146789e-01 6.412674856376083810e-01
9.578516785772295261e-01 6.395228637406206174e-01
9.582103480313948207e-01 6.377939264133200004e-01
9.585659654302524091e-01 6.360805328956660176e-01
9.589185567416037559e-01 6.343825436821282082e-01
9.592681477124014311e-01 6.326998205107051687e-01
9.596147638706247207e-01 6.310322263520351527e-01
9.599584305271388063e-01 6.293796253985989297e-01
9.602991727775392894e-01 6.277418830540125727e-01
9.606370155039795078e-01 6.261188659224096176e-01
9.609719833769845287e-01 6.245104417979141509e-01
9.613041008572481561e-01 6.229164796542004945e-01
9.616333921974150600e-01 6.213368496341421521e-01
9.619598814438485856e-01 6.197714230395474644e-01
9.622835924383826844e-01 6.182200723209820836e-01
9.626045488200595246e-01 6.166826710676767132e-01
9.629227740268530011e-01 6.151590939975215555e-01
9.632382912973759259e-01 6.136492169471435831e-01
9.635511236725743389e-01 6.121529168620691852e-01
9.638612939974076088e-01 6.106700717869690820e-01
9.641688249225125462e-01 6.092005608559871721e-01
9.644737389058555266e-01 6.077442642831499819e-01
9.647760582143692920e-01 6.063010633528588267e-01
9.650758049255764304e-01 6.048708404104620184e-01
9.653730009291988656e-01 6.034534788529071214e-01
9.656676679287540255e-01 6.020488631194735873e-01
9.659598274431372422e-01 6.006568786825834394e-01
9.662495008081908310e-01 5.992774120386905601e-01
9.665367091782597342e-01 5.979103506992479167e-01
9.668214735277340655e-01 5.965555831817515031e-01
9.671038146525791079e-01 5.952129990008608873e-01
9.673837531718514349e-01 5.938824886595959196e-01
9.676613095292024846e-01 5.925639436406084926e-01
9.679365039943702564e-01 5.912572563975285744e-01
9.682093566646569061e-01 5.899623203463849608e-01
9.684798874663946844e-01 5.886790298570997448e-01
9.687481161563999965e-01 5.874072802450547304e-01
9.690140623234131390e-01 5.861469677627310082e-01
9.692777453895287110e-01 5.848979895914202531e-01
9.695391846116111489e-01 5.836602438330066311e-01
9.697983990826998246e-01 5.824336295018202048e-01
9.700554077334020420e-01 5.812180465165597276e-01
9.703102293332735995e-01 5.800133956922850498e-01
9.705628824921884723e-01 5.788195787324789121e-01
9.708133856616962820e-01 5.776364982211766863e-01
9.710617571363683309e-01 5.764640576151643936e-01
9.713080150551323122e-01 5.753021612362430037e-01
9.715521774025960289e-01 5.741507142635609018e-01
9.717942620103592333e-01 5.730096227260119690e-01
9.720342865583148084e-01 5.718787934946988338e-01
9.722722685759386252e-01 5.707581342754620701e-01
9.725082254435686302e-01 5.696475536014734553e-01
9.727421743936729426e-01 5.685469608258936214e-01
9.729741325121078477e-01 5.674562661145932108e-01
9.732041167393633563e-01 5.663753804389370927e-01
9.734321438718004371e-01 5.653042155686310855e-01
9.736582305628765921e-01 5.642426840646308506e-01
9.738823933243602182e-01 5.631906992721120719e-01
9.741046485275366429e-01 5.621481753135016968e-01
9.743250124044022797e-01 5.611150270815700170e-01
9.745435010488491256e-01 5.600911702325822583e-01
9.747601304178393766e-01 5.590765211795104550e-01
9.749749163325703849e-01 5.580709970853031665e-01
9.751878744796285137e-01 5.570745158562151467e-01
9.753990204121344432e-01 5.560869961351940782e-01
9.756083695508783737e-01 5.551083572953249279e-01
9.758159371854454589e-01 5.541385194333326991e-01
9.760217384753311354e-01 5.531774033631395859e-01
9.762257884510484596e-01 5.522249306094806354e-01
9.764281020152244528e-01 5.512810234015730337e-01
9.766286939436883419e-01 5.503456046668426804e-01
9.768275788865495857e-01 5.494185980247036083e-01
9.770247713692672420e-01 5.484999277803932483e-01
9.772202857937104525e-01 5.475895189188604295e-01
9.774141364392099351e-01 5.466872970987077807e-01
9.776063374635990399e-01 5.457931886461864224e-01
9.777969029042490323e-01 5.449071205492435066e-01
9.779858466790917193e-01 5.440290204516216033e-01
9.781731825876374131e-01 5.431588166470101564e-01
9.783589243119803491e-01 5.422964380732478995e-01
9.785430854177987747e-01 5.414418143065758970e-01
9.787256793553449352e-01 5.405948755559415453e-01
9.789067194604261779e-01 5.397555526573516449e-01
9.790862189553797279e-01 5.389237770682759887e-01
9.792641909500369168e-01 5.380994808620995773e-01
9.794406484426804171e-01 5.372825967226229071e-01
9.796156043209933717e-01 5.364730579386119969e-01
9.797890713630000858e-01 5.356707983983950427e-01
9.799610622379990588e-01 5.348757525845068139e-01
9.801315895074873552e-01 5.340878555683807871e-01
9.803006656260784268e-01 5.333070430050873556e-01
9.804683029424103857e-01 5.325332511281182235e-01
9.806345137000486156e-01 5.317664167442167633e-01
9.807993100383787244e-01 5.310064772282543366e-01
9.809627039934932791e-01 5.302533705181515788e-01
9.811247074990705475e-01 5.295070351098436490e-01
9.812853323872453570e-01 5.287674100522909981e-01
9.814445903894732925e-01 5.280344349425332151e-01
9.816024931373869000e-01 5.273080499207868366e-01
9.817590521636456735e-01 5.265881956655865670e-01
9.819142789027769380e-01 5.258748133889687981e-01
9.820681846920115143e-01 5.251678448316982051e-01
9.822207807721109463e-01 5.244672322585363089e-01
9.823720782881886215e-01 5.237729184535516724e-01
9.825220882905233433e-01 5.230848467154709525e-01
9.826708217353660180e-01 5.224029608530731394e-01
9.828182894857397933e-01 5.217272051806214339e-01
9.829645023122330905e-01 5.210575245133377553e-01
9.831094708937859750e-01 5.203938641629166639e-01
9.832532058184700885e-01 5.197361699330789175e-01
9.833957175842612530e-01 5.190843881151636641e-01
9.835370165998066350e-01 5.184384654837610462e-01
9.836771131851842487e-01 5.177983492923823317e-01
9.838160175726566870e-01 5.171639872691686790e-01
9.839537399074183011e-01 5.165353276126378734e-01
9.840902902483356085e-01 5.159123189874691429e-01
9.842256785686824827e-01 5.152949105203248337e-01
9.843599147568673491e-01 5.146830517957090567e-01
9.844930086171562733e-01 5.140766928518635259e-01
9.846249698703880560e-01 5.134757841766992570e-01
9.847558081546844422e-01 5.128802767037650145e-01
9.848855330261540031e-01 5.122901218082503982e-01
9.850141539595894669e-01 5.117052713030256772e-01
9.851416803491598317e-01 5.111256774347159304e-01
9.852681215090963729e-01 5.105512928798103811e-01
9.853934866743725429e-01 5.099820707408060372e-01
9.855177850013785434e-01 5.094179645423855263e-01
9.856410255685901234e-01 5.088589282276296810e-01
9.857632173772310491e-01 5.083049161542624317e-01
9.858843693519304674e-01 5.077558830909301157e-01
9.860044903413747175e-01 5.072117842135136501e-01
9.861235891189537028e-01 5.066725751014728996e-01
9.862416743834011568e-01 5.061382117342246856e-01
9.863587547594300231e-01 5.056086504875514365e-01
9.864748387983623967e-01 5.050838481300433669e-01
9.865899349787533579e-01 5.045637618195714102e-01
9.867040517070111427e-01 5.040483490997916816e-01
9.868171973180099865e-01 5.035375678966809154e-01
9.869293800756996360e-01 5.030313765151034344e-01
9.870406081737078674e-01 5.025297336354075384e-01
9.871508897359397849e-01 5.020325983100535350e-01
9.872602328171706798e-01 5.015399299602703032e-01
9.873686454036337823e-01 5.010516883727432758e-01
9.874761354136042391e-01 5.005678336963303998e-01
9.875827106979766512e-01 5.000883264388088500e-01
9.876883790408389485e-01 4.996131274636490538e-01
9.877931481600404906e-01 4.991421979868189696e-01
9.878970257077558381e-01 4.986754995736162321e-01
9.880000192710435281e-01 4.982129941355283864e-01
9.881021363723999640e-01 4.977546439271213763e-01
9.882033844703089764e-01 4.973004115429558447e-01
9.883037709597866094e-01 4.968502599145308007e-01
9.884033031729204666e-01 4.964041523072545425e-01
9.885019883794062823e-01 4.959620523174427809e-01
9.885998337870774977e-01 4.955239238693433523e-01
9.886968465424329500e-01 4.950897312121875782e-01
9.887930337311576778e-01 4.946594389172681572e-01
9.888884023786412847e-01 4.942330118750427048e-01
9.889829594504897514e-01 4.938104152922638268e-01
9.890767118530359170e-01 4.933916146891338950e-01
9.891696664338419653e-01 4.929765758964863021e-01
9.892618299822010242e-01 4.925652650529910859e-01
9.893532092296318803e-01 4.921576486023859776e-01
9.894438108503708085e-01 4.917536932907319303e-01
9.895336414618599585e-01 4.913533661636934613e-01
9.896227076252291921e-01 4.909566345638430862e-01
9.897110158457759210e-01 4.905634661279899000e-01
9.897985725734407270e-01 4.901738287845321396e-01
9.898853842032772077e-01 4.897876907508334487e-01
9.899714570759200472e-01 4.894050205306223478e-01
9.900567974780474234e-01 4.890257869114153499e-01
9.901414116428405299e-01 4.886499589619628381e-01
9.902253057504386557e-01 4.882775060297179781e-01
9.903084859283901586e-01 4.879083977383283366e-01
9.903909582521007726e-01 4.875426039851495918e-01
9.904727287452766982e-01 4.871800949387818935e-01
9.905538033803642506e-01 4.868208410366282601e-01
9.906341880789869547e-01 4.864648129824746259e-01
9.907138887123773108e-01 4.861119817440915925e-01
9.907929111018056734e-01 4.857623185508578301e-01
9.908712610190058001e-01 4.854157948914047394e-01
9.909489441865956261e-01 4.850723825112820964e-01
9.910259662784955959e-01 4.847320534106446255e-01
9.911023329203433319e-01 4.843947798419593886e-01
9.911780496899044168e-01 4.840605343077337697e-01
9.912531221174790685e-01 4.837292895582638308e-01
9.913275556863068161e-01 4.834010185894023759e-01
9.914013558329665132e-01 4.830756946403478858e-01
9.914745279477734652e-01 4.827532911914525493e-01
9.915470773751732247e-01 4.824337819620502787e-01
9.916190094141321687e-01 4.821171409083042092e-01
9.916903293185235224e-01 4.818033422210733496e-01
9.917610422975121631e-01 4.814923603237986072e-01
9.918311535159346493e-01 4.811841698704073522e-01
9.919006680946761412e-01 4.808787457432375234e-01
9.919695911110446573e-01 4.805760630509794407e-01
9.920379275991419998e-01 4.802760971266368806e-01
9.921056825502312382e-01 4.799788235255060265e-01
9.921728609131011956e-01 4.796842180231724595e-01
9.922394675944281595e-01 4.793922566135267460e-01
9.923055074591339286e-01 4.791029155067971224e-01
9.923709853307410844e-01 4.788161711276000543e-01
9.924359059917255976e-01 4.785320001130088929e-01
9.925002741838659936e-01 4.782503793106387957e-01
9.925640946085892979e-01 4.779712857767497991e-01
9.926273719273149831e-01 4.776946967743664341e-01
9.926901107617950304e-01 4.774205897714143831e-01
9.927523156944516591e-01 4.771489424388738465e-01
9.928139912687117263e-01 4.768797326489493948e-01
9.928751419893386831e-01 4.766129384732566421e-01
9.929357723227620891e-01 4.763485381810247388e-01
9.929958866974030185e-01 4.760865102373151858e-01
9.930554895039978014e-01 4.758268333012568574e-01
9.931145850959189891e-01 4.755694862242966781e-01
9.931731777894926561e-01 4.753144480484660650e-01
9.932312718643144800e-01 4.750616980046629134e-01
9.932888715635616039e-01 4.748112155109490695e-01
9.933459810943027213e-01 4.745629801708632356e-01
9.934026046278054967e-01 4.743169717717488076e-01
9.934587462998412111e-01 4.740731702830970340e-01
9.935144102109867426e-01 4.738315558549046069e-01
9.935696004269238824e-01 4.735921088160466863e-01
9.936243209787364306e-01 4.733548096726638565e-01
9.936785758632049603e-01 4.731196391065641271e-01
9.937323690430978074e-01 4.728865779736392549e-01
9.937857044474616153e-01 4.726556073022948334e-01
9.938385859719073290e-01 4.724267082918950367e-01
9.938910174788956331e-01 4.721998623112211302e-01
9.939430027980179494e-01 4.719750508969440261e-01
9.939945457262768791e-01 4.717522557521101612e-01
9.940456500283637586e-01 4.715314587446415850e-01
9.940963194369328848e-01 4.713126419058489280e-01
9.941465576528744075e-01 4.710957874289583569e-01
9.941963683455850020e-01 4.708808776676513541e-01
9.942457551532354332e-01 4.706678951346178197e-01
9.942947216830363422e-01 4.704568225001222181e-01
9.943432715115017029e-01 4.702476425905824375e-01
9.943914081847102793e-01 4.700403383871616936e-01
9.944391352185643074e-01 4.698348930243730348e-01
9.944864560990467339e-01 4.696312897886963933e-01
9.945333742824749024e-01 4.694295121172079033e-01
9.945798931957541278e-01 4.692295435962219874e-01
9.946260162366272750e-01 4.690313679599452112e-01
9.946717467739228935e-01 4.688349690891426835e-01
9.947170881478017979e-01 4.686403310098158914e-01
9.947620436700005397e-01 4.684474378918933590e-01
9.948066166240732144e-01 4.682562740479320196e-01
9.948508102656318242e-01 4.680668239318310775e-01
9.948946278225835327e-01 4.678790721375573058e-01
9.949380724953670319e-01 4.676930033978813350e-01
9.949811474571852443e-01 4.675086025831261538e-01
9.950238558542380263e-01 4.673258546999261021e-01
9.950662008059517616e-01 4.671447448899976318e-01
9.951081854052070685e-01 4.669652584289206154e-01
9.951498127185645082e-01 4.667873807249312001e-01
9.951910857864888493e-01 4.666110973177251542e-01
9.952320076235713353e-01 4.664363938772719265e-01
9.952725812187490639e-01 4.662632562026398642e-01
9.953128095355240346e-01 4.660916702208315332e-01
9.953526955121795305e-01 4.659216219856298080e-01
9.953922420619945033e-01 4.657530976764542308e-01
9.954314520734561800e-01 4.655860835972276401e-01
9.954703284104715610e-01 4.654205661752534029e-01
9.955088739125758091e-01 4.652565319601020266e-01
9.955470913951406375e-01 4.650939676225087083e-01
9.955849836495793692e-01 4.649328599532799311e-01
9.956225534435503288e-01 4.647731958622107751e-01
9.956598035211601250e-01 4.646149623770112203e-01
9.956967366031631572e-01 4.644581466422426086e-01
9.957333553871606791e-01 4.643027359182636538e-01
9.957696625477980845e-01 4.641487175801856657e-01
9.958056607369594193e-01 4.639960791168376009e-01
9.958413525839621139e-01 4.638448081297400494e-01
9.958767406957480528e-01 4.636948923320888261e-01
9.959118276570749773e-01 4.635463195477474985e-01
9.959466160307043348e-01 4.633990777102490188e-01
9.959811083575890178e-01 4.632531548618064043e-01
9.960153071570588823e-01 4.631085391523324657e-01
9.960492149270044893e-01 4.629652188384682510e-01
9.960828341440598477e-01 4.628231822826200936e-01
9.961161672637832698e-01 4.626824179520055980e-01
9.961492167208362281e-01 4.625429144177081731e-01
9.961819849291623230e-01 4.624046603537400602e-01
9.962144742821620325e-01 4.622676445361138531e-01
9.962466871528689039e-01 4.621318558419221789e-01
9.962786258941219719e-01 4.619972832484261493e-01
9.963102928387380652e-01 4.618639158321514726e-01
9.963416902996822255e-01 4.617317427679931696e-01
9.963728205702364615e-01 4.616007533283281172e-01
9.964036859241669486e-01 4.614709368821356961e-01
9.964342886158907842e-01 4.613422828941263210e-01
9.964646308806400787e-01 4.612147809238779650e-01
9.964947149346257138e-01 4.610884206249801220e-01
9.965245429751984352e-01 4.609631917441862070e-01
9.965541171810103904e-01 4.608390841205726174e-01
9.965834397121731136e-01 4.607160876847061770e-01
9.966125127104165093e-01 4.605941924578189628e-01
9.966413382992440617e-01 4.604733885509900704e-01
9.966699185840890429e-01 4.603536661643353733e-01
9.966982556524671688e-01 4.602350155862044989e-01
9.967263515741303648e-01 4.601174271923844095e-01
9.967542084012167569e-01 4.600008914453111997e-01
9.967818281684009962e-01 4.598853988932882220e-01
9.968092128930431395e-01 4.597709401697114839e-01
9.968363645753358648e-01 4.596575059923021511e-01
9.968632851984503551e-01 4.595450871623460443e-01
9.968899767286808489e-01 4.594336745639394093e-01
9.969164411155893024e-01 4.593232591632425699e-01
9.969426802921466102e-01 4.592138320077390756e-01
9.969686961748750464e-01 4.591053842255025108e-01
9.969944906639867099e-01 4.589979070244696313e-01
9.970200656435234121e-01 4.588913916917197189e-01
9.970454229814943448e-01 4.587858295927607633e-01
9.970705645300114162e-01 4.586812121708223056e-01
9.970954921254262526e-01 4.585775309461539995e-01
9.971202075884623151e-01 4.584747775153312777e-01
9.971447127243499020e-01 4.583729435505666250e-01
9.971690093229561569e-01 4.582720207990275685e-01
9.971930991589172955e-01 4.581720010821604405e-01
9.972169839917673917e-01 4.580728762950205257e-01
9.972406655660669417e-01 4.579746384056080921e-01
9.972641456115305392e-01 4.578772794542105840e-01
9.972874258431531080e-01 4.577807915527504767e-01
9.973105079613352464e-01 4.576851668841392384e-01
9.973333936520071275e-01 4.575903977016370083e-01
9.973560845867520674e-01 4.574964763282184932e-01
9.973785824229283170e-01 4.574033951559435818e-01
9.974008888037899645e-01 4.573111466453348428e-01
9.974230053586076172e-01 4.572197233247597969e-01
9.974449337027866402e-01 4.571291177898189062e-01
9.974666754379856171e-01 4.570393227027395588e-01
9.974882321522331452e-01 4.569503307917751056e-01
9.975096054200437434e-01 4.568621348506092250e-01
9.975307968025333150e-01 4.567747277377658399e-01
9.975518078475325012e-01 4.566881023760247515e-01
9.975726400897001467e-01 4.566022517518417145e-01
9.975932950506355423e-01 4.565171689147746181e-01
9.976137742389891150e-01 4.564328469769138863e-01
9.976340791505726724e-01 4.563492791123191505e-01
9.976542112684693153e-01 4.562664585564601971e-01
9.976741720631407961e-01 4.561843786056630767e-01
9.976939629925355435e-01 4.561030326165613769e-01
9.977135855021951327e-01 4.560224140055525455e-01
9.977330410253595350e-01 4.559425162482589333e-01
9.977523309830720333e-01 4.558633328789935546e-01
9.977714567842830284e-01 4.557848574902312322e-01
9.977904198259527346e-01 4.557070837320837953e-01
9.978092214931538750e-01 4.556300053117804949e-01
9.978278631591716019e-01 4.555536159931531381e-01
9.978463461856049710e-01 4.554779095961255519e-01
9.978646719224661954e-01 4.554028799962079876e-01
9.978828417082784563e-01 4.553285211239956332e-01
9.979008568701744908e-01 4.552548269646722878e-01
9.979187187239934032e-01 4.551817915575181450e-01
9.979364285743765883e-01 4.551094089954217381e-01
9.979539877148628779e-01 4.550376734243969934e-01
9.979713974279833533e-01 4.549665790431041690e-01
9.979886589853548262e-01 4.548961201023750678e-01
9.980057736477728758e-01 4.548262909047426916e-01
9.980227426653035527e-01 4.547570858039754471e-01
9.980395672773753057e-01 4.546884992046148488e-01
9.980562487128690208e-01 4.546205255615181073e-01
9.980727881902078380e-01 4.545531593794042702e-01
9.980891869174464137e-01 4.544863952124049700e-01
9.981054460923588501e-01 4.544202276636188365e-01
9.981215669025262915e-01 4.543546513846701829e-01
9.981375505254236336e-01 4.542896610752714115e-01
9.981533981285056756e-01 4.542252514827897492e-01
9.981691108692922754e-01 4.541614174018174799e-01
9.981846898954527258e-01 4.540981536737464519e-01
9.982001363448900211e-01 4.540354551863460819e-01
9.982154513458235678e-01 4.539733168733453561e-01
9.982306360168716752e-01 4.539117337140187725e-01
9.982456914671332671e-01 4.538507007327753917e-01
9.982606187962693722e-01 4.537902129987524957e-01
9.982754190945822836e-01 4.537302656254121880e-01
9.982900934430964934e-01 4.536708537701418242e-01
9.983046429136367417e-01 4.536119726338585512e-01
9.983190685689067312e-01 4.535536174606162874e-01
9.983333714625668431e-01 4.534957835372178114e-01
9.983475526393106314e-01 4.534384661928286819e-01
9.983616131349414280e-01 4.533816607985959313e-01
9.983755539764480602e-01 4.533253627672698127e-01
9.983893761820799018e-01 4.532695675528283230e-01
9.984030807614205916e-01 4.532142706501063878e-01
9.984166687154630848e-01 4.531594675944271566e-01
9.984301410366810403e-01 4.531051539612373502e-01
9.984434987091030944e-01 4.530513253657457162e-01
9.984567427083834712e-01 4.529979774625645939e-01
9.984698740018735919e-01 4.529451059453550865e-01
9.984828935486929069e-01 4.528927065464749546e-01
9.984958022997990623e-01 4.528407750366301721e-01
9.985086011980566223e-01 4.527893072245292028e-01
9.985212911783071243e-01 4.527382989565407190e-01
9.985338731674360258e-01 4.526877461163542060e-01
9.985463480844413153e-01 4.526376446246437868e-01
9.985587168405004599e-01 4.525879904387348218e-01
9.985709803390367956e-01 4.525387795522741174e-01
9.985831394757856971e-01 4.524900079949020770e-01
9.985951951388597481e-01 4.524416718319289599e-01
9.986071482088137996e-01 4.523937671640134162e-01
9.986189995587093637e-01 4.523462901268437419e-01
9.986307500541782289e-01 4.522992368908226868e-01
9.986424005534857429e-01 4.522526036607545930e-01
9.986539519075932070e-01 4.522063866755354211e-01
9.986654049602207150e-01 4.521605822078457182e-01
9.986767605479079934e-01 4.521151865638463607e-01
9.986880195000762406e-01 4.520701960828767407e-01
9.986991826390880789e-01 4.520256071371563378e-01
9.987102507803079510e-01 4.519814161314880119e-01
9.987212247321618497e-01 4.519376195029650156e-01
9.987321052961956047e-01 4.518942137206797827e-01
9.987428932671343906e-01 4.518511952854359914e-01
9.987535894329403474e-01 4.518085607294627937e-01
9.987641945748697569e-01 4.517663066161318186e-01
9.987747094675307746e-01 4.517244295396767861e-01
9.987851348789396067e-01 4.516829261249153404e-01
9.987954715705764652e-01 4.516417930269738812e-01
9.988057202974418569e-01 4.516010269310145042e-01
9.988158818081109835e-01 4.515606245519644402e-01
9.988259568447890313e-01 4.515205826342481021e-01
9.988359461433644615e-01 4.514808979515214649e-01
9.988458504334641885e-01 4.514415673064088308e-01
9.988556704385054275e-01 4.514025875302419277e-01
9.988654068757493176e-01 4.513639554828013933e-01
9.988750604563533253e-01 4.513256680520608133e-01
9.988846318854228690e-01 4.512877221539326467e-01
9.988941218620631668e-01 4.512501147320166495e-01
