3.597696814161682521e+00 2.087241978102579443e-01
3.577608850249429651e+00 2.091885709861676657e-01
3.557672804669571587e+00 2.096534392783611922e-01
3.537887494413574974e+00 2.101188338536830180e-01
3.518251745254561413e+00 2.105847856792902040e-01
3.498764391675640795e+00 2.110513255213509187e-01
3.479424276798766424e+00 2.115184839437214415e-01
3.460230252314100863e+00 2.119862913066023480e-01
3.441181178409900898e+00 2.124547777651751290e-01
3.422275923702902567e+00 2.129239732682202124e-01
3.403513365169215543e+00 2.133939075567172217e-01
3.384892388075714464e+00 2.138646101624288032e-01
3.366411885911928525e+00 2.143361104064687994e-01
3.348070760322422679e+00 2.148084373978559891e-01
3.329867921039666445e+00 2.152816200320548101e-01
3.311802285817391667e+00 2.157556869895032592e-01
3.293872780364427655e+00 2.162306667341302446e-01
3.276078338279018620e+00 2.167065875118626972e-01
3.258417900983611837e+00 2.171834773491238824e-01
3.240890417660118761e+00 2.176613640513243297e-01
3.223494845185646440e+00 2.181402752013459623e-01
3.206230148068689001e+00 2.186202381580213128e-01
3.189095298385782762e+00 2.191012800546085493e-01
3.172089275718620094e+00 2.195834277972637527e-01
3.155211067091615362e+00 2.200667080635116402e-01
3.138459666909926504e+00 2.205511473007160661e-01
3.121834076897920696e+00 2.210367717245513564e-01
3.105333306038088992e+00 2.215236073174760845e-01
3.088956370510401950e+00 2.220116798272100678e-01
3.072702293632105341e+00 2.225010147652166648e-01
3.056570105797952852e+00 2.229916374051906791e-01
3.040558844420872653e+00 2.234835727815540907e-01
3.024667553873063408e+00 2.239768456879603631e-01
3.008895285427522825e+00 2.244714806758089931e-01
2.993241097199997203e+00 2.249675020527713010e-01
2.977704054091359076e+00 2.254649338813293213e-01
2.962283227730399648e+00 2.259637999773282946e-01
2.946977696417045767e+00 2.264641239085451729e-01
2.931786545065989014e+00 2.269659289932736967e-01
2.916708865150727803e+00 2.274692382989276229e-01
2.901743754648022033e+00 2.279740746406636043e-01
2.886890317982758081e+00 2.284804605800249133e-01
2.872147665973213471e+00 2.289884184236074816e-01
2.857514915776737219e+00 2.294979702217496698e-01
2.842991190835820969e+00 2.300091377672466852e-01
2.828575620824577808e+00 2.305219425940918665e-01
2.814267341595618976e+00 2.310364059762452793e-01
2.800065495127322279e+00 2.315525489264315950e-01
2.785969229471499276e+00 2.320703921949682780e-01
2.771977698701455939e+00 2.325899562686256916e-01
2.758090062860440117e+00 2.331112613695202063e-01
2.744305487910481567e+00 2.336343274540416681e-01
2.730623145681619679e+00 2.341591742118168951e-01
2.717042213821515784e+00 2.346858210647100318e-01
2.703561875745452703e+00 2.352142871658614576e-01
2.690181320586712665e+00 2.357445913987662733e-01
2.676899743147344246e+00 2.362767523763938948e-01
2.663716343849303669e+00 2.368107884403496677e-01
2.650630328685977588e+00 2.373467176600804474e-01
2.637640909174086001e+00 2.378845578321244769e-01
2.624747302305957319e+00 2.384243264794075334e-01
2.611948730502185789e+00 2.389660408505862865e-01
2.599244421564656626e+00 2.395097179194400072e-01
2.586633608629950842e+00 2.400553743843120147e-01
2.574115530123121331e+00 2.406030266676015827e-01
2.561689429711839328e+00 2.411526909153083043e-01
2.549354556260912563e+00 2.417043829966290525e-01
2.537110163787178241e+00 2.422581185036093154e-01
2.524955511414761045e+00 2.428139127508497086e-01
2.512889863330701523e+00 2.433717807752688311e-01
2.500912488740955730e+00 2.439317373359235208e-01
2.489022661826761240e+00 2.444937969138873124e-01
2.477219661701369979e+00 2.450579737121884316e-01
2.465502772367151874e+00 2.456242816558081021e-01
2.453871282673063536e+00 2.461927343917398592e-01
2.442324486272482442e+00 2.467633452891113688e-01
2.430861681581411915e+00 2.473361274393691134e-01
2.419482171737048937e+00 2.479110936565269430e-01
2.408185264556718330e+00 2.484882564774794911e-01
2.396970272497178644e+00 2.490676281623808996e-01
2.385836512614285088e+00 2.496492206950901016e-01
2.374783306523029047e+00 2.502330457836827726e-01
2.363809980357935991e+00 2.508191148610312560e-01
2.352915864733833740e+00 2.514074390854528218e-01
2.342100294706987995e+00 2.519980293414266770e-01
2.331362609736602920e+00 2.525908962403806690e-01
2.320702153646690302e+00 2.531860501215484338e-01
2.310118274588305098e+00 2.537835010528967095e-01
2.299610325002150901e+00 2.543832588321241484e-01
2.289177661581551337e+00 2.549853329877314612e-01
2.278819645235792724e+00 2.555897327801639474e-01
2.268535641053833984e+00 2.561964672030259127e-01
2.258325018268387385e+00 2.568055449843681948e-01
2.248187150220368746e+00 2.574169745880484639e-01
2.238121414323719804e+00 2.580307642151650760e-01
2.228127192030600501e+00 2.586469218055637564e-01
2.218203868796955636e+00 2.592654550394187796e-01
2.208350834048450562e+00 2.598863713388873675e-01
2.198567481146785241e+00 2.605096778698380855e-01
2.188853207356377339e+00 2.611353815436532333e-01
2.179207413811424576e+00 2.617634890191051222e-01
2.169629505483339660e+00 2.623940067043064039e-01
2.160118891148564479e+00 2.630269407587338959e-01
2.150674983356757775e+00 2.636622970953264589e-01
2.141297198399365609e+00 2.643000813826563711e-01
2.131984956278563992e+00 2.649402990471739772e-01
2.122737680676589633e+00 2.655829552755253897e-01
2.113554798925443290e+00 2.662280550169431881e-01
2.104435741976979468e+00 2.668756029857096701e-01
2.095379944373374936e+00 2.675256036636919910e-01
2.086386844217983150e+00 2.681780613029491334e-01
2.077455883146570148e+00 2.688329799284101540e-01
2.068586506298935923e+00 2.694903633406233734e-01
2.059778162290920811e+00 2.701502151185754541e-01
2.051030303186798243e+00 2.708125386225802012e-01
2.042342384472053851e+00 2.714773369972367512e-01
2.033713865026554490e+00 2.721446131744554298e-01
2.025144207098101834e+00 2.728143698765517766e-01
2.016632876276378106e+00 2.734866096194074614e-01
2.008179341467282608e+00 2.741613347156969249e-01
1.999783074867652388e+00 2.748385472781794681e-01
1.991443551940383916e+00 2.755182492230557889e-01
1.983160251389937567e+00 2.762004422733880249e-01
1.974932655138239568e+00 2.768851279625820783e-01
1.966760248300974734e+00 2.775723076379316701e-01
1.958642519164273121e+00 2.782619824642230677e-01
1.950578959161791248e+00 2.789541534273984880e-01
1.942569062852184780e+00 2.796488213382787857e-01
1.934612327896979123e+00 2.803459868363428198e-01
1.926708255038832140e+00 2.810456503935626071e-01
1.918856348080194119e+00 2.817478123182937666e-01
1.911056113862360073e+00 2.824524727592189755e-01
1.903307062244920189e+00 2.831596317093441617e-01
1.895608706085603723e+00 2.838692890100451005e-01
1.887960561220519695e+00 2.845814443551640260e-01
1.880362146444790827e+00 2.852960972951540386e-01
1.872812983493584271e+00 2.860132472412704185e-01
1.865312597023536689e+00 2.867328934698072929e-01
1.857860514594573464e+00 2.874550351263780446e-01
1.850456266652121817e+00 2.881796712302379659e-01
1.843099386509718496e+00 2.889068006786477683e-01
1.835789410332009375e+00 2.896364222512761710e-01
1.828525877118142740e+00 2.903685346146402946e-01
1.821308328685552702e+00 2.911031363265815797e-01
1.814136309654134305e+00 2.918402258407766237e-01
1.807009367430809199e+00 2.925798015112802131e-01
1.799927052194477461e+00 2.933218615970992205e-01
1.792888916881361761e+00 2.940664042667964218e-01
1.785894517170732554e+00 2.948134276031206813e-01
1.778943411471022085e+00 2.955629296076641710e-01
1.772035160906322959e+00 2.963149082055421268e-01
1.765169329303264201e+00 2.970693612500960312e-01
1.758345483178272772e+00 2.978262865276160576e-01
1.751563191725212354e+00 2.985856817620826664e-01
1.744822026803396486e+00 2.993475446199245216e-01
1.738121562925981189e+00 3.001118727147910614e-01
1.731461377248727285e+00 3.008786636123383929e-01
1.724841049559134643e+00 3.016479148350252326e-01
1.718260162265944135e+00 3.024196238669189518e-01
1.711718300389006853e+00 3.031937881585080596e-01
1.705215051549515026e+00 3.039704051315201272e-01
1.698750005960595777e+00 3.047494721837424869e-01
1.692322756418260354e+00 3.055309866938451524e-01
1.685932898292712201e+00 3.063149460262021839e-01
1.679580029520003182e+00 3.071013475357107225e-01
1.673263750594041310e+00 3.078901885726056387e-01
1.666983664558944200e+00 3.086814664872670755e-01
1.660739377001734685e+00 3.094751786350199430e-01
1.654530496045373944e+00 3.102713223809226428e-01
1.648356632342134143e+00 3.110698951045429150e-01
1.642217399067298356e+00 3.118708942047198063e-01
1.636112411913190678e+00 3.126743171043085967e-01
1.630041289083531408e+00 3.134801612549074634e-01
1.624003651288110417e+00 3.142884241415634383e-01
1.617999121737777379e+00 3.150991032874561060e-01
1.612027326139743977e+00 3.159121962585567100e-01
1.606087892693193409e+00 3.167277006682610030e-01
1.600180452085191662e+00 3.175456141819932299e-01
1.594304637486900544e+00 3.183659345217800807e-01
1.588460084550079809e+00 3.191886594707926128e-01
1.582646431403883058e+00 3.200137868778529793e-01
1.576863318651934298e+00 3.208413146619059075e-01
1.571110389369686056e+00 3.216712408164512094e-01
1.565387289102050605e+00 3.225035634139366558e-01
1.559693665861300316e+00 3.233382806101087192e-01
1.554029170125233561e+00 3.241753906483192949e-01
1.548393454835597982e+00 3.250148918637865147e-01
1.542786175396766435e+00 3.258567826878083218e-01
1.537206989674662072e+00 3.267010616519258059e-01
1.531655557995926564e+00 3.275477273920354704e-01
1.526131543147321912e+00 3.283967786524483179e-01
1.520634610375368290e+00 3.292482142898934261e-01
1.515164427386201940e+00 3.301020332774649568e-01
1.509720664345657104e+00 3.309582347085102683e-01
1.504302993879559125e+00 3.318168178004572422e-01
1.498911091074226043e+00 3.326777818985800494e-01
1.493544633477173145e+00 3.335411264797000785e-01
1.488203301098011577e+00 3.344068511558214163e-01
1.482886776409538587e+00 3.352749556776987716e-01
1.477594744349009614e+00 3.361454399383364544e-01
1.472326892319589797e+00 3.370183039764159671e-01
1.467082910191976675e+00 3.378935479796514318e-01
1.461862490306185203e+00 3.387711722880704657e-01
1.456665327473496863e+00 3.396511773972197279e-01
1.451491118978555983e+00 3.405335639612923071e-01
1.446339564581617276e+00 3.414183327961766712e-01
1.441210366520928599e+00 3.423054848824249041e-01
1.436103229515252044e+00 3.431950213681382866e-01
1.431017860766508942e+00 3.440869435717697211e-01
1.425953969962547863e+00 3.449812529848406140e-01
1.420911269280026090e+00 3.458779512745712714e-01
1.415889473387399233e+00 3.467770402864228663e-01
1.410888299448014749e+00 3.476785220465497539e-01
1.405907467123296950e+00 3.485823987641609167e-01
1.400946698576025717e+00 3.494886728337887050e-01
1.396005718473693813e+00 3.503973468374637634e-01
1.391084253991943909e+00 3.513084235467944239e-01
1.386182034818072673e+00 3.522219059249497297e-01
1.381298793154600579e+00 3.531377971285448725e-01
1.376434263722898121e+00 3.540561005094258751e-01
1.371588183766863533e+00 3.549768196163555212e-01
1.366760293056643816e+00 3.558999581965960890e-01
1.361950333892396614e+00 3.568255201973893898e-01
1.357158051108081853e+00 3.577535097673325559e-01
1.352383192075281126e+00 3.586839312576478589e-01
1.347625506707035292e+00 3.596167892233460561e-01
1.342884747461697170e+00 3.605520884242816027e-01
1.338160669346790899e+00 3.614898338260986721e-01
1.333453029922872846e+00 3.624300306010669881e-01
1.328761589307387192e+00 3.633726841288059117e-01
1.324086110178511744e+00 3.643177999968965075e-01
1.319426357778985759e+00 3.652653840013796449e-01
1.314782099919916902e+00 3.662154421471393029e-01
1.310153106984556892e+00 3.671679806481704667e-01
1.305539151932044506e+00 3.681230059277300626e-01
1.300940010301107508e+00 3.690805246183698762e-01
1.296355460213717059e+00 3.700405435618511762e-01
1.291785282378691724e+00 3.710030698089391565e-01
1.287229260095242855e+00 3.719681106190768083e-01
1.282687179256455146e+00 3.729356734599371115e-01
1.278158828352699228e+00 3.739057660068526023e-01
1.273643998474967898e+00 3.748783961421216504e-01
1.269142483318132397e+00 3.758535719541897802e-01
1.264654079184111657e+00 3.768313017367065920e-01
1.260178584984949834e+00 3.778115939874558959e-01
1.255715802245796375e+00 3.787944574071593906e-01
1.251265535107780824e+00 3.797799008981521118e-01
1.246827590330783497e+00 3.807679335629299278e-01
1.242401777296086474e+00 3.817585647025675266e-01
1.237987908008908233e+00 3.827518038150061197e-01
1.233585797100813286e+00 3.837476605932108598e-01
1.229195261831988351e+00 3.847461449231963648e-01
1.224816122093386195e+00 3.857472668819204586e-01
1.220448200408724482e+00 3.867510367350447398e-01
1.216091321936340508e+00 3.877574649345622571e-01
1.211745314470891843e+00 3.887665621162902374e-01
1.207410008444900651e+00 3.897783390972292539e-01
1.203085236930133028e+00 3.907928068727859472e-01
1.198770835638813370e+00 3.918099766138612439e-01
1.194466642924660871e+00 3.928298596638011286e-01
1.190172499783750393e+00 3.938524675352116922e-01
1.185888249855185705e+00 3.948778119066357339e-01
1.181613739421586651e+00 3.959059046190928632e-01
1.177348817409377357e+00 3.969367576724808222e-01
1.173093335388876612e+00 3.979703832218383641e-01
1.168847147574180401e+00 3.990067935734695759e-01
1.164610110822834832e+00 4.000460011809289229e-01
1.160382084635290800e+00 4.010880186408669057e-01
1.156162931154137707e+00 4.021328586887359391e-01
1.151952515163109592e+00 4.031805341943566212e-01
1.147750704085856777e+00 4.042310581573437256e-01
1.143557367984481932e+00 4.052844437023921942e-01
1.139372379557830106e+00 4.063407040744229648e-01
1.135195614139530074e+00 4.073998526335879111e-01
1.131026949695782324e+00 4.084619028501353388e-01
1.126866266822884377e+00 4.095268682991346498e-01
1.122713448744493414e+00 4.105947626550608409e-01
1.118568381308614912e+00 4.116655996862390032e-01
1.114430952984317269e+00 4.127393932491492667e-01
1.110301054858162884e+00 4.138161572825917456e-01
1.106178580630351238e+00 4.148959058017120949e-01
1.102063426610570218e+00 4.159786528918884563e-01
1.097955491713547227e+00 4.170644127024796255e-01
1.093854677454297875e+00 4.181531994404349417e-01
1.089760887943063361e+00 4.192450273637669533e-01
1.085674029879933000e+00 4.203399107748867491e-01
1.081594012549146333e+00 4.214378640138032317e-01
1.077520747813069502e+00 4.225389014511866104e-01
1.073454150105838778e+00 4.236430374812971689e-01
1.069394136426667474e+00 4.247502865147801954e-01
1.065340626332809792e+00 4.258606629713277969e-01
1.061293541932177620e+00 4.269741812722088192e-01
1.057252807875602940e+00 4.280908558326679825e-01
1.053218351348741644e+00 4.292107010541952317e-01
1.049190102063613628e+00 4.303337313166670786e-01
1.045167992249772970e+00 4.314599609703604344e-01
1.041151956645104404e+00 4.325894043278412648e-01
1.037141932486238982e+00 4.337220756557291224e-01
1.033137859498586275e+00 4.348579891663392205e-01
1.029139679885975767e+00 4.359971590092040494e-01
1.025147338319904566e+00 4.371395992624760307e-01
1.021160781928384331e+00 4.382853239242135990e-01
1.017179960284386064e+00 4.394343469035519867e-01
1.013204825393873687e+00 4.405866820117620430e-01
1.009235331683426828e+00 4.417423429531977530e-01
1.005271435987443951e+00 4.429013433161363422e-01
1.001313097534925367e+00 4.440636965635129663e-01
9.973602779358278214e-01 4.452294160235515386e-01
9.934129411669931908e-01 4.463985148802964154e-01
9.894710535576394239e-01 4.475710061640457149e-01
9.855345837744161619e-01 4.487469027416905454e-01
9.816035028060208223e-01 4.499262173069627502e-01
9.776777839473681508e-01 4.511089623705947238e-01
9.737574027833151291e-01 4.522951502503933519e-01
9.698423371719353536e-01 4.534847930612337930e-01
9.659325672273412211e-01 4.546779027049742683e-01
9.620280753020509223e-01 4.558744908602969104e-01
9.581288459689003556e-01 4.570745689724787786e-01
9.542348660024946305e-01 4.582781482430954290e-01
9.503461243602004949e-01 4.594852396196631994e-01
9.464626121626775745e-01 4.606958537852224311e-01
9.425843226739457625e-01 4.619100011478674550e-01
9.387112512809916431e-01 4.631276918302273948e-01
9.348433954729097328e-01 4.643489356589016182e-01
9.309807548195797589e-01 4.655737421538558851e-01
9.271233309498825292e-01 4.668021205177831923e-01
9.232711275294507303e-01 4.680340796254346403e-01
9.194241502379597586e-01 4.692696280129249886e-01
9.155824067459560345e-01 4.705087738670193920e-01
9.117459066912277921e-01 4.717515250144049266e-01
9.079146616547185689e-01 4.729978889109541229e-01
9.040886851359855036e-01 4.742478726309848347e-01
9.002679925282063289e-01 4.755014828565234941e-01
8.964526010927377220e-01 4.767587258665759165e-01
8.926425299332284569e-01 4.780196075264139255e-01
8.888377999692914644e-01 4.792841332768815188e-01
8.850384339097394637e-01 4.805523081237286775e-01
8.812444562253879399e-01 4.818241366269784276e-01
8.774558931214327950e-01 4.830996228903332024e-01
8.736727725094061148e-01 4.843787705506279462e-01
8.698951239787169332e-01 4.856615827673359531e-01
8.661229787677844350e-01 4.869480622121343250e-01
8.623563697347693680e-01 4.882382110585364865e-01
8.585953313279112153e-01 4.895320309715971985e-01
8.548398995554797875e-01 4.908295230976989498e-01
8.510901119553482275e-01 4.921306880544253914e-01
8.473460075641984224e-01 4.934355259205298050e-01
8.436076268863642591e-01 4.947440362260048796e-01
8.398750118623264926e-01 4.960562179422624007e-01
8.361482058368656656e-01 4.973720694724290681e-01
8.324272535268867346e-01 4.986915886417658816e-01
8.287122009889229535e-01 5.000147726882195887e-01
8.250030955863327797e-01 5.013416182531119647e-01
8.212999859562011284e-01 5.026721213719759218e-01
8.176029219759559652e-01 5.040062774655449385e-01
8.139119547297131163e-01 5.053440813309038049e-01
8.102271364743637294e-01 5.066855271328077892e-01
8.065485206054145984e-01 5.080306083951778851e-01
8.028761616225986719e-01 5.093793179927803561e-01
7.992101150952656274e-01 5.107316481430962396e-01
7.955504376275711609e-01 5.120875903983899136e-01
7.918971868234757627e-01 5.134471356379834983e-01
7.882504212515708542e-01 5.148102740607441996e-01
7.846102004097454952e-01 5.161769951777921417e-01
7.809765846897107622e-01 5.175472878054357961e-01
7.773496353413961168e-01 5.189211400583422229e-01
7.737294144372367510e-01 5.202985393429490069e-01
7.701159848363632321e-01 5.216794723511249954e-01
7.665094101487157641e-01 5.230639250540861651e-01
7.629097546990956102e-01 5.244518826965748337e-01
7.593170834911732170e-01 5.258433297913065463e-01
7.557314621714672498e-01 5.272382501136929633e-01
7.521529569933165238e-01 5.286366266968465233e-01
7.485816347808568194e-01 5.300384418268726527e-01
7.450175628930242322e-01 5.314436770384561859e-01
7.414608091876011553e-01 5.328523131107476551e-01
7.379114419853216589e-01 5.342643300635542269e-01
7.343695300340559173e-01 5.356797071538428323e-01
7.308351424730907819e-01 5.370984228725582676e-01
7.273083487975228190e-01 5.385204549417638153e-01
7.237892188227841306e-01 5.399457803121068267e-01
7.202778226493168345e-01 5.413743751606168164e-01
7.167742306274137443e-01 5.428062148888369576e-01
7.132785133222452334e-01 5.442412741212964145e-01
7.097907414790863845e-01 5.456795267043261788e-01
7.063109859887648501e-01 5.471209457052208514e-01
7.028393178533440810e-01 5.485655034117526974e-01
6.993758081520614622e-01 5.500131713320384197e-01
6.959205280075362321e-01 5.514639201947625358e-01
6.924735485522649503e-01 5.529177199497611328e-01
6.890349408954203891e-01 5.543745397689663346e-01
6.856047760899709465e-01 5.558343480477150322e-01
6.821831251001354568e-01 5.572971124064231008e-01
6.787700587691892773e-01 5.587627996926266549e-01
6.753656477876380793e-01 5.602313759833913442e-01
6.719699626617727795e-01 5.617028065880907972e-01
6.685830736826212650e-01 5.631770560515553248e-01
6.652050508953114560e-01 5.646540881575894399e-01
6.618359640688588064e-01 5.661338659328600809e-01
6.584758826663922315e-01 5.676163516511536500e-01
6.551248758158322305e-01 5.691015068380029795e-01
6.517830122810326365e-01 5.705892922756803376e-01
6.484503604333996529e-01 5.720796680085585839e-01
6.451269882239994979e-01 5.735725933488355910e-01
6.418129631561657611e-01 5.750680268826231512e-01
6.385083522586175730e-01 5.765659264763948189e-01
6.352132220591001355e-01 5.780662492837927990e-01
6.319276385585553824e-01 5.795689517527891077e-01
6.286516672058344302e-01 5.810739896331994503e-01
6.253853728729598105e-01 5.825813179845441558e-01
6.221288198309462558e-01 5.840908911842548346e-01
6.188820717261870330e-01 5.856026629362202085e-01
6.156451915574147060e-01 5.871165862796684509e-01
6.124182416532429896e-01 5.886326135983803720e-01
6.092012836502942452e-01 5.901506966302284551e-01
6.059943784719216131e-01 5.916707864770373027e-01
6.027975863075281104e-01 5.931928336147582748e-01
5.996109665924890253e-01 5.947167879039543248e-01
5.964345779886819354e-01 5.962425986005874812e-01
5.932684783656269056e-01 5.977702143671028701e-01
5.901127247822418598e-01 5.992995832838035053e-01
5.869673734692133493e-01 6.008306528605081853e-01
5.838324798119874925e-01 6.023633700484846143e-01
5.807080983343801961e-01 6.038976812526523075e-01
5.775942826828094345e-01 6.054335323440465100e-01
5.744910856111499209e-01 6.069708686725350244e-01
5.713985589662090581e-01 6.085096350797807307e-01
5.683167536738249481e-01 6.100497759124415831e-01
5.652457197255852384e-01 6.115912350355992011e-01
5.621855061661648056e-01 6.131339558464078410e-01
5.591361610812811689e-01 6.146778812879554188e-01
5.560977315862644099e-01 6.162229538633263726e-01
5.530702638152398265e-01 6.177691156498600344e-01
5.500538029109186544e-01 6.193163083135919678e-01
5.470483930149946383e-01 6.208644731238722736e-01
5.440540772591413443e-01 6.224135509681488765e-01
5.410708977566052180e-01 6.239634823669084618e-01
5.380988955943915020e-01 6.255142074887640735e-01
5.351381108260346853e-01 6.270656661656802688e-01
5.321885824649504881e-01 6.286177979083269474e-01
5.292503484783618317e-01 6.301705419215501980e-01
5.263234457817925760e-01 6.317238371199525027e-01
5.234079102341222534e-01 6.332776221435711950e-01
5.205037766331955806e-01 6.348318353736455144e-01
5.176110787119772016e-01 6.363864149484634858e-01
5.147298491352471084e-01 6.379412987792766332e-01
5.118601194968256385e-01 6.394964245662753122e-01
5.090019203173218321e-01 6.410517298146125587e-01
5.061552810423960436e-01 6.426071518504679059e-01
5.033202300415283714e-01 6.441626278371416214e-01
5.004967946072826912e-01 6.457180947911690394e-01
4.976850009550596865e-01 6.472734895984449954e-01
4.948848742233266651e-01 6.488287490303503713e-01
4.920964384743168329e-01 6.503838097598698686e-01
4.893197166951870902e-01 6.519386083776915752e-01
4.865547307996251902e-01 6.534930814082804407e-01
4.838015016298961579e-01 6.550471653259150040e-01
4.810600489593173101e-01 6.566007965706789351e-01
4.783303914951527736e-01 6.581539115643986193e-01
4.756125468819159541e-01 6.597064467265174592e-01
4.729065317050709649e-01 6.612583384898987893e-01
4.702123614951211894e-01 6.628095233165481881e-01
4.675300507320753196e-01 6.643599377132479722e-01
4.648596128502806013e-01 6.659095182470938790e-01
4.622010602436113502e-01 6.674582015609280550e-01
4.595544042710038579e-01 6.690059243886581353e-01
4.569196552623257523e-01 6.705526235704568627e-01
4.542968225245700431e-01 6.720982360678336986e-01
4.516859143483625827e-01 6.736426989785700981e-01
4.490869380147733403e-01 6.751859495515137866e-01
4.464998998024195531e-01 6.767279252012228241e-01
4.439248049948514852e-01 6.782685635224539045e-01
4.413616578882100794e-01 6.798078023044875628e-01
4.388104617991455680e-01 6.813455795452849628e-01
4.362712190729874373e-01 6.828818334654694899e-01
4.337439310921550328e-01 6.844165025221267129e-01
4.312285982847989807e-01 6.859495254224183824e-01
4.287252201336629320e-01 6.874808411370036954e-01
4.262337951851563056e-01 6.890103889132637160e-01
4.237543210586280362e-01 6.905381082883225163e-01
4.212867944558305044e-01 6.920639391018612585e-01
4.188312111705662089e-01 6.935878215087208920e-01
4.163875660985054683e-01 6.951096959912881346e-01
4.139558532471671048e-01 6.966295033716605190e-01
4.115360657460530036e-01 6.981471848235879518e-01
4.091281958569265020e-01 6.996626818841858997e-01
4.067322349842262263e-01 7.011759364654166493e-01
4.043481736856070485e-01 7.026868908653364221e-01
4.019760016825987825e-01 7.041954877791039014e-01
3.996157078713747368e-01 7.057016703097483967e-01
3.972672803336212421e-01 7.072053819786953133e-01
3.949307063475005486e-01 7.087065667360445964e-01
3.926059723986989325e-01 7.102051689706028181e-01
3.902930641915519638e-01 7.117011335196642419e-01
3.879919666602398842e-01 7.131944056785410879e-01
3.857026639800449352e-01 7.146849312098403351e-01
3.834251395786638650e-01 7.161726563524863920e-01
3.811593761475681741e-01 7.176575278304875294e-01
3.789053556534052736e-01 7.191394928614462945e-01
3.766630593494340595e-01 7.206184991648125759e-01
3.744324677869876328e-01 7.220944949698786530e-01
3.722135608269574458e-01 7.235674290235158956e-01
3.700063176512924379e-01 7.250372505976533377e-01
3.678107167745065520e-01 7.265039094964974575e-01
3.656267360551897494e-01 7.279673560634940532e-01
3.634543527075159153e-01 7.294275411880316584e-01
3.612935433127423823e-01 7.308844163118882742e-01
3.591442838306961316e-01 7.323379334354203074e-01
3.570065496112407311e-01 7.337880451234964907e-01
3.548803154057196263e-01 7.352347045111761181e-01
3.527655553783703990e-01 7.366778653091342610e-01
3.506622431177058297e-01 7.381174818088331868e-01
3.485703516478567687e-01 7.395535088874440888e-01
3.464898534398727081e-01 7.409859020125176832e-01
3.444207204229758901e-01 7.424146172464084481e-01
3.423629239957646786e-01 7.438396112504517266e-01
3.403164350373623637e-01 7.452608412888966916e-01
3.382812239185080672e-01 7.466782652325978376e-01
3.362572605125855874e-01 7.480918415624661089e-01
3.342445142065870178e-01 7.495015293726824401e-01
3.322429539120080877e-01 7.509072883736757076e-01
3.302525480756716703e-01 7.523090788948693097e-01
3.282732646904765184e-01 7.537068618871952674e-01
3.263050713060691721e-01 7.551005989253830597e-01
3.243479350394348204e-01 7.564902522100221960e-01
3.224018225854060060e-01 7.578757845694031881e-01
3.204667002270860099e-01 7.592571594611406960e-01
3.185425338461845279e-01 7.606343409735785155e-01
3.166292889332637528e-01 7.620072938269839558e-01
3.147269305978926957e-01 7.633759833745302759e-01
3.128354235787079163e-01 7.647403756030746180e-01
3.109547322533782188e-01 7.661004371337304386e-01
3.090848206484727578e-01 7.674561352222417643e-01
3.072256524492298357e-01 7.688074377591597175e-01
3.053771910092252795e-01 7.701543132698255301e-01
3.035393993599395657e-01 7.714967309141645968e-01
3.017122402202213616e-01 7.728346604862932345e-01
2.998956760056473159e-01 7.741680724139430314e-01
2.980896688377762116e-01 7.754969377577056733e-01
2.962941805532972039e-01 7.768212282101020216e-01
2.945091727130706993e-01 7.781409160944791070e-01
2.927346066110611544e-01 7.794559743637375915e-01
2.909704432831615728e-01 7.807663765988960280e-01
2.892166435159083115e-01 7.820720970074918066e-01
2.874731678550863090e-01 7.833731104218258912e-01
2.857399766142236786e-01 7.846693922970525703e-01
2.840170298829760021e-01 7.859609187091192162e-01
2.823042875353992121e-01 7.872476663525594942e-01
2.806017092381111744e-01 7.885296125381424659e-01
2.789092544583421374e-01 7.898067351903835798e-01
2.772268824718731040e-01 7.910790128449194381e-01
2.755545523708631261e-01 7.923464246457496696e-01
2.738922230715643558e-01 7.936089503423511271e-01
2.722398533219258510e-01 7.948665702866667404e-01
2.705974017090861383e-01 7.961192654299733551e-01
2.689648266667539755e-01 7.973670173196316657e-01
2.673420864824786469e-01 7.986098080957214629e-01
2.657291393048091255e-01 7.998476204875673012e-01
2.641259431503429345e-01 8.010804378101562540e-01
2.625324559106652633e-01 8.023082439604511951e-01
2.609486353591778385e-01 8.035310234136064933e-01
2.593744391578194919e-01 8.047487612190837858e-01
2.578098248636772061e-01 8.059614429966763804e-01
2.562547499354896896e-01 8.071690549324429531e-01
2.547091717400434274e-01 8.083715837745548694e-01
2.531730475584612616e-01 8.095690168290593514e-01
2.516463345923855566e-01 8.107613419555632639e-01
2.501289899700550601e-01 8.119485475628402948e-01
2.486209707522774315e-01 8.131306226043625296e-01
2.471222339382971867e-01 8.143075565737640797e-01
2.456327364715607253e-01 8.154793395002349898e-01
2.441524352453786073e-01 8.166459619438517503e-01
2.426812871084859657e-01 8.178074149908459711e-01
2.412192488705021953e-01 8.189636902488153236e-01
2.397662773072905540e-01 8.201147798418780832e-01
2.383223291662183718e-01 8.212606764057753805e-01
2.368873611713192828e-01 8.224013730829237145e-01
2.354613300283579791e-01 8.235368635174208363e-01
2.340441924297983201e-01 8.246671418500061135e-01
2.326359050596761568e-01 8.257922027129812603e-01
2.312364245983775934e-01 8.269120412250900998e-01
2.298457077273235449e-01 8.280266529863639091e-01
2.284637111335618143e-01 8.291360340729316825e-01
2.270903915142674090e-01 8.302401810317998621e-01
2.257257055811524304e-01 8.313390908756034259e-01
2.243696100647862013e-01 8.324327610773297748e-01
2.230220617188268251e-01 8.335211895650201930e-01
2.216830173241652602e-01 8.346043747164477722e-01
2.203524336929826577e-01 8.356823153537774607e-01
2.190302676727224340e-01 8.367550107382089042e-01
2.177164761499775780e-01 8.378224605646027445e-01
2.164110160542947747e-01 8.388846649560967039e-01
2.151138443618959006e-01 8.399416244587082359e-01
2.138249180993183340e-01 8.409933400359299593e-01
2.125441943469747463e-01 8.420398130633187650e-01
2.112716302426338177e-01 8.430810453230784818e-01
2.100071829848226823e-01 8.441170389986412115e-01
2.087508098361519626e-01 8.451477966692465538e-01
2.075024681265649207e-01 8.461733213045229407e-01
2.062621152565114746e-01 8.471936162590689712e-01
2.050297087000479968e-01 8.482086852670419619e-01
2.038052060078640593e-01 8.492185324367502730e-01
2.025885648102374037e-01 8.502231622452536275e-01
2.013797428199178008e-01 8.512225795329728673e-01
2.001786978349407720e-01 8.522167894983100345e-01
1.989853877413727823e-01 8.532057976922801101e-01
1.977997705159881270e-01 8.541896100131570746e-01
1.966218042288791490e-01 8.551682327011344009e-01
1.954514470460002873e-01 8.561416723330015355e-01
1.942886572316476490e-01 8.571099358168383642e-01
1.931333931508742163e-01 8.580730303867285524e-01
1.919856132718422703e-01 8.590309635974927582e-01
1.908452761681140308e-01 8.599837433194432723e-01
1.897123405208810121e-01 8.609313777331606410e-01
1.885867651211335372e-01 8.618738753242948247e-01
1.874685088717711889e-01 8.628112448783893385e-01
1.863575307896549738e-01 8.637434954757330363e-01
1.852537900076025867e-01 8.646706364862373206e-01
1.841572457763269999e-01 8.655926775643402182e-01
1.830678574663202052e-01 8.665096286439416540e-01
1.819855845696821406e-01 8.674214999333647036e-01
1.809103867018963807e-01 8.683283019103505973e-01
1.798422236035530919e-01 8.692300453170817010e-01
1.787810551420201122e-01 8.701267411552390252e-01
1.777268413130635716e-01 8.710184006810905988e-01
1.766795422424182471e-01 8.719050354006138148e-01
1.756391181873088181e-01 8.727866570646523048e-01
1.746055295379228822e-01 8.736632776641072295e-01
1.735787368188367319e-01 8.745349094251633204e-01
1.725587006903942788e-01 8.754015648045521125e-01
1.715453819500403210e-01 8.762632564848508165e-01
1.705387415336089285e-01 8.771199973698186048e-01
1.695387405165676431e-01 8.779718005797703118e-01
1.685453401152181840e-01 8.788186794469884378e-01
1.675585016878548550e-01 8.796606475111737877e-01
1.665781867358809565e-01 8.804977185149348573e-01
1.656043569048842035e-01 8.813299063993164095e-01
1.646369739856720082e-01 8.821572252993686858e-01
1.636759999152670730e-01 8.829796895397555856e-01
1.627213967778642634e-01 8.837973136304044797e-01
1.617731268057495397e-01 8.846101122621955470e-01
1.608311523801812526e-01 8.854181003026936336e-01
1.598954360322352164e-01 8.862212927919198568e-01
1.589659404436135348e-01 8.870197049381663978e-01
1.580426284474182042e-01 8.878133521138512618e-01
1.571254630288904663e-01 8.886022498514171142e-01
1.562144073261158284e-01 8.893864138392705287e-01
1.553094246306961912e-01 8.901658599177644238e-01
1.544104783883892273e-01 8.909406040752226863e-01
1.535175321997158671e-01 8.917106624440078733e-01
1.526305498205365596e-01 8.924760512966308790e-01
1.517494951625966981e-01 8.932367870419036793e-01
1.508743322940421239e-01 8.939928862211354854e-01
1.500050254399051264e-01 8.947443655043706423e-01
1.491415389825615223e-01 8.954912416866711578e-01
1.482838374621595623e-01 8.962335316844399768e-01
1.474318855770210546e-01 8.969712525317892204e-01
1.465856481840154268e-01 8.977044213769508341e-01
1.457450902989073094e-01 8.984330554787289813e-01
1.449101770966777780e-01 8.991571722029976232e-01
1.440808739118205895e-01 8.998767890192383989e-01
1.432571462386131589e-01 9.005919234971233589e-01
1.424389597313632516e-01 9.013025933031392212e-01
1.416262802046317493e-01 9.020088161972549257e-01
1.408190736334321846e-01 9.027106100296309332e-01
1.400173061534071839e-01 9.034079927373716012e-01
1.392209440609827320e-01 9.041009823413199697e-01
1.384299538135005114e-01 9.047895969428938479e-01
1.376443020293287578e-01 9.054738547209646438e-01
1.368639554879521048e-01 9.061537739287777171e-01
1.360888811300413892e-01 9.068293728909149198e-01
1.353190460575028342e-01 9.075006700002976601e-01
1.345544175335080805e-01 9.081676837152321546e-01
1.337949629825050113e-01 9.088304325564956487e-01
1.330406499902097861e-01 9.094889351044634918e-01
1.322914463035807509e-01 9.101432099962766253e-01
1.315473198307742786e-01 9.107932759230501496e-01
1.308082386410834297e-01 9.114391516271219684e-01
1.300741709648595146e-01 9.120808558993412918e-01
1.293450851934168089e-01 9.127184075763974391e-01
1.286209498789213646e-01 9.133518255381873896e-01
1.279017337342636951e-01 9.139811287052242994e-01
1.271874056329161395e-01 9.146063360360827676e-01
1.264779346087750445e-01 9.152274665248849583e-01
1.257732898559882351e-01 9.158445391988249140e-01
1.250734407287679983e-01 9.164575731157297289e-01
1.243783567411903407e-01 9.170665873616610231e-01
1.236880075669800905e-01 9.176716010485520547e-01
1.230023630392830664e-01 9.182726333118838014e-01
1.223213931504250479e-01 9.188697033083975674e-01
1.216450680516580063e-01 9.194628302138441178e-01
1.209733580528942060e-01 9.200520332207706709e-01
1.203062336224278994e-01 9.206373315363425291e-01
1.196436653866456423e-01 9.212187443802023479e-01
1.189856241297249928e-01 9.217962909823634865e-01
1.183320807933220392e-01 9.223699905811404420e-01
1.176830064762482142e-01 9.229398624211128110e-01
1.170383724341364784e-01 9.235059257511250008e-01
1.163981500790972484e-01 9.240681998223203575e-01
1.157623109793643190e-01 9.246267038862088228e-01
1.151308268589311262e-01 9.251814571927688968e-01
1.145036695971774765e-01 9.257324789885832406e-01
1.138808112284871721e-01 9.262797885150069188e-01
1.132622239418565740e-01 9.268234050063690610e-01
1.126478800804946584e-01 9.273633476882067184e-01
1.120377521414145233e-01 9.278996357755311397e-01
1.114318127750167364e-01 9.284322884711259105e-01
1.108300347846647577e-01 9.289613249638766224e-01
1.102323911262525769e-01 9.294867644271318508e-01
1.096388549077649821e-01 9.300086260170948860e-01
1.090493993888304591e-01 9.305269288712463283e-01
1.084639979802670823e-01 9.310416921067967699e-01
1.078826242436216609e-01 9.315529348191695647e-01
1.073052518907021274e-01 9.320606760805131286e-01
1.067318547831036940e-01 9.325649349382423292e-01
1.061624069317285979e-01 9.330657304136092955e-01
1.055968824963001429e-01 9.335630815003025385e-01
1.050352557848705931e-01 9.340570071630747151e-01
1.044775012533237929e-01 9.345475263363974827e-01
1.039235935048721388e-01 9.350346579231458843e-01
1.033735072895483609e-01 9.355184207933074925e-01
1.028272175036923364e-01 9.359988337827209737e-01
1.022846991894329621e-01 9.364759156918400773e-01
1.017459275341652536e-01 9.369496852845243806e-01
1.012108778700231138e-01 9.374201612868556799e-01
1.006795256733475225e-01 9.378873623859809161e-01
1.001518465641506594e-01 9.383513072289798584e-01
9.962781630557593360e-02 9.388120144217579899e-01
9.910741080335411235e-02 9.392695025279647059e-01
9.859060610525581525e-02 9.397237900679353828e-01
9.807737840054026046e-02 9.401748955176577605e-01
9.756770401940081938e-02 9.406228373077626381e-01
9.706155943240703243e-02 9.410676338225374415e-01
9.655892124994364112e-02 9.415093033989635485e-01
9.605976622164659473e-02 9.419478643257767070e-01
9.556407123583611496e-02 9.423833348425491030e-01
9.507181331894708209e-02 9.428157331387950757e-01
9.458296963495686771e-02 9.432450773530983712e-01
9.409751748481050282e-02 9.436713855722603794e-01
9.361543430584375047e-02 9.440946758304710196e-01
9.313669767120368037e-02 9.445149661085001647e-01
9.266128528926738384e-02 9.449322743329101604e-01
9.218917500305842672e-02 9.453466183752884389e-01
9.172034478966167859e-02 9.457580160515013379e-01
9.125477275963622681e-02 9.461664851209669047e-01
9.079243715642659751e-02 9.465720432859479061e-01
9.033331635577260266e-02 9.469747081908649333e-01
8.987738886511746628e-02 9.473744974216270487e-01
8.942463332301489598e-02 9.477714285049830822e-01
8.897502849853471119e-02 9.481655189078903589e-01
8.852855329066738888e-02 9.485567860369024107e-01
8.808518672772756852e-02 9.489452472375741188e-01
8.764490796675658557e-02 9.493309197938856192e-01
8.720769629292413061e-02 9.497138209276827503e-01
8.677353111892911752e-02 9.500939677981353748e-01
8.634239198439995489e-02 9.504713775012127996e-01
8.591425855529408184e-02 9.508460670691751826e-01
8.548911062329708765e-02 9.512180534700828138e-01
8.506692810522130388e-02 9.515873536073200523e-01
8.464769104240416064e-02 9.519539843191363593e-01
8.423137960010615433e-02 9.523179623782028758e-01
8.381797406690862096e-02 9.526793044911842090e-01
8.340745485411146798e-02 9.530380272983262069e-01
8.299980249513075337e-02 9.533941473730569438e-01
8.259499764489633411e-02 9.537476812216052480e-01
8.219302107924957024e-02 9.540986452826316633e-01
8.179385369434118147e-02 9.544470559268741772e-01
8.139747650602936757e-02 9.547929294568083813e-01
8.100387064927813685e-02 9.551362821063215103e-01
8.061301737755605101e-02 9.554771300403998024e-01
8.022489806223533082e-02 9.558154893548289621e-01
7.983949419199140585e-02 9.561513760759090541e-01
7.945678737220310262e-02 9.564848061601808338e-01
7.907675932435327681e-02 9.568157954941657328e-01
7.869939188543015329e-02 9.571443598941182795e-01
7.832466700732938769e-02 9.574705151057905095e-01
7.795256675625673870e-02 9.577942768042084776e-01
7.758307331213173952e-02 9.581156605934616488e-01
7.721616896799207708e-02 9.584346820065019479e-01
7.685183612939883169e-02 9.587513565049570197e-01
7.649005731384281304e-02 9.590656994789520384e-01
7.613081515015172884e-02 9.593777262469445066e-01
7.577409237789849150e-02 9.596874520555692678e-01
7.541987184681056555e-02 9.599948920794942886e-01
7.506813651618043925e-02 9.603000614212865438e-01
7.471886945427724802e-02 9.606029751112892257e-01
7.437205383775960521e-02 9.609036481075078351e-01
7.402767295108972356e-02 9.612020952955074860e-01
7.368571018594874400e-02 9.614983314883189802e-01
7.334614904065339669e-02 9.617923714263546531e-01
7.300897311957410540e-02 9.620842297773343210e-01
7.267416613255435476e-02 9.623739211362195567e-01
7.234171189433158400e-02 9.626614600251575116e-01
7.201159432395946858e-02 9.629468608934336205e-01
7.168379744423172828e-02 9.632301381174330768e-01
7.135830538110746191e-02 9.635113060006100794e-01
7.103510236313803627e-02 9.637903787734670713e-01
7.071417272089551564e-02 9.640673705935403071e-01
7.039550088640275649e-02 9.643422955453953005e-01
7.007907139256509821e-02 9.646151676406284903e-01
6.976486887260374692e-02 9.648860008178783421e-01
6.945287805949083848e-02 9.651548089428422239e-01
6.914308378538623623e-02 9.654216058083021634e-01
6.883547098107606343e-02 9.656864051341575994e-01
6.853002467541294274e-02 9.659492205674650167e-01
6.822672999475815070e-02 9.662100656824841316e-01
6.792557216242547935e-02 9.664689539807320706e-01
6.762653649812692958e-02 9.667258988910435447e-01
6.732960841742036129e-02 9.669809137696372403e-01
6.703477343115886444e-02 9.672340119001898717e-01
6.674201714494218396e-02 9.674852064939154506e-01
6.645132525856993488e-02 9.677345106896504401e-01
6.616268356549677432e-02 9.679819375539463477e-01
6.587607795228958563e-02 9.682275000811672028e-01
6.559149439808653614e-02 9.684712111935930290e-01
6.530891897405818880e-02 9.687130837415285356e-01
6.502833784287052887e-02 9.689531305034185804e-01
6.474973725815014181e-02 9.691913641859671857e-01
6.447310356395122288e-02 9.694277974242637708e-01
6.419842319422477961e-02 9.696624427819129366e-01
6.392568267228986023e-02 9.698953127511703576e-01
6.365486861030675292e-02 9.701264197530831135e-01
6.338596770875240538e-02 9.703557761376347957e-01
6.311896675589782901e-02 9.705833941838954981e-01
6.285385262728758471e-02 9.708092861001764717e-01
6.259061228522153075e-02 9.710334640241888859e-01
6.232923277823849278e-02 9.712559400232072537e-01
6.206970124060222360e-02 9.714767260942370752e-01
6.181200489178941687e-02 9.716958341641865893e-01
6.155613103597987884e-02 9.719132760900422996e-01
6.130206706154889273e-02 9.721290636590493861e-01
6.104980044056169952e-02 9.723432085888946697e-01
6.079931872827019912e-02 9.725557225278942397e-01
6.055060956261179572e-02 9.727666170551846347e-01
6.030366066371042888e-02 9.729759036809170203e-01
6.005845983337982502e-02 9.731835938464555857e-01
5.981499495462890004e-02 9.733896989245788278e-01
5.957325399116940312e-02 9.735942302196841647e-01
5.933322498692577412e-02 9.737971989679958806e-01
5.909489606554716584e-02 9.739986163377764017e-01
5.885825542992170756e-02 9.741984934295396803e-01
5.862329136169303068e-02 9.743968412762690212e-01
5.838999222077893847e-02 9.745936708436357954e-01
5.815834644489235872e-02 9.747889930302228167e-01
5.792834254906450292e-02 9.749828186677497177e-01
5.769996912517027371e-02 9.751751585212997675e-01
5.747321484145589271e-02 9.753660232895513538e-01
5.724806844206876272e-02 9.755554236050102412e-01
5.702451874658959891e-02 9.757433700342449390e-01
5.680255464956674577e-02 9.759298730781240661e-01
5.658216512005276311e-02 9.761149431720561598e-01
5.636333920114330182e-02 9.762985906862317043e-01
5.614606600951810300e-02 9.764808259258667134e-01
5.593033473498434244e-02 9.766616591314489781e-01
5.571613464002220240e-02 9.768411004789859797e-01
5.550345505933260842e-02 9.770191600802546894e-01
5.529228539938733922e-02 9.771958479830525901e-01
5.508261513798123205e-02 9.773711741714520285e-01
5.487443382378671963e-02 9.775451485660545670e-01
5.466773107591060138e-02 9.777177810242475564e-01
5.446249658345298644e-02 9.778890813404628179e-01
5.425872010506854748e-02 9.780590592464356581e-01
5.405639146852998095e-02 9.782277244114666592e-01
5.385550057029363930e-02 9.783950864426836924e-01
5.365603737506750154e-02 9.785611548853057062e-01
5.345799191538126022e-02 9.787259392229085142e-01
5.326135429115873288e-02 9.788894488776902492e-01
5.306611466929237603e-02 9.790516932107388159e-01
5.287226328322014446e-02 9.792126815223011205e-01
5.267979043250443916e-02 9.793724230520518548e-01
5.248868648241337975e-02 9.795309269793643914e-01
5.229894186350417945e-02 9.796882024235828990e-01
5.211054707120880980e-02 9.798442584442933478e-01
5.192349266542180264e-02 9.799991040415977350e-01
5.173776927009028637e-02 9.801527481563881983e-01
5.155336757280616633e-02 9.803051996706214632e-01
5.137027832440053954e-02 9.804564674075941788e-01
5.118849233854026737e-02 9.806065601322194736e-01
5.100800049132672709e-02 9.807554865513034015e-01
5.082879372089671444e-02 9.809032553138224975e-01
5.065086302702555277e-02 9.810498750112013333e-01
5.047419947073233937e-02 9.811953541775909615e-01
5.029879417388734286e-02 9.813397012901482475e-01
5.012463831882153775e-02 9.814829247693140912e-01
4.995172314793836638e-02 9.816250329790936480e-01
4.978003996332749231e-02 9.817660342273359930e-01
4.960958012638085751e-02 9.819059367660143423e-01
4.944033505741072393e-02 9.820447487915062723e-01
4.927229623526992175e-02 9.821824784448747181e-01
4.910545519697416539e-02 9.823191338121481930e-01
4.893980353732653443e-02 9.824547229246021196e-01
4.877533290854398074e-02 9.825892537590402709e-01
4.861203501988602821e-02 9.827227342380747688e-01
4.844990163728546406e-02 9.828551722304085247e-01
4.828892458298117418e-02 9.829865755511153491e-01
4.812909573515306016e-02 9.831169519619220587e-01
4.797040702755900332e-02 9.832463091714883641e-01
4.781285044917386179e-02 9.833746548356893102e-01
4.765641804383063257e-02 9.835019965578947199e-01
4.750110190986350789e-02 9.836283418892514119e-01
4.734689419975313812e-02 9.837536983289624226e-01
4.719378711977380292e-02 9.838780733245684473e-01
4.704177292964267787e-02 9.840014742722272834e-01
4.689084394217109958e-02 9.841239085169940504e-01
4.674099252291787077e-02 9.842453833531009666e-01
4.659221108984452214e-02 9.843659060242364589e-01
4.644449211297262819e-02 9.844854837238239398e-01
4.629782811404308668e-02 9.846041235953008064e-01
4.615221166617738263e-02 9.847218327323967735e-01
4.600763539354086468e-02 9.848386181794113181e-01
4.586409197100792950e-02 9.849544869314915685e-01
4.572157412382919089e-02 9.850694459349088605e-01
4.558007462730066794e-02 9.851835020873358495e-01
4.543958630643482599e-02 9.852966622381218453e-01
4.530010203563360205e-02 9.854089331885687031e-01
4.516161473836336621e-02 9.855203216922062692e-01
4.502411738683178427e-02 9.856308344550660516e-01
4.488760300166663025e-02 9.857404781359554446e-01
4.475206465159645847e-02 9.858492593467312881e-01
4.461749545313322546e-02 9.859571846525719829e-01
4.448388857025675769e-02 9.860642605722501619e-01
4.435123721410114822e-02 9.861704935784041393e-01
4.421953464264298528e-02 9.862758900978079168e-01
4.408877416039148206e-02 9.863804565116423007e-01
4.395894911808045924e-02 9.864841991557634637e-01
4.383005291236214546e-02 9.865871243209723973e-01
4.370207898550289294e-02 9.866892382532822525e-01
4.357502082508063479e-02 9.867905471541862372e-01
4.344887196368427129e-02 9.868910571809234034e-01
4.332362597861477704e-02 9.869907744467454336e-01
4.319927649158818855e-02 9.870897050211802082e-01
4.307581716844036818e-02 9.871878549302974815e-01
4.295324171883355829e-02 9.872852301569712274e-01
4.283154389596473266e-02 9.873818366411424297e-01
4.271071749627573799e-02 9.874776802800813158e-01
4.259075635916514252e-02 9.875727669286478161e-01
4.247165436670194416e-02 9.876671023995513554e-01
4.235340544334093710e-02 9.877606924636106456e-01
4.223600355563988940e-02 9.878535428500118121e-01
4.211944271197842760e-02 9.879456592465655218e-01
4.200371696227864909e-02 9.880370472999639997e-01
4.188882039772746230e-02 9.881277126160361579e-01
4.177474715050064763e-02 9.882176607600028362e-01
4.166149139348858388e-02 9.883068972567304877e-01
4.154904734002372313e-02 9.883954275909835330e-01
4.143740924360971717e-02 9.884832572076770463e-01
4.132657139765220922e-02 9.885703915121270002e-01
4.121652813519136038e-02 9.886568358703012871e-01
4.110727382863594431e-02 9.887425956090677426e-01
4.099880288949917656e-02 9.888276760164428358e-01
4.089110976813617460e-02 9.889120823418385831e-01
4.078418895348299295e-02 9.889958197963090170e-01
4.067803497279735836e-02 9.890788935527948800e-01
4.057264239140100787e-02 9.891613087463678733e-01
4.046800581242361583e-02 9.892430704744742398e-01
4.036411987654835165e-02 9.893241837971760155e-01
4.026097926175899872e-02 9.894046537373931693e-01
4.015857868308872480e-02 9.894844852811429670e-01
4.005691289237035824e-02 9.895636833777793351e-01
3.995597667798827385e-02 9.896422529402306711e-01
3.985576486463184714e-02 9.897201988452375421e-01
3.975627231305045584e-02 9.897975259335876075e-01
3.965749391981000099e-02 9.898742390103510980e-01
3.955942461705100333e-02 9.899503428451149611e-01
3.946205937224823296e-02 9.900258421722151203e-01
3.936539318797182413e-02 9.901007416909682890e-01
3.926942110164993727e-02 9.901750460659031194e-01
3.917413818533289904e-02 9.902487599269895746e-01
3.907953954545888980e-02 9.903218878698671901e-01
3.898562032262106042e-02 9.903944344560732249e-01
3.889237569133615485e-02 9.904664042132681478e-01
3.879980085981463156e-02 9.905378016354621229e-01
3.870789106973222815e-02 9.906086311832384972e-01
3.861664159600297630e-02 9.906788972839770668e-01
3.852604774655366687e-02 9.907486043320764546e-01
3.843610486209978611e-02 9.908177566891749333e-01
3.834680831592286732e-02 9.908863586843705828e-01
3.825815351364925121e-02 9.909544146144397825e-01
3.817013589303029641e-02 9.910219287440552582e-01
3.808275092372399168e-02 9.910889053060026876e-01
3.799599410707792807e-02 9.911553485013966380e-01
3.790986097591374920e-02 9.912212624998939514e-01
3.782434709431292674e-02 9.912866514399085727e-01
3.773944805740391678e-02 9.913515194288229360e-01
3.765515949115072480e-02 9.914158705431996843e-01
3.757147705214280986e-02 9.914797088289910576e-01
3.748839642738631406e-02 9.915430383017487248e-01
3.740591333409672148e-02 9.916058629468315067e-01
3.732402351949280772e-02 9.916681867196117661e-01
3.724272276059186620e-02 9.917300135456819099e-01
3.716200686400641245e-02 9.917913473210584474e-01
3.708187166574204024e-02 9.918521919123857167e-01
3.700231303099670022e-02 9.919125511571382781e-01
3.692332685396122749e-02 9.919724288638226417e-01
3.684490905762120155e-02 9.920318288121772188e-01
3.676705559356007597e-02 9.920907547533713844e-01
3.668976244176355012e-02 9.921492104102039855e-01
3.661302561042530795e-02 9.922071994773002945e-01
3.653684113575393633e-02 9.922647256213076306e-01
3.646120508178112701e-02 9.923217924810902035e-01
3.638611354017115551e-02 9.923784036679235143e-01
3.631156263003159496e-02 9.924345627656860902e-01
3.623754849772523046e-02 9.924902733310516645e-01
3.616406731668324326e-02 9.925455388936798018e-01
3.609111528721962309e-02 9.926003629564049691e-01
3.601868863634674622e-02 9.926547489954248293e-01
3.594678361759220953e-02 9.927087004604882026e-01
3.587539651081686487e-02 9.927622207750802508e-01
3.580452362203399852e-02 9.928153133366084404e-01
3.573416128322975949e-02 9.928679815165865064e-01
3.566430585218473281e-02 9.929202286608168615e-01
3.559495371229669247e-02 9.929720580895732285e-01
3.552610127240450610e-02 9.930234730977812729e-01
3.545774496661324715e-02 9.930744769551983486e-01
3.538988125412038943e-02 9.931250729065921323e-01
3.532250661904321604e-02 9.931752641719190366e-01
3.525561757024730375e-02 9.932250539464996253e-01
3.518921064117619402e-02 9.932744454011954716e-01
3.512328238968214639e-02 9.933234416825831303e-01
3.505782939785803687e-02 9.933720459131274438e-01
3.499284827187035957e-02 9.934202611913545145e-01
3.492833564179333855e-02 9.934680905920227900e-01
3.486428816144410137e-02 9.935155371662939272e-01
3.480070250821901828e-02 9.935626039419014344e-01
3.473757538293103381e-02 9.936092939233196475e-01
3.467490350964816392e-02 9.936556100919308188e-01
3.461268363553302030e-02 9.937015554061913170e-01
3.455091253068337531e-02 9.937471328017971617e-01
3.448958698797385120e-02 9.937923451918480033e-01
3.442870382289858755e-02 9.938371954670106589e-01
3.436825987341503297e-02 9.938816864956812047e-01
3.430825199978872198e-02 9.939258211241461805e-01
3.424867708443907199e-02 9.939696021767429057e-01
3.418953203178625583e-02 9.940130324560185748e-01
3.413081376809908724e-02 9.940561147428887967e-01
3.407251924134388488e-02 9.940988517967945803e-01
3.401464542103435629e-02 9.941412463558586543e-01
3.395718929808251574e-02 9.941833011370408979e-01
3.390014788465055273e-02 9.942250188362922181e-01
3.384351821400372051e-02 9.942664021287086484e-01
3.378729734036420296e-02 9.943074536686830056e-01
3.373148233876594598e-02 9.943481760900562128e-01
3.367607030491046038e-02 9.943885720062686229e-01
3.362105835502362389e-02 9.944286440105082336e-01
3.356644362571337137e-02 9.944683946758601234e-01
3.351222327382843286e-02 9.945078265554536667e-01
3.345839447631791808e-02 9.945469421826091949e-01
3.340495443009193488e-02 9.945857440709833241e-01
3.335190035188306118e-02 9.946242347147141727e-01
3.329922947810881606e-02 9.946624165885648017e-01
3.324693906473500521e-02 9.947002921480663229e-01
3.319502638714001003e-02 9.947378638296593412e-01
3.314348873997997880e-02 9.947751340508352857e-01
3.309232343705491297e-02 9.948121052102765205e-01
3.304152781117571103e-02 9.948487796879952327e-01
3.299109921403198947e-02 9.948851598454719891e-01
3.294103501606095857e-02 9.949212480257925151e-01
3.289133260631699890e-02 9.949570465537848074e-01
3.284198939234229259e-02 9.949925577361540263e-01
3.279300280003818319e-02 9.950277838616174986e-01
3.274437027353746532e-02 9.950627272010382773e-01
3.269608927507759027e-02 9.950973900075579248e-01
3.264815728487458629e-02 9.951317745167288509e-01
3.260057180099797808e-02 9.951658829466446532e-01
3.255333033924645569e-02 9.951997174980710126e-01
3.250643043302443164e-02 9.952332803545747009e-01
3.245986963321938895e-02 9.952665736826520337e-01
3.241364550808012446e-02 9.952995996318563243e-01
3.236775564309574138e-02 9.953323603349252258e-01
3.232219764087550240e-02 9.953648579079056313e-01
3.227696912102951537e-02 9.953970944502797957e-01
3.223206772005016152e-02 9.954290720450885699e-01
3.218749109119440482e-02 9.954607927590551908e-01
3.214323690436683006e-02 9.954922586427075171e-01
3.209930284600354122e-02 9.955234717305005976e-01
3.205568661895675381e-02 9.955544340409361315e-01
3.201238594238031004e-02 9.955851475766833714e-01
3.196939855161579774e-02 9.956156143246981394e-01
3.192672219807959899e-02 9.956458362563411768e-01
3.188435464915063272e-02 9.956758153274954948e-01
3.184229368805883281e-02 9.957055534786836137e-01
3.180053711377445885e-02 9.957350526351831377e-01
3.175908274089810079e-02 9.957643147071419953e-01
3.171792839955145382e-02 9.957933415896927931e-01
3.167707193526884263e-02 9.958221351630661689e-01
3.163651120888946039e-02 9.958506972927043677e-01
3.159624409645038490e-02 9.958790298293722643e-01
3.155626848908025389e-02 9.959071346092690513e-01
3.151658229289374530e-02 9.959350134541385957e-01
3.147718342888672360e-02 9.959626681713792395e-01
3.143806983283210787e-02 9.959901005541524910e-01
3.139923945517647530e-02 9.960173123814916041e-01
3.136069026093732393e-02 9.960443054184086042e-01
3.132242022960110561e-02 9.960710814160007587e-01
3.128442735502187655e-02 9.960976421115568247e-01
3.124670964532071452e-02 9.961239892286624098e-01
3.120926512278575718e-02 9.961501244773036667e-01
3.117209182377295856e-02 9.961760495539717652e-01
3.113518779860754288e-02 9.962017661417652548e-01
3.109855111148608284e-02 9.962272759104924269e-01
3.106217984037927538e-02 9.962525805167729009e-01
3.102607207693540078e-02 9.962776816041386541e-01
3.099022592638439946e-02 9.963025808031334973e-01
3.095463950744264253e-02 9.963272797314127738e-01
3.091931095221833389e-02 9.963517799938420572e-01
3.088423840611757148e-02 9.963760831825950737e-01
3.084942002775103997e-02 9.964001908772509575e-01
3.081485398884136612e-02 9.964241046448902850e-01
3.078053847413107780e-02 9.964478260401918863e-01
3.074647168129122227e-02 9.964713566055273253e-01
3.071265182083060194e-02 9.964946978710557124e-01
3.067907711600560694e-02 9.965178513548172967e-01
3.064574580273072071e-02 9.965408185628268356e-01
3.061265612948959464e-02 9.965636009891658542e-01
3.057980635724675059e-02 9.965862001160745720e-01
3.054719475935989068e-02 9.966086174140434961e-01
3.051481962149280719e-02 9.966308543419027943e-01
3.048267924152888927e-02 9.966529123469132223e-01
3.045077192948521944e-02 9.966747928648550525e-01
3.041909600742729453e-02 9.966964973201162259e-01
3.038764980938427063e-02 9.967180271257807256e-01
3.035643168126484631e-02 9.967393836837153964e-01
3.032543998077371142e-02 9.967605683846569864e-01
3.029467307732854747e-02 9.967815826082981889e-01
3.026412935197764220e-02 9.968024277233725750e-01
3.023380719731802446e-02 9.968231050877398580e-01
3.020370501741419245e-02 9.968436160484694941e-01
3.017382122771739353e-02 9.968639619419247255e-01
3.014415425498548351e-02 9.968841440938455145e-01
3.011470253720328200e-02 9.969041638194303667e-01
3.008546452350354186e-02 9.969240224234182657e-01
3.005643867408841485e-02 9.969437212001701631e-01
3.002762346015150005e-02 9.969632614337490262e-01
2.999901736380038153e-02 9.969826443979998842e-01
2.997061887797975582e-02 9.970018713566293211e-01
2.994242650639505204e-02 9.970209435632839678e-01
2.991443876343657243e-02 9.970398622616291062e-01
2.988665417410421229e-02 9.970586286854258296e-01
2.985907127393263097e-02 9.970772440586084251e-01
2.983168860891698831e-02 9.970957095953607574e-01
2.980450473543917733e-02 9.971140265001917635e-01
2.977751822019456332e-02 9.971321959680115032e-01
2.975072764011923304e-02 9.971502191842052110e-01
2.972413158231774696e-02 9.971680973247083468e-01
2.969772864399140844e-02 9.971858315560794273e-01
2.967151743236700126e-02 9.972034230355738549e-01
2.964549656462602684e-02 9.972208729112160830e-01
2.961966466783445828e-02 9.972381823218718910e-01
2.959402037887294210e-02 9.972553523973195500e-01
2.956856234436751329e-02 9.972723842583213205e-01
2.954328922062077548e-02 9.972892790166936194e-01
2.951819967354356311e-02 9.973060377753771855e-01
2.949329237858706876e-02 9.973226616285059132e-01
2.946856602067546294e-02 9.973391516614764640e-01
2.944401929413895808e-02 9.973555089510162119e-01
2.941965090264734434e-02 9.973717345652510780e-01
2.939545955914399031e-02 9.973878295637733649e-01
2.937144398578030516e-02 9.974037949977081485e-01
2.934760291385063793e-02 9.974196319097795582e-01
2.932393508372765564e-02 9.974353413343771679e-01
2.930043924479813072e-02 9.974509242976208334e-01
2.927711415539923159e-02 9.974663818174258623e-01
2.925395858275519484e-02 9.974817149035674069e-01
2.923097130291448659e-02 9.974969245577440802e-01
2.920815110068737327e-02 9.975120117736415715e-01
2.918549676958391917e-02 9.975269775369959291e-01
2.916300711175245572e-02 9.975418228256551778e-01
2.914068093791842215e-02 9.975565486096422685e-01
2.911851706732368483e-02 9.975711558512161403e-01
2.909651432766624871e-02 9.975856455049325611e-01
2.907467155504038156e-02 9.976000185177053003e-01
2.905298759387719629e-02 9.976142758288656376e-01
2.903146129688558702e-02 9.976284183702227581e-01
2.901009152499362670e-02 9.976424470661223731e-01
2.898887714729034976e-02 9.976563628335057832e-01
2.896781704096794419e-02 9.976701665819683873e-01
2.894691009126434955e-02 9.976838592138173034e-01
2.892615519140624702e-02 9.976974416241287669e-01
2.890555124255246924e-02 9.977109147008055290e-01
2.888509715373775363e-02 9.977242793246333674e-01
2.886479184181695024e-02 9.977375363693368193e-01
2.884463423140957994e-02 9.977506867016353587e-01
2.882462325484479171e-02 9.977637311812987964e-01
2.880475785210669104e-02 9.977766706612016812e-01
2.878503697078008128e-02 9.977895059873781447e-01
2.876545956599654494e-02 9.978022379990758584e-01
2.874602460038092402e-02 9.978148675288098790e-01
2.872673104399815769e-02 9.978273954024153847e-01
2.870757787430053276e-02 9.978398224391009652e-01
2.868856407607523612e-02 9.978521494515009138e-01
2.866968864139233034e-02 9.978643772457270744e-01
2.865095056955306585e-02 9.978765066214209112e-01
2.863234886703855744e-02 9.978885383718040236e-01
2.861388254745883195e-02 9.979004732837297720e-01
2.859555063150220205e-02 9.979123121377332373e-01
2.857735214688503569e-02 9.979240557080815144e-01
2.855928612830184801e-02 9.979357047628231170e-01
2.854135161737574033e-02 9.979472600638374935e-01
2.852354766260919647e-02 9.979587223668839879e-01
2.850587331933523982e-02 9.979700924216502456e-01
