6.780176135477709032e-01 5.726958879994443752e-01
6.730146007937676256e-01 5.685107761896337486e-01
6.680657626508994529e-01 5.643734188865515700e-01
6.631708221584703411e-01 5.602835986949383784e-01
6.583295040660493980e-01 5.562411002305042151e-01
6.535415346605392140e-01 5.522457099733781849e-01
6.488066415904871764e-01 5.482972161188662819e-01
6.441245536878376088e-01 5.443954084256701353e-01
6.394950007873445585e-01 5.405400780617291012e-01
6.349177135438773822e-01 5.367310174478706619e-01
6.303924232478737011e-01 5.329680200994644235e-01
6.259188616392107329e-01 5.292508804662930944e-01
6.214967607197839916e-01 5.255793937708711505e-01
6.171258525650994420e-01 5.219533558454522160e-01
6.128058691352038512e-01 5.183725629679879487e-01
6.085365420852920648e-01 5.148368116973102149e-01
6.043176025763467019e-01 5.113458987078269846e-01
6.001487810861814154e-01 5.078996206240317113e-01
5.960298072212715237e-01 5.044977738551446045e-01
5.919604095297684720e-01 5.011401544302099831e-01
5.879403153161075757e-01 4.978265578339902686e-01
5.839692504576267096e-01 4.945567788440049517e-01
5.800469392236248245e-01 4.913306113690717458e-01
5.761731040972924989e-01 4.881478482897167459e-01
5.723474656009575057e-01 4.850082813008250171e-01
5.685697421250871519e-01 4.819117007569095334e-01
5.648396497614935896e-01 4.788578955203790510e-01
5.611569021411879632e-01 4.758466528131883866e-01
5.575212102773268175e-01 4.728777580722541285e-01
5.539322824136891921e-01 4.699509948090183631e-01
5.503898238791182784e-01 4.670661444735387802e-01
5.468935369483517439e-01 4.642229863234799137e-01
5.434431207096541705e-01 4.614212972983726679e-01
5.400382709396528425e-01 4.586608518995008987e-01
5.366786799857627965e-01 4.559414220757634917e-01
5.333640366565699509e-01 4.532627771158486696e-01
5.300940261205223658e-01 4.506246835470423262e-01
5.268683298132573745e-01 4.480269050409765308e-01
5.236866253538708937e-01 4.454692023266081380e-01
5.205485864704091359e-01 4.429513331106966212e-01
5.174538829348367397e-01 4.404730520060298748e-01
5.144021805077065856e-01 4.380341104676265251e-01
5.113931408927280264e-01 4.356342567371163099e-01
5.084264217013987341e-01 4.332732357954787172e-01
5.055016764278331687e-01 4.309507893242924825e-01
5.026185544338872546e-01 4.286666556756216773e-01
4.997767009446478226e-01 4.264205698506373099e-01
4.969757570543170688e-01 4.242122634870447717e-01
4.942153597424913669e-01 4.220414648553582615e-01
4.914951419007970168e-01 4.199078988640352894e-01
4.888147323698116553e-01 4.178112870734534412e-01
4.861737559861650237e-01 4.157513477186845496e-01
4.835718336396806483e-01 4.137277957409905005e-01
4.810085823403840166e-01 4.117403428279365341e-01
4.784836152951735255e-01 4.097886974619913136e-01
4.759965419939161113e-01 4.078725649774535555e-01
4.735469683047028311e-01 4.059916476255192030e-01
4.711344965779674654e-01 4.041456446472776465e-01
4.687587257591472323e-01 4.023342523544010119e-01
4.664192515095373914e-01 4.005571642172667257e-01
4.641156663349674805e-01 3.988140709602323031e-01
4.618475597219083850e-01 3.971046606637606557e-01
4.596145182805951301e-01 3.954286188730749552e-01
4.574161258947374575e-01 3.937856287130063193e-01
4.552519638773709909e-01 3.921753710086805511e-01
4.531216111323908002e-01 3.905975244116768330e-01
4.510246443212984624e-01 3.890517655312811240e-01
4.489606380346827241e-01 3.875377690704445155e-01
4.469291649679503209e-01 3.860552079660506952e-01
4.449297961008172875e-01 3.846037535330892876e-01
4.429621008800691540e-01 3.831830756123281168e-01
4.410256474051004738e-01 3.817928427210745546e-01
4.391200026157429659e-01 3.804327222066152259e-01
4.372447324818989345e-01 3.791023804019247878e-01
4.353994021945005177e-01 3.778014827832362754e-01
4.335835763573244184e-01 3.765296941290712240e-01
4.317968191792005417e-01 3.752866786803312760e-01
4.300386946661645116e-01 3.740721003010628043e-01
4.283087668131169701e-01 3.728856226395128592e-01
4.266065997945658328e-01 3.717269092891042903e-01
4.249317581540438260e-01 3.705956239489718862e-01
4.232838069918088975e-01 3.694914305837087021e-01
4.216623121504533001e-01 3.684139935819890077e-01
4.200668403980650778e-01 3.673629779137459472e-01
4.184969596086042798e-01 3.663380492855970449e-01
4.169522389391754902e-01 3.653388742942260126e-01
4.154322490038989679e-01 3.643651205774453561e-01
4.139365620441024518e-01 3.634164569626794350e-01
4.124647520945751711e-01 3.624925536126258896e-01
4.110163951456484721e-01 3.615930821678680629e-01
4.095910693008854020e-01 3.607177158862298061e-01
4.081883549301840164e-01 3.598661297786793778e-01
4.068078348181189408e-01 3.590380007416074659e-01
4.054490943073640330e-01 3.582330076853198486e-01
4.041117214370626431e-01 3.574508316586028078e-01
4.027953070760257881e-01 3.566911559692351186e-01
4.014994450506624291e-01 3.559536663003370904e-01
4.002237322675605835e-01 3.552380508224614597e-01
3.989677688306572656e-01 3.545440003013481944e-01
3.977311581529519580e-01 3.538712082012779314e-01
3.965135070627339164e-01 3.532193707839745289e-01
3.953144259043093744e-01 3.525881872030198205e-01
3.941335286332304788e-01 3.519773595937578659e-01
3.929704329060396129e-01 3.513865931586770963e-01
3.918247601645584721e-01 3.508155962482724100e-01
3.906961357147608060e-01 3.502640804373984285e-01
3.895841888002823383e-01 3.497317605971380639e-01
3.884885526706303160e-01 3.492183549622185357e-01
3.874088646441649075e-01 3.487235851940173048e-01
3.863447661659352717e-01 3.482471764392091051e-01
3.852959028604608926e-01 3.477888573841128594e-01
3.842619245795557137e-01 3.473483603048047041e-01
3.832424854453013174e-01 3.469254211130711196e-01
3.822372438882797319e-01 3.465197793982800478e-01
3.812458626811834894e-01 3.461311784652562062e-01
3.802680089679245645e-01 3.457593653682501378e-01
3.793033542883681442e-01 3.454040909410948657e-01
3.783515745988218493e-01 3.450651098236487413e-01
3.774123502884117465e-01 3.447421804846262372e-01
3.764853661914820404e-01 3.444350652409203795e-01
3.755703115961545047e-01 3.441435302735247337e-01
3.746668802491861516e-01 3.438673456401627471e-01
3.737747703572659730e-01 3.436062852847349691e-01
3.728936845848890846e-01 3.433601270436961728e-01
3.720233300489499406e-01 3.431286526494734535e-01
3.711634183101934492e-01 3.429116477310386601e-01
3.703136653616636575e-01 3.427089018117470132e-01
3.694737916142880052e-01 3.425202083045545409e-01
3.686435218797343705e-01 3.423453645047261351e-01
3.678225853506756904e-01 3.421841715801441364e-01
3.670107155785964359e-01 3.420364345593284727e-01
3.662076504492711160e-01 3.419019623172754874e-01
3.654131321560457613e-01 3.417805675592236470e-01
3.646269071710471765e-01 3.416720668024499918e-01
3.638487262144457501e-01 3.415762803562017447e-01
3.630783442218918355e-01 3.414930322998638856e-01
3.623155203102452759e-01 3.414221504594620038e-01
3.615600177417121475e-01 3.413634663825971804e-01
3.608116038865028519e-01 3.413168153119074955e-01
3.600700501841191392e-01 3.412820361571488048e-01
3.593351321033770862e-01 3.412589714659831075e-01
3.586066291012685592e-01 3.412474673935628200e-01
3.578843245807598050e-01 3.412473736709942251e-01
3.571680058476253139e-01 3.412585435727628624e-01
3.564574640664068816e-01 3.412808338831982979e-01
3.557524942155902425e-01 3.413141048620564333e-01
3.550528950420833718e-01 3.413582202092910745e-01
3.543584690150806682e-01 3.414130470290867025e-01
3.536690222793915650e-01 3.414784557932204478e-01
3.529843646083113406e-01 3.415543203038177711e-01
3.523043093561056271e-01 3.416405176555659118e-01
3.516286734101805034e-01 3.417369281974440010e-01
3.509572771430036764e-01 3.418434354940279030e-01
3.502899443638417543e-01 3.419599262864244094e-01
3.496265022703736736e-01 3.420862904528872428e-01
3.489667814002395119e-01 3.422224209691643315e-01
3.483106155825789196e-01 3.423682138686243159e-01
3.476578418896114631e-01 3.425235682022065298e-01
3.470083005883103922e-01 3.426883859982376435e-01
3.463618350922144651e-01 3.428625722221547156e-01
3.457182919134243471e-01 3.430460347361733442e-01
3.450775206148246066e-01 3.432386842589363329e-01
3.444393737625714436e-01 3.434404343251766800e-01
3.438037068788835082e-01 3.436512012454268628e-01
3.431703783951701725e-01 3.438709040658036176e-01
3.425392496055314484e-01 3.440994645278964148e-01
3.419101846206590856e-01 3.443368070287853300e-01
3.412830503221678247e-01 3.445828585812124034e-01
3.406577163173847844e-01 3.448375487739282486e-01
3.400340548946199637e-01 3.451008097322353918e-01
3.394119409789422837e-01 3.453725760787466625e-01
3.387912520884823753e-01 3.456527848943757864e-01
3.381718682912810969e-01 3.459413756795767236e-01
3.375536721627023784e-01 3.462382903158452985e-01
3.369365487434269335e-01 3.465434730274964403e-01
3.363203854980411633e-01 3.468568703437288070e-01
3.357050722742360716e-01 3.471784310609862811e-01
3.350905012626267943e-01 3.475081062056263881e-01
3.344765669572054012e-01 3.478458489969022960e-01
3.338631661164352948e-01 3.481916148102660591e-01
3.332501977249966996e-01 3.485453611409978225e-01
3.326375629561897362e-01 3.489070475681660954e-01
3.320251651350023536e-01 3.492766357189219240e-01
3.314129097018472803e-01 3.496540892331302941e-01
3.308007041769737144e-01 3.500393737283392093e-01
3.301884581255558060e-01 3.504324567650886069e-01
3.295760831234609833e-01 3.508333078125571713e-01
3.289634927237001794e-01 3.512418982145480428e-01
3.283506024235596232e-01 3.516582011558099796e-01
3.277373296324159191e-01 3.520821916286929754e-01
3.271235936402323019e-01 3.525138464001338345e-01
3.265093155867356822e-01 3.529531439789694858e-01
3.258944184312722592e-01 3.534000645835720933e-01
3.252788269233387042e-01 3.538545901098024138e-01
3.246624675737868615e-01 3.543167040992747374e-01
3.240452686266968585e-01 3.547863917079279172e-01
3.234271600319156281e-01 3.552636396748962699e-01
3.228080734182555145e-01 3.557484362916724652e-01
3.221879420673475769e-01 3.562407713715556867e-01
3.215667008881450406e-01 3.567406362193770719e-01
3.209442863920694000e-01 3.572480236014937138e-01
3.203206366687938456e-01 3.577629277160436216e-01
3.196956913626570196e-01 3.582853441634515357e-01
3.190693916496995519e-01 3.588152699171774374e-01
3.184416802153162696e-01 3.593527032946968180e-01
3.178125012325161980e-01 3.598976439287049911e-01
3.171818003407824160e-01 3.604500927385332343e-01
3.165495246255233264e-01 3.610100519017677700e-01
3.159156225981065713e-01 3.615775248260603703e-01
3.152800441764665451e-01 3.621525161211211485e-01
3.146427406662777870e-01 3.627350315708807171e-01
3.140036647426827088e-01 3.633250781058126599e-01
3.133627704325663288e-01 3.639226637754038318e-01
3.127200130973664671e-01 3.645277977207618259e-01
3.120753494164111852e-01 3.651404901473486730e-01
3.114287373707719242e-01 3.657607522978278958e-01
3.107801362276232382e-01 3.663885964250154781e-01
3.101295065250981309e-01 3.670240357649212637e-01
3.094768100576285041e-01 3.676670845098708451e-01
3.088220098617602827e-01 3.683177577816945658e-01
3.081650702024324451e-01 3.689760716049745870e-01
3.075059565597085820e-01 3.696420428803354752e-01
3.068446356159504895e-01 3.703156893577694286e-01
3.061810752434226957e-01 3.709970296099828202e-01
3.055152444923156518e-01 3.716860830057538423e-01
3.048471135791778752e-01 3.723828696832890417e-01
3.041766538757441629e-01 3.730874105235683635e-01
3.035038378981492757e-01 3.737997271236666585e-01
3.028286392965148788e-01 3.745198417700413840e-01
3.021510328448984706e-01 3.752477774117757292e-01
3.014709944315926426e-01 3.759835576337652863e-01
3.007885010497620693e-01 3.767272066298396060e-01
3.001035307884076242e-01 3.774787491758065938e-01
2.994160628236441357e-01 3.782382106024108070e-01
2.987260774102816208e-01 3.790056167681952748e-01
2.980335558736960655e-01 3.797809940322566247e-01
2.973384806019790938e-01 3.805643692268860789e-01
2.966408350383537007e-01 3.813557696300843847e-01
2.959406036738443935e-01 3.821552229379443499e-01
2.952377720401886951e-01 3.829627572368910493e-01
2.945323267029787973e-01 3.837784009757719828e-01
2.938242552550207609e-01 3.846021829377895274e-01
2.931135463098984983e-01 3.854341322122671887e-01
2.924001894957310999e-01 3.862742781662445446e-01
2.916841754491108496e-01 3.871226504158916670e-01
2.909654958092095511e-01 3.879792787977390245e-01
2.902441432120411169e-01 3.888441933397150385e-01
2.895201112848679870e-01 3.897174242319877968e-01
2.887933946407397201e-01 3.905990017976040951e-01
2.880639888731502674e-01 3.914889564629231433e-01
2.873318905508035481e-01 3.923873187278391628e-01
2.865970972124732841e-01 3.932941191357913202e-01
2.858596073619467104e-01 3.942093882435566132e-01
2.851194204630388418e-01 3.951331565908242083e-01
2.843765369346658578e-01 3.960654546695492328e-01
2.836309581459657281e-01 3.970063128930850227e-01
2.828826864114542539e-01 3.979557615650931579e-01
2.821317249862040355e-01 3.989138308482310102e-01
2.813780780610360410e-01 3.998805507326191333e-01
2.806217507577106751e-01 4.008559510040873852e-01
2.798627491241079679e-01 4.018400612122044468e-01
2.791010801293853372e-01 4.028329106380917901e-01
2.783367516591009339e-01 4.038345282620264265e-01
2.775697725102925784e-01 4.048449427308368764e-01
2.768001523865005753e-01 4.058641823250961900e-01
2.760279018927236927e-01 4.068922749261198457e-01
2.752530325302980363e-01 4.079292479827726914e-01
2.744755566916880496e-01 4.089751284780946405e-01
2.736954876551792593e-01 4.100299428957507319e-01
2.729128395794631623e-01 4.110937171863173756e-01
2.721276274981040411e-01 4.121664767334119461e-01
2.713398673138778250e-01 4.132482463196780476e-01
2.705495757929742839e-01 4.143390500926368847e-01
2.697567705590525611e-01 4.154389115304181201e-01
2.689614700871422182e-01 4.165478534073819294e-01
2.681636936973793572e-01 4.176658977596479083e-01
2.673634615485717125e-01 4.187930658505438219e-01
2.665607946315827759e-01 4.199293781359921818e-01
2.657557147625278504e-01 4.210748542298486385e-01
2.649482445757748716e-01 4.222295128692125088e-01
2.641384075167420575e-01 4.233933718797248114e-01
2.633262278344867258e-01 4.245664481408753521e-01
2.625117305740768958e-01 4.257487575513378975e-01
2.616949415687420677e-01 4.269403149943537534e-01
2.608758874317951837e-01 4.281411343031862327e-01
2.600545955483213323e-01 4.293512282266688795e-01
2.592310940666284758e-01 4.305706083948688256e-01
2.584054118894549834e-01 4.317992852848921981e-01
2.575775786649299182e-01 4.330372681868532858e-01
2.567476247772825793e-01 4.342845651700358856e-01
2.559155813372975818e-01 4.355411830492711411e-01
2.550814801725124759e-01 4.368071273515600761e-01
2.542453538171557392e-01 4.380824022829676867e-01
2.534072355018227585e-01 4.393670106958175170e-01
2.525671591428882423e-01 4.406609540562153593e-01
2.517251593316541247e-01 4.419642324119315013e-01
2.508812713232314029e-01 4.432768443606722175e-01
2.500355310251571317e-01 4.445987870187699253e-01
2.491879749857450199e-01 4.459300559903240924e-01
2.483386403821717658e-01 4.472706453368240354e-01
2.474875650082994372e-01 4.486205475472848092e-01
2.466347872622357551e-01 4.499797535089295475e-01
2.457803461336343365e-01 4.513482524784492855e-01
2.449242811907375306e-01 4.527260320538745164e-01
2.440666325671646542e-01 4.541130781470895106e-01
2.432074409484492883e-01 4.555093749570242045e-01
2.423467475583296338e-01 4.569149049435549670e-01
2.414845941447960886e-01 4.583296488021489368e-01
2.406210229659011823e-01 4.597535854392836852e-01
2.397560767753368349e-01 4.611866919486753980e-01
2.388897988077853529e-01 4.626289435883491064e-01
2.380222327640493796e-01 4.640803137585821081e-01
2.371534227959682661e-01 4.655407739807535528e-01
2.362834134911276640e-01 4.670102938771324985e-01
2.354122498573694156e-01 4.684888411516345275e-01
2.345399773071101257e-01 4.699763815715786164e-01
2.336666416414762693e-01 4.714728789504752937e-01
2.327922890342644380e-01 4.729782951318737272e-01
2.319169660157361368e-01 4.744925899742994391e-01
2.310407194562557609e-01 4.760157213373080731e-01
2.301635965497818848e-01 4.775476450686853003e-01
2.292856447972213829e-01 4.790883149928173990e-01
2.284069119896573463e-01 4.806376829002588225e-01
2.275274461914603696e-01 4.821956985385214001e-01
2.266472957232947005e-01 4.837623096041085424e-01
2.257665091450301864e-01 4.853374617358164334e-01
2.248851352385706215e-01 4.869210985093235800e-01
2.240032229906111505e-01 4.885131614330883165e-01
2.231208215753351654e-01 4.901135899455729139e-01
2.222379803370633511e-01 4.917223214138116139e-01
2.213547487728662611e-01 4.933392911333372988e-01
2.204711765151531611e-01 4.949644323294818959e-01
2.195873133142484945e-01 4.965976761600629508e-01
2.187032090209690138e-01 4.982389517194670825e-01
2.178189135692134570e-01 4.998881860441397595e-01
2.169344769585772881e-01 5.015453041194900541e-01
2.160499492370049068e-01 5.032102288882144281e-01
2.151653804834915418e-01 5.048828812600464344e-01
2.142808207908475648e-01 5.065631801229328879e-01
2.133963202485370247e-01 5.082510423556380053e-01
2.125119289256031940e-01 5.099463828417746258e-01
2.116276968536927872e-01 5.116491144852601813e-01
2.107436740101913397e-01 5.133591482271906425e-01
2.098599103014812117e-01 5.150763930641288901e-01
2.089764555463345108e-01 5.168007560677965184e-01
2.080933594594520653e-01 5.185321424061608564e-01
2.072106716351602429e-01 5.202704553659034392e-01
2.063284415312763576e-01 5.220155963762578288e-01
2.054467184531543755e-01 5.237674650341986871e-01
2.045655515379208589e-01 5.255259591309674461e-01
2.036849897389121922e-01 5.272909746799127051e-01
2.028050818103231401e-01 5.290624059456252581e-01
2.019258762920765893e-01 5.308401454743462144e-01
2.010474214949243554e-01 5.326240841256203451e-01
2.001697654857879372e-01 5.344141111051725623e-01
1.992929560733486261e-01 5.362101139989761123e-01
1.984170407938955216e-01 5.380119788084849475e-01
1.975420668974394722e-01 5.398195899869999703e-01
1.966680813341013245e-01 5.416328304771337310e-01
1.957951307407815589e-01 5.434515817493434930e-01
1.949232614281189158e-01 5.452757238414943641e-01
1.940525193677446192e-01 5.471051353994174082e-01
1.931829501798387472e-01 5.489396937184248815e-01
1.923145991209942451e-01 5.507792747857431781e-01
1.914475110723951601e-01 5.526237533238232968e-01
1.905817305283132312e-01 5.544730028344884154e-01
1.897173015849284716e-01 5.563268956438753854e-01
1.888542679294777371e-01 5.581853029481276263e-01
1.879926728297351135e-01 5.600480948597967856e-01
1.871325591238280905e-01 5.619151404549053153e-01
1.862739692103924927e-01 5.637863078206292178e-01
1.854169450390687202e-01 5.656614641035507818e-01
1.845615281013418818e-01 5.675404755584378957e-01
1.837077594217277343e-01 5.694232075975022012e-01
1.828556795493058718e-01 5.713095248400887893e-01
1.820053285496012196e-01 5.731992911627501464e-01
1.811567459968149163e-01 5.750923697496577169e-01
1.803099709664044425e-01 5.769886231433020152e-01
1.794650420280136660e-01 5.788879132954348750e-01
1.786219972387515509e-01 5.807901016182053233e-01
1.777808741368195888e-01 5.826950490354428913e-01
1.769417097354864798e-01 5.846026160340396238e-01
1.761045405174085365e-01 5.865126627153850469e-01
1.752694024292943686e-01 5.884250488468072415e-01
1.744363308769112941e-01 5.903396339129736159e-01
1.736053607204313953e-01 5.922562771672058579e-01
1.727765262701146110e-01 5.941748376826648803e-01
1.719498612823253114e-01 5.960951744033603505e-01
1.711253989558796096e-01 5.980171461949412848e-01
1.703031719287195211e-01 5.999406118952256284e-01
1.694832122749101999e-01 6.018654303644261905e-01
1.686655515019562790e-01 6.037914605350315211e-01
1.678502205484329324e-01 6.057185614613022073e-01
1.670372497819270219e-01 6.076465923683431747e-01
1.662266689972836109e-01 6.095754127007124712e-01
1.654185074151531820e-01 6.115048821705324489e-01
1.646127936808338965e-01 6.134348608050640417e-01
1.638095558634040660e-01 6.153652089937112768e-01
1.630088214551390080e-01 6.172957875344213807e-01
1.622106173712069277e-01 6.192264576794499487e-01
1.614149699496377210e-01 6.211570811804569825e-01
1.606219049515592856e-01 6.230875203329061529e-01
1.598314475616948171e-01 6.250176380197387527e-01
1.590436223891151801e-01 6.269472977542936976e-01
1.582584534682404398e-01 6.288763637224484837e-01
1.574759642600837006e-01 6.308047008239571207e-01
1.566961776537311724e-01 6.327321747129601714e-01
1.559191159680522465e-01 6.346586518376471364e-01
1.551448009536326722e-01 6.365839994790490897e-01
1.543732537949246142e-01 6.385080857889425809e-01
1.536044951126070979e-01 6.404307798268488172e-01
1.528385449661498197e-01 6.423519515961092496e-01
1.520754228565745214e-01 6.442714720790243543e-01
1.513151477294064351e-01 6.461892132710412850e-01
1.505577379778100244e-01 6.481050482139785185e-01
1.498032114459019737e-01 6.500188510282757237e-01
1.490515854322350953e-01 6.519304969442594189e-01
1.483028766934465781e-01 6.538398623324178649e-01
1.475571014480640819e-01 6.557468247326742050e-01
1.468142753804634326e-01 6.576512628826564066e-01
1.460744136449712571e-01 6.595530567449560122e-01
1.453375308701064517e-01 6.614520875333739225e-01
1.446036411629543217e-01 6.633482377381507700e-01
1.438727581136667044e-01 6.652413911501802168e-01
1.431448948000827448e-01 6.671314328842063990e-01
1.424200637924635804e-01 6.690182494010048497e-01
1.416982771583354950e-01 6.709017285285504562e-01
1.409795464674351850e-01 6.727817594821761116e-01
1.402638827967520319e-01 6.746582328837238407e-01
1.395512967356609957e-01 6.765310407796962799e-01
1.388417983911411357e-01 6.784000766584133979e-01
1.381353973930739831e-01 6.802652354661807843e-01
1.374321028996164096e-01 6.821264136224785002e-01
1.367319236026429130e-01 6.839835090341790380e-01
1.360348677332519352e-01 6.858364211088019413e-01
1.353409430673313818e-01 6.876850507668191836e-01
1.346501569311784885e-01 6.895293004530170800e-01
1.339625162071687026e-01 6.913690741469307177e-01
1.332780273394696124e-01 6.932042773723612328e-01
1.325966963397950116e-01 6.950348172059876983e-01
1.319185287931942674e-01 6.968606022850893922e-01
1.312435298638735259e-01 6.986815428143906548e-01
1.305717043010437006e-01 7.004975505720428819e-01
1.299030564447916092e-01 7.023085389147591950e-01
1.292375902319701508e-01 7.041144227821162227e-01
1.285753092021036659e-01 7.059151187000398675e-01
1.279162165033046750e-01 7.077105447834894925e-01
1.272603148981985843e-01 7.095006207383585117e-01
1.266076067698525265e-01 7.112852678626063740e-01
1.259580941277052557e-01 7.130644090466412566e-01
1.253117786134946288e-01 7.148379687729673471e-01
1.246686615071795068e-01 7.166058731151179195e-01
1.240287437328533166e-01 7.183680497358874151e-01
1.233920258646458157e-01 7.201244278848852876e-01
1.227585081326107580e-01 7.218749383954241594e-01
1.221281904285964476e-01 7.236195136807647144e-01
1.215010723120966002e-01 7.253580877297325369e-01
1.208771530160791668e-01 7.270905961017253283e-01
1.202564314527904965e-01 7.288169759211304832e-01
1.196389062195327285e-01 7.305371658711681260e-01
1.190245756044121389e-01 7.322511061871801452e-01
1.184134375920563725e-01 7.339587386493818810e-01
1.178054898692984936e-01 7.356600065750947826e-01
1.172007298308260365e-01 7.373548548104782441e-01
1.165991545847933214e-01 7.390432297217776059e-01
1.160007609583949550e-01 7.407250791861064165e-01
1.154055455033994038e-01 7.424003525817814975e-01
1.148135045016406702e-01 7.440690007782251314e-01
1.142246339704668656e-01 7.457309761254556912e-01
1.136389296681441369e-01 7.473862324431804760e-01
1.130563870992147835e-01 7.490347250095089615e-01
1.124770015198082868e-01 7.506764105493030081e-01
1.119007679429040586e-01 7.523112472221806790e-01
1.113276811435449376e-01 7.539391946101887676e-01
1.107577356640004618e-01 7.555602137051613543e-01
1.101909258188787932e-01 7.571742668957793798e-01
1.096272457001866568e-01 7.587813179543475561e-01
1.090666891823364321e-01 7.603813320233013817e-01
1.085092499270996352e-01 7.619742756014631357e-01
1.079549213885060976e-01 7.635601165300579529e-01
1.074036968176883683e-01 7.651388239785062995e-01
1.068555692676707025e-01 7.667103684300066169e-01
1.063105315981020815e-01 7.682747216669212342e-01
1.057685764799329020e-01 7.698318567559807590e-01
1.052296964000351137e-01 7.713817480333181598e-01
1.046938836657650418e-01 7.729243710893469732e-01
1.041611304094690743e-01 7.744597027534955158e-01
1.036314285929315765e-01 7.759877210788101998e-01
1.031047700117652954e-01 7.775084053264387229e-01
1.025811462997435058e-01 7.790217359500070105e-01
1.020605489330743965e-01 7.805276945798982347e-01
1.015429692346171281e-01 7.820262640074490124e-01
1.010283983780399103e-01 7.835174281690692188e-01
1.005168273919198052e-01 7.850011721303002954e-01
1.000082471637844944e-01 7.864774820698187119e-01
9.950264844409599518e-02 7.879463452633972409e-01
9.900002185017647838e-02 7.894077500678311488e-01
9.850035787007616062e-02 7.908616859048409609e-01
9.800364686638378398e-02 7.923081432449601280e-01
9.750987907997943349e-02 7.937471135914145881e-01
9.701904463373020593e-02 7.951785894640063246e-01
9.653113353612903513e-02 7.966025643830051406e-01
9.604613568487654907e-02 7.980190328530598620e-01
9.556404087040668016e-02 7.994279903471339654e-01
9.508483877935614004e-02 8.008294332904757340e-01
9.460851899797806386e-02 8.022233590446267160e-01
9.413507101550018519e-02 8.036097658914785891e-01
9.366448422742806867e-02 8.049886530173828714e-01
9.319674793879355323e-02 8.063600204973201402e-01
9.273185136734896084e-02 8.077238692791364194e-01
9.226978364670744559e-02 8.090802011678495109e-01
9.181053382942987173e-02 8.104290188100335968e-01
9.135409089005873395e-02 8.117703256782866639e-01
9.090044372809956419e-02 8.131041260557844153e-01
9.044958117095024119e-02 8.144304250209277729e-01
9.000149197677874413e-02 8.157492284320870812e-01
8.955616483734973876e-02 8.170605429124482288e-01
8.911358838080064848e-02 8.183643758349633535e-01
8.867375117436757104e-02 8.196607353074131241e-01
8.823664172706169317e-02 8.209496301575807120e-01
8.780224849229646689e-02 8.222310699185444438e-01
8.737055987046647709e-02 8.235050648140894713e-01
8.694156421147812563e-02 8.247716257442443410e-01
8.651524981723297814e-02 8.260307642709436848e-01
8.609160494406402353e-02 8.272824926038201410e-01
8.567061780512572056e-02 8.285268235861292796e-01
8.525227657273816428e-02 8.297637706808080882e-01
8.483656938068583064e-02 8.309933479566711245e-01
8.442348432647182876e-02 8.322155700747461138e-01
8.401300947352785542e-02 8.334304522747493227e-01
8.360513285338047607e-02 8.346380103617052626e-01
8.319984246777444026e-02 8.358382606927099445e-01
8.279712629075350327e-02 8.370312201638409055e-01
8.239697227069930907e-02 8.382169061972147839e-01
8.199936833232877864e-02 8.393953367281933309e-01
8.160430237865090586e-02 8.405665301927398581e-01
8.121176229288298853e-02 8.417305055149263415e-01
8.082173594032744657e-02 8.428872820945924049e-01
8.043421117020933819e-02 8.440368797951575131e-01
8.004917581747524047e-02 8.451793189315854882e-01
7.966661770455422953e-02 8.463146202585041245e-01
7.928652464308121040e-02 8.474428049584781242e-01
7.890888443558337351e-02 8.485638946304367991e-01
7.853368487713026369e-02 8.496779112782575361e-01
7.816091375694793342e-02 8.507848772995032505e-01
7.779055885999773545e-02 8.518848154743158263e-01
7.742260796852047655e-02 8.529777489544637659e-01
7.705704886354605709e-02 8.540637012525460481e-01
7.669386932636963750e-02 8.551426962313493085e-01
7.633305713999440079e-02 8.562147580933605617e-01
7.597460009054168850e-02 8.572799113704340224e-01
7.561848596862896787e-02 8.583381809136112484e-01
7.526470257071608827e-02 8.593895918830947167e-01
7.491323770042043750e-02 8.604341697383748322e-01
7.456407916980135886e-02 8.614719402285074823e-01
7.421721480061441167e-02 8.625029293825449139e-01
7.387263242553608611e-02 8.635271635001161572e-01
7.353031988935912477e-02 8.645446691421572183e-01
7.319026505015929773e-02 8.655554731217922626e-01
7.285245578043389458e-02 8.665596024953599041e-01
7.251687996821248872e-02 8.675570845535902631e-01
7.218352551814036233e-02 8.685479468129255753e-01
7.185238035253520283e-02 8.695322170069881285e-01
7.152343241241730654e-02 8.705099230781913056e-01
7.119666965851401130e-02 8.714810931694948470e-01
7.087208007223853856e-02 8.724457556163008887e-01
7.054965165664386917e-02 8.734039389384924412e-01
7.022937243735206947e-02 8.743556718326109811e-01
6.991123046345938674e-02 8.753009831641722638e-01
6.959521380841765525e-02 8.762399019601204708e-01
6.928131057089234601e-02 8.771724574014172493e-01
6.896950887559780141e-02 8.780986788157667533e-01
6.865979687410990462e-02 8.790185956704735792e-01
6.835216274565671102e-02 8.799322375654325956e-01
6.804659469788738868e-02 8.808396342262504453e-01
6.774308096761985643e-02 8.817408154974958334e-01
6.744160982156754969e-02 8.826358113360784907e-01
6.714216955704561951e-02 8.835246518047542574e-01
6.684474850265702262e-02 8.844073670657565112e-01
6.654933501895889114e-02 8.852839873745499411e-01
6.625591749910940409e-02 8.861545430737086670e-01
6.596448436949568783e-02 8.870190645869143742e-01
6.567502409034303712e-02 8.878775824130737959e-01
6.538752515630574802e-02 8.887301271205554354e-01
6.510197609704004851e-02 8.895767293415429711e-01
6.481836547775933488e-02 8.904174197665024604e-01
6.453668189977211644e-02 8.912522291387655615e-01
6.425691400100297379e-02 8.920811882492236666e-01
6.397905045649693312e-02 8.929043279311339454e-01
6.370307997890740925e-02 8.937216790550339685e-01
6.342899131896824472e-02 8.945332725237652438e-01
6.315677326594995589e-02 8.953391392676031124e-01
6.288641464810071358e-02 8.961393102394914489e-01
6.261790433307207193e-02 8.969338164103813904e-01
6.235123122833010484e-02 8.977226887646725384e-01
6.208638428155183187e-02 8.985059582957545254e-01
6.182335248100760683e-02 8.992836560016483904e-01
6.156212485592951755e-02 9.000558128807455427e-01
6.130269047686609518e-02 9.008224599276436484e-01
6.104503845602372858e-02 9.015836281290773302e-01
6.078915794759492952e-02 9.023393484599427916e-01
6.053503814807378869e-02 9.030896518794149230e-01
6.028266829655883757e-02 9.038345693271547798e-01
6.003203767504357302e-02 9.045741317196067666e-01
5.978313560869498444e-02 9.053083699463848610e-01
5.953595146612016692e-02 9.060373148667443255e-01
5.929047465962150598e-02 9.067609973061395712e-01
5.904669464544035073e-02 9.074794480528666218e-01
5.880460092398972355e-02 9.081926978547867346e-01
5.856418304007614262e-02 9.089007774161333986e-01
5.832543058311077250e-02 9.096037173943978260e-01
5.808833318731020101e-02 9.103015483972946020e-01
5.785288053188698820e-02 9.109943009798037172e-01
5.761906234123031351e-02 9.116820056412897610e-01
5.738686838507676274e-02 9.123646928226955000e-01
5.715628847867169210e-02 9.130423929038093966e-01
5.692731248292110663e-02 9.137151362006057376e-01
5.669993030453450433e-02 9.143829529626557040e-01
5.647413189615876211e-02 9.150458733706087200e-01
5.624990725650320239e-02 9.157039275337428563e-01
5.602724643045618041e-02 9.163571454875821809e-01
5.580613950919332406e-02 9.170055571915812775e-01
5.558657663027746082e-02 9.176491925268746019e-01
5.536854797775070391e-02 9.182880812940905635e-01
5.515204378221859327e-02 9.189222532112272246e-01
5.493705432092669400e-02 9.195517379115919487e-01
5.472356991782961061e-02 9.201765649417998905e-01
5.451158094365279871e-02 9.207967637598334365e-01
5.430107781594714633e-02 9.214123637331593786e-01
5.409205099913667880e-02 9.220233941369044839e-01
5.388449100455933866e-02 9.226298841520862437e-01
5.367838839050120825e-02 9.232318628639002434e-01
5.347373376222415431e-02 9.238293592600613779e-01
5.327051777198715116e-02 9.244224022291983589e-01
5.306873111906140750e-02 9.250110205593005119e-01
5.286836454973942168e-02 9.255952429362162004e-01
5.266940885733811112e-02 9.261750979422012087e-01
5.247185488219617555e-02 9.267506140545171966e-01
5.227569351166586747e-02 9.273218196440780048e-01
5.208091568009919764e-02 9.278887429741434767e-01
5.188751236882879064e-02 9.284514121990602442e-01
5.169547460614352247e-02 9.290098553630478095e-01
5.150479346725904406e-02 9.295641003990299245e-01
5.131546007428330197e-02 9.301141751275090463e-01
5.112746559617723646e-02 9.306601072554843146e-01
5.094080124871068482e-02 9.312019243754121600e-01
5.075545829441371892e-02 9.317396539642068820e-01
5.057142804252343776e-02 9.322733233822828591e-01
5.038870184892639548e-02 9.328029598726363947e-01
5.020727111609675497e-02 9.333285905599651988e-01
5.002712729303022965e-02 9.338502424498276167e-01
4.984826187517402835e-02 9.343679424278372725e-01
4.967066640435277569e-02 9.348817172588960167e-01
4.949433246869066466e-02 9.353915935864609565e-01
4.931925170252977192e-02 9.358975979318475691e-01
4.914541578634476493e-02 9.363997566935665651e-01
4.897281644665408412e-02 9.368980961466945034e-01
4.880144545592762090e-02 9.373926424422763803e-01
4.863129463249105805e-02 9.378834216067616358e-01
4.846235584042693501e-02 9.383704595414702476e-01
4.829462098947250037e-02 9.388537820220906882e-01
4.812808203491456688e-02 9.393334146982066368e-01
4.796273097748124381e-02 9.398093830928542225e-01
4.779855986323085226e-02 9.402817126021074667e-01
4.763556078343789829e-02 9.407504284946918149e-01
4.747372587447641623e-02 9.412155559116248682e-01
4.731304731770052258e-02 9.416771198658848707e-01
4.715351733932247186e-02 9.421351452421042882e-01
4.699512821028808962e-02 9.425896567962898098e-01
4.683787224614988781e-02 9.430406791555676627e-01
4.668174180693767522e-02 9.434882368179515755e-01
4.652672929702699606e-02 9.439323541521377203e-01
4.637282716500525093e-02 9.443730553973199715e-01
4.622002790353570145e-02 9.448103646630300334e-01
4.606832404921940016e-02 9.452443059289987737e-01
4.591770818245505953e-02 9.456749030450400939e-01
4.576817292729700587e-02 9.461021797309552284e-01
4.561971095131122506e-02 9.465261595764582481e-01
4.547231496542955553e-02 9.469468660411218819e-01
4.532597772380214662e-02 9.473643224543428776e-01
4.518069202364821679e-02 9.477785520153262366e-01
4.503645070510511883e-02 9.481895777930896552e-01
4.489324665107585766e-02 9.485974227264839520e-01
4.475107278707506075e-02 9.490021096242340359e-01
4.460992208107344981e-02 9.494036611649948609e-01
4.446978754334095230e-02 9.498020998974260332e-01
4.433066222628833514e-02 9.501974482402825162e-01
4.419253922430761705e-02 9.505897284825209903e-01
4.405541167361119725e-02 9.509789627834219772e-01
4.391927275206968656e-02 9.513651731727286176e-01
4.378411567904868379e-02 9.517483815507984390e-01
4.364993371524435173e-02 9.521286096887705552e-01
4.351672016251793146e-02 9.525058792287472986e-01
4.338446836372926441e-02 9.528802116839889536e-01
4.325317170256928051e-02 9.532516284391224781e-01
4.312282360339157739e-02 9.536201507503623276e-01
4.299341753104310437e-02 9.539857997457451555e-01
4.286494699069395148e-02 9.543485964253758391e-01
4.273740552766638195e-02 9.547085616616860504e-01
4.261078672726303918e-02 9.550657161997040401e-01
4.248508421459445961e-02 9.554200806573358573e-01
4.236029165440585026e-02 9.557716755256581154e-01
4.223640275090323470e-02 9.561205211692203054e-01
4.211341124757896764e-02 9.564666378263584345e-01
4.199131092703666662e-02 9.568100456095183226e-01
4.187009561081557474e-02 9.571507645055883362e-01
4.174975915921444458e-02 9.574888143762425585e-01
4.163029547111489481e-02 9.578242149582920639e-01
4.151169848380435734e-02 9.581569858640455184e-01
4.139396217279855267e-02 9.584871465816783287e-01
4.127708055166365297e-02 9.588147164756105623e-01
4.116104767183800806e-02 9.591397147868924167e-01
4.104585762245362840e-02 9.594621606335973496e-01
4.093150453015727969e-02 9.597820730112233134e-01
4.081798255893140381e-02 9.600994707931014283e-01
4.070528590991469298e-02 9.604143727308108724e-01
4.059340882122258742e-02 9.607267974546015443e-01
4.048234556776746790e-02 9.610367634738228304e-01
4.037209046107870930e-02 9.613442891773584797e-01
4.026263784912266497e-02 9.616493928340686947e-01
4.015398211612248441e-02 9.619520925932368849e-01
4.004611768237784086e-02 9.622524064850229708e-01
3.993903900408463103e-02 9.625503524209217954e-01
3.983274057315464717e-02 9.628459481942273079e-01
3.972721691703513802e-02 9.631392114805010785e-01
3.962246259852852948e-02 9.634301598380466958e-01
3.951847221561200635e-02 9.637188107083879407e-01
3.941524040125729544e-02 9.640051814167521771e-01
3.931276182325040697e-02 9.642892891725575177e-01
3.921103118401150778e-02 9.645711510699048752e-01
3.911004322041491954e-02 9.648507840880733433e-01
3.900979270360923484e-02 9.651282050920196864e-01
3.891027443883753045e-02 9.654034308328811598e-01
3.881148326525783732e-02 9.656764779484824368e-01
3.871341405576368688e-02 9.659473629638456460e-01
3.861606171680498356e-02 9.662161022917028497e-01
3.851942118820894656e-02 9.664827122330120757e-01
3.842348744300141256e-02 9.667472089774770128e-01
3.832825548722832570e-02 9.670096086040681493e-01
3.823372035977746358e-02 9.672699270815465766e-01
3.813987713220054476e-02 9.675281802689909005e-01
3.804672090853548211e-02 9.677843839163267070e-01
3.795424682512911485e-02 9.680385536648569156e-01
3.786245005046008638e-02 9.682907050477944644e-01
3.777132578496221471e-02 9.685408534907987699e-01
3.768086926084810578e-02 9.687890143125108544e-01
3.759107574193316925e-02 9.690352027250925815e-01
3.750194052346001589e-02 9.692794338347663352e-01
3.741345893192322275e-02 9.695217226423565871e-01
3.732562632489448001e-02 9.697620840438320178e-01
3.723843809084820961e-02 9.700005328308497488e-01
3.715188964898754470e-02 9.702370836912999064e-01
3.706597644907076022e-02 9.704717512098517407e-01
3.698069397123812663e-02 9.707045498685001883e-01
3.689603772583929103e-02 9.709354940471129902e-01
3.681200325326101225e-02 9.711645980239796971e-01
3.672858612375543008e-02 9.713918759763594535e-01
3.664578193726882038e-02 9.716173419810308909e-01
3.656358632327082886e-02 9.718410100148411335e-01
3.648199494058416287e-02 9.720628939552562464e-01
3.640100347721487994e-02 9.722830075809105743e-01
3.632060765018311349e-02 9.725013645721578559e-01
3.624080320535433969e-02 9.727179785116205624e-01
3.616158591727120647e-02 9.729328628847409011e-01
3.608295158898586208e-02 9.731460310803302649e-01
3.600489605189286652e-02 9.733574963911196809e-01
3.592741516556263032e-02 9.735672720143088155e-01
3.585050481757540153e-02 9.737753710521159789e-01
3.577416092335587022e-02 9.739818065123265756e-01
3.569837942600830039e-02 9.741865913088413320e-01
3.562315629615223772e-02 9.743897382622248582e-01
3.554848753175884890e-02 9.745912601002523212e-01
3.547436915798778817e-02 9.747911694584561193e-01
3.540079722702473702e-02 9.749894788806716672e-01
3.532776781791945042e-02 9.751862008195830711e-01
3.525527703642449689e-02 9.753813476372662494e-01
3.518332101483454682e-02 9.755749316057329423e-01
3.511189591182632685e-02 9.757669649074731666e-01
3.504099791229916411e-02 9.759574596359957832e-01
3.497062322721614103e-02 9.761464277963697311e-01
3.490076809344591635e-02 9.763338813057621524e-01
3.483142877360517753e-02 9.765198319939770721e-01
3.476260155590166906e-02 9.767042916039916367e-01
3.469428275397794942e-02 9.768872717924917959e-01
3.462646870675573085e-02 9.770687841304064314e-01
3.455915577828088531e-02 9.772488401034402639e-01
3.449234035756909567e-02 9.774274511126052056e-01
3.442601885845215232e-02 9.776046284747500481e-01
3.436018771942496441e-02 9.777803834230891500e-01
3.429484340349311239e-02 9.779547271077296822e-01
3.422998239802119147e-02 9.781276705961969853e-01
3.416560121458171728e-02 9.782992248739577068e-01
3.410169638880477389e-02 9.784694008449430491e-01
3.403826448022825857e-02 9.786382093320690201e-01
3.397530207214887604e-02 9.788056610777544631e-01
3.391280577147371550e-02 9.789717667444397531e-01
3.385077220857259095e-02 9.791365369151009412e-01
3.378919803713098524e-02 9.792999820937638988e-01
3.372807993400371573e-02 9.794621127060161303e-01
3.366741459906925915e-02 9.796229390995168096e-01
3.360719875508474258e-02 9.797824715445043742e-01
3.354742914754168387e-02 9.799407202343038970e-01
3.348810254452229407e-02 9.800976952858303504e-01
3.342921573655658479e-02 9.802534067400915374e-01
3.337076553648007926e-02 9.804078645626881361e-01
3.331274877929224498e-02 9.805610786443126337e-01
3.325516232201561340e-02 9.807130588012453742e-01
3.319800304355555176e-02 9.808638147758494963e-01
3.314126784456074976e-02 9.810133562370626503e-01
3.308495364728439997e-02 9.811616927808880506e-01
3.302905739544603758e-02 9.813088339308818631e-01
3.297357605409408782e-02 9.814547891386404821e-01
3.291850660946910034e-02 9.815995677842838107e-01
3.286384606886765675e-02 9.817431791769370975e-01
3.280959146050697189e-02 9.818856325552113296e-01
3.275573983339018919e-02 9.820269370876805182e-01
3.270228825717237664e-02 9.821671018733567626e-01
3.264923382202715441e-02 9.823061359421644267e-01
3.259657363851407169e-02 9.824440482554104292e-01
3.254430483744664288e-02 9.825808477062538682e-01
3.249242456976104976e-02 9.827165431201717594e-01
3.244093000638559321e-02 9.828511432554243310e-01
3.238981833811072075e-02 9.829846568035166543e-01
3.233908677545985211e-02 9.831170923896590530e-01
3.228873254856082231e-02 9.832484585732241822e-01
3.223875290701801871e-02 9.833787638482034410e-01
3.218914511978519105e-02 9.835080166436592775e-01
3.213990647503897624e-02 9.836362253241761611e-01
3.209103428005306846e-02 9.837633981903096680e-01
3.204252586107305539e-02 9.838895434790324579e-01
3.199437856319200385e-02 9.840146693641785847e-01
3.194658975022659358e-02 9.841387839568844775e-01
3.189915680459408376e-02 9.842618953060296993e-01
3.185207712718982759e-02 9.843840113986724871e-01
3.180534813726548782e-02 9.845051401604857366e-01
3.175896727230798772e-02 9.846252894561891011e-01
3.171293198791903106e-02 9.847444670899789809e-01
3.166723975769537153e-02 9.848626808059562920e-01
3.162188807310969962e-02 9.849799382885526811e-01
3.157687444339221661e-02 9.850962471629531869e-01
3.153219639541286062e-02 9.852116149955169044e-01
3.148785147356421288e-02 9.853260492941957605e-01
3.144383723964502830e-02 9.854395575089510695e-01
3.140015127274447398e-02 9.855521470321669808e-01
3.135679116912696435e-02 9.856638251990621491e-01
3.131375454211770409e-02 9.857745992880989627e-01
3.127103902198884178e-02 9.858844765213907735e-01
3.122864225584632766e-02 9.859934640651055737e-01
3.118656190751734406e-02 9.861015690298695624e-01
3.114479565743845380e-02 9.862087984711657151e-01
3.110334120254436285e-02 9.863151593897326874e-01
3.106219625615731089e-02 9.864206587319591657e-01
3.102135854787713837e-02 9.865253033902774416e-01
3.098082582347196773e-02 9.866291002035533220e-01
3.094059584476952993e-02 9.867320559574754846e-01
3.090066638954912237e-02 9.868341773849408360e-01
3.086103525143419485e-02 9.869354711664385382e-01
3.082170023978558077e-02 9.870359439304313698e-01
3.078265917959535636e-02 9.871356022537348673e-01
3.074390991138128970e-02 9.872344526618943572e-01
3.070545029108198015e-02 9.873325016295594336e-01
3.066727818995254942e-02 9.874297555808562166e-01
3.062939149446099532e-02 9.875262208897572780e-01
3.059178810618516306e-02 9.876219038804500139e-01
3.055446594171029942e-02 9.877168108277012415e-01
3.051742293252725571e-02 9.878109479572210194e-01
3.048065702493128748e-02 9.879043214460235811e-01
3.044416617992144053e-02 9.879969374227857148e-01
3.040794837310058923e-02 9.880888019682041445e-01
3.037200159457602647e-02 9.881799211153482476e-01
3.033632384886069538e-02 9.882703008500137720e-01
3.030091315477500061e-02 9.883599471110716683e-01
3.026576754534920921e-02 9.884488657908154785e-01
3.023088506772646580e-02 9.885370627353075035e-01
3.019626378306638007e-02 9.886245437447215290e-01
3.016190176644921450e-02 9.887113145736837749e-01
3.012779710678064812e-02 9.887973809316120688e-01
3.009394790669714728e-02 9.888827484830515768e-01
3.006035228247186039e-02 9.889674228480106466e-01
3.002700836392118572e-02 9.890514096022914314e-01
2.999391429431181449e-02 9.891347142778217361e-01
2.996106823026841587e-02 9.892173423629813112e-01
2.992846834168187004e-02 9.892992993029288140e-01
2.989611281161807382e-02 9.893805904999254386e-01
2.986399983622729445e-02 9.894612213136557699e-01
2.983212762465412352e-02 9.895411970615479724e-01
2.980049439894796176e-02 9.896205230190906477e-01
2.976909839397406249e-02 9.896992044201485816e-01
2.973793785732514738e-02 9.897772464572750506e-01
2.970701104923357747e-02 9.898546542820239047e-01
2.967631624248405486e-02 9.899314330052582100e-01
2.964585172232687624e-02 9.900075876974564482e-01
2.961561578639176212e-02 9.900831233890184935e-01
2.958560674460217199e-02 9.901580450705677050e-01
2.955582291909023690e-02 9.902323576932521298e-01
2.952626264411214660e-02 9.903060661690430422e-01
2.949692426596412995e-02 9.903791753710314838e-01
2.946780614289895919e-02 9.904516901337233614e-01
2.943890664504295041e-02 9.905236152533323235e-01
2.941022415431354675e-02 9.905949554880697505e-01
2.938175706433737364e-02 9.906657155584340790e-01
2.935350378036883853e-02 9.907359001474975724e-01
2.932546271920926859e-02 9.908055139011908707e-01
2.929763230912652699e-02 9.908745614285860981e-01
2.927001098977517063e-02 9.909430473021773045e-01
2.924259721211712806e-02 9.910109760581601313e-01
2.921538943834283905e-02 9.910783521967084786e-01
2.918838614179296645e-02 9.911451801822492857e-01
2.916158580688055571e-02 9.912114644437363120e-01
2.913498692901373560e-02 9.912772093749213642e-01
2.910858801451888384e-02 9.913424193346231927e-01
2.908238758056432352e-02 9.914070986469959434e-01
2.905638415508448105e-02 9.914712516017942789e-01
2.903057627670456442e-02 9.915348824546368345e-01
2.900496249466570642e-02 9.915979954272692298e-01
2.897954136875060052e-02 9.916605947078230843e-01
2.895431146920962942e-02 9.917226844510750317e-01
2.892927137668746540e-02 9.917842687787031819e-01
2.890441968215015298e-02 9.918453517795413621e-01
2.887975498681265990e-02 9.919059375098323583e-01
2.885527590206691043e-02 9.919660299934791592e-01
2.883098104941028347e-02 9.920256332222935347e-01
2.880686906037458611e-02 9.920847511562443932e-01
2.878293857645548501e-02 9.921433877237029186e-01
2.875918824904238891e-02 9.922015468216869305e-01
2.873561673934882377e-02 9.922592323161031347e-01
2.871222271834324852e-02 9.923164480419875977e-01
2.868900486668030450e-02 9.923731978037445556e-01
2.866596187463255063e-02 9.924294853753837797e-01
2.864309244202264959e-02 9.924853145007552779e-01
2.862039527815595646e-02 9.925406888937837735e-01
2.859786910175361740e-02 9.925956122387007419e-01
2.857551264088606033e-02 9.926500881902738938e-01
2.855332463290694359e-02 9.927041203740369912e-01
2.853130382438754525e-02 9.927577123865160003e-01
2.850944897105159651e-02 9.928108677954551320e-01
2.848775883771051745e-02 9.928635901400401087e-01
2.846623219819911441e-02 9.929158829311207635e-01
2.844486783531169696e-02 9.929677496514311974e-01
2.842366454073859752e-02 9.930191937558084936e-01
2.840262111500315573e-02 9.930702186714110979e-01
2.838173636739909148e-02 9.931208277979333143e-01
2.836100911592829427e-02 9.931710245078201327e-01
2.834043818723906358e-02 9.932208121464800588e-01
2.832002241656471353e-02 9.932701940324950574e-01
2.829976064766263899e-02 9.933191734578316057e-01
2.827965173275374944e-02 9.933677536880473058e-01
2.825969453246230875e-02 9.934159379624980524e-01
2.823988791575623644e-02 9.934637294945427577e-01
2.822023075988773153e-02 9.935111314717466335e-01
2.820072195033435092e-02 9.935581470560831407e-01
2.818136038074045210e-02 9.936047793841348286e-01
2.816214495285906949e-02 9.936510315672913984e-01
2.814307457649412036e-02 9.936969066919481008e-01
2.812414816944307575e-02 9.937424078197010235e-01
2.810536465743994697e-02 9.937875379875420467e-01
2.808672297409872676e-02 9.938323002080517998e-01
2.806822206085713908e-02 9.938766974695913969e-01
2.804986086692083658e-02 9.939207327364923961e-01
2.803163834920793795e-02 9.939644089492462031e-01
2.801355347229394013e-02 9.940077290246908115e-01
2.799560520835703975e-02 9.940506958561973194e-01
2.797779253712377734e-02 9.940933123138543381e-01
2.796011444581508049e-02 9.941355812446516227e-01
2.794256992909268170e-02 9.941775054726611494e-01
2.792515798900586932e-02 9.942190877992183040e-01
2.790787763493862011e-02 9.942603310031011832e-01
2.789072788355711000e-02 9.943012378407076746e-01
2.787370775875754048e-02 9.943418110462327597e-01
2.785681629161435718e-02 9.943820533318430410e-01
2.784005252032880837e-02 9.944219673878508248e-01
2.782341549017785728e-02 9.944615558828869828e-01
2.780690425346343114e-02 9.945008214640717048e-01
2.779051786946203778e-02 9.945397667571848066e-01
2.777425540437472584e-02 9.945783943668340399e-01
2.775811593127736066e-02 9.946167068766226249e-01
2.774209853007128176e-02 9.946547068493156729e-01
2.772620228743426576e-02 9.946923968270046101e-01
2.771042629677182567e-02 9.947297793312711578e-01
2.769476965816889888e-02 9.947668568633494246e-01
2.767923147834177797e-02 9.948036319042872222e-01
2.766381087059045438e-02 9.948401069151060483e-01
2.764850695475122577e-02 9.948762843369597375e-01
2.763331885714969544e-02 9.949121665912918910e-01
2.761824571055403188e-02 9.949477560799921960e-01
2.760328665412858234e-02 9.949830551855514127e-01
2.758844083338782283e-02 9.950180662712160284e-01
2.757370740015057872e-02 9.950527916811398033e-01
2.755908551249461325e-02 9.950872337405366475e-01
2.754457433471148645e-02 9.951213947558302797e-01
2.753017303726175771e-02 9.951552770148034410e-01
2.751588079673048665e-02 9.951888827867464427e-01
2.750169679578303925e-02 9.952222143226044926e-01
2.748762022312119593e-02 9.952552738551223577e-01
2.747365027343957877e-02 9.952880635989905800e-01
2.745978614738237705e-02 9.953205857509881405e-01
2.744602705150036084e-02 9.953528424901254557e-01
2.743237219820820333e-02 9.953848359777858201e-01
2.741882080574210498e-02 9.954165683578658497e-01
2.740537209811769181e-02 9.954480417569142592e-01
2.739202530508823633e-02 9.954792582842707516e-01
2.737877966210313860e-02 9.955102200322030193e-01
2.736563441026671623e-02 9.955409290760424135e-01
2.735258879629728218e-02 9.955713874743199465e-01
2.733964207248649678e-02 9.956015972688991855e-01
2.732679349665899718e-02 9.956315604851099232e-01
2.731404233213233917e-02 9.956612791318801836e-01
2.730138784767718874e-02 9.956907552018666729e-01
2.728882931747779461e-02 9.957199906715853421e-01
2.727636602109275929e-02 9.957489875015397285e-01
2.726399724341606670e-02 9.957777476363494085e-01
2.725172227463837360e-02 9.958062730048762301e-01
2.723954041020859237e-02 9.958345655203511004e-01
2.722745095079573754e-02 9.958626270804982195e-01
2.721545320225102899e-02 9.958904595676599802e-01
2.720354647557026578e-02 9.959180648489187604e-01
2.719173008685648110e-02 9.959454447762202678e-01
2.718000335728281563e-02 9.959726011864938888e-01
2.716836561305571718e-02 9.959995359017730365e-01
2.715681618537833450e-02 9.960262507293149437e-01
2.714535441041419569e-02 9.960527474617182353e-01
2.713397962925115370e-02 9.960790278770406125e-01
2.712269118786557118e-02 9.961050937389157589e-01
2.711148843708675871e-02 9.961309467966682485e-01
2.710037073256165233e-02 9.961565887854288981e-01
2.708933743471976865e-02 9.961820214262480100e-01
2.707838790873837512e-02 9.962072464262089477e-01
2.706752152450792384e-02 9.962322654785392695e-01
2.705673765659774230e-02 9.962570802627226385e-01
2.704603568422192170e-02 9.962816924446089573e-01
2.703541499120548988e-02 9.963061036765235023e-01
2.702487496595080627e-02 9.963303155973756153e-01
2.701441500140419269e-02 9.963543298327667275e-01
2.700403449502279674e-02 9.963781479950967190e-01
2.699373284874170484e-02 9.964017716836706118e-01
2.698350946894127050e-02 9.964252024848031519e-01
2.697336376641467845e-02 9.964484419719231711e-01
2.696329515633574120e-02 9.964714917056779475e-01
2.695330305822694200e-02 9.964943532340352350e-01
2.694338689592765471e-02 9.965170280923854040e-01
2.693354609756263771e-02 9.965395178036424717e-01
2.692378009551073259e-02 9.965618238783447991e-01
2.691408832637377790e-02 9.965839478147542341e-01
2.690447023094575535e-02 9.966058910989552544e-01
2.689492525418215110e-02 9.966276552049527782e-01
2.688545284516952877e-02 9.966492415947690864e-01
2.687605245709533131e-02 9.966706517185413006e-01
2.686672354721787032e-02 9.966918870146156406e-01
2.685746557683658248e-02 9.967129489096437922e-01
2.684827801126242475e-02 9.967338388186760545e-01
2.683916031978854713e-02 9.967545581452555981e-01
2.683011197566112505e-02 9.967751082815103914e-01
2.682113245605043106e-02 9.967954906082461264e-01
2.681222124202210788e-02 9.968157064950363688e-01
2.680337781850861134e-02 9.968357573003141514e-01
2.679460167428091705e-02 9.968556443714613469e-01
2.678589230192037624e-02 9.968753690448973748e-01
2.677724919779080059e-02 9.968949326461687965e-01
2.676867186201073098e-02 9.969143364900354687e-01
2.676015979842591430e-02 9.969335818805590277e-01
2.675171251458198507e-02 9.969526701111882661e-01
2.674332952169731006e-02 9.969716024648452857e-01
2.673501033463605847e-02 9.969903802140102078e-01
2.672675447188145939e-02 9.970090046208054391e-01
2.671856145550922934e-02 9.970274769370796042e-01
2.671043081116121834e-02 9.970457984044902577e-01
2.670236206801921905e-02 9.970639702545862626e-01
2.669435475877898756e-02 9.970819937088895024e-01
2.668640841962443416e-02 9.970998699789760389e-01
2.667852259020199804e-02 9.971176002665557148e-01
2.667069681359520578e-02 9.971351857635529781e-01
2.666293063629942769e-02 9.971526276521854859e-01
2.665522360819681108e-02 9.971699271050424862e-01
2.664757528253135221e-02 9.971870852851624223e-01
2.663998521588421819e-02 9.972041033461108706e-01
2.663245296814919366e-02 9.972209824320565907e-01
2.662497810250830099e-02 9.972377236778474652e-01
2.661756018540764254e-02 9.972543282090867711e-01
2.661019878653337473e-02 9.972707971422065665e-01
2.660289347878785210e-02 9.972871315845431850e-01
2.659564383826598308e-02 9.973033326344101779e-01
2.658844944423170709e-02 9.973194013811714775e-01
2.658130987909468335e-02 9.973353389053136731e-01
2.657422472838710456e-02 9.973511462785186188e-01
2.656719358074072224e-02 9.973668245637334895e-01
2.656021602786400385e-02 9.973823748152426116e-01
2.655329166451946346e-02 9.973977980787369635e-01
2.654642008850116586e-02 9.974130953913843411e-01
2.653960090061237634e-02 9.974282677818976373e-01
2.653283370464338750e-02 9.974433162706042300e-01
2.652611810734949518e-02 9.974582418695131514e-01
2.651945371842913748e-02 9.974730455823828112e-01
2.651284015050217949e-02 9.974877284047881654e-01
2.650627701908838535e-02 9.975022913241863298e-01
2.649976394258600487e-02 9.975167353199834164e-01
2.649330054225054742e-02 9.975310613635985924e-01
2.648688644217368771e-02 9.975452704185298058e-01
2.648052126926234845e-02 9.975593634404175125e-01
2.647420465321789762e-02 9.975733413771088465e-01
2.646793622651553296e-02 9.975872051687199038e-01
2.646171562438378796e-02 9.976009557476998024e-01
2.645554248478420786e-02 9.976145940388916333e-01
2.644941644839115397e-02 9.976281209595951882e-01
2.644333715857176068e-02 9.976415374196272445e-01
2.643730426136604861e-02 9.976548443213828499e-01
2.643131740546715916e-02 9.976680425598954960e-01
2.642537624220175560e-02 9.976811330228969599e-01
2.641948042551054907e-02 9.976941165908762565e-01
2.641362961192896680e-02 9.977069941371385919e-01
2.640782346056798000e-02 9.977197665278636496e-01
2.640206163309503917e-02 9.977324346221638773e-01
2.639634379371516570e-02 9.977449992721409977e-01
2.639066960915219945e-02 9.977574613229439615e-01
2.638503874863012966e-02 9.977698216128244590e-01
2.637945088385462364e-02 9.977820809731937635e-01
2.637390568899463175e-02 9.977942402286779089e-01
2.636840284066417281e-02 9.978063001971725354e-01
2.636294201790422703e-02 9.978182616898984003e-01
2.635752290216475391e-02 9.978301255114546686e-01
2.635214517728686617e-02 9.978418924598735362e-01
2.634680852948511481e-02 9.978535633266729654e-01
2.634151264732990244e-02 9.978651388969098646e-01
2.633625722173003197e-02 9.978766199492330458e-01
2.633104194591538716e-02 9.978880072559345171e-01
2.632586651541970330e-02 9.978993015830017743e-01
2.632073062806352531e-02 9.979105036901687598e-01
2.631563398393723524e-02 9.979216143309670439e-01
2.631057628538422191e-02 9.979326342527756744e-01
2.630555723698418599e-02 9.979435641968720239e-01
2.630057654553653868e-02 9.979544048984806404e-01
2.629563392004395650e-02 9.979651570868229848e-01
2.629072907169601597e-02 9.979758214851661702e-01
2.628586171385298778e-02 9.979863988108710338e-01
2.628103156202970386e-02 9.979968897754407653e-01
2.627623833387959795e-02 9.980072950845683133e-01
2.627148174917880510e-02 9.980176154381833475e-01
2.626676152981042428e-02 9.980278515304998876e-01
2.626207739974885380e-02 9.980380040500620442e-01
2.625742908504428638e-02 9.980480736797906482e-01
2.625281631380726316e-02 9.980580610970291033e-01
2.624823881619340118e-02 9.980679669735883497e-01
2.624369632438817643e-02 9.980777919757920502e-01
2.623918857259186985e-02 9.980875367645217766e-01
2.623471529700455510e-02 9.980972019952605301e-01
2.623027623581128398e-02 9.981067883181370393e-01
2.622587112916729968e-02 9.981162963779697250e-01
2.622149971918340261e-02 9.981257268143093331e-01
2.621716174991141346e-02 9.981350802614822326e-01
2.621285696732973680e-02 9.981443573486328269e-01
2.620858511932903576e-02 9.981535586997657417e-01
2.620434595569801073e-02 9.981626849337877916e-01
2.620013922810928222e-02 9.981717366645496137e-01
2.619596469010537082e-02 9.981807145008865234e-01
2.619182209708478468e-02 9.981896190466597041e-01
2.618771120628822155e-02 9.981984509007963968e-01
2.618363177678483672e-02 9.982072106573304238e-01
2.617958356945865664e-02 9.982158989054421561e-01
2.617556634699504808e-02 9.982245162294972607e-01
2.617157987386732262e-02 9.982330632090874456e-01
2.616762391632341742e-02 9.982415404190676522e-01
2.616369824237268008e-02 9.982499484295958014e-01
2.615980262177275764e-02 9.982582878061708742e-01
2.615593682601655146e-02 9.982665591096706592e-01
2.615210062831932469e-02 9.982747628963895004e-01
2.614829380360583072e-02 9.982828997180758224e-01
2.614451612849761838e-02 9.982909701219689902e-01
2.614076738130034425e-02 9.982989746508362794e-01
2.613704734199125135e-02 9.983069138430090694e-01
2.613335579220669655e-02 9.983147882324193700e-01
2.612969251522977848e-02 9.983225983486354593e-01
2.612605729597806264e-02 9.983303447168972999e-01
2.612244992099140364e-02 9.983380278581525102e-01
2.611887017841983682e-02 9.983456482890905592e-01
2.611531785801155664e-02 9.983532065221779606e-01
2.611179275110102685e-02 9.983607030656926895e-01
2.610829465059711849e-02 9.983681384237583778e-01
2.610482335097136924e-02 9.983755130963779534e-01
2.610137864824632614e-02 9.983828275794675022e-01
2.609796033998398185e-02 9.983900823648895750e-01
2.609456822527425612e-02 9.983972779404860498e-01
2.609120210472362297e-02 9.984044147901115496e-01
2.608786178044375861e-02 9.984114933936650838e-01
2.608454705604032475e-02 9.984185142271230218e-01
2.608125773660180044e-02 9.984254777625707344e-01
2.607799362868842147e-02 9.984323844682346794e-01
2.607475454032116488e-02 9.984392348085134872e-01
2.607154028097086532e-02 9.984460292440096030e-01
2.606835066154735564e-02 9.984527682315600394e-01
2.606518549438874982e-02 9.984594522242671299e-01
2.606204459325073275e-02 9.984660816715291709e-01
2.605892777329598883e-02 9.984726570190702866e-01
2.605583485108368957e-02 9.984791787089708492e-01
2.605276564455902971e-02 9.984856471796972333e-01
2.604971997304290215e-02 9.984920628661306807e-01
2.604669765722157637e-02 9.984984261995973887e-01
2.604369851913651210e-02 9.985047376078972636e-01
2.604072238217423202e-02 9.985109975153321216e-01
2.603776907105622915e-02 9.985172063427353306e-01
2.603483841182900604e-02 9.985233645074992337e-01
2.603193023185416954e-02 9.985294724236037922e-01
